#T=0 quenches for random K-SAT
#N=102400  alpha=8.78  maxIter=5000000   NSamples=78
#av(t)	766062.5
#av(log(t))	13.292102653611373
#std(log(t))	0.07953319047289292
158059.0
175780.0
188214.0
190132.0
197642.0
220642.0
238532.0
242796.0
248614.0
248997.0
249562.0
276097.0
287970.0
312801.0
328550.0
338770.0
340436.0
345238.0
345271.0
353682.0
355577.0
360010.0
385023.0
390837.0
397473.0
397638.0
411276.0
422823.0
425189.0
438474.0
446790.0
452695.0
464971.0
471918.0
500603.0
505135.0
548882.0
558215.0
560670.0
564386.0
566467.0
576184.0
586225.0
602777.0
633969.0
644399.0
682549.0
691939.0
703762.0
719349.0
725135.0
739857.0
763883.0
777306.0
852700.0
911310.0
943436.0
949579.0
964120.0
969606.0
1006450.0
1061131.0
1065951.0
1115199.0
1190242.0
1248672.0
1310261.0
1350438.0
1481956.0
1578920.0
1930199.0
1963529.0
1977937.0
2050621.0
2379586.0
2496739.0
2594027.0
2600095.0
