#T=0 quenches for random K-SAT
#N=102400  alpha=8.75   NSamples=1084
#av(t)	278792.70756457566
#av(log(t))	12.298548819295679
#std(log(t))	0.01965728294932403
48111.0
50034.0
52351.0
58329.0
58720.0
58899.0
62039.0
62187.0
62795.0
63580.0
64258.0
64727.0
65030.0
65687.0
67019.0
67084.0
67194.0
67258.0
67912.0
67942.0
69829.0
70512.0
70602.0
71247.0
71778.0
72564.0
73011.0
74593.0
74983.0
75912.0
75953.0
76073.0
76277.0
76739.0
77400.0
77738.0
78626.0
78666.0
78765.0
80113.0
80488.0
80600.0
81127.0
81926.0
82471.0
82605.0
82785.0
82996.0
83498.0
83652.0
84016.0
84086.0
84901.0
87112.0
87516.0
87605.0
87861.0
88117.0
88314.0
88678.0
88834.0
89053.0
89980.0
90351.0
90491.0
90714.0
91495.0
91578.0
91636.0
92115.0
92260.0
92443.0
92805.0
93194.0
93401.0
93480.0
93622.0
93955.0
94851.0
95010.0
95114.0
95424.0
95825.0
95895.0
96690.0
96743.0
96885.0
97072.0
97409.0
97410.0
97650.0
97929.0
98125.0
98130.0
98984.0
98984.0
99336.0
100010.0
100376.0
100381.0
100932.0
101101.0
101105.0
102178.0
102838.0
103008.0
103195.0
103210.0
103326.0
103530.0
103693.0
103988.0
104198.0
104419.0
104467.0
104601.0
104843.0
104965.0
105256.0
105707.0
105733.0
105796.0
105831.0
105974.0
106229.0
106392.0
106668.0
106978.0
107142.0
107305.0
107377.0
107748.0
107756.0
108513.0
108733.0
108884.0
109057.0
109366.0
109970.0
110220.0
110621.0
110961.0
111086.0
111638.0
112127.0
112768.0
112800.0
112831.0
113017.0
113202.0
113323.0
113506.0
113608.0
114348.0
114403.0
114456.0
114513.0
115108.0
115271.0
115276.0
115386.0
116066.0
116249.0
116290.0
116400.0
116458.0
116582.0
116679.0
116744.0
116931.0
117143.0
117147.0
118170.0
118179.0
118204.0
118395.0
119094.0
119285.0
119477.0
119541.0
119666.0
119718.0
119968.0
120044.0
120221.0
120363.0
120522.0
120864.0
121332.0
121356.0
121474.0
121855.0
121900.0
122240.0
122298.0
122617.0
122728.0
122868.0
122918.0
123127.0
123130.0
123326.0
123584.0
123643.0
123789.0
124099.0
124678.0
124850.0
125011.0
125291.0
125314.0
125441.0
125627.0
125802.0
126101.0
126191.0
126291.0
126296.0
126341.0
126342.0
126366.0
126711.0
126902.0
126903.0
127101.0
127174.0
127182.0
127395.0
127416.0
127590.0
127659.0
127677.0
127713.0
128280.0
128513.0
128871.0
129302.0
129485.0
129628.0
129788.0
129847.0
129882.0
130237.0
130629.0
130951.0
130963.0
131250.0
131684.0
132256.0
132865.0
133355.0
133396.0
133542.0
133872.0
134209.0
134578.0
134897.0
134931.0
135108.0
135258.0
135838.0
135875.0
136070.0
136224.0
136374.0
136562.0
136567.0
136740.0
136903.0
136909.0
137091.0
137609.0
139205.0
140257.0
140521.0
140816.0
141320.0
141644.0
141690.0
141854.0
142014.0
142149.0
142287.0
142319.0
142498.0
143010.0
143097.0
143413.0
143498.0
143720.0
143963.0
144018.0
144516.0
144536.0
144628.0
144999.0
145198.0
145218.0
145852.0
145858.0
146105.0
146584.0
146630.0
146719.0
146794.0
146975.0
147086.0
147133.0
147166.0
147658.0
147727.0
147752.0
148143.0
148222.0
148459.0
148869.0
149293.0
149364.0
149397.0
149539.0
149649.0
150316.0
150795.0
150920.0
151183.0
151426.0
151657.0
151809.0
151929.0
152153.0
152177.0
152230.0
152271.0
152397.0
153380.0
153655.0
154023.0
154744.0
154973.0
155141.0
155401.0
155739.0
155891.0
156056.0
156079.0
156323.0
156672.0
157282.0
157438.0
157471.0
157589.0
157747.0
158209.0
158324.0
158501.0
158769.0
158928.0
159080.0
159127.0
159345.0
159353.0
159403.0
159786.0
160087.0
160546.0
161241.0
161580.0
161599.0
162184.0
162310.0
162596.0
162852.0
163086.0
163260.0
163479.0
163558.0
163583.0
163609.0
163634.0
163694.0
163857.0
164441.0
164994.0
165066.0
165298.0
165498.0
165520.0
165539.0
166051.0
166365.0
166415.0
166836.0
167266.0
167329.0
167415.0
167451.0
167660.0
167715.0
167730.0
167797.0
167885.0
167981.0
168399.0
168767.0
169103.0
169106.0
169278.0
169750.0
169842.0
169934.0
169991.0
170139.0
170258.0
170344.0
170437.0
170726.0
171088.0
171157.0
171510.0
171720.0
172355.0
173129.0
173265.0
173284.0
173595.0
173792.0
173907.0
174000.0
174038.0
174041.0
174132.0
174286.0
174305.0
174722.0
175404.0
175474.0
175618.0
176211.0
176540.0
176590.0
177352.0
177385.0
177405.0
177479.0
177574.0
177817.0
177860.0
177875.0
177948.0
178000.0
178332.0
178474.0
178651.0
179128.0
179180.0
179603.0
179751.0
179900.0
179948.0
179989.0
180097.0
180099.0
180381.0
180384.0
180456.0
180515.0
180810.0
180888.0
180915.0
180932.0
180938.0
181117.0
181184.0
181221.0
181900.0
182823.0
182994.0
183475.0
183747.0
184592.0
184961.0
185223.0
185442.0
185676.0
185682.0
186045.0
186344.0
186915.0
187207.0
187449.0
187845.0
187896.0
188078.0
188258.0
188428.0
188470.0
188699.0
188948.0
189081.0
189173.0
189225.0
189975.0
190374.0
190694.0
190970.0
190985.0
191103.0
192207.0
192467.0
192525.0
192770.0
193043.0
193368.0
193687.0
193884.0
194775.0
195055.0
195220.0
195735.0
196810.0
196863.0
197075.0
197292.0
197680.0
197754.0
197838.0
197925.0
198438.0
199505.0
199910.0
199933.0
200390.0
201642.0
201688.0
201747.0
202145.0
202235.0
202300.0
203504.0
203746.0
203748.0
203786.0
204132.0
204531.0
206020.0
206249.0
206637.0
207080.0
207908.0
208642.0
209176.0
209669.0
210319.0
210697.0
210809.0
211150.0
211175.0
211349.0
211480.0
211520.0
211845.0
212082.0
212365.0
212644.0
212774.0
213042.0
213309.0
213325.0
213931.0
214136.0
214339.0
214490.0
215239.0
215376.0
215550.0
215890.0
216392.0
216624.0
216641.0
216777.0
216826.0
216921.0
217215.0
217266.0
217306.0
217340.0
217515.0
217604.0
218481.0
218675.0
219591.0
219621.0
219949.0
220579.0
220642.0
220651.0
220806.0
221589.0
221687.0
222252.0
222353.0
223097.0
223926.0
224264.0
225032.0
225199.0
225708.0
225960.0
225994.0
226109.0
226275.0
226386.0
227870.0
227899.0
228546.0
228559.0
228955.0
229528.0
229562.0
229564.0
229733.0
230045.0
230079.0
230393.0
230426.0
230727.0
230760.0
231088.0
231258.0
231317.0
231394.0
231479.0
231763.0
232493.0
233825.0
234191.0
234312.0
234365.0
234684.0
234687.0
235014.0
235057.0
235444.0
237538.0
238034.0
238179.0
238832.0
239064.0
239502.0
240200.0
240901.0
241838.0
242634.0
242682.0
242940.0
242973.0
243579.0
243590.0
243724.0
244566.0
244632.0
245111.0
245735.0
246126.0
246392.0
246407.0
246411.0
246430.0
246749.0
247644.0
247733.0
247902.0
248062.0
248449.0
249228.0
249545.0
249665.0
249895.0
250374.0
250821.0
251015.0
251235.0
251360.0
251692.0
252390.0
252763.0
252926.0
253328.0
253795.0
254632.0
254995.0
255170.0
255382.0
255769.0
255946.0
256725.0
256856.0
257173.0
257331.0
257998.0
258355.0
258857.0
259047.0
259446.0
259769.0
259941.0
260076.0
260207.0
260610.0
261091.0
261591.0
262270.0
262856.0
263311.0
263359.0
263455.0
263590.0
263659.0
264046.0
264969.0
265584.0
265687.0
266071.0
266873.0
267142.0
268310.0
268313.0
269360.0
269532.0
269650.0
270166.0
271226.0
272122.0
272450.0
273634.0
273652.0
273674.0
274874.0
275331.0
275892.0
275954.0
276816.0
279141.0
279793.0
280346.0
280948.0
281673.0
282803.0
283142.0
283665.0
284062.0
284116.0
284526.0
284656.0
286112.0
286808.0
286821.0
287650.0
287888.0
288038.0
288517.0
288898.0
292690.0
293019.0
293651.0
294305.0
294492.0
295421.0
295676.0
296084.0
296539.0
296715.0
296954.0
297188.0
297246.0
297654.0
299577.0
299697.0
299888.0
299909.0
300052.0
301910.0
302000.0
302104.0
302191.0
303091.0
304166.0
304411.0
304648.0
304788.0
305052.0
306036.0
306306.0
306559.0
306724.0
309864.0
309888.0
310291.0
310481.0
310584.0
310638.0
312309.0
312372.0
313006.0
313125.0
313684.0
314717.0
314887.0
315987.0
316384.0
316734.0
316845.0
317328.0
318427.0
318549.0
319556.0
320935.0
321464.0
321625.0
321962.0
322259.0
323095.0
323110.0
323191.0
326209.0
327208.0
328081.0
328934.0
330454.0
331295.0
332296.0
332986.0
333122.0
333724.0
335145.0
335615.0
336566.0
337352.0
338336.0
339015.0
339142.0
339892.0
342478.0
343145.0
346401.0
347435.0
347452.0
347775.0
348498.0
349509.0
351052.0
351320.0
351626.0
352381.0
353192.0
353731.0
356018.0
357221.0
357435.0
357551.0
357959.0
359413.0
359951.0
360290.0
361333.0
361453.0
361905.0
362194.0
364355.0
365453.0
365793.0
367436.0
367627.0
367695.0
368439.0
368994.0
373332.0
373523.0
373966.0
374023.0
374195.0
374469.0
376710.0
377133.0
377337.0
377739.0
378066.0
379404.0
379909.0
381843.0
382484.0
383392.0
384748.0
385183.0
393618.0
395229.0
396484.0
398204.0
398685.0
399077.0
399553.0
400780.0
403800.0
404215.0
404681.0
405328.0
408555.0
409424.0
409687.0
411728.0
411858.0
412188.0
414330.0
416287.0
416337.0
417017.0
417281.0
417526.0
418495.0
420683.0
420920.0
421159.0
424909.0
425668.0
428939.0
429047.0
435360.0
435899.0
437109.0
437517.0
437867.0
439060.0
440912.0
440990.0
442346.0
442427.0
443313.0
446951.0
449649.0
450453.0
452008.0
452900.0
453505.0
454692.0
454831.0
455833.0
457046.0
457864.0
460071.0
461584.0
463844.0
468279.0
472152.0
472453.0
474312.0
475878.0
478974.0
480721.0
482601.0
484704.0
484870.0
491098.0
492017.0
492718.0
494738.0
496093.0
496973.0
512285.0
512864.0
512891.0
515191.0
519231.0
519410.0
519453.0
524986.0
527389.0
527959.0
532747.0
532991.0
536286.0
540420.0
560520.0
562761.0
565286.0
565883.0
567247.0
569651.0
574487.0
574638.0
575988.0
585060.0
591339.0
592274.0
594502.0
596043.0
598381.0
602988.0
604359.0
606308.0
613245.0
615295.0
616382.0
619954.0
620538.0
623784.0
624632.0
625790.0
628514.0
632284.0
636208.0
637437.0
642969.0
648644.0
649493.0
650603.0
654934.0
662360.0
667394.0
667417.0
679862.0
685053.0
687218.0
696231.0
701253.0
729714.0
729999.0
747505.0
755562.0
759922.0
770788.0
771230.0
771349.0
775793.0
779539.0
779967.0
783111.0
803485.0
823918.0
826995.0
832962.0
835062.0
837881.0
838990.0
839629.0
847198.0
855051.0
860082.0
864297.0
874850.0
875428.0
880035.0
884072.0
900052.0
902885.0
915354.0
921281.0
923045.0
930486.0
956963.0
976408.0
979156.0
1007508.0
1008808.0
1021058.0
1043948.0
1083605.0
1114980.0
1117402.0
1138665.0
1139132.0
1212871.0
1258708.0
1287767.0
1308591.0
1320300.0
1346561.0
1382942.0
1406055.0
1447830.0
1805212.0
1885399.0
2132284.0
2521224.0
2970615.0
