#T=0 quenches for random K-SAT
#N=1638400  alpha=8.7   NSamples=242
#av(t)	56997.64049586777
#av(log(t))	10.945638724396812
#std(log(t))	0.006518845699248846
40095.0
45432.0
46261.0
46310.0
46339.0
46538.0
46686.0
46937.0
47214.0
47469.0
47777.0
48051.0
48101.0
48252.0
48321.0
48484.0
48639.0
48749.0
48777.0
49008.0
49031.0
49077.0
49086.0
49129.0
49683.0
49813.0
49853.0
49861.0
49900.0
49929.0
49966.0
50129.0
50262.0
50369.0
50532.0
50668.0
50852.0
50999.0
51136.0
51147.0
51152.0
51246.0
51264.0
51306.0
51324.0
51455.0
51474.0
51682.0
51692.0
51774.0
51789.0
51882.0
51973.0
52007.0
52393.0
52436.0
52482.0
52572.0
52670.0
52739.0
52867.0
53021.0
53066.0
53068.0
53261.0
53301.0
53428.0
53445.0
53553.0
53567.0
53737.0
53863.0
53965.0
54049.0
54088.0
54124.0
54244.0
54272.0
54314.0
54498.0
54501.0
54527.0
54558.0
54603.0
54631.0
54680.0
54686.0
54762.0
54798.0
54800.0
54825.0
54832.0
54847.0
54911.0
54947.0
55091.0
55195.0
55215.0
55362.0
55383.0
55451.0
55545.0
55547.0
55568.0
55596.0
55596.0
55659.0
55708.0
55885.0
55989.0
56091.0
56107.0
56123.0
56189.0
56415.0
56445.0
56450.0
56476.0
56519.0
56557.0
56792.0
56823.0
56845.0
56993.0
57037.0
57270.0
57280.0
57335.0
57820.0
57833.0
57834.0
57835.0
57855.0
57968.0
57975.0
57975.0
58092.0
58119.0
58220.0
58236.0
58253.0
58299.0
58417.0
58452.0
58536.0
58595.0
58632.0
58712.0
58831.0
58852.0
59233.0
59254.0
59349.0
59378.0
59414.0
59425.0
59432.0
59472.0
59575.0
59689.0
59815.0
59859.0
59874.0
59879.0
59943.0
60036.0
60057.0
60098.0
60207.0
60249.0
60250.0
60252.0
60281.0
60335.0
60352.0
60373.0
60426.0
60467.0
60500.0
60540.0
60732.0
60826.0
61072.0
61298.0
61337.0
61367.0
61412.0
61448.0
61577.0
61578.0
61585.0
61680.0
61715.0
61826.0
61977.0
62059.0
62188.0
62223.0
62243.0
62248.0
62275.0
62527.0
62659.0
62702.0
62731.0
62862.0
63024.0
63112.0
63222.0
63267.0
63270.0
63282.0
63289.0
63410.0
63500.0
63626.0
63762.0
63825.0
64154.0
64237.0
64396.0
64456.0
64840.0
64851.0
65066.0
65353.0
66016.0
66174.0
66540.0
66574.0
66734.0
67342.0
67421.0
67448.0
67453.0
67455.0
68123.0
68867.0
69651.0
71298.0
74250.0
77289.0
