#T=0 quenches for random K-SAT
#N=409600  alpha=8.5  maxIter=2000000   NSamples=1710
#av(t)	4346.785964912281
#av(log(t))	8.366501286588004
#std(log(t))	0.0035083671675604266
2883.0
2946.0
2952.0
2958.0
3047.0
3067.0
3075.0
3087.0
3117.0
3134.0
3139.0
3147.0
3152.0
3162.0
3167.0
3171.0
3171.0
3179.0
3181.0
3182.0
3191.0
3191.0
3193.0
3194.0
3196.0
3198.0
3202.0
3218.0
3218.0
3223.0
3227.0
3242.0
3243.0
3246.0
3254.0
3261.0
3272.0
3275.0
3281.0
3285.0
3287.0
3299.0
3304.0
3307.0
3308.0
3314.0
3315.0
3317.0
3319.0
3322.0
3322.0
3325.0
3328.0
3328.0
3330.0
3333.0
3339.0
3342.0
3342.0
3347.0
3350.0
3350.0
3352.0
3358.0
3362.0
3364.0
3369.0
3371.0
3375.0
3376.0
3380.0
3385.0
3386.0
3389.0
3390.0
3392.0
3395.0
3400.0
3400.0
3401.0
3406.0
3413.0
3415.0
3415.0
3416.0
3421.0
3421.0
3421.0
3421.0
3425.0
3431.0
3434.0
3440.0
3444.0
3446.0
3448.0
3449.0
3454.0
3457.0
3457.0
3458.0
3460.0
3460.0
3471.0
3477.0
3479.0
3482.0
3482.0
3484.0
3487.0
3488.0
3491.0
3492.0
3492.0
3493.0
3494.0
3496.0
3496.0
3497.0
3498.0
3499.0
3506.0
3506.0
3507.0
3508.0
3510.0
3510.0
3511.0
3514.0
3514.0
3516.0
3525.0
3526.0
3530.0
3533.0
3535.0
3537.0
3539.0
3542.0
3546.0
3547.0
3549.0
3553.0
3557.0
3557.0
3557.0
3558.0
3558.0
3559.0
3559.0
3566.0
3568.0
3568.0
3568.0
3569.0
3574.0
3575.0
3579.0
3583.0
3585.0
3585.0
3585.0
3587.0
3587.0
3588.0
3589.0
3593.0
3594.0
3599.0
3599.0
3600.0
3600.0
3602.0
3603.0
3606.0
3610.0
3611.0
3611.0
3611.0
3612.0
3613.0
3614.0
3615.0
3616.0
3616.0
3617.0
3618.0
3618.0
3619.0
3619.0
3620.0
3621.0
3624.0
3624.0
3624.0
3625.0
3627.0
3628.0
3628.0
3630.0
3630.0
3632.0
3636.0
3637.0
3642.0
3644.0
3645.0
3646.0
3646.0
3647.0
3647.0
3647.0
3647.0
3648.0
3651.0
3652.0
3653.0
3653.0
3654.0
3655.0
3656.0
3657.0
3660.0
3661.0
3662.0
3665.0
3665.0
3666.0
3669.0
3671.0
3672.0
3673.0
3673.0
3673.0
3674.0
3675.0
3676.0
3677.0
3679.0
3682.0
3684.0
3685.0
3692.0
3693.0
3694.0
3696.0
3697.0
3697.0
3698.0
3698.0
3700.0
3701.0
3706.0
3706.0
3706.0
3707.0
3709.0
3709.0
3710.0
3710.0
3710.0
3711.0
3711.0
3712.0
3717.0
3717.0
3718.0
3720.0
3722.0
3724.0
3725.0
3726.0
3727.0
3727.0
3730.0
3730.0
3730.0
3730.0
3732.0
3734.0
3734.0
3736.0
3736.0
3736.0
3737.0
3737.0
3737.0
3740.0
3740.0
3742.0
3742.0
3743.0
3743.0
3744.0
3744.0
3745.0
3746.0
3747.0
3747.0
3750.0
3751.0
3751.0
3751.0
3752.0
3755.0
3756.0
3757.0
3760.0
3760.0
3763.0
3763.0
3763.0
3764.0
3766.0
3767.0
3767.0
3768.0
3768.0
3768.0
3771.0
3771.0
3773.0
3774.0
3775.0
3775.0
3775.0
3776.0
3776.0
3779.0
3779.0
3779.0
3779.0
3781.0
3782.0
3782.0
3783.0
3784.0
3785.0
3788.0
3790.0
3791.0
3794.0
3797.0
3803.0
3804.0
3804.0
3805.0
3808.0
3808.0
3811.0
3811.0
3812.0
3815.0
3818.0
3819.0
3819.0
3821.0
3821.0
3822.0
3824.0
3827.0
3827.0
3830.0
3831.0
3831.0
3831.0
3832.0
3833.0
3833.0
3834.0
3834.0
3834.0
3836.0
3837.0
3838.0
3839.0
3840.0
3844.0
3844.0
3845.0
3846.0
3847.0
3847.0
3847.0
3849.0
3849.0
3851.0
3852.0
3853.0
3854.0
3857.0
3860.0
3861.0
3864.0
3866.0
3867.0
3868.0
3869.0
3870.0
3871.0
3871.0
3871.0
3876.0
3876.0
3876.0
3876.0
3877.0
3877.0
3879.0
3880.0
3880.0
3881.0
3881.0
3881.0
3882.0
3882.0
3884.0
3884.0
3887.0
3890.0
3893.0
3894.0
3895.0
3896.0
3898.0
3902.0
3903.0
3903.0
3903.0
3903.0
3904.0
3905.0
3906.0
3908.0
3908.0
3909.0
3910.0
3911.0
3911.0
3911.0
3911.0
3912.0
3912.0
3913.0
3913.0
3914.0
3916.0
3918.0
3919.0
3919.0
3920.0
3924.0
3926.0
3926.0
3928.0
3929.0
3929.0
3931.0
3931.0
3932.0
3932.0
3932.0
3933.0
3933.0
3933.0
3934.0
3935.0
3935.0
3936.0
3938.0
3939.0
3939.0
3939.0
3940.0
3940.0
3942.0
3943.0
3943.0
3944.0
3945.0
3945.0
3945.0
3946.0
3946.0
3946.0
3948.0
3948.0
3948.0
3950.0
3950.0
3950.0
3951.0
3952.0
3952.0
3953.0
3954.0
3956.0
3957.0
3957.0
3957.0
3957.0
3958.0
3958.0
3959.0
3959.0
3959.0
3960.0
3964.0
3964.0
3967.0
3970.0
3970.0
3972.0
3972.0
3973.0
3973.0
3974.0
3975.0
3976.0
3977.0
3977.0
3979.0
3979.0
3982.0
3983.0
3984.0
3985.0
3986.0
3988.0
3992.0
3993.0
3994.0
3996.0
3996.0
3996.0
3998.0
4000.0
4000.0
4000.0
4000.0
4000.0
4000.0
4000.0
4001.0
4001.0
4003.0
4003.0
4004.0
4004.0
4004.0
4004.0
4005.0
4006.0
4007.0
4010.0
4011.0
4011.0
4012.0
4013.0
4015.0
4015.0
4015.0
4018.0
4018.0
4019.0
4019.0
4020.0
4022.0
4023.0
4023.0
4023.0
4023.0
4025.0
4026.0
4028.0
4031.0
4032.0
4034.0
4035.0
4036.0
4036.0
4037.0
4038.0
4038.0
4038.0
4042.0
4043.0
4044.0
4045.0
4047.0
4047.0
4048.0
4049.0
4049.0
4049.0
4050.0
4050.0
4050.0
4051.0
4051.0
4051.0
4052.0
4052.0
4053.0
4053.0
4054.0
4055.0
4055.0
4057.0
4057.0
4057.0
4058.0
4059.0
4059.0
4060.0
4060.0
4061.0
4061.0
4062.0
4062.0
4063.0
4064.0
4065.0
4069.0
4070.0
4070.0
4071.0
4071.0
4071.0
4072.0
4072.0
4073.0
4074.0
4074.0
4075.0
4075.0
4076.0
4076.0
4076.0
4076.0
4077.0
4077.0
4078.0
4079.0
4080.0
4081.0
4082.0
4084.0
4084.0
4084.0
4086.0
4086.0
4086.0
4086.0
4086.0
4088.0
4088.0
4089.0
4090.0
4090.0
4091.0
4093.0
4093.0
4094.0
4096.0
4096.0
4097.0
4098.0
4099.0
4100.0
4100.0
4101.0
4103.0
4103.0
4104.0
4104.0
4105.0
4105.0
4105.0
4106.0
4108.0
4108.0
4108.0
4108.0
4109.0
4110.0
4111.0
4111.0
4111.0
4113.0
4113.0
4113.0
4114.0
4115.0
4116.0
4118.0
4119.0
4119.0
4122.0
4123.0
4125.0
4126.0
4126.0
4127.0
4127.0
4128.0
4128.0
4128.0
4128.0
4129.0
4130.0
4132.0
4133.0
4133.0
4133.0
4134.0
4135.0
4136.0
4137.0
4137.0
4138.0
4138.0
4139.0
4144.0
4144.0
4144.0
4145.0
4146.0
4147.0
4147.0
4147.0
4148.0
4148.0
4149.0
4150.0
4150.0
4151.0
4151.0
4153.0
4156.0
4157.0
4157.0
4159.0
4159.0
4160.0
4161.0
4163.0
4166.0
4166.0
4166.0
4168.0
4170.0
4170.0
4171.0
4171.0
4172.0
4172.0
4172.0
4173.0
4173.0
4173.0
4174.0
4174.0
4175.0
4175.0
4175.0
4176.0
4179.0
4180.0
4185.0
4185.0
4187.0
4187.0
4189.0
4194.0
4195.0
4198.0
4201.0
4201.0
4202.0
4202.0
4204.0
4204.0
4205.0
4205.0
4206.0
4206.0
4207.0
4207.0
4210.0
4211.0
4211.0
4212.0
4213.0
4214.0
4214.0
4215.0
4215.0
4216.0
4216.0
4218.0
4219.0
4219.0
4219.0
4220.0
4222.0
4222.0
4223.0
4224.0
4224.0
4225.0
4228.0
4228.0
4229.0
4229.0
4231.0
4231.0
4232.0
4232.0
4233.0
4234.0
4234.0
4235.0
4235.0
4236.0
4236.0
4238.0
4240.0
4240.0
4241.0
4241.0
4244.0
4244.0
4245.0
4246.0
4247.0
4249.0
4251.0
4252.0
4253.0
4253.0
4254.0
4255.0
4255.0
4255.0
4256.0
4257.0
4257.0
4259.0
4260.0
4261.0
4264.0
4264.0
4264.0
4265.0
4266.0
4269.0
4271.0
4272.0
4274.0
4275.0
4275.0
4276.0
4277.0
4279.0
4280.0
4280.0
4281.0
4281.0
4281.0
4282.0
4282.0
4285.0
4286.0
4286.0
4286.0
4287.0
4287.0
4287.0
4288.0
4288.0
4288.0
4288.0
4289.0
4290.0
4293.0
4294.0
4296.0
4298.0
4302.0
4303.0
4306.0
4307.0
4309.0
4309.0
4309.0
4311.0
4311.0
4311.0
4312.0
4312.0
4314.0
4314.0
4314.0
4315.0
4316.0
4317.0
4318.0
4319.0
4321.0
4321.0
4324.0
4326.0
4326.0
4328.0
4328.0
4329.0
4331.0
4333.0
4334.0
4335.0
4335.0
4336.0
4336.0
4340.0
4342.0
4343.0
4344.0
4345.0
4348.0
4349.0
4350.0
4351.0
4351.0
4351.0
4351.0
4353.0
4353.0
4354.0
4356.0
4357.0
4358.0
4358.0
4359.0
4359.0
4360.0
4363.0
4364.0
4367.0
4368.0
4368.0
4370.0
4371.0
4371.0
4371.0
4371.0
4371.0
4372.0
4372.0
4373.0
4374.0
4374.0
4375.0
4377.0
4378.0
4379.0
4380.0
4383.0
4383.0
4385.0
4385.0
4386.0
4387.0
4387.0
4387.0
4388.0
4390.0
4390.0
4390.0
4390.0
4392.0
4393.0
4394.0
4395.0
4396.0
4397.0
4397.0
4400.0
4401.0
4401.0
4401.0
4402.0
4404.0
4406.0
4407.0
4408.0
4408.0
4409.0
4410.0
4410.0
4411.0
4412.0
4413.0
4413.0
4414.0
4414.0
4415.0
4416.0
4417.0
4417.0
4418.0
4419.0
4420.0
4422.0
4422.0
4428.0
4428.0
4431.0
4431.0
4432.0
4434.0
4434.0
4434.0
4435.0
4436.0
4438.0
4438.0
4439.0
4439.0
4439.0
4442.0
4444.0
4445.0
4445.0
4446.0
4448.0
4448.0
4451.0
4451.0
4456.0
4457.0
4458.0
4458.0
4459.0
4461.0
4462.0
4462.0
4463.0
4464.0
4466.0
4470.0
4476.0
4479.0
4479.0
4481.0
4483.0
4484.0
4484.0
4484.0
4485.0
4487.0
4487.0
4488.0
4491.0
4493.0
4493.0
4493.0
4495.0
4495.0
4495.0
4495.0
4496.0
4496.0
4497.0
4498.0
4498.0
4500.0
4503.0
4504.0
4504.0
4504.0
4506.0
4507.0
4507.0
4507.0
4508.0
4510.0
4510.0
4511.0
4511.0
4511.0
4512.0
4516.0
4517.0
4517.0
4517.0
4518.0
4519.0
4519.0
4519.0
4521.0
4523.0
4524.0
4526.0
4526.0
4527.0
4528.0
4530.0
4532.0
4533.0
4534.0
4535.0
4536.0
4536.0
4536.0
4536.0
4538.0
4540.0
4541.0
4542.0
4542.0
4542.0
4543.0
4543.0
4544.0
4544.0
4544.0
4545.0
4545.0
4547.0
4549.0
4549.0
4549.0
4550.0
4550.0
4551.0
4552.0
4552.0
4552.0
4553.0
4556.0
4556.0
4558.0
4559.0
4560.0
4560.0
4560.0
4561.0
4561.0
4562.0
4562.0
4563.0
4565.0
4566.0
4566.0
4567.0
4568.0
4568.0
4571.0
4573.0
4573.0
4575.0
4578.0
4578.0
4580.0
4580.0
4581.0
4582.0
4582.0
4583.0
4586.0
4587.0
4588.0
4589.0
4591.0
4591.0
4592.0
4593.0
4593.0
4596.0
4596.0
4597.0
4598.0
4598.0
4599.0
4600.0
4601.0
4601.0
4602.0
4603.0
4603.0
4604.0
4604.0
4605.0
4605.0
4606.0
4606.0
4609.0
4613.0
4614.0
4615.0
4616.0
4618.0
4619.0
4619.0
4620.0
4620.0
4621.0
4622.0
4623.0
4626.0
4627.0
4630.0
4631.0
4632.0
4633.0
4634.0
4635.0
4637.0
4637.0
4638.0
4639.0
4640.0
4641.0
4641.0
4642.0
4643.0
4647.0
4649.0
4649.0
4651.0
4652.0
4654.0
4654.0
4656.0
4657.0
4658.0
4658.0
4658.0
4659.0
4659.0
4660.0
4663.0
4663.0
4663.0
4664.0
4666.0
4666.0
4671.0
4672.0
4674.0
4675.0
4677.0
4677.0
4679.0
4682.0
4682.0
4684.0
4684.0
4684.0
4685.0
4686.0
4687.0
4687.0
4689.0
4693.0
4694.0
4694.0
4695.0
4696.0
4696.0
4697.0
4697.0
4697.0
4698.0
4699.0
4699.0
4700.0
4703.0
4703.0
4705.0
4709.0
4710.0
4713.0
4714.0
4718.0
4719.0
4723.0
4725.0
4726.0
4727.0
4727.0
4727.0
4729.0
4732.0
4732.0
4732.0
4739.0
4740.0
4743.0
4743.0
4749.0
4749.0
4750.0
4751.0
4758.0
4759.0
4760.0
4761.0
4762.0
4762.0
4762.0
4762.0
4763.0
4764.0
4764.0
4768.0
4768.0
4769.0
4769.0
4773.0
4775.0
4775.0
4776.0
4777.0
4778.0
4779.0
4786.0
4787.0
4788.0
4788.0
4789.0
4791.0
4792.0
4794.0
4798.0
4798.0
4799.0
4799.0
4799.0
4801.0
4803.0
4804.0
4804.0
4805.0
4805.0
4805.0
4808.0
4812.0
4813.0
4813.0
4815.0
4815.0
4818.0
4818.0
4821.0
4821.0
4824.0
4824.0
4825.0
4826.0
4830.0
4830.0
4831.0
4832.0
4833.0
4839.0
4840.0
4841.0
4842.0
4843.0
4845.0
4845.0
4845.0
4846.0
4848.0
4849.0
4852.0
4853.0
4854.0
4855.0
4855.0
4857.0
4859.0
4859.0
4862.0
4866.0
4869.0
4870.0
4870.0
4871.0
4873.0
4874.0
4874.0
4876.0
4878.0
4878.0
4883.0
4885.0
4886.0
4887.0
4887.0
4887.0
4889.0
4891.0
4893.0
4894.0
4895.0
4895.0
4896.0
4897.0
4897.0
4899.0
4899.0
4900.0
4903.0
4907.0
4908.0
4909.0
4910.0
4910.0
4912.0
4917.0
4919.0
4920.0
4922.0
4923.0
4927.0
4929.0
4931.0
4931.0
4933.0
4934.0
4934.0
4934.0
4937.0
4938.0
4940.0
4941.0
4948.0
4948.0
4949.0
4952.0
4953.0
4954.0
4955.0
4956.0
4956.0
4957.0
4958.0
4958.0
4960.0
4962.0
4964.0
4966.0
4969.0
4976.0
4977.0
4979.0
4979.0
4981.0
4981.0
4984.0
4985.0
4986.0
4988.0
4993.0
4994.0
4995.0
4999.0
5001.0
5001.0
5003.0
5004.0
5006.0
5008.0
5009.0
5010.0
5012.0
5015.0
5021.0
5022.0
5028.0
5031.0
5032.0
5038.0
5039.0
5040.0
5041.0
5043.0
5044.0
5052.0
5053.0
5054.0
5056.0
5056.0
5058.0
5062.0
5063.0
5063.0
5064.0
5064.0
5065.0
5066.0
5071.0
5071.0
5073.0
5076.0
5082.0
5083.0
5090.0
5095.0
5099.0
5101.0
5103.0
5106.0
5107.0
5109.0
5110.0
5111.0
5112.0
5117.0
5124.0
5124.0
5130.0
5134.0
5138.0
5150.0
5152.0
5154.0
5157.0
5158.0
5159.0
5163.0
5178.0
5178.0
5180.0
5184.0
5184.0
5185.0
5186.0
5188.0
5191.0
5192.0
5192.0
5193.0
5196.0
5202.0
5204.0
5206.0
5207.0
5209.0
5215.0
5215.0
5217.0
5224.0
5229.0
5248.0
5249.0
5251.0
5251.0
5254.0
5255.0
5268.0
5268.0
5273.0
5278.0
5279.0
5288.0
5292.0
5294.0
5301.0
5303.0
5306.0
5307.0
5310.0
5311.0
5311.0
5314.0
5316.0
5318.0
5325.0
5327.0
5329.0
5338.0
5343.0
5346.0
5353.0
5356.0
5358.0
5361.0
5362.0
5364.0
5376.0
5385.0
5389.0
5393.0
5398.0
5400.0
5405.0
5406.0
5411.0
5413.0
5421.0
5431.0
5433.0
5437.0
5437.0
5450.0
5460.0
5466.0
5468.0
5469.0
5471.0
5475.0
5478.0
5479.0
5496.0
5501.0
5503.0
5514.0
5529.0
5531.0
5539.0
5540.0
5548.0
5550.0
5552.0
5552.0
5552.0
5569.0
5571.0
5578.0
5583.0
5587.0
5590.0
5607.0
5630.0
5632.0
5640.0
5646.0
5667.0
5669.0
5689.0
5693.0
5706.0
5715.0
5718.0
5718.0
5721.0
5734.0
5741.0
5769.0
5771.0
5777.0
5785.0
5789.0
5799.0
5811.0
5827.0
5834.0
5835.0
5842.0
5847.0
5852.0
5856.0
5858.0
5882.0
5893.0
5908.0
5909.0
5928.0
5928.0
5934.0
5941.0
5962.0
5969.0
5974.0
5985.0
5995.0
5998.0
6022.0
6022.0
6044.0
6076.0
6095.0
6105.0
6109.0
6118.0
6124.0
6138.0
6152.0
6202.0
6207.0
6223.0
6303.0
6322.0
6441.0
6487.0
6560.0
6578.0
6615.0
6720.0
6726.0
6853.0
7037.0
7038.0
7136.0
7298.0
7347.0
