#T=0 quenches for random K-SAT
#N=409600  alpha=8.65   NSamples=1143
#av(t)	21997.926509186353
#av(log(t))	9.987675125531052
#std(log(t))	0.004382401011680409
14123.0
14239.0
14541.0
14546.0
14567.0
14602.0
14687.0
14752.0
14771.0
14865.0
14966.0
15048.0
15054.0
15111.0
15178.0
15232.0
15275.0
15749.0
15770.0
15800.0
15807.0
15812.0
15837.0
15987.0
16064.0
16243.0
16257.0
16376.0
16384.0
16385.0
16392.0
16437.0
16450.0
16517.0
16519.0
16652.0
16668.0
16689.0
16745.0
16787.0
16789.0
16830.0
16845.0
16856.0
16886.0
16904.0
16952.0
16986.0
17007.0
17058.0
17064.0
17126.0
17141.0
17143.0
17153.0
17162.0
17211.0
17219.0
17268.0
17289.0
17299.0
17393.0
17414.0
17435.0
17438.0
17440.0
17458.0
17491.0
17501.0
17509.0
17517.0
17557.0
17571.0
17601.0
17617.0
17625.0
17643.0
17644.0
17660.0
17675.0
17711.0
17711.0
17722.0
17740.0
17747.0
17782.0
17782.0
17819.0
17868.0
17879.0
17910.0
17936.0
17936.0
17937.0
17940.0
17940.0
17948.0
17948.0
17960.0
17975.0
17976.0
17978.0
17989.0
17992.0
18000.0
18008.0
18034.0
18034.0
18041.0
18043.0
18063.0
18081.0
18082.0
18087.0
18099.0
18161.0
18165.0
18171.0
18189.0
18194.0
18200.0
18202.0
18216.0
18226.0
18230.0
18235.0
18237.0
18245.0
18284.0
18285.0
18291.0
18291.0
18326.0
18327.0
18334.0
18341.0
18344.0
18350.0
18358.0
18368.0
18371.0
18375.0
18383.0
18385.0
18397.0
18408.0
18414.0
18419.0
18433.0
18451.0
18465.0
18467.0
18475.0
18479.0
18521.0
18534.0
18548.0
18551.0
18562.0
18574.0
18574.0
18581.0
18586.0
18619.0
18623.0
18627.0
18639.0
18645.0
18656.0
18679.0
18693.0
18700.0
18717.0
18717.0
18718.0
18725.0
18726.0
18732.0
18734.0
18734.0
18735.0
18735.0
18740.0
18755.0
18761.0
18785.0
18789.0
18794.0
18815.0
18816.0
18818.0
18826.0
18830.0
18835.0
18864.0
18885.0
18900.0
18912.0
18915.0
18937.0
18944.0
18959.0
18965.0
18989.0
19010.0
19017.0
19025.0
19034.0
19042.0
19043.0
19066.0
19078.0
19081.0
19081.0
19102.0
19107.0
19109.0
19116.0
19118.0
19124.0
19136.0
19144.0
19148.0
19151.0
19155.0
19163.0
19164.0
19166.0
19167.0
19173.0
19175.0
19177.0
19183.0
19197.0
19207.0
19217.0
19219.0
19231.0
19242.0
19256.0
19267.0
19269.0
19272.0
19278.0
19291.0
19292.0
19297.0
19313.0
19326.0
19334.0
19353.0
19357.0
19362.0
19382.0
19386.0
19390.0
19401.0
19401.0
19415.0
19434.0
19457.0
19477.0
19483.0
19497.0
19507.0
19509.0
19523.0
19529.0
19529.0
19534.0
19543.0
19577.0
19581.0
19603.0
19609.0
19622.0
19634.0
19638.0
19649.0
19657.0
19663.0
19668.0
19673.0
19675.0
19682.0
19684.0
19693.0
19710.0
19711.0
19724.0
19725.0
19728.0
19733.0
19746.0
19746.0
19748.0
19749.0
19751.0
19752.0
19761.0
19761.0
19766.0
19766.0
19774.0
19776.0
19798.0
19811.0
19817.0
19826.0
19830.0
19833.0
19839.0
19844.0
19847.0
19859.0
19859.0
19868.0
19882.0
19906.0
19910.0
19919.0
19920.0
19920.0
19931.0
19949.0
19953.0
19957.0
19957.0
19965.0
19966.0
19969.0
19988.0
19990.0
19991.0
19993.0
19997.0
20006.0
20018.0
20030.0
20036.0
20040.0
20067.0
20073.0
20086.0
20090.0
20094.0
20105.0
20111.0
20111.0
20112.0
20113.0
20118.0
20118.0
20164.0
20166.0
20167.0
20179.0
20181.0
20191.0
20199.0
20199.0
20205.0
20211.0
20211.0
20212.0
20213.0
20215.0
20220.0
20223.0
20224.0
20251.0
20251.0
20262.0
20263.0
20270.0
20276.0
20283.0
20285.0
20294.0
20296.0
20301.0
20301.0
20314.0
20318.0
20322.0
20326.0
20335.0
20336.0
20372.0
20378.0
20409.0
20419.0
20428.0
20431.0
20436.0
20444.0
20461.0
20471.0
20482.0
20489.0
20490.0
20492.0
20493.0
20498.0
20498.0
20502.0
20505.0
20506.0
20512.0
20518.0
20530.0
20530.0
20534.0
20551.0
20586.0
20597.0
20605.0
20611.0
20623.0
20630.0
20633.0
20639.0
20639.0
20658.0
20666.0
20667.0
20671.0
20673.0
20679.0
20680.0
20694.0
20709.0
20712.0
20724.0
20726.0
20740.0
20740.0
20742.0
20748.0
20752.0
20758.0
20770.0
20784.0
20787.0
20816.0
20826.0
20828.0
20832.0
20834.0
20839.0
20843.0
20843.0
20848.0
20853.0
20889.0
20902.0
20909.0
20912.0
20922.0
20927.0
20938.0
20944.0
20945.0
20966.0
20981.0
20984.0
20987.0
21003.0
21005.0
21011.0
21015.0
21029.0
21031.0
21039.0
21064.0
21064.0
21071.0
21074.0
21075.0
21078.0
21087.0
21089.0
21095.0
21106.0
21123.0
21125.0
21131.0
21138.0
21139.0
21145.0
21148.0
21154.0
21181.0
21182.0
21182.0
21187.0
21205.0
21206.0
21221.0
21249.0
21250.0
21254.0
21265.0
21266.0
21267.0
21269.0
21280.0
21281.0
21283.0
21287.0
21304.0
21304.0
21308.0
21322.0
21332.0
21351.0
21363.0
21367.0
21370.0
21381.0
21384.0
21391.0
21394.0
21395.0
21396.0
21409.0
21418.0
21422.0
21428.0
21451.0
21475.0
21483.0
21484.0
21490.0
21491.0
21505.0
21508.0
21514.0
21515.0
21519.0
21522.0
21527.0
21531.0
21532.0
21545.0
21557.0
21559.0
21562.0
21562.0
21563.0
21583.0
21586.0
21588.0
21588.0
21596.0
21613.0
21628.0
21641.0
21644.0
21648.0
21653.0
21657.0
21659.0
21672.0
21677.0
21681.0
21681.0
21694.0
21694.0
21723.0
21726.0
21731.0
21732.0
21733.0
21751.0
21762.0
21762.0
21764.0
21768.0
21777.0
21780.0
21783.0
21793.0
21794.0
21796.0
21805.0
21808.0
21810.0
21813.0
21818.0
21822.0
21827.0
21839.0
21851.0
21873.0
21881.0
21884.0
21915.0
21916.0
21917.0
21923.0
21937.0
21938.0
21947.0
21951.0
21957.0
21975.0
21979.0
21989.0
21989.0
21990.0
21998.0
22003.0
22013.0
22019.0
22026.0
22039.0
22039.0
22046.0
22053.0
22075.0
22096.0
22105.0
22106.0
22120.0
22125.0
22128.0
22128.0
22132.0
22136.0
22166.0
22173.0
22184.0
22187.0
22197.0
22204.0
22210.0
22223.0
22225.0
22225.0
22227.0
22234.0
22249.0
22258.0
22272.0
22273.0
22276.0
22279.0
22296.0
22297.0
22301.0
22309.0
22311.0
22311.0
22318.0
22320.0
22322.0
22326.0
22332.0
22338.0
22343.0
22349.0
22350.0
22360.0
22367.0
22368.0
22375.0
22410.0
22421.0
22433.0
22440.0
22441.0
22449.0
22452.0
22467.0
22471.0
22476.0
22487.0
22510.0
22527.0
22528.0
22546.0
22554.0
22555.0
22559.0
22568.0
22580.0
22614.0
22631.0
22632.0
22640.0
22716.0
22716.0
22725.0
22747.0
22765.0
22768.0
22778.0
22781.0
22785.0
22795.0
22797.0
22838.0
22841.0
22842.0
22851.0
22853.0
22853.0
22866.0
22874.0
22886.0
22889.0
22892.0
22895.0
22898.0
22903.0
22904.0
22905.0
22907.0
22921.0
22928.0
22948.0
22957.0
22963.0
22966.0
22974.0
22978.0
23000.0
23000.0
23015.0
23018.0
23019.0
23022.0
23032.0
23035.0
23037.0
23050.0
23061.0
23076.0
23076.0
23085.0
23090.0
23091.0
23115.0
23122.0
23125.0
23133.0
23140.0
23150.0
23154.0
23161.0
23164.0
23166.0
23167.0
23173.0
23175.0
23183.0
23229.0
23233.0
23234.0
23235.0
23247.0
23250.0
23258.0
23259.0
23260.0
23270.0
23271.0
23274.0
23287.0
23295.0
23306.0
23324.0
23337.0
23349.0
23352.0
23361.0
23366.0
23378.0
23382.0
23401.0
23403.0
23409.0
23410.0
23414.0
23417.0
23432.0
23443.0
23444.0
23449.0
23455.0
23467.0
23472.0
23473.0
23482.0
23482.0
23483.0
23486.0
23488.0
23490.0
23530.0
23531.0
23538.0
23554.0
23562.0
23592.0
23605.0
23616.0
23619.0
23621.0
23623.0
23639.0
23646.0
23653.0
23656.0
23669.0
23672.0
23682.0
23689.0
23691.0
23692.0
23693.0
23699.0
23699.0
23709.0
23716.0
23729.0
23732.0
23740.0
23740.0
23751.0
23756.0
23774.0
23776.0
23814.0
23824.0
23830.0
23841.0
23859.0
23862.0
23866.0
23866.0
23870.0
23876.0
23900.0
23913.0
23928.0
23932.0
23946.0
23947.0
23950.0
23972.0
23985.0
23989.0
23994.0
23994.0
23997.0
23999.0
24002.0
24021.0
24024.0
24029.0
24031.0
24039.0
24040.0
24042.0
24058.0
24066.0
24069.0
24097.0
24110.0
24112.0
24117.0
24135.0
24145.0
24146.0
24173.0
24185.0
24194.0
24242.0
24261.0
24265.0
24277.0
24309.0
24326.0
24340.0
24348.0
24359.0
24361.0
24367.0
24372.0
24373.0
24374.0
24377.0
24402.0
24403.0
24415.0
24445.0
24445.0
24460.0
24462.0
24477.0
24479.0
24484.0
24489.0
24495.0
24496.0
24500.0
24521.0
24529.0
24533.0
24533.0
24547.0
24554.0
24590.0
24593.0
24602.0
24603.0
24614.0
24623.0
24624.0
24646.0
24654.0
24674.0
24690.0
24699.0
24767.0
24804.0
24813.0
24822.0
24854.0
24905.0
24906.0
24909.0
24911.0
24921.0
24938.0
24944.0
24951.0
24959.0
24960.0
24964.0
24998.0
25000.0
25012.0
25014.0
25017.0
25038.0
25047.0
25064.0
25080.0
25086.0
25107.0
25123.0
25142.0
25154.0
25174.0
25180.0
25200.0
25202.0
25204.0
25204.0
25222.0
25225.0
25233.0
25243.0
25250.0
25260.0
25282.0
25290.0
25309.0
25330.0
25349.0
25380.0
25380.0
25383.0
25388.0
25400.0
25408.0
25424.0
25432.0
25453.0
25460.0
25479.0
25488.0
25492.0
25493.0
25514.0
25537.0
25552.0
25554.0
25556.0
25575.0
25579.0
25580.0
25593.0
25611.0
25624.0
25655.0
25664.0
25672.0
25730.0
25763.0
25765.0
25787.0
25805.0
25819.0
25847.0
25864.0
25871.0
25891.0
25894.0
25903.0
25911.0
25917.0
25917.0
25920.0
25928.0
25984.0
25988.0
26025.0
26036.0
26060.0
26082.0
26086.0
26088.0
26114.0
26116.0
26134.0
26181.0
26191.0
26197.0
26203.0
26250.0
26254.0
26281.0
26299.0
26306.0
26344.0
26344.0
26351.0
26368.0
26374.0
26432.0
26435.0
26448.0
26472.0
26529.0
26543.0
26611.0
26618.0
26684.0
26707.0
26756.0
26774.0
26778.0
26794.0
26795.0
26927.0
26969.0
26982.0
27031.0
27078.0
27088.0
27110.0
27128.0
27132.0
27132.0
27218.0
27229.0
27236.0
27268.0
27280.0
27283.0
27291.0
27310.0
27366.0
27442.0
27446.0
27452.0
27468.0
27471.0
27507.0
27553.0
27563.0
27573.0
27579.0
27610.0
27685.0
27787.0
27803.0
27841.0
27901.0
27979.0
28009.0
28159.0
28206.0
28208.0
28217.0
28257.0
28308.0
28331.0
28350.0
28357.0
28371.0
28491.0
28502.0
28636.0
28719.0
28963.0
28979.0
29118.0
29125.0
29206.0
29253.0
29270.0
29504.0
29512.0
29541.0
29597.0
29665.0
29741.0
29826.0
29873.0
29998.0
30248.0
30503.0
30537.0
30613.0
30696.0
30796.0
31015.0
31146.0
31170.0
31412.0
31951.0
32017.0
32823.0
32903.0
33702.0
34034.0
35214.0
42225.0
