#T=0 quenches for random K-SAT
#N=204800  alpha=8.68  maxIter=2000000   NSamples=411
#av(t)	34559.902676399026
#av(log(t))	10.425736850332031
#std(log(t))	0.010920665516101725
15660.0
19194.0
19687.0
19813.0
19860.0
20218.0
20822.0
21331.0
21655.0
22140.0
22222.0
23245.0
23436.0
23456.0
23744.0
23751.0
23755.0
23768.0
23781.0
23875.0
23980.0
24008.0
24021.0
24159.0
24235.0
24249.0
24364.0
24430.0
24595.0
24628.0
24775.0
24861.0
24934.0
25085.0
25362.0
25366.0
25369.0
25423.0
25425.0
25441.0
25598.0
25707.0
25750.0
25772.0
25829.0
25923.0
25933.0
25936.0
25955.0
26084.0
26106.0
26187.0
26299.0
26493.0
26512.0
26512.0
26542.0
26690.0
26791.0
26917.0
26953.0
26992.0
27054.0
27201.0
27228.0
27267.0
27419.0
27438.0
27442.0
27446.0
27451.0
27500.0
27502.0
27512.0
27528.0
27671.0
27727.0
27853.0
27860.0
27944.0
27988.0
28012.0
28101.0
28102.0
28142.0
28249.0
28339.0
28376.0
28382.0
28391.0
28431.0
28444.0
28500.0
28578.0
28617.0
28648.0
28739.0
28816.0
28826.0
28828.0
28925.0
28926.0
28958.0
28986.0
29010.0
29016.0
29034.0
29176.0
29217.0
29247.0
29300.0
29302.0
29322.0
29338.0
29342.0
29392.0
29400.0
29422.0
29447.0
29498.0
29504.0
29535.0
29555.0
29558.0
29596.0
29599.0
29603.0
29649.0
29696.0
29754.0
29820.0
29821.0
29912.0
29922.0
30018.0
30122.0
30144.0
30153.0
30262.0
30426.0
30428.0
30443.0
30465.0
30483.0
30509.0
30544.0
30578.0
30581.0
30585.0
30611.0
30838.0
30958.0
30977.0
31018.0
31086.0
31126.0
31144.0
31215.0
31245.0
31286.0
31287.0
31314.0
31399.0
31411.0
31439.0
31540.0
31601.0
31661.0
31673.0
31687.0
31708.0
31725.0
31761.0
31787.0
31832.0
31872.0
31887.0
32151.0
32168.0
32219.0
32224.0
32231.0
32272.0
32283.0
32291.0
32334.0
32378.0
32454.0
32478.0
32504.0
32520.0
32541.0
32668.0
32730.0
32745.0
32805.0
32854.0
32869.0
32933.0
32952.0
32982.0
33108.0
33237.0
33350.0
33506.0
33537.0
33571.0
33696.0
33814.0
33841.0
33916.0
33986.0
34003.0
34182.0
34199.0
34202.0
34332.0
34371.0
34467.0
34473.0
34532.0
34631.0
34695.0
34739.0
34783.0
34807.0
34849.0
34857.0
34870.0
34918.0
34934.0
35015.0
35116.0
35125.0
35164.0
35219.0
35231.0
35281.0
35283.0
35316.0
35372.0
35424.0
35434.0
35616.0
35676.0
35720.0
35805.0
35820.0
35856.0
35892.0
35899.0
35925.0
36011.0
36011.0
36057.0
36121.0
36140.0
36185.0
36232.0
36336.0
36484.0
36721.0
36755.0
36759.0
36784.0
36818.0
36892.0
37052.0
37128.0
37142.0
37161.0
37169.0
37186.0
37281.0
37285.0
37321.0
37341.0
37345.0
37456.0
37471.0
37490.0
37504.0
37606.0
37653.0
37756.0
37775.0
37795.0
37901.0
37948.0
38173.0
38199.0
38201.0
38204.0
38272.0
38286.0
38341.0
38422.0
38480.0
38569.0
38578.0
38605.0
38698.0
38735.0
38792.0
38901.0
38934.0
39015.0
39294.0
39339.0
39356.0
39408.0
39449.0
39471.0
39590.0
39686.0
39837.0
39882.0
39974.0
39981.0
39992.0
40112.0
40156.0
40218.0
40287.0
40406.0
40433.0
40474.0
40496.0
40595.0
40654.0
40776.0
40805.0
41014.0
41025.0
41118.0
41165.0
41330.0
41417.0
41523.0
41578.0
41611.0
41682.0
41856.0
41895.0
42058.0
42198.0
42281.0
42540.0
42581.0
42588.0
42671.0
42671.0
42759.0
42995.0
43042.0
43134.0
43293.0
43309.0
43487.0
43490.0
43503.0
43588.0
43705.0
43795.0
43891.0
44143.0
44286.0
44511.0
44673.0
44771.0
44960.0
45100.0
45467.0
45530.0
45659.0
45675.0
45738.0
45745.0
46234.0
46510.0
46827.0
47239.0
47246.0
47375.0
47557.0
47990.0
48078.0
48119.0
48194.0
48378.0
48528.0
48617.0
48716.0
48824.0
48835.0
48856.0
48862.0
49562.0
50777.0
51193.0
51993.0
52709.0
53201.0
53603.0
53786.0
54252.0
55659.0
56012.0
56555.0
70384.0
74302.0
