#T=0 quenches for random K-SAT
#N=819200  alpha=8.6  maxIter=2000000   NSamples=498
#av(t)	12027.538152610441
#av(log(t))	9.388338913322364
#std(log(t))	0.005140394390717236
8740.0
8768.0
8869.0
8936.0
9006.0
9174.0
9313.0
9339.0
9357.0
9378.0
9505.0
9637.0
9641.0
9673.0
9677.0
9685.0
9743.0
9762.0
9782.0
9859.0
9923.0
9927.0
9931.0
9980.0
9996.0
10028.0
10036.0
10048.0
10053.0
10076.0
10081.0
10139.0
10142.0
10151.0
10155.0
10176.0
10185.0
10189.0
10202.0
10205.0
10207.0
10223.0
10239.0
10260.0
10266.0
10296.0
10305.0
10329.0
10347.0
10352.0
10355.0
10377.0
10383.0
10391.0
10407.0
10408.0
10410.0
10423.0
10439.0
10449.0
10456.0
10458.0
10465.0
10474.0
10478.0
10483.0
10521.0
10543.0
10552.0
10567.0
10581.0
10583.0
10588.0
10590.0
10593.0
10608.0
10626.0
10658.0
10660.0
10664.0
10669.0
10674.0
10694.0
10708.0
10717.0
10718.0
10726.0
10728.0
10731.0
10752.0
10763.0
10766.0
10773.0
10791.0
10797.0
10814.0
10818.0
10825.0
10830.0
10880.0
10896.0
10913.0
10925.0
10926.0
10929.0
10953.0
10964.0
10967.0
10969.0
10970.0
10972.0
10977.0
10999.0
11005.0
11013.0
11026.0
11027.0
11028.0
11041.0
11044.0
11051.0
11053.0
11055.0
11060.0
11061.0
11061.0
11067.0
11072.0
11073.0
11094.0
11094.0
11105.0
11116.0
11120.0
11124.0
11130.0
11137.0
11138.0
11157.0
11161.0
11165.0
11168.0
11170.0
11173.0
11186.0
11191.0
11191.0
11205.0
11220.0
11222.0
11226.0
11227.0
11227.0
11227.0
11239.0
11256.0
11261.0
11268.0
11278.0
11297.0
11306.0
11308.0
11317.0
11343.0
11344.0
11354.0
11356.0
11356.0
11360.0
11362.0
11365.0
11366.0
11367.0
11375.0
11376.0
11377.0
11380.0
11382.0
11383.0
11385.0
11385.0
11388.0
11390.0
11391.0
11391.0
11397.0
11400.0
11416.0
11445.0
11446.0
11449.0
11450.0
11458.0
11468.0
11477.0
11501.0
11507.0
11510.0
11515.0
11538.0
11556.0
11560.0
11562.0
11563.0
11563.0
11564.0
11574.0
11576.0
11603.0
11609.0
11611.0
11635.0
11637.0
11649.0
11650.0
11661.0
11668.0
11669.0
11677.0
11684.0
11691.0
11695.0
11699.0
11702.0
11709.0
11736.0
11740.0
11744.0
11750.0
11753.0
11772.0
11781.0
11781.0
11792.0
11799.0
11808.0
11819.0
11822.0
11829.0
11833.0
11860.0
11860.0
11897.0
11907.0
11911.0
11922.0
11922.0
11929.0
11931.0
11933.0
11940.0
11958.0
11974.0
11990.0
12002.0
12006.0
12007.0
12010.0
12012.0
12013.0
12016.0
12021.0
12031.0
12034.0
12034.0
12035.0
12051.0
12059.0
12060.0
12064.0
12072.0
12073.0
12073.0
12077.0
12088.0
12103.0
12104.0
12122.0
12137.0
12172.0
12179.0
12188.0
12190.0
12199.0
12208.0
12221.0
12221.0
12228.0
12243.0
12248.0
12250.0
12254.0
12264.0
12267.0
12272.0
12276.0
12276.0
12278.0
12281.0
12292.0
12309.0
12319.0
12320.0
12325.0
12337.0
12352.0
12355.0
12361.0
12364.0
12387.0
12391.0
12417.0
12422.0
12424.0
12444.0
12454.0
12461.0
12461.0
12470.0
12473.0
12480.0
12487.0
12501.0
12511.0
12517.0
12522.0
12551.0
12551.0
12560.0
12562.0
12569.0
12588.0
12591.0
12597.0
12600.0
12601.0
12615.0
12624.0
12635.0
12641.0
12641.0
12643.0
12645.0
12664.0
12693.0
12698.0
12707.0
12716.0
12718.0
12724.0
12724.0
12743.0
12753.0
12759.0
12762.0
12764.0
12768.0
12770.0
12774.0
12785.0
12786.0
12788.0
12795.0
12802.0
12807.0
12823.0
12830.0
12886.0
12889.0
12891.0
12892.0
12905.0
12919.0
12927.0
12932.0
12935.0
12938.0
12953.0
12970.0
12988.0
12989.0
12992.0
12997.0
13017.0
13019.0
13026.0
13033.0
13035.0
13044.0
13051.0
13071.0
13091.0
13118.0
13122.0
13156.0
13159.0
13170.0
13174.0
13178.0
13184.0
13186.0
13188.0
13212.0
13221.0
13226.0
13239.0
13242.0
13247.0
13261.0
13262.0
13264.0
13266.0
13296.0
13307.0
13336.0
13337.0
13344.0
13349.0
13351.0
13360.0
13365.0
13367.0
13377.0
13381.0
13389.0
13399.0
13441.0
13464.0
13466.0
13481.0
13484.0
13507.0
13538.0
13559.0
13587.0
13589.0
13599.0
13619.0
13636.0
13639.0
13657.0
13659.0
13686.0
13688.0
13695.0
13710.0
13722.0
13746.0
13810.0
13825.0
13852.0
13867.0
13874.0
13901.0
13912.0
13932.0
13932.0
13938.0
13947.0
13949.0
13957.0
14023.0
14035.0
14036.0
14072.0
14075.0
14127.0
14128.0
14162.0
14163.0
14173.0
14188.0
14206.0
14230.0
14241.0
14260.0
14413.0
14480.0
14553.0
14798.0
14837.0
14868.0
14909.0
15012.0
15339.0
15386.0
15472.0
15587.0
15776.0
15785.0
15851.0
15932.0
15981.0
16364.0
16424.0
16428.0
16547.0
16951.0
