#T=0 quenches for random K-SAT
#N=819200  alpha=8.68   NSamples=857
#av(t)	37284.87747957993
#av(log(t))	10.518876510876604
#std(log(t))	0.004173201592252326
25527.0
25780.0
26530.0
27196.0
27385.0
27774.0
27809.0
28207.0
28229.0
28261.0
28461.0
28473.0
28483.0
28516.0
28828.0
28921.0
28937.0
28961.0
29036.0
29037.0
29052.0
29096.0
29134.0
29168.0
29384.0
29406.0
29432.0
29433.0
29452.0
29571.0
29596.0
29610.0
29760.0
29763.0
29788.0
29855.0
29993.0
30019.0
30062.0
30076.0
30092.0
30118.0
30149.0
30180.0
30271.0
30271.0
30372.0
30436.0
30469.0
30523.0
30535.0
30579.0
30634.0
30638.0
30698.0
30703.0
30716.0
30724.0
30742.0
30810.0
30810.0
30924.0
30996.0
31005.0
31049.0
31065.0
31093.0
31114.0
31128.0
31175.0
31181.0
31237.0
31305.0
31318.0
31327.0
31351.0
31355.0
31373.0
31406.0
31413.0
31439.0
31490.0
31495.0
31585.0
31601.0
31602.0
31608.0
31616.0
31619.0
31630.0
31707.0
31707.0
31708.0
31717.0
31821.0
31849.0
31856.0
31859.0
31884.0
31998.0
32015.0
32033.0
32064.0
32088.0
32097.0
32106.0
32120.0
32122.0
32124.0
32140.0
32210.0
32229.0
32261.0
32272.0
32289.0
32302.0
32316.0
32347.0
32351.0
32366.0
32392.0
32401.0
32414.0
32430.0
32471.0
32475.0
32489.0
32528.0
32570.0
32590.0
32594.0
32606.0
32611.0
32614.0
32615.0
32634.0
32718.0
32806.0
32806.0
32824.0
32830.0
32833.0
32835.0
32842.0
32848.0
32878.0
32881.0
32883.0
32894.0
32895.0
32899.0
32927.0
32934.0
32946.0
32955.0
32968.0
32991.0
33038.0
33067.0
33070.0
33081.0
33082.0
33089.0
33109.0
33153.0
33190.0
33221.0
33245.0
33263.0
33294.0
33299.0
33307.0
33324.0
33332.0
33341.0
33347.0
33362.0
33365.0
33366.0
33377.0
33387.0
33418.0
33456.0
33479.0
33487.0
33553.0
33564.0
33569.0
33574.0
33585.0
33596.0
33624.0
33657.0
33658.0
33711.0
33717.0
33762.0
33767.0
33771.0
33789.0
33823.0
33851.0
33887.0
33910.0
33914.0
33929.0
33953.0
33971.0
33994.0
34018.0
34025.0
34027.0
34035.0
34047.0
34064.0
34069.0
34077.0
34093.0
34122.0
34126.0
34127.0
34128.0
34130.0
34170.0
34207.0
34246.0
34246.0
34246.0
34250.0
34252.0
34253.0
34276.0
34280.0
34284.0
34287.0
34298.0
34307.0
34309.0
34340.0
34358.0
34371.0
34399.0
34402.0
34403.0
34447.0
34458.0
34465.0
34476.0
34492.0
34499.0
34525.0
34528.0
34536.0
34559.0
34606.0
34609.0
34628.0
34644.0
34655.0
34660.0
34678.0
34696.0
34704.0
34708.0
34712.0
34722.0
34723.0
34727.0
34733.0
34748.0
34748.0
34783.0
34783.0
34787.0
34789.0
34791.0
34792.0
34797.0
34798.0
34853.0
34857.0
34885.0
34887.0
34931.0
34935.0
34936.0
34953.0
34960.0
34961.0
34968.0
35004.0
35036.0
35041.0
35056.0
35065.0
35067.0
35080.0
35086.0
35102.0
35104.0
35122.0
35169.0
35207.0
35226.0
35231.0
35235.0
35236.0
35248.0
35276.0
35278.0
35313.0
35364.0
35368.0
35396.0
35409.0
35423.0
35448.0
35452.0
35470.0
35491.0
35509.0
35539.0
35540.0
35543.0
35546.0
35551.0
35571.0
35594.0
35622.0
35631.0
35657.0
35667.0
35682.0
35710.0
35725.0
35743.0
35758.0
35761.0
35765.0
35791.0
35799.0
35802.0
35803.0
35850.0
35875.0
35880.0
35922.0
35937.0
35947.0
35947.0
35998.0
36028.0
36031.0
36037.0
36048.0
36053.0
36057.0
36059.0
36072.0
36098.0
36109.0
36111.0
36150.0
36159.0
36190.0
36199.0
36200.0
36201.0
36211.0
36213.0
36214.0
36230.0
36234.0
36237.0
36254.0
36254.0
36262.0
36291.0
36320.0
36366.0
36397.0
36404.0
36421.0
36424.0
36441.0
36449.0
36451.0
36469.0
36497.0
36513.0
36527.0
36583.0
36626.0
36626.0
36653.0
36657.0
36664.0
36675.0
36692.0
36692.0
36693.0
36695.0
36698.0
36722.0
36733.0
36737.0
36737.0
36772.0
36773.0
36781.0
36792.0
36809.0
36819.0
36819.0
36836.0
36857.0
36891.0
36900.0
36901.0
36929.0
36989.0
37008.0
37046.0
37057.0
37076.0
37076.0
37114.0
37130.0
37152.0
37179.0
37187.0
37208.0
37221.0
37230.0
37252.0
37261.0
37278.0
37291.0
37309.0
37317.0
37331.0
37340.0
37356.0
37368.0
37373.0
37391.0
37396.0
37403.0
37427.0
37447.0
37458.0
37498.0
37530.0
37568.0
37569.0
37571.0
37579.0
37580.0
37586.0
37598.0
37615.0
37616.0
37618.0
37632.0
37661.0
37662.0
37674.0
37680.0
37697.0
37711.0
37714.0
37731.0
37738.0
37769.0
37783.0
37788.0
37811.0
37813.0
37813.0
37842.0
37845.0
37847.0
37850.0
37858.0
37867.0
37868.0
37870.0
37887.0
37898.0
37902.0
37915.0
37947.0
37948.0
37979.0
37986.0
38002.0
38018.0
38027.0
38037.0
38046.0
38048.0
38050.0
38056.0
38061.0
38069.0
38103.0
38124.0
38141.0
38145.0
38149.0
38156.0
38160.0
38214.0
38229.0
38249.0
38320.0
38347.0
38379.0
38398.0
38411.0
38412.0
38428.0
38431.0
38456.0
38460.0
38492.0
38509.0
38526.0
38543.0
38548.0
38556.0
38565.0
38575.0
38592.0
38593.0
38605.0
38622.0
38660.0
38675.0
38687.0
38689.0
38690.0
38701.0
38741.0
38803.0
38811.0
38827.0
38835.0
38869.0
38876.0
38883.0
38888.0
38892.0
38901.0
38905.0
38907.0
38907.0
38908.0
38946.0
38953.0
38956.0
38958.0
38992.0
39001.0
39071.0
39102.0
39122.0
39133.0
39168.0
39170.0
39211.0
39217.0
39240.0
39255.0
39265.0
39269.0
39276.0
39291.0
39294.0
39295.0
39316.0
39322.0
39331.0
39356.0
39363.0
39376.0
39385.0
39387.0
39419.0
39435.0
39436.0
39443.0
39459.0
39510.0
39520.0
39522.0
39527.0
39554.0
39560.0
39582.0
39593.0
39597.0
39600.0
39601.0
39605.0
39608.0
39614.0
39615.0
39625.0
39657.0
39749.0
39770.0
39776.0
39786.0
39795.0
39796.0
39802.0
39808.0
39822.0
39848.0
39855.0
39860.0
39878.0
39934.0
39955.0
39958.0
39961.0
39968.0
39977.0
39996.0
40024.0
40033.0
40058.0
40061.0
40098.0
40103.0
40103.0
40119.0
40141.0
40141.0
40161.0
40163.0
40163.0
40165.0
40204.0
40219.0
40232.0
40249.0
40256.0
40266.0
40359.0
40367.0
40384.0
40425.0
40495.0
40578.0
40582.0
40586.0
40592.0
40612.0
40612.0
40612.0
40626.0
40653.0
40657.0
40673.0
40679.0
40687.0
40756.0
40772.0
40841.0
40896.0
40910.0
40920.0
40965.0
40974.0
40978.0
40980.0
40985.0
40994.0
41038.0
41043.0
41090.0
41094.0
41109.0
41120.0
41122.0
41124.0
41134.0
41149.0
41170.0
41178.0
41185.0
41211.0
41229.0
41253.0
41268.0
41283.0
41310.0
41334.0
41376.0
41402.0
41408.0
41420.0
41440.0
41469.0
41489.0
41567.0
41568.0
41574.0
41611.0
41661.0
41680.0
41696.0
41732.0
41763.0
41794.0
41838.0
41847.0
41891.0
41916.0
41928.0
41937.0
42025.0
42032.0
42057.0
42082.0
42087.0
42143.0
42181.0
42188.0
42192.0
42194.0
42247.0
42258.0
42308.0
42317.0
42336.0
42366.0
42388.0
42393.0
42410.0
42440.0
42444.0
42465.0
42503.0
42507.0
42521.0
42563.0
42576.0
42582.0
42595.0
42597.0
42633.0
42647.0
42653.0
42669.0
42674.0
42680.0
42735.0
42754.0
42774.0
42775.0
42782.0
42803.0
42804.0
42806.0
42867.0
42905.0
42910.0
42915.0
42934.0
42956.0
42959.0
42970.0
42996.0
43168.0
43182.0
43211.0
43263.0
43498.0
43570.0
43617.0
43646.0
43651.0
43711.0
43824.0
43839.0
43868.0
43874.0
43876.0
43903.0
43905.0
43924.0
43944.0
43999.0
44016.0
44020.0
44047.0
44154.0
44215.0
44226.0
44291.0
44326.0
44411.0
44596.0
44597.0
44638.0
44848.0
44851.0
44936.0
45029.0
45102.0
45285.0
45306.0
45404.0
45517.0
45579.0
45603.0
45742.0
45772.0
45834.0
45853.0
46003.0
46016.0
46040.0
46073.0
46141.0
46200.0
46253.0
46334.0
46350.0
46437.0
46576.0
46582.0
46601.0
46680.0
46690.0
46737.0
46810.0
46952.0
47014.0
47089.0
47109.0
47210.0
47447.0
47549.0
48230.0
48785.0
49524.0
49683.0
50252.0
51856.0
52381.0
52439.0
54463.0
57767.0
