#T=0 quenches for random K-SAT
#N=409600  alpha=3.98  maxIter=2000000   NSamples=661
#av(t)	127028.8502269289
#av(log(t))	11.691608881511343
#std(log(t))	0.01309082594975605
48610.0
56460.0
57185.0
58360.0
58554.0
60660.0
62180.0
62412.0
63577.0
64137.0
64393.0
66020.0
67203.0
67568.0
67735.0
68192.0
68321.0
68358.0
69202.0
69306.0
69392.0
70898.0
71797.0
72332.0
72673.0
72758.0
73228.0
73635.0
73784.0
73799.0
73844.0
73947.0
73950.0
74143.0
74191.0
74451.0
74588.0
74723.0
74862.0
74900.0
74967.0
75001.0
75536.0
75634.0
75668.0
75672.0
75779.0
76137.0
76181.0
76289.0
76387.0
76649.0
77099.0
77714.0
77716.0
78078.0
78229.0
78666.0
78861.0
79351.0
79520.0
80123.0
80271.0
80485.0
80509.0
80837.0
81351.0
81407.0
81579.0
81589.0
81711.0
81858.0
81929.0
82192.0
82291.0
82416.0
82518.0
82590.0
82623.0
82859.0
82924.0
82927.0
83197.0
83342.0
83762.0
83772.0
83906.0
84042.0
84266.0
84702.0
84723.0
84819.0
84832.0
85103.0
85179.0
85180.0
85355.0
85442.0
85464.0
85573.0
85881.0
85918.0
85956.0
86168.0
86358.0
86368.0
86422.0
86641.0
86703.0
86857.0
86961.0
87002.0
87047.0
87105.0
87702.0
87796.0
87988.0
88038.0
88082.0
88117.0
88191.0
88513.0
88651.0
88929.0
89172.0
89239.0
89461.0
89616.0
89707.0
89796.0
89877.0
89932.0
89951.0
89957.0
89999.0
90170.0
90229.0
90622.0
90678.0
90735.0
90823.0
90855.0
90995.0
91077.0
91233.0
91772.0
92060.0
92083.0
92170.0
92384.0
92399.0
92463.0
92516.0
92520.0
92616.0
92769.0
92883.0
93006.0
93067.0
93110.0
93725.0
93814.0
93851.0
93875.0
93982.0
94012.0
94243.0
94317.0
94335.0
94412.0
94425.0
94790.0
95021.0
95347.0
95449.0
95476.0
95735.0
95744.0
95781.0
95936.0
95950.0
96031.0
96062.0
96203.0
96222.0
96231.0
96276.0
96296.0
96518.0
96688.0
96700.0
97105.0
97183.0
97389.0
97651.0
98039.0
98109.0
98194.0
98244.0
98279.0
98290.0
98313.0
98393.0
98663.0
98893.0
98995.0
99001.0
99005.0
99207.0
99279.0
99343.0
99500.0
99521.0
99799.0
99979.0
100043.0
100052.0
100487.0
100541.0
100695.0
100710.0
101023.0
101472.0
101502.0
101553.0
101572.0
101584.0
101604.0
101759.0
101785.0
101796.0
101837.0
101960.0
102202.0
102209.0
102368.0
102469.0
102469.0
102527.0
102634.0
102711.0
102770.0
102865.0
103107.0
103154.0
103210.0
103393.0
103532.0
103560.0
103802.0
103897.0
103940.0
104055.0
104326.0
104446.0
104459.0
104482.0
104534.0
104693.0
104716.0
105052.0
105106.0
105169.0
105176.0
105359.0
105712.0
105730.0
105879.0
106368.0
106485.0
106501.0
106596.0
106699.0
106866.0
106983.0
107004.0
107019.0
107044.0
107056.0
107090.0
107383.0
107578.0
107586.0
107689.0
107908.0
107946.0
108137.0
108333.0
108371.0
108572.0
108810.0
109122.0
109133.0
109601.0
109610.0
109619.0
109702.0
109755.0
109878.0
109903.0
109932.0
110029.0
110189.0
110588.0
110638.0
110646.0
110819.0
110841.0
111120.0
111327.0
111569.0
111629.0
112011.0
112209.0
112291.0
112595.0
112718.0
112955.0
112966.0
113106.0
113535.0
113633.0
113720.0
114073.0
114139.0
114189.0
114411.0
114687.0
114719.0
114936.0
114945.0
115178.0
115201.0
115210.0
115301.0
115678.0
116238.0
116250.0
116272.0
116311.0
116360.0
116425.0
116538.0
116637.0
116953.0
117218.0
117259.0
117505.0
117606.0
117628.0
117670.0
117714.0
117871.0
118139.0
118612.0
118661.0
118666.0
118704.0
118910.0
118917.0
119018.0
119539.0
119646.0
119695.0
119786.0
119807.0
119996.0
120295.0
120344.0
121026.0
121078.0
121145.0
121198.0
121284.0
121817.0
121881.0
121939.0
122136.0
122195.0
122283.0
122426.0
122557.0
122707.0
123258.0
123483.0
123884.0
124098.0
124226.0
124373.0
124375.0
124379.0
124402.0
124532.0
124619.0
124834.0
125029.0
125058.0
125204.0
125363.0
125424.0
125587.0
125654.0
126107.0
126779.0
126970.0
127446.0
127590.0
127963.0
127985.0
128297.0
128794.0
128841.0
129787.0
130189.0
130217.0
130402.0
130821.0
131220.0
131602.0
131872.0
131969.0
132171.0
132582.0
132593.0
132624.0
132795.0
133070.0
133130.0
133212.0
133220.0
133235.0
133442.0
133465.0
133535.0
133581.0
133802.0
133882.0
133936.0
134020.0
135126.0
135340.0
135442.0
135560.0
135738.0
135762.0
136079.0
136109.0
136175.0
136204.0
136360.0
136369.0
136548.0
136612.0
136838.0
137094.0
137184.0
137398.0
137831.0
137938.0
138269.0
138606.0
138918.0
139058.0
139181.0
139463.0
139594.0
140190.0
140621.0
140796.0
140838.0
140962.0
141125.0
141211.0
141220.0
141251.0
141499.0
141517.0
141844.0
142230.0
142773.0
143002.0
143163.0
143207.0
143288.0
144037.0
144214.0
144765.0
144924.0
145168.0
145188.0
145432.0
145452.0
145529.0
146310.0
146348.0
146750.0
147086.0
147574.0
147702.0
147743.0
147764.0
148104.0
148521.0
148884.0
149739.0
149830.0
150105.0
150615.0
150684.0
151015.0
151091.0
151530.0
151557.0
152587.0
153138.0
153843.0
153956.0
154236.0
155590.0
155642.0
155720.0
155752.0
156083.0
156486.0
156718.0
157088.0
157228.0
157605.0
157953.0
158165.0
158352.0
158870.0
159103.0
159214.0
159519.0
159873.0
159941.0
160497.0
161193.0
161840.0
161885.0
162415.0
162737.0
163213.0
163408.0
164081.0
164457.0
164654.0
166175.0
166644.0
167302.0
167901.0
168474.0
168932.0
169044.0
169455.0
170309.0
170762.0
170763.0
171206.0
171438.0
171704.0
171989.0
172112.0
172312.0
173188.0
173346.0
174124.0
174685.0
174873.0
174898.0
176534.0
177079.0
177628.0
177638.0
177829.0
177950.0
179114.0
179310.0
180139.0
180476.0
180795.0
181249.0
181561.0
182530.0
183182.0
183496.0
183773.0
184371.0
185026.0
185661.0
185917.0
186407.0
187381.0
187895.0
189771.0
189867.0
189922.0
190186.0
190460.0
191666.0
196071.0
196429.0
197166.0
197591.0
198587.0
199043.0
199356.0
199652.0
201801.0
201971.0
202008.0
204181.0
204846.0
205394.0
205951.0
205977.0
206716.0
206924.0
207553.0
210119.0
211014.0
212910.0
213273.0
213898.0
215151.0
215412.0
215570.0
216275.0
216392.0
217528.0
219980.0
224168.0
227420.0
228325.0
229411.0
229555.0
229567.0
231668.0
235776.0
236751.0
238143.0
238383.0
238685.0
240825.0
243044.0
250755.0
252852.0
254998.0
262994.0
263036.0
272949.0
274536.0
282530.0
282550.0
298894.0
303058.0
350430.0
373436.0
467741.0
476341.0
