#T=0 quenches for random K-SAT
#N=204800  alpha=8.7   NSamples=245
#av(t)	53516.99183673469
#av(log(t))	10.844837645295007
#std(log(t))	0.018132647003514295
27734.0
28680.0
28787.0
30814.0
30933.0
31077.0
31826.0
32724.0
32927.0
33035.0
33152.0
33172.0
33360.0
33509.0
33982.0
34017.0
34989.0
35300.0
35906.0
35997.0
36286.0
36312.0
36668.0
36847.0
36963.0
37251.0
37358.0
37739.0
37899.0
37910.0
37970.0
37978.0
38148.0
38204.0
38835.0
38899.0
38949.0
39146.0
39187.0
39214.0
39247.0
39524.0
39627.0
39791.0
39904.0
40007.0
40020.0
40113.0
40172.0
40410.0
40429.0
40460.0
40587.0
40975.0
41098.0
41180.0
41442.0
41447.0
41544.0
41800.0
42068.0
42156.0
42205.0
42306.0
42376.0
42463.0
42609.0
42712.0
43028.0
43295.0
43329.0
43413.0
43426.0
43611.0
43656.0
43677.0
43688.0
43993.0
44019.0
44025.0
44034.0
44053.0
44174.0
44653.0
44697.0
44704.0
45037.0
45091.0
45250.0
45359.0
45439.0
45707.0
45913.0
46000.0
46334.0
46402.0
46476.0
46697.0
46709.0
46742.0
46753.0
47253.0
47274.0
47399.0
47410.0
47483.0
47539.0
47649.0
47953.0
47991.0
48232.0
48320.0
48430.0
48433.0
48457.0
48586.0
48626.0
48656.0
48858.0
48883.0
49025.0
49132.0
49380.0
49733.0
49960.0
50103.0
50168.0
50282.0
50362.0
50960.0
51273.0
51682.0
51778.0
51938.0
52009.0
52211.0
52448.0
52571.0
52713.0
52874.0
52931.0
53027.0
53278.0
53314.0
53506.0
53548.0
53731.0
53815.0
53979.0
54047.0
54053.0
54101.0
54321.0
54617.0
54647.0
54742.0
54770.0
55048.0
55617.0
55631.0
55677.0
55892.0
55971.0
56040.0
56358.0
56576.0
56983.0
57207.0
57241.0
57471.0
57591.0
57756.0
57957.0
58031.0
58644.0
58861.0
59134.0
59232.0
59293.0
59347.0
59649.0
59797.0
59965.0
60635.0
60954.0
61092.0
61545.0
61892.0
61966.0
62443.0
62509.0
62953.0
63120.0
63381.0
63385.0
63480.0
64042.0
64149.0
64221.0
64641.0
64808.0
64993.0
66466.0
66570.0
66758.0
67369.0
67549.0
67770.0
67926.0
68184.0
68194.0
68228.0
68510.0
69928.0
70332.0
70366.0
70462.0
70703.0
72548.0
73641.0
74017.0
74099.0
75096.0
75876.0
76834.0
79174.0
79997.0
80344.0
81394.0
81960.0
82132.0
82720.0
86527.0
88360.0
89884.0
91331.0
94128.0
95535.0
95994.0
98078.0
103253.0
107328.0
115433.0
131730.0
147556.0
