#T=0 quenches for random K-SAT
#N=819200  alpha=8.65  maxIter=5000000   NSamples=750
#av(t)	22948.656
#av(log(t))	10.03437885319361
#std(log(t))	0.004195944904459029
16670.0
16821.0
16969.0
17454.0
17492.0
17567.0
17597.0
17628.0
17868.0
17869.0
17946.0
17986.0
18025.0
18029.0
18031.0
18096.0
18100.0
18201.0
18233.0
18339.0
18350.0
18392.0
18396.0
18415.0
18502.0
18570.0
18629.0
18714.0
18752.0
18773.0
18799.0
18852.0
18876.0
18884.0
18930.0
18932.0
18939.0
18941.0
18961.0
18978.0
19007.0
19029.0
19104.0
19125.0
19128.0
19202.0
19206.0
19208.0
19240.0
19248.0
19254.0
19279.0
19289.0
19306.0
19335.0
19401.0
19430.0
19462.0
19470.0
19512.0
19512.0
19521.0
19528.0
19535.0
19544.0
19544.0
19570.0
19593.0
19595.0
19597.0
19610.0
19635.0
19639.0
19645.0
19659.0
19660.0
19688.0
19705.0
19729.0
19730.0
19738.0
19755.0
19767.0
19771.0
19778.0
19824.0
19827.0
19845.0
19869.0
19875.0
19880.0
19889.0
19892.0
19899.0
19926.0
19936.0
19938.0
19946.0
19982.0
19988.0
20010.0
20010.0
20025.0
20027.0
20038.0
20048.0
20061.0
20065.0
20069.0
20108.0
20110.0
20122.0
20148.0
20166.0
20171.0
20200.0
20206.0
20219.0
20240.0
20241.0
20265.0
20300.0
20301.0
20304.0
20321.0
20324.0
20365.0
20372.0
20387.0
20395.0
20410.0
20430.0
20467.0
20473.0
20490.0
20505.0
20511.0
20520.0
20521.0
20545.0
20548.0
20548.0
20570.0
20572.0
20606.0
20633.0
20649.0
20656.0
20666.0
20675.0
20686.0
20690.0
20703.0
20708.0
20735.0
20737.0
20740.0
20750.0
20778.0
20780.0
20786.0
20789.0
20800.0
20868.0
20876.0
20879.0
20928.0
20936.0
20940.0
20943.0
20953.0
20966.0
20976.0
20981.0
20982.0
21001.0
21011.0
21015.0
21016.0
21018.0
21030.0
21033.0
21050.0
21053.0
21053.0
21059.0
21061.0
21064.0
21073.0
21075.0
21080.0
21088.0
21091.0
21103.0
21122.0
21135.0
21140.0
21170.0
21175.0
21185.0
21194.0
21200.0
21201.0
21205.0
21244.0
21254.0
21256.0
21264.0
21285.0
21287.0
21306.0
21310.0
21316.0
21318.0
21324.0
21326.0
21329.0
21335.0
21337.0
21342.0
21343.0
21344.0
21355.0
21378.0
21379.0
21384.0
21386.0
21391.0
21397.0
21426.0
21450.0
21472.0
21486.0
21489.0
21501.0
21502.0
21507.0
21526.0
21530.0
21532.0
21533.0
21534.0
21540.0
21541.0
21569.0
21596.0
21624.0
21628.0
21656.0
21675.0
21697.0
21702.0
21704.0
21725.0
21774.0
21783.0
21794.0
21798.0
21825.0
21833.0
21834.0
21849.0
21850.0
21856.0
21882.0
21888.0
21895.0
21897.0
21899.0
21906.0
21907.0
21908.0
21921.0
21925.0
21930.0
21933.0
21940.0
21951.0
21953.0
21968.0
21968.0
21970.0
21971.0
21979.0
21993.0
22001.0
22003.0
22003.0
22003.0
22004.0
22015.0
22016.0
22023.0
22031.0
22032.0
22044.0
22046.0
22050.0
22056.0
22078.0
22091.0
22099.0
22106.0
22112.0
22112.0
22122.0
22123.0
22125.0
22142.0
22154.0
22160.0
22166.0
22172.0
22176.0
22183.0
22192.0
22192.0
22214.0
22220.0
22230.0
22236.0
22240.0
22243.0
22246.0
22268.0
22281.0
22287.0
22301.0
22315.0
22322.0
22355.0
22372.0
22379.0
22395.0
22405.0
22412.0
22421.0
22457.0
22462.0
22471.0
22484.0
22488.0
22500.0
22516.0
22518.0
22540.0
22550.0
22560.0
22562.0
22575.0
22576.0
22580.0
22606.0
22607.0
22623.0
22624.0
22627.0
22633.0
22659.0
22659.0
22663.0
22666.0
22675.0
22680.0
22684.0
22692.0
22703.0
22720.0
22728.0
22736.0
22748.0
22749.0
22755.0
22762.0
22789.0
22800.0
22805.0
22810.0
22825.0
22837.0
22839.0
22841.0
22843.0
22851.0
22852.0
22857.0
22866.0
22879.0
22886.0
22905.0
22905.0
22924.0
22950.0
22972.0
22978.0
22980.0
22982.0
22988.0
23007.0
23028.0
23032.0
23051.0
23056.0
23060.0
23061.0
23062.0
23065.0
23073.0
23075.0
23080.0
23080.0
23109.0
23117.0
23117.0
23117.0
23118.0
23119.0
23120.0
23124.0
23131.0
23138.0
23186.0
23192.0
23207.0
23214.0
23218.0
23240.0
23243.0
23291.0
23302.0
23305.0
23318.0
23323.0
23340.0
23347.0
23351.0
23351.0
23353.0
23360.0
23364.0
23374.0
23386.0
23391.0
23392.0
23395.0
23400.0
23410.0
23412.0
23426.0
23429.0
23431.0
23433.0
23434.0
23444.0
23456.0
23470.0
23472.0
23475.0
23477.0
23483.0
23485.0
23505.0
23507.0
23516.0
23522.0
23529.0
23531.0
23536.0
23537.0
23546.0
23558.0
23564.0
23575.0
23579.0
23582.0
23590.0
23595.0
23618.0
23626.0
23627.0
23636.0
23648.0
23656.0
23661.0
23662.0
23682.0
23685.0
23696.0
23699.0
23711.0
23713.0
23722.0
23736.0
23757.0
23757.0
23758.0
23793.0
23803.0
23813.0
23817.0
23821.0
23846.0
23850.0
23852.0
23860.0
23877.0
23895.0
23901.0
23915.0
23917.0
23918.0
23946.0
23952.0
23953.0
23961.0
23972.0
23978.0
23996.0
24003.0
24004.0
24017.0
24023.0
24033.0
24048.0
24059.0
24061.0
24066.0
24077.0
24122.0
24132.0
24134.0
24136.0
24173.0
24175.0
24206.0
24209.0
24225.0
24226.0
24262.0
24284.0
24308.0
24317.0
24338.0
24345.0
24350.0
24367.0
24378.0
24381.0
24385.0
24388.0
24394.0
24401.0
24405.0
24411.0
24429.0
24431.0
24433.0
24488.0
24508.0
24528.0
24537.0
24546.0
24549.0
24551.0
24551.0
24565.0
24569.0
24575.0
24579.0
24614.0
24616.0
24645.0
24656.0
24663.0
24667.0
24667.0
24669.0
24673.0
24700.0
24740.0
24750.0
24765.0
24784.0
24791.0
24795.0
24814.0
24815.0
24818.0
24830.0
24845.0
24865.0
24938.0
24940.0
24956.0
24991.0
25016.0
25050.0
25061.0
25083.0
25094.0
25113.0
25114.0
25120.0
25122.0
25125.0
25128.0
25134.0
25135.0
25161.0
25191.0
25209.0
25220.0
25224.0
25231.0
25261.0
25266.0
25267.0
25274.0
25293.0
25352.0
25364.0
25391.0
25406.0
25474.0
25480.0
25482.0
25485.0
25490.0
25504.0
25528.0
25536.0
25585.0
25594.0
25603.0
25619.0
25636.0
25648.0
25658.0
25713.0
25761.0
25804.0
25810.0
25828.0
25866.0
25878.0
25888.0
25899.0
25926.0
25930.0
25943.0
25956.0
25965.0
26000.0
26021.0
26026.0
26099.0
26102.0
26120.0
26125.0
26147.0
26181.0
26319.0
26332.0
26345.0
26375.0
26399.0
26467.0
26469.0
26498.0
26502.0
26549.0
26550.0
26603.0
26611.0
26618.0
26660.0
26669.0
26675.0
26701.0
26707.0
26709.0
26710.0
26842.0
26855.0
26877.0
26887.0
26942.0
26960.0
26960.0
26982.0
26983.0
27003.0
27027.0
27070.0
27088.0
27092.0
27128.0
27133.0
27233.0
27268.0
27273.0
27306.0
27337.0
27337.0
27394.0
27435.0
27448.0
27510.0
27656.0
27666.0
27712.0
27761.0
27793.0
27806.0
27809.0
28016.0
28044.0
28168.0
28169.0
28253.0
28302.0
28312.0
28336.0
28342.0
28348.0
28358.0
28480.0
28480.0
28487.0
28526.0
28589.0
28689.0
28715.0
29053.0
29066.0
29106.0
29177.0
29213.0
29301.0
29567.0
29737.0
29834.0
30294.0
30445.0
30460.0
31091.0
31126.0
31382.0
31463.0
32520.0
