#T=0 quenches for random K-SAT
#N=1638400  alpha=8.68  maxIter=5000000   NSamples=198
#av(t)	38158.656565656565
#av(log(t))	10.545777126082728
#std(log(t))	0.006098235193630971
30780.0
31886.0
31947.0
32147.0
32665.0
33269.0
33452.0
33473.0
33488.0
33507.0
33528.0
33528.0
33531.0
33592.0
33595.0
33742.0
33881.0
34041.0
34046.0
34256.0
34281.0
34319.0
34343.0
34377.0
34379.0
34400.0
34529.0
34543.0
34625.0
34674.0
34785.0
35022.0
35047.0
35274.0
35277.0
35298.0
35364.0
35398.0
35412.0
35589.0
35665.0
35743.0
35752.0
35833.0
35845.0
35983.0
35983.0
36021.0
36083.0
36091.0
36115.0
36197.0
36203.0
36234.0
36279.0
36304.0
36306.0
36317.0
36324.0
36353.0
36383.0
36408.0
36450.0
36567.0
36578.0
36587.0
36597.0
36601.0
36615.0
36705.0
36716.0
36755.0
36763.0
36798.0
36799.0
36806.0
36816.0
36818.0
36857.0
36886.0
36915.0
36988.0
37029.0
37110.0
37114.0
37125.0
37157.0
37252.0
37261.0
37287.0
37326.0
37330.0
37340.0
37375.0
37379.0
37406.0
37416.0
37480.0
37487.0
37540.0
37540.0
37558.0
37572.0
37582.0
37696.0
37749.0
37761.0
37764.0
37856.0
37933.0
37955.0
37983.0
38072.0
38144.0
38165.0
38185.0
38240.0
38294.0
38400.0
38450.0
38456.0
38458.0
38488.0
38532.0
38563.0
38726.0
38789.0
38846.0
38852.0
38969.0
39027.0
39082.0
39222.0
39265.0
39304.0
39312.0
39320.0
39354.0
39447.0
39505.0
39529.0
39544.0
39698.0
39740.0
39742.0
39848.0
39929.0
40061.0
40326.0
40355.0
40363.0
40419.0
40504.0
40554.0
40558.0
40603.0
40725.0
40728.0
40735.0
40790.0
40828.0
40959.0
41019.0
41048.0
41065.0
41162.0
41183.0
41397.0
41447.0
41648.0
41765.0
41839.0
42066.0
42154.0
42557.0
42671.0
42683.0
42869.0
42926.0
43102.0
43169.0
43502.0
44154.0
44198.0
44386.0
44435.0
44501.0
44544.0
44595.0
44807.0
44868.0
44947.0
45116.0
45469.0
45842.0
46801.0
47691.0
51091.0
