#T=0 quenches for random K-SAT
#N=204800  alpha=8.6   NSamples=1387
#av(t)	10712.273251622206
#av(log(t))	9.26313598732067
#std(log(t))	0.004791040963629216
6612.0
6617.0
6845.0
6902.0
6967.0
7008.0
7068.0
7077.0
7118.0
7126.0
7163.0
7164.0
7202.0
7207.0
7209.0
7273.0
7333.0
7337.0
7358.0
7359.0
7363.0
7397.0
7421.0
7497.0
7519.0
7554.0
7568.0
7572.0
7577.0
7579.0
7580.0
7586.0
7589.0
7591.0
7594.0
7600.0
7604.0
7608.0
7611.0
7626.0
7630.0
7639.0
7642.0
7650.0
7651.0
7665.0
7668.0
7670.0
7678.0
7682.0
7685.0
7687.0
7696.0
7697.0
7699.0
7702.0
7702.0
7710.0
7730.0
7750.0
7753.0
7756.0
7757.0
7759.0
7759.0
7768.0
7781.0
7787.0
7791.0
7794.0
7798.0
7813.0
7816.0
7828.0
7830.0
7830.0
7835.0
7839.0
7843.0
7847.0
7861.0
7872.0
7879.0
7890.0
7906.0
7917.0
7920.0
7921.0
7926.0
7928.0
7929.0
7940.0
7976.0
7980.0
7983.0
7993.0
7995.0
7998.0
7999.0
8000.0
8009.0
8010.0
8026.0
8027.0
8029.0
8034.0
8036.0
8037.0
8041.0
8054.0
8061.0
8062.0
8063.0
8065.0
8085.0
8117.0
8118.0
8126.0
8127.0
8139.0
8153.0
8159.0
8169.0
8170.0
8171.0
8172.0
8183.0
8186.0
8192.0
8193.0
8193.0
8194.0
8194.0
8221.0
8226.0
8231.0
8238.0
8254.0
8254.0
8266.0
8272.0
8273.0
8277.0
8277.0
8296.0
8306.0
8359.0
8362.0
8364.0
8366.0
8372.0
8373.0
8380.0
8390.0
8393.0
8401.0
8420.0
8432.0
8441.0
8463.0
8472.0
8477.0
8484.0
8484.0
8485.0
8487.0
8493.0
8494.0
8496.0
8501.0
8504.0
8506.0
8515.0
8531.0
8532.0
8553.0
8557.0
8560.0
8561.0
8566.0
8573.0
8577.0
8579.0
8584.0
8624.0
8633.0
8635.0
8638.0
8644.0
8648.0
8654.0
8668.0
8672.0
8674.0
8678.0
8681.0
8687.0
8689.0
8692.0
8695.0
8699.0
8701.0
8702.0
8708.0
8721.0
8721.0
8724.0
8726.0
8731.0
8733.0
8751.0
8754.0
8758.0
8759.0
8759.0
8763.0
8776.0
8782.0
8798.0
8804.0
8809.0
8812.0
8816.0
8818.0
8823.0
8824.0
8835.0
8841.0
8844.0
8853.0
8853.0
8860.0
8869.0
8888.0
8892.0
8893.0
8899.0
8900.0
8904.0
8909.0
8919.0
8920.0
8923.0
8925.0
8925.0
8933.0
8934.0
8934.0
8940.0
8942.0
8944.0
8944.0
8952.0
8954.0
8956.0
8960.0
8963.0
8977.0
8977.0
8992.0
9004.0
9008.0
9017.0
9020.0
9023.0
9023.0
9025.0
9030.0
9032.0
9036.0
9038.0
9045.0
9054.0
9061.0
9061.0
9074.0
9074.0
9075.0
9077.0
9083.0
9089.0
9098.0
9098.0
9100.0
9106.0
9108.0
9116.0
9119.0
9129.0
9130.0
9140.0
9143.0
9144.0
9145.0
9157.0
9158.0
9162.0
9170.0
9174.0
9175.0
9175.0
9192.0
9195.0
9196.0
9202.0
9206.0
9207.0
9209.0
9218.0
9221.0
9224.0
9234.0
9234.0
9235.0
9236.0
9238.0
9242.0
9249.0
9253.0
9259.0
9259.0
9260.0
9262.0
9266.0
9268.0
9276.0
9277.0
9279.0
9279.0
9284.0
9287.0
9295.0
9302.0
9308.0
9309.0
9318.0
9320.0
9329.0
9334.0
9336.0
9337.0
9338.0
9343.0
9344.0
9352.0
9354.0
9355.0
9355.0
9362.0
9362.0
9364.0
9365.0
9369.0
9378.0
9380.0
9385.0
9392.0
9394.0
9400.0
9402.0
9406.0
9410.0
9418.0
9422.0
9423.0
9429.0
9431.0
9433.0
9438.0
9440.0
9441.0
9444.0
9447.0
9447.0
9451.0
9451.0
9455.0
9457.0
9469.0
9469.0
9473.0
9476.0
9478.0
9479.0
9480.0
9480.0
9482.0
9495.0
9506.0
9509.0
9510.0
9511.0
9513.0
9516.0
9524.0
9524.0
9531.0
9535.0
9535.0
9538.0
9540.0
9552.0
9560.0
9561.0
9562.0
9564.0
9564.0
9565.0
9566.0
9567.0
9575.0
9576.0
9578.0
9579.0
9587.0
9588.0
9591.0
9596.0
9600.0
9603.0
9608.0
9608.0
9610.0
9613.0
9617.0
9618.0
9624.0
9625.0
9627.0
9627.0
9633.0
9634.0
9635.0
9640.0
9645.0
9651.0
9654.0
9660.0
9663.0
9663.0
9668.0
9669.0
9669.0
9670.0
9670.0
9675.0
9677.0
9681.0
9682.0
9683.0
9683.0
9684.0
9684.0
9696.0
9700.0
9702.0
9703.0
9703.0
9703.0
9706.0
9708.0
9708.0
9710.0
9714.0
9716.0
9717.0
9719.0
9720.0
9722.0
9723.0
9727.0
9730.0
9731.0
9734.0
9737.0
9737.0
9739.0
9744.0
9748.0
9751.0
9752.0
9756.0
9756.0
9761.0
9764.0
9774.0
9778.0
9782.0
9787.0
9789.0
9791.0
9796.0
9801.0
9804.0
9804.0
9806.0
9811.0
9813.0
9817.0
9823.0
9824.0
9830.0
9834.0
9840.0
9840.0
9844.0
9847.0
9848.0
9853.0
9860.0
9862.0
9865.0
9866.0
9866.0
9867.0
9870.0
9870.0
9883.0
9883.0
9884.0
9886.0
9902.0
9905.0
9915.0
9925.0
9925.0
9928.0
9928.0
9936.0
9946.0
9962.0
9971.0
9993.0
9998.0
10005.0
10009.0
10009.0
10010.0
10018.0
10021.0
10024.0
10035.0
10035.0
10035.0
10036.0
10038.0
10039.0
10040.0
10055.0
10055.0
10061.0
10071.0
10075.0
10076.0
10081.0
10081.0
10082.0
10082.0
10082.0
10087.0
10091.0
10095.0
10096.0
10096.0
10097.0
10099.0
10102.0
10103.0
10104.0
10110.0
10113.0
10118.0
10119.0
10119.0
10122.0
10124.0
10131.0
10131.0
10138.0
10138.0
10140.0
10142.0
10143.0
10147.0
10148.0
10159.0
10160.0
10160.0
10167.0
10167.0
10169.0
10171.0
10171.0
10171.0
10173.0
10178.0
10179.0
10179.0
10180.0
10181.0
10183.0
10183.0
10184.0
10196.0
10201.0
10203.0
10209.0
10210.0
10210.0
10213.0
10221.0
10222.0
10225.0
10227.0
10237.0
10240.0
10240.0
10246.0
10248.0
10251.0
10255.0
10256.0
10261.0
10264.0
10264.0
10267.0
10276.0
10276.0
10286.0
10289.0
10296.0
10297.0
10297.0
10306.0
10309.0
10310.0
10314.0
10316.0
10318.0
10319.0
10319.0
10326.0
10329.0
10329.0
10333.0
10335.0
10336.0
10338.0
10343.0
10345.0
10346.0
10346.0
10347.0
10347.0
10352.0
10357.0
10362.0
10366.0
10369.0
10375.0
10380.0
10380.0
10383.0
10383.0
10384.0
10403.0
10410.0
10411.0
10415.0
10425.0
10426.0
10427.0
10430.0
10430.0
10431.0
10434.0
10435.0
10436.0
10439.0
10447.0
10453.0
10457.0
10457.0
10457.0
10459.0
10461.0
10466.0
10471.0
10472.0
10477.0
10478.0
10478.0
10479.0
10485.0
10485.0
10487.0
10509.0
10510.0
10510.0
10514.0
10516.0
10519.0
10523.0
10524.0
10525.0
10528.0
10537.0
10541.0
10544.0
10547.0
10549.0
10554.0
10558.0
10560.0
10561.0
10562.0
10575.0
10576.0
10581.0
10581.0
10592.0
10595.0
10599.0
10603.0
10605.0
10609.0
10612.0
10617.0
10618.0
10623.0
10624.0
10626.0
10631.0
10637.0
10643.0
10644.0
10645.0
10646.0
10652.0
10655.0
10656.0
10656.0
10663.0
10667.0
10671.0
10675.0
10688.0
10695.0
10696.0
10698.0
10704.0
10704.0
10717.0
10719.0
10723.0
10725.0
10728.0
10731.0
10743.0
10745.0
10747.0
10755.0
10757.0
10760.0
10761.0
10767.0
10768.0
10770.0
10770.0
10770.0
10772.0
10776.0
10777.0
10779.0
10784.0
10787.0
10794.0
10794.0
10796.0
10798.0
10798.0
10799.0
10802.0
10803.0
10807.0
10810.0
10818.0
10821.0
10826.0
10832.0
10834.0
10835.0
10837.0
10844.0
10845.0
10845.0
10850.0
10856.0
10857.0
10858.0
10867.0
10873.0
10879.0
10891.0
10902.0
10907.0
10910.0
10911.0
10918.0
10926.0
10928.0
10930.0
10932.0
10935.0
10951.0
10952.0
10957.0
10961.0
10962.0
10964.0
10972.0
10975.0
10979.0
10980.0
10981.0
10985.0
10995.0
10995.0
11004.0
11014.0
11017.0
11017.0
11017.0
11021.0
11026.0
11028.0
11032.0
11033.0
11038.0
11042.0
11047.0
11058.0
11061.0
11066.0
11066.0
11068.0
11080.0
11083.0
11086.0
11088.0
11095.0
11104.0
11105.0
11109.0
11111.0
11120.0
11122.0
11128.0
11129.0
11132.0
11134.0
11135.0
11142.0
11142.0
11144.0
11145.0
11147.0
11152.0
11155.0
11155.0
11175.0
11190.0
11196.0
11203.0
11203.0
11208.0
11209.0
11216.0
11216.0
11220.0
11220.0
11224.0
11225.0
11230.0
11234.0
11240.0
11241.0
11241.0
11243.0
11255.0
11257.0
11257.0
11260.0
11264.0
11267.0
11270.0
11274.0
11279.0
11288.0
11290.0
11291.0
11298.0
11303.0
11309.0
11313.0
11313.0
11314.0
11316.0
11334.0
11340.0
11341.0
11344.0
11346.0
11349.0
11352.0
11354.0
11354.0
11355.0
11364.0
11366.0
11367.0
11367.0
11369.0
11369.0
11374.0
11375.0
11384.0
11384.0
11385.0
11402.0
11405.0
11407.0
11408.0
11410.0
11411.0
11416.0
11424.0
11426.0
11426.0
11429.0
11433.0
11434.0
11439.0
11445.0
11446.0
11449.0
11451.0
11459.0
11464.0
11468.0
11485.0
11487.0
11489.0
11490.0
11495.0
11495.0
11501.0
11503.0
11503.0
11505.0
11507.0
11522.0
11524.0
11525.0
11528.0
11538.0
11539.0
11539.0
11539.0
11543.0
11562.0
11565.0
11572.0
11576.0
11577.0
11589.0
11591.0
11594.0
11594.0
11596.0
11596.0
11597.0
11597.0
11603.0
11605.0
11612.0
11615.0
11616.0
11617.0
11619.0
11623.0
11626.0
11633.0
11638.0
11640.0
11647.0
11655.0
11659.0
11665.0
11675.0
11675.0
11685.0
11685.0
11687.0
11702.0
11704.0
11704.0
11712.0
11720.0
11732.0
11732.0
11736.0
11743.0
11744.0
11748.0
11753.0
11757.0
11767.0
11770.0
11776.0
11777.0
11778.0
11787.0
11806.0
11810.0
11817.0
11820.0
11828.0
11828.0
11832.0
11833.0
11843.0
11855.0
11856.0
11863.0
11872.0
11874.0
11878.0
11887.0
11890.0
11895.0
11897.0
11914.0
11915.0
11922.0
11928.0
11939.0
11948.0
11949.0
11949.0
11953.0
11959.0
11963.0
11963.0
11969.0
11969.0
11969.0
11972.0
11978.0
11983.0
11983.0
11993.0
12004.0
12016.0
12026.0
12028.0
12029.0
12031.0
12037.0
12041.0
12044.0
12046.0
12053.0
12066.0
12069.0
12088.0
12108.0
12129.0
12129.0
12129.0
12130.0
12131.0
12134.0
12135.0
12140.0
12142.0
12142.0
12156.0
12161.0
12162.0
12167.0
12168.0
12192.0
12193.0
12211.0
12215.0
12218.0
12219.0
12242.0
12242.0
12243.0
12244.0
12248.0
12250.0
12251.0
12251.0
12269.0
12270.0
12271.0
12273.0
12274.0
12275.0
12282.0
12282.0
12283.0
12291.0
12294.0
12296.0
12301.0
12302.0
12303.0
12303.0
12318.0
12318.0
12320.0
12323.0
12323.0
12328.0
12329.0
12337.0
12339.0
12349.0
12362.0
12372.0
12383.0
12388.0
12388.0
12393.0
12405.0
12412.0
12412.0
12413.0
12417.0
12420.0
12429.0
12431.0
12441.0
12447.0
12461.0
12463.0
12464.0
12477.0
12491.0
12501.0
12531.0
12554.0
12566.0
12570.0
12573.0
12588.0
12600.0
12611.0
12616.0
12625.0
12633.0
12649.0
12653.0
12664.0
12675.0
12688.0
12688.0
12693.0
12700.0
12702.0
12705.0
12707.0
12721.0
12735.0
12740.0
12742.0
12744.0
12777.0
12792.0
12793.0
12797.0
12812.0
12815.0
12828.0
12836.0
12848.0
12859.0
12859.0
12900.0
12906.0
12909.0
12914.0
12918.0
12924.0
12929.0
12929.0
12930.0
12940.0
12941.0
12949.0
12965.0
12970.0
13008.0
13013.0
13016.0
13020.0
13024.0
13027.0
13036.0
13036.0
13040.0
13050.0
13053.0
13053.0
13084.0
13094.0
13114.0
13116.0
13146.0
13173.0
13185.0
13197.0
13200.0
13205.0
13207.0
13222.0
13225.0
13230.0
13230.0
13236.0
13248.0
13249.0
13263.0
13289.0
13319.0
13326.0
13331.0
13332.0
13370.0
13371.0
13372.0
13374.0
13379.0
13383.0
13387.0
13412.0
13432.0
13433.0
13437.0
13438.0
13447.0
13451.0
13480.0
13495.0
13509.0
13515.0
13524.0
13548.0
13551.0
13558.0
13561.0
13570.0
13572.0
13577.0
13580.0
13580.0
13597.0
13612.0
13614.0
13650.0
13670.0
13671.0
13681.0
13696.0
13705.0
13714.0
13714.0
13715.0
13726.0
13749.0
13757.0
13776.0
13820.0
13829.0
13858.0
13862.0
13862.0
13864.0
13869.0
13875.0
13883.0
13895.0
13903.0
13925.0
13926.0
13927.0
13934.0
13936.0
13986.0
13992.0
13998.0
14012.0
14029.0
14030.0
14057.0
14079.0
14114.0
14129.0
14133.0
14149.0
14163.0
14174.0
14177.0
14205.0
14208.0
14212.0
14291.0
14300.0
14305.0
14306.0
14307.0
14322.0
14348.0
14348.0
14361.0
14363.0
14367.0
14386.0
14389.0
14441.0
14450.0
14458.0
14458.0
14493.0
14495.0
14514.0
14596.0
14660.0
14698.0
14711.0
14760.0
14794.0
14817.0
14820.0
14870.0
14892.0
14908.0
15048.0
15088.0
15116.0
15167.0
15188.0
15196.0
15271.0
15282.0
15296.0
15309.0
15329.0
15358.0
15370.0
15397.0
15423.0
15436.0
15573.0
15628.0
15672.0
15802.0
15810.0
15950.0
15965.0
16010.0
16160.0
16171.0
16350.0
16529.0
16565.0
16994.0
17314.0
17350.0
17363.0
17382.0
18250.0
19154.0
