#T=0 quenches for random K-SAT
#N=204800  alpha=8.72  maxIter=2000000   NSamples=738
#av(t)	86037.5108401084
#av(log(t))	11.319520633278596
#std(log(t))	0.010696092593523405
38641.0
40488.0
40535.0
41161.0
41164.0
42641.0
44170.0
44255.0
44828.0
45009.0
45474.0
45906.0
45936.0
46292.0
46349.0
46634.0
46655.0
46903.0
47198.0
47703.0
48440.0
48489.0
48829.0
48912.0
49165.0
49451.0
49669.0
49794.0
49808.0
49854.0
50053.0
50116.0
50379.0
50427.0
50520.0
50532.0
50723.0
50724.0
50786.0
50915.0
51207.0
51283.0
51698.0
51808.0
51895.0
52437.0
52478.0
52555.0
52594.0
52932.0
52964.0
53150.0
53279.0
53372.0
53415.0
53773.0
53966.0
53998.0
54091.0
54270.0
54348.0
54958.0
55110.0
55221.0
55292.0
55321.0
55448.0
56366.0
56369.0
56530.0
56604.0
56920.0
57096.0
57284.0
57512.0
57516.0
57588.0
58049.0
58158.0
58175.0
58201.0
58302.0
58307.0
58322.0
58438.0
58479.0
58666.0
59091.0
59227.0
59378.0
59420.0
59583.0
59622.0
59673.0
59876.0
59890.0
59900.0
60129.0
60146.0
60160.0
60243.0
60426.0
60630.0
60737.0
60848.0
61000.0
61101.0
61256.0
61542.0
61701.0
61707.0
61721.0
61893.0
62085.0
62091.0
62417.0
62468.0
62572.0
62586.0
62667.0
62727.0
62728.0
62824.0
62827.0
62867.0
63002.0
63006.0
63075.0
63196.0
63336.0
63363.0
63383.0
63486.0
63567.0
64134.0
64177.0
64230.0
64273.0
64292.0
64295.0
64413.0
64958.0
64998.0
65085.0
65133.0
65139.0
65252.0
65270.0
65329.0
65339.0
65464.0
65518.0
65536.0
65573.0
65635.0
65815.0
66039.0
66051.0
66095.0
66139.0
66233.0
66236.0
66336.0
66421.0
66435.0
66489.0
66492.0
66676.0
66746.0
66762.0
67044.0
67077.0
67083.0
67202.0
67258.0
67264.0
67282.0
67425.0
67470.0
67475.0
67494.0
67645.0
67646.0
67766.0
67815.0
67831.0
67893.0
67963.0
67974.0
67995.0
68029.0
68162.0
68285.0
68348.0
68569.0
68673.0
68793.0
68838.0
68973.0
69043.0
69159.0
69239.0
69345.0
69482.0
69535.0
69669.0
69755.0
69851.0
69865.0
69994.0
70044.0
70133.0
70181.0
70182.0
70207.0
70235.0
70373.0
70445.0
70563.0
70601.0
70616.0
71220.0
71224.0
71260.0
71378.0
71378.0
71448.0
71490.0
71572.0
71645.0
71679.0
71732.0
71842.0
71862.0
71863.0
71943.0
72001.0
72022.0
72091.0
72123.0
72127.0
72135.0
72144.0
72284.0
72304.0
72355.0
72364.0
72487.0
72518.0
72548.0
72557.0
72636.0
72721.0
72739.0
72866.0
72933.0
73090.0
73449.0
73479.0
73592.0
73682.0
73917.0
73959.0
74016.0
74045.0
74114.0
74355.0
74502.0
74706.0
74753.0
74757.0
74837.0
74840.0
74943.0
75128.0
75204.0
75272.0
75306.0
75308.0
75409.0
75446.0
75502.0
75527.0
75613.0
75619.0
75828.0
75859.0
75905.0
75919.0
75935.0
76106.0
76193.0
76222.0
76249.0
76353.0
76451.0
76454.0
76571.0
76633.0
76653.0
76686.0
76706.0
76774.0
76875.0
76887.0
76900.0
76962.0
77033.0
77120.0
77227.0
77270.0
77318.0
77321.0
77337.0
77359.0
77438.0
77499.0
77622.0
77686.0
77695.0
77743.0
77904.0
77959.0
77999.0
78022.0
78051.0
78116.0
78153.0
78297.0
78303.0
78325.0
78363.0
78571.0
78595.0
78721.0
78816.0
78932.0
78965.0
79196.0
79298.0
79324.0
79334.0
79379.0
79459.0
79548.0
79592.0
79676.0
79733.0
79790.0
79864.0
79951.0
80082.0
80083.0
80102.0
80126.0
80132.0
80292.0
80298.0
80319.0
80456.0
80495.0
80681.0
80696.0
80731.0
80795.0
80808.0
81002.0
81124.0
81258.0
81261.0
81362.0
81399.0
81404.0
81436.0
81506.0
81532.0
81550.0
81563.0
81621.0
81706.0
81716.0
81726.0
81848.0
81856.0
82000.0
82020.0
82021.0
82069.0
82087.0
82121.0
82261.0
82310.0
82404.0
82414.0
82493.0
82507.0
82527.0
82554.0
82584.0
82608.0
82631.0
82689.0
82770.0
82883.0
83054.0
83117.0
83629.0
83636.0
83770.0
84014.0
84040.0
84121.0
84131.0
84149.0
84168.0
84223.0
84335.0
84343.0
84456.0
84515.0
84532.0
84570.0
84647.0
84671.0
84723.0
84727.0
84970.0
85034.0
85138.0
85161.0
85392.0
85410.0
85447.0
85753.0
85759.0
85829.0
86113.0
86177.0
86694.0
86737.0
87050.0
87365.0
87581.0
87938.0
87947.0
87969.0
88126.0
88158.0
88192.0
88197.0
88201.0
88301.0
88650.0
88707.0
88725.0
88732.0
88878.0
89000.0
89177.0
89275.0
89320.0
89335.0
89440.0
89458.0
89551.0
89790.0
89913.0
89916.0
90048.0
90065.0
90092.0
90174.0
90399.0
90604.0
90662.0
90810.0
90913.0
90966.0
91017.0
91097.0
91509.0
91683.0
91756.0
92167.0
92227.0
92246.0
92298.0
92300.0
92542.0
92591.0
92649.0
92681.0
92866.0
92901.0
93106.0
93144.0
93268.0
93358.0
93363.0
93494.0
93590.0
93801.0
93811.0
93847.0
93969.0
94035.0
94075.0
94128.0
94179.0
94268.0
94300.0
94384.0
94480.0
94539.0
94573.0
94617.0
94750.0
94910.0
95070.0
95102.0
95108.0
95247.0
95331.0
95601.0
95816.0
95870.0
96179.0
96206.0
96265.0
96351.0
96536.0
96626.0
96777.0
96835.0
96989.0
97051.0
97071.0
97123.0
97301.0
97367.0
97452.0
97529.0
97587.0
97595.0
97638.0
97818.0
97878.0
98322.0
98383.0
98452.0
98549.0
98596.0
98749.0
98925.0
98928.0
99171.0
99172.0
99247.0
99260.0
99434.0
99491.0
99749.0
99823.0
99863.0
99894.0
99929.0
100071.0
100257.0
100271.0
100507.0
100538.0
100620.0
100947.0
101119.0
101259.0
101412.0
101598.0
102209.0
102216.0
102239.0
102367.0
102383.0
102603.0
102651.0
102796.0
103160.0
103276.0
103387.0
103450.0
103541.0
103864.0
103918.0
103980.0
104014.0
104123.0
104154.0
104252.0
104455.0
104909.0
105563.0
105757.0
106044.0
106392.0
106504.0
107026.0
107234.0
107242.0
107410.0
107456.0
107631.0
108268.0
108388.0
109595.0
109647.0
110109.0
110374.0
110716.0
110920.0
110931.0
110975.0
111029.0
111101.0
111357.0
111770.0
111805.0
112000.0
112164.0
112336.0
112626.0
112844.0
113026.0
113260.0
113679.0
113685.0
113773.0
114211.0
114345.0
114649.0
114781.0
114923.0
114982.0
115088.0
115157.0
115263.0
115356.0
115704.0
115786.0
116006.0
116277.0
116839.0
116934.0
117151.0
117246.0
117552.0
117734.0
117738.0
117933.0
117942.0
118004.0
118787.0
118803.0
119224.0
119287.0
119344.0
120343.0
120459.0
120479.0
120567.0
121332.0
121462.0
121672.0
122090.0
122665.0
123274.0
123437.0
124049.0
124144.0
124234.0
124924.0
125021.0
125453.0
125676.0
126419.0
126439.0
127316.0
128189.0
128716.0
128781.0
128835.0
133175.0
133309.0
133796.0
134397.0
134585.0
134636.0
134997.0
135015.0
135099.0
135205.0
135778.0
137355.0
137734.0
137852.0
141000.0
141833.0
143723.0
144018.0
144096.0
146754.0
147064.0
147554.0
147618.0
147658.0
149428.0
150007.0
150192.0
150221.0
151137.0
152491.0
153185.0
155212.0
155915.0
158066.0
160177.0
160276.0
160865.0
160958.0
163826.0
163977.0
166100.0
166517.0
168526.0
170269.0
175189.0
175314.0
178762.0
179250.0
213734.0
