#T=0 quenches for random K-SAT
#N=102400  alpha=8.6   NSamples=2995
#av(t)	10093.660100166944
#av(log(t))	9.1906920751282
#std(log(t))	0.004400139706832996
3490.0
3869.0
4262.0
4719.0
4772.0
4883.0
4924.0
4953.0
4980.0
5108.0
5169.0
5244.0
5254.0
5295.0
5350.0
5354.0
5367.0
5380.0
5387.0
5389.0
5400.0
5437.0
5442.0
5538.0
5545.0
5561.0
5628.0
5635.0
5643.0
5644.0
5663.0
5672.0
5684.0
5702.0
5713.0
5756.0
5758.0
5774.0
5786.0
5789.0
5803.0
5813.0
5822.0
5824.0
5826.0
5839.0
5842.0
5866.0
5899.0
5902.0
5904.0
5921.0
5927.0
5933.0
5945.0
5948.0
5948.0
5953.0
5961.0
5979.0
6011.0
6015.0
6022.0
6041.0
6051.0
6055.0
6072.0
6074.0
6080.0
6080.0
6085.0
6090.0
6100.0
6111.0
6113.0
6178.0
6180.0
6183.0
6194.0
6195.0
6215.0
6235.0
6247.0
6249.0
6250.0
6250.0
6256.0
6257.0
6259.0
6263.0
6273.0
6275.0
6276.0
6277.0
6281.0
6281.0
6295.0
6303.0
6304.0
6305.0
6306.0
6325.0
6327.0
6328.0
6364.0
6368.0
6377.0
6378.0
6398.0
6399.0
6413.0
6415.0
6423.0
6425.0
6430.0
6433.0
6435.0
6439.0
6441.0
6449.0
6452.0
6458.0
6458.0
6462.0
6474.0
6476.0
6481.0
6482.0
6484.0
6488.0
6498.0
6500.0
6500.0
6505.0
6514.0
6530.0
6534.0
6538.0
6538.0
6549.0
6550.0
6559.0
6559.0
6560.0
6566.0
6568.0
6574.0
6575.0
6585.0
6588.0
6594.0
6594.0
6601.0
6610.0
6611.0
6633.0
6637.0
6639.0
6640.0
6653.0
6659.0
6664.0
6666.0
6668.0
6675.0
6676.0
6691.0
6692.0
6695.0
6695.0
6696.0
6699.0
6699.0
6700.0
6703.0
6704.0
6709.0
6727.0
6727.0
6728.0
6732.0
6740.0
6741.0
6745.0
6748.0
6756.0
6759.0
6768.0
6771.0
6800.0
6803.0
6804.0
6813.0
6814.0
6815.0
6816.0
6828.0
6832.0
6835.0
6843.0
6849.0
6854.0
6864.0
6864.0
6874.0
6877.0
6881.0
6888.0
6888.0
6903.0
6907.0
6907.0
6914.0
6918.0
6920.0
6924.0
6929.0
6930.0
6934.0
6941.0
6950.0
6950.0
6951.0
6961.0
6965.0
6973.0
6980.0
6981.0
6982.0
6983.0
6984.0
6987.0
6990.0
7000.0
7001.0
7004.0
7006.0
7009.0
7010.0
7012.0
7015.0
7017.0
7026.0
7033.0
7034.0
7039.0
7039.0
7041.0
7044.0
7048.0
7054.0
7054.0
7055.0
7056.0
7059.0
7059.0
7063.0
7065.0
7068.0
7069.0
7070.0
7074.0
7074.0
7077.0
7078.0
7088.0
7095.0
7097.0
7106.0
7107.0
7108.0
7111.0
7120.0
7122.0
7133.0
7136.0
7140.0
7141.0
7144.0
7145.0
7151.0
7155.0
7157.0
7158.0
7160.0
7160.0
7163.0
7164.0
7173.0
7174.0
7179.0
7181.0
7184.0
7185.0
7186.0
7188.0
7193.0
7195.0
7197.0
7200.0
7202.0
7202.0
7205.0
7205.0
7206.0
7208.0
7211.0
7216.0
7226.0
7226.0
7227.0
7231.0
7231.0
7234.0
7239.0
7245.0
7246.0
7247.0
7252.0
7253.0
7254.0
7255.0
7256.0
7259.0
7261.0
7261.0
7263.0
7267.0
7268.0
7268.0
7274.0
7280.0
7283.0
7290.0
7291.0
7301.0
7302.0
7302.0
7305.0
7306.0
7311.0
7313.0
7317.0
7321.0
7327.0
7330.0
7330.0
7330.0
7333.0
7333.0
7334.0
7350.0
7358.0
7360.0
7363.0
7366.0
7366.0
7369.0
7370.0
7370.0
7378.0
7379.0
7384.0
7393.0
7395.0
7395.0
7396.0
7401.0
7402.0
7404.0
7404.0
7405.0
7408.0
7417.0
7420.0
7420.0
7421.0
7423.0
7425.0
7426.0
7427.0
7432.0
7435.0
7435.0
7436.0
7436.0
7448.0
7453.0
7459.0
7459.0
7460.0
7462.0
7464.0
7469.0
7473.0
7491.0
7495.0
7506.0
7509.0
7512.0
7516.0
7517.0
7518.0
7520.0
7520.0
7521.0
7525.0
7526.0
7526.0
7531.0
7531.0
7538.0
7538.0
7539.0
7541.0
7546.0
7547.0
7547.0
7550.0
7553.0
7554.0
7560.0
7570.0
7570.0
7572.0
7574.0
7577.0
7577.0
7577.0
7578.0
7586.0
7586.0
7592.0
7592.0
7593.0
7595.0
7597.0
7598.0
7598.0
7599.0
7605.0
7608.0
7609.0
7609.0
7615.0
7617.0
7618.0
7623.0
7631.0
7631.0
7636.0
7636.0
7636.0
7638.0
7638.0
7642.0
7646.0
7648.0
7651.0
7651.0
7652.0
7655.0
7663.0
7664.0
7668.0
7670.0
7671.0
7675.0
7676.0
7679.0
7681.0
7681.0
7690.0
7693.0
7693.0
7699.0
7704.0
7707.0
7713.0
7717.0
7718.0
7718.0
7721.0
7721.0
7726.0
7727.0
7728.0
7731.0
7738.0
7739.0
7742.0
7744.0
7745.0
7745.0
7748.0
7753.0
7753.0
7756.0
7758.0
7761.0
7761.0
7763.0
7763.0
7765.0
7765.0
7776.0
7777.0
7777.0
7783.0
7784.0
7785.0
7787.0
7788.0
7798.0
7802.0
7807.0
7808.0
7810.0
7810.0
7811.0
7814.0
7815.0
7819.0
7820.0
7821.0
7823.0
7823.0
7824.0
7825.0
7827.0
7830.0
7834.0
7834.0
7836.0
7837.0
7838.0
7840.0
7846.0
7853.0
7857.0
7858.0
7858.0
7860.0
7861.0
7863.0
7864.0
7876.0
7876.0
7877.0
7878.0
7879.0
7881.0
7885.0
7887.0
7888.0
7889.0
7891.0
7892.0
7893.0
7894.0
7895.0
7901.0
7903.0
7904.0
7904.0
7907.0
7908.0
7911.0
7914.0
7914.0
7916.0
7917.0
7918.0
7918.0
7919.0
7922.0
7922.0
7922.0
7923.0
7923.0
7926.0
7927.0
7929.0
7930.0
7932.0
7936.0
7936.0
7937.0
7939.0
7941.0
7941.0
7944.0
7949.0
7950.0
7955.0
7959.0
7959.0
7967.0
7970.0
7972.0
7974.0
7983.0
7985.0
8001.0
8003.0
8004.0
8005.0
8007.0
8011.0
8013.0
8019.0
8023.0
8023.0
8027.0
8030.0
8034.0
8037.0
8038.0
8039.0
8040.0
8044.0
8051.0
8053.0
8055.0
8055.0
8057.0
8064.0
8069.0
8070.0
8075.0
8076.0
8078.0
8083.0
8087.0
8087.0
8088.0
8090.0
8092.0
8093.0
8093.0
8094.0
8098.0
8107.0
8110.0
8111.0
8115.0
8116.0
8116.0
8121.0
8127.0
8127.0
8130.0
8130.0
8130.0
8130.0
8132.0
8132.0
8137.0
8137.0
8141.0
8142.0
8142.0
8145.0
8147.0
8148.0
8149.0
8157.0
8157.0
8163.0
8168.0
8169.0
8169.0
8170.0
8171.0
8177.0
8178.0
8183.0
8185.0
8186.0
8186.0
8187.0
8187.0
8187.0
8193.0
8194.0
8195.0
8197.0
8204.0
8206.0
8206.0
8209.0
8212.0
8212.0
8214.0
8215.0
8218.0
8223.0
8223.0
8226.0
8230.0
8231.0
8233.0
8234.0
8236.0
8237.0
8239.0
8243.0
8244.0
8246.0
8250.0
8250.0
8253.0
8253.0
8256.0
8257.0
8262.0
8264.0
8267.0
8268.0
8271.0
8279.0
8281.0
8286.0
8286.0
8290.0
8292.0
8293.0
8297.0
8297.0
8300.0
8302.0
8302.0
8305.0
8307.0
8308.0
8314.0
8316.0
8317.0
8321.0
8321.0
8321.0
8322.0
8324.0
8324.0
8328.0
8328.0
8329.0
8334.0
8335.0
8337.0
8339.0
8341.0
8344.0
8348.0
8349.0
8350.0
8350.0
8351.0
8352.0
8352.0
8354.0
8355.0
8358.0
8359.0
8361.0
8361.0
8362.0
8365.0
8365.0
8371.0
8376.0
8379.0
8388.0
8388.0
8391.0
8398.0
8401.0
8402.0
8407.0
8408.0
8417.0
8418.0
8420.0
8420.0
8420.0
8420.0
8423.0
8424.0
8427.0
8433.0
8435.0
8438.0
8439.0
8440.0
8441.0
8443.0
8447.0
8449.0
8449.0
8451.0
8456.0
8460.0
8463.0
8469.0
8471.0
8471.0
8472.0
8472.0
8473.0
8484.0
8486.0
8486.0
8489.0
8492.0
8493.0
8496.0
8498.0
8499.0
8506.0
8507.0
8507.0
8508.0
8513.0
8515.0
8516.0
8521.0
8521.0
8522.0
8527.0
8528.0
8528.0
8529.0
8530.0
8536.0
8538.0
8538.0
8539.0
8540.0
8540.0
8545.0
8547.0
8550.0
8550.0
8551.0
8551.0
8553.0
8553.0
8556.0
8556.0
8556.0
8562.0
8562.0
8562.0
8564.0
8566.0
8566.0
8568.0
8570.0
8572.0
8573.0
8573.0
8576.0
8578.0
8578.0
8579.0
8584.0
8584.0
8585.0
8586.0
8587.0
8589.0
8590.0
8590.0
8590.0
8594.0
8594.0
8594.0
8595.0
8599.0
8608.0
8608.0
8608.0
8610.0
8611.0
8611.0
8613.0
8613.0
8614.0
8617.0
8618.0
8621.0
8626.0
8626.0
8629.0
8632.0
8637.0
8637.0
8638.0
8638.0
8640.0
8641.0
8645.0
8645.0
8648.0
8652.0
8652.0
8658.0
8659.0
8660.0
8661.0
8664.0
8665.0
8666.0
8668.0
8671.0
8672.0
8673.0
8673.0
8677.0
8678.0
8680.0
8683.0
8683.0
8683.0
8689.0
8689.0
8698.0
8699.0
8701.0
8701.0
8705.0
8709.0
8710.0
8711.0
8711.0
8713.0
8714.0
8715.0
8719.0
8721.0
8721.0
8723.0
8725.0
8725.0
8725.0
8728.0
8730.0
8733.0
8733.0
8734.0
8737.0
8741.0
8742.0
8745.0
8745.0
8746.0
8747.0
8748.0
8748.0
8749.0
8751.0
8754.0
8757.0
8760.0
8761.0
8761.0
8764.0
8764.0
8767.0
8768.0
8770.0
8772.0
8773.0
8773.0
8777.0
8779.0
8780.0
8780.0
8782.0
8783.0
8790.0
8796.0
8797.0
8797.0
8799.0
8800.0
8800.0
8800.0
8801.0
8801.0
8803.0
8810.0
8811.0
8811.0
8811.0
8811.0
8818.0
8821.0
8822.0
8823.0
8826.0
8832.0
8836.0
8841.0
8844.0
8844.0
8846.0
8848.0
8851.0
8851.0
8852.0
8854.0
8856.0
8859.0
8860.0
8861.0
8864.0
8867.0
8867.0
8870.0
8870.0
8871.0
8871.0
8872.0
8874.0
8874.0
8876.0
8884.0
8886.0
8887.0
8890.0
8891.0
8893.0
8893.0
8895.0
8896.0
8901.0
8902.0
8903.0
8907.0
8908.0
8910.0
8911.0
8911.0
8912.0
8914.0
8915.0
8916.0
8916.0
8918.0
8923.0
8925.0
8927.0
8928.0
8929.0
8931.0
8931.0
8931.0
8933.0
8937.0
8939.0
8946.0
8948.0
8949.0
8951.0
8953.0
8955.0
8957.0
8962.0
8963.0
8966.0
8970.0
8971.0
8972.0
8973.0
8974.0
8974.0
8975.0
8977.0
8979.0
8981.0
8983.0
8985.0
8987.0
8990.0
8991.0
8991.0
8994.0
8994.0
9002.0
9007.0
9010.0
9010.0
9011.0
9014.0
9015.0
9018.0
9021.0
9022.0
9033.0
9034.0
9036.0
9037.0
9038.0
9042.0
9045.0
9047.0
9047.0
9047.0
9048.0
9049.0
9051.0
9054.0
9057.0
9058.0
9060.0
9062.0
9062.0
9062.0
9067.0
9068.0
9068.0
9069.0
9080.0
9080.0
9083.0
9085.0
9086.0
9088.0
9089.0
9092.0
9093.0
9094.0
9097.0
9098.0
9101.0
9101.0
9101.0
9105.0
9108.0
9111.0
9111.0
9112.0
9116.0
9116.0
9121.0
9126.0
9129.0
9129.0
9132.0
9137.0
9143.0
9146.0
9147.0
9147.0
9148.0
9148.0
9148.0
9149.0
9151.0
9153.0
9156.0
9158.0
9158.0
9159.0
9159.0
9163.0
9163.0
9167.0
9172.0
9172.0
9177.0
9183.0
9184.0
9187.0
9187.0
9188.0
9188.0
9188.0
9193.0
9196.0
9196.0
9197.0
9199.0
9200.0
9201.0
9204.0
9206.0
9208.0
9213.0
9217.0
9218.0
9219.0
9222.0
9226.0
9228.0
9229.0
9229.0
9230.0
9236.0
9236.0
9236.0
9238.0
9238.0
9238.0
9239.0
9241.0
9244.0
9245.0
9245.0
9246.0
9247.0
9248.0
9253.0
9254.0
9255.0
9256.0
9263.0
9263.0
9270.0
9270.0
9272.0
9272.0
9272.0
9279.0
9280.0
9283.0
9284.0
9288.0
9288.0
9289.0
9291.0
9292.0
9295.0
9296.0
9296.0
9296.0
9297.0
9302.0
9306.0
9310.0
9311.0
9313.0
9315.0
9318.0
9319.0
9321.0
9321.0
9322.0
9324.0
9326.0
9327.0
9328.0
9328.0
9331.0
9335.0
9338.0
9338.0
9344.0
9348.0
9359.0
9360.0
9361.0
9363.0
9366.0
9366.0
9367.0
9367.0
9368.0
9369.0
9370.0
9371.0
9371.0
9373.0
9377.0
9377.0
9380.0
9382.0
9382.0
9383.0
9383.0
9385.0
9386.0
9386.0
9388.0
9388.0
9390.0
9392.0
9392.0
9393.0
9394.0
9394.0
9395.0
9397.0
9400.0
9400.0
9402.0
9405.0
9406.0
9409.0
9413.0
9413.0
9414.0
9414.0
9415.0
9416.0
9417.0
9417.0
9420.0
9421.0
9422.0
9423.0
9424.0
9425.0
9426.0
9428.0
9429.0
9430.0
9432.0
9435.0
9436.0
9436.0
9437.0
9440.0
9441.0
9442.0
9443.0
9446.0
9448.0
9450.0
9450.0
9455.0
9456.0
9458.0
9463.0
9464.0
9465.0
9469.0
9476.0
9476.0
9477.0
9478.0
9489.0
9492.0
9496.0
9497.0
9501.0
9502.0
9503.0
9505.0
9509.0
9511.0
9514.0
9516.0
9517.0
9518.0
9518.0
9523.0
9523.0
9524.0
9528.0
9530.0
9539.0
9539.0
9539.0
9540.0
9541.0
9543.0
9543.0
9544.0
9547.0
9547.0
9549.0
9559.0
9560.0
9576.0
9576.0
9577.0
9583.0
9587.0
9590.0
9591.0
9591.0
9594.0
9595.0
9596.0
9598.0
9604.0
9605.0
9608.0
9610.0
9611.0
9613.0
9618.0
9618.0
9619.0
9620.0
9623.0
9623.0
9624.0
9624.0
9625.0
9627.0
9628.0
9628.0
9631.0
9632.0
9633.0
9638.0
9638.0
9641.0
9647.0
9648.0
9649.0
9649.0
9651.0
9651.0
9652.0
9652.0
9654.0
9655.0
9659.0
9660.0
9660.0
9661.0
9662.0
9662.0
9663.0
9666.0
9671.0
9673.0
9673.0
9674.0
9677.0
9680.0
9687.0
9691.0
9692.0
9692.0
9693.0
9694.0
9698.0
9700.0
9701.0
9703.0
9706.0
9708.0
9710.0
9715.0
9716.0
9717.0
9723.0
9724.0
9726.0
9726.0
9729.0
9732.0
9733.0
9733.0
9734.0
9735.0
9738.0
9741.0
9743.0
9745.0
9745.0
9747.0
9748.0
9750.0
9750.0
9753.0
9756.0
9761.0
9762.0
9768.0
9769.0
9771.0
9772.0
9775.0
9785.0
9786.0
9786.0
9789.0
9791.0
9798.0
9800.0
9801.0
9804.0
9807.0
9809.0
9812.0
9812.0
9812.0
9815.0
9816.0
9817.0
9819.0
9820.0
9820.0
9822.0
9824.0
9824.0
9831.0
9836.0
9837.0
9839.0
9840.0
9844.0
9844.0
9846.0
9848.0
9848.0
9848.0
9850.0
9852.0
9853.0
9853.0
9854.0
9861.0
9864.0
9865.0
9866.0
9872.0
9873.0
9874.0
9878.0
9881.0
9882.0
9886.0
9887.0
9887.0
9890.0
9890.0
9891.0
9893.0
9893.0
9893.0
9894.0
9900.0
9902.0
9904.0
9906.0
9906.0
9907.0
9908.0
9909.0
9909.0
9913.0
9914.0
9918.0
9922.0
9922.0
9925.0
9926.0
9929.0
9930.0
9932.0
9940.0
9940.0
9942.0
9943.0
9943.0
9944.0
9946.0
9947.0
9950.0
9954.0
9962.0
9962.0
9962.0
9962.0
9963.0
9971.0
9973.0
9975.0
9976.0
9976.0
9977.0
9979.0
9980.0
9982.0
9985.0
9986.0
9990.0
9990.0
9994.0
9994.0
9996.0
9996.0
10000.0
10000.0
10004.0
10006.0
10008.0
10009.0
10009.0
10012.0
10013.0
10014.0
10016.0
10018.0
10018.0
10020.0
10021.0
10021.0
10023.0
10026.0
10031.0
10032.0
10035.0
10036.0
10042.0
10042.0
10044.0
10046.0
10047.0
10051.0
10052.0
10052.0
10053.0
10060.0
10061.0
10062.0
10070.0
10073.0
10074.0
10076.0
10080.0
10081.0
10082.0
10086.0
10086.0
10087.0
10089.0
10090.0
10092.0
10092.0
10093.0
10093.0
10093.0
10093.0
10095.0
10103.0
10103.0
10105.0
10107.0
10112.0
10114.0
10115.0
10117.0
10121.0
10122.0
10123.0
10124.0
10125.0
10125.0
10129.0
10131.0
10131.0
10137.0
10138.0
10140.0
10140.0
10141.0
10145.0
10145.0
10146.0
10148.0
10149.0
10152.0
10155.0
10156.0
10157.0
10157.0
10166.0
10171.0
10172.0
10174.0
10177.0
10179.0
10182.0
10187.0
10189.0
10191.0
10192.0
10197.0
10200.0
10203.0
10210.0
10215.0
10215.0
10218.0
10219.0
10222.0
10223.0
10224.0
10226.0
10226.0
10228.0
10231.0
10232.0
10232.0
10232.0
10233.0
10236.0
10238.0
10244.0
10245.0
10247.0
10247.0
10249.0
10249.0
10251.0
10251.0
10252.0
10254.0
10254.0
10255.0
10257.0
10257.0
10260.0
10260.0
10263.0
10263.0
10265.0
10266.0
10266.0
10266.0
10266.0
10270.0
10276.0
10277.0
10278.0
10279.0
10280.0
10285.0
10286.0
10290.0
10291.0
10293.0
10294.0
10295.0
10296.0
10297.0
10306.0
10313.0
10314.0
10314.0
10315.0
10316.0
10316.0
10316.0
10317.0
10320.0
10322.0
10323.0
10326.0
10333.0
10333.0
10334.0
10335.0
10335.0
10338.0
10341.0
10345.0
10349.0
10355.0
10357.0
10362.0
10364.0
10367.0
10372.0
10374.0
10386.0
10390.0
10390.0
10391.0
10394.0
10397.0
10402.0
10404.0
10404.0
10409.0
10410.0
10412.0
10413.0
10416.0
10416.0
10417.0
10418.0
10418.0
10418.0
10421.0
10422.0
10423.0
10424.0
10427.0
10433.0
10433.0
10435.0
10435.0
10439.0
10449.0
10450.0
10454.0
10458.0
10460.0
10461.0
10466.0
10467.0
10470.0
10471.0
10474.0
10482.0
10483.0
10496.0
10497.0
10502.0
10503.0
10504.0
10505.0
10506.0
10506.0
10506.0
10511.0
10515.0
10516.0
10516.0
10518.0
10520.0
10521.0
10522.0
10523.0
10529.0
10531.0
10533.0
10535.0
10535.0
10536.0
10538.0
10539.0
10540.0
10543.0
10543.0
10544.0
10548.0
10548.0
10548.0
10549.0
10553.0
10556.0
10558.0
10562.0
10563.0
10563.0
10568.0
10568.0
10569.0
10569.0
10571.0
10572.0
10574.0
10575.0
10578.0
10578.0
10578.0
10579.0
10582.0
10583.0
10583.0
10586.0
10588.0
10589.0
10594.0
10595.0
10595.0
10605.0
10606.0
10609.0
10614.0
10614.0
10615.0
10622.0
10623.0
10624.0
10626.0
10628.0
10632.0
10633.0
10634.0
10637.0
10639.0
10641.0
10642.0
10643.0
10643.0
10644.0
10644.0
10649.0
10652.0
10654.0
10655.0
10656.0
10658.0
10660.0
10661.0
10667.0
10668.0
10672.0
10672.0
10675.0
10675.0
10675.0
10676.0
10678.0
10681.0
10685.0
10688.0
10696.0
10696.0
10698.0
10698.0
10705.0
10706.0
10706.0
10706.0
10712.0
10717.0
10721.0
10726.0
10726.0
10727.0
10728.0
10729.0
10733.0
10735.0
10745.0
10746.0
10750.0
10751.0
10752.0
10754.0
10755.0
10756.0
10757.0
10763.0
10765.0
10766.0
10766.0
10768.0
10769.0
10772.0
10774.0
10775.0
10776.0
10776.0
10776.0
10777.0
10779.0
10782.0
10782.0
10785.0
10789.0
10791.0
10794.0
10795.0
10796.0
10798.0
10799.0
10801.0
10802.0
10803.0
10809.0
10816.0
10822.0
10823.0
10827.0
10829.0
10837.0
10838.0
10849.0
10849.0
10851.0
10852.0
10852.0
10853.0
10853.0
10859.0
10860.0
10862.0
10863.0
10869.0
10870.0
10870.0
10875.0
10877.0
10878.0
10878.0
10880.0
10882.0
10885.0
10886.0
10890.0
10897.0
10899.0
10905.0
10907.0
10908.0
10909.0
10913.0
10919.0
10924.0
10925.0
10927.0
10931.0
10932.0
10933.0
10935.0
10938.0
10940.0
10945.0
10953.0
10954.0
10956.0
10963.0
10964.0
10965.0
10965.0
10965.0
10965.0
10969.0
10971.0
10976.0
10976.0
10977.0
10979.0
10981.0
10986.0
10988.0
10989.0
10989.0
10989.0
10990.0
10992.0
10993.0
10993.0
11000.0
11001.0
11004.0
11007.0
11009.0
11011.0
11014.0
11019.0
11026.0
11027.0
11028.0
11030.0
11031.0
11032.0
11034.0
11035.0
11038.0
11038.0
11042.0
11045.0
11045.0
11051.0
11056.0
11057.0
11059.0
11069.0
11079.0
11083.0
11084.0
11084.0
11091.0
11097.0
11097.0
11098.0
11099.0
11100.0
11101.0
11103.0
11103.0
11106.0
11108.0
11109.0
11111.0
11113.0
11123.0
11123.0
11127.0
11127.0
11132.0
11139.0
11140.0
11141.0
11142.0
11142.0
11148.0
11155.0
11156.0
11158.0
11160.0
11161.0
11161.0
11162.0
11164.0
11172.0
11173.0
11184.0
11187.0
11187.0
11187.0
11189.0
11192.0
11193.0
11194.0
11199.0
11200.0
11200.0
11210.0
11214.0
11216.0
11221.0
11221.0
11223.0
11230.0
11231.0
11235.0
11237.0
11239.0
11240.0
11245.0
11253.0
11257.0
11258.0
11259.0
11259.0
11261.0
11265.0
11265.0
11265.0
11266.0
11273.0
11281.0
11282.0
11283.0
11283.0
11288.0
11288.0
11289.0
11290.0
11299.0
11314.0
11316.0
11331.0
11337.0
11337.0
11341.0
11342.0
11345.0
11347.0
11352.0
11352.0
11353.0
11356.0
11356.0
11357.0
11357.0
11359.0
11359.0
11360.0
11361.0
11365.0
11367.0
11367.0
11368.0
11373.0
11380.0
11381.0
11382.0
11384.0
11384.0
11386.0
11392.0
11395.0
11398.0
11407.0
11410.0
11416.0
11420.0
11422.0
11432.0
11433.0
11435.0
11441.0
11442.0
11444.0
11444.0
11445.0
11446.0
11446.0
11449.0
11451.0
11452.0
11452.0
11460.0
11460.0
11460.0
11462.0
11463.0
11464.0
11464.0
11467.0
11467.0
11474.0
11476.0
11488.0
11493.0
11496.0
11500.0
11500.0
11500.0
11504.0
11513.0
11523.0
11525.0
11525.0
11528.0
11529.0
11540.0
11547.0
11554.0
11561.0
11563.0
11569.0
11572.0
11575.0
11577.0
11578.0
11587.0
11588.0
11588.0
11588.0
11590.0
11608.0
11611.0
11613.0
11614.0
11615.0
11615.0
11615.0
11617.0
11620.0
11621.0
11634.0
11638.0
11644.0
11645.0
11645.0
11647.0
11658.0
11659.0
11659.0
11659.0
11663.0
11667.0
11672.0
11673.0
11673.0
11675.0
11676.0
11682.0
11685.0
11688.0
11689.0
11692.0
11692.0
11695.0
11695.0
11707.0
11711.0
11715.0
11718.0
11718.0
11734.0
11737.0
11738.0
11739.0
11743.0
11745.0
11747.0
11747.0
11749.0
11750.0
11750.0
11753.0
11753.0
11757.0
11759.0
11761.0
11767.0
11768.0
11770.0
11771.0
11774.0
11777.0
11778.0
11780.0
11780.0
11781.0
11782.0
11782.0
11784.0
11787.0
11788.0
11789.0
11790.0
11790.0
11790.0
11797.0
11798.0
11799.0
11800.0
11802.0
11803.0
11805.0
11806.0
11806.0
11809.0
11815.0
11820.0
11827.0
11835.0
11835.0
11840.0
11842.0
11846.0
11849.0
11857.0
11857.0
11858.0
11858.0
11875.0
11876.0
11877.0
11883.0
11891.0
11891.0
11898.0
11903.0
11905.0
11909.0
11909.0
11910.0
11911.0
11914.0
11916.0
11919.0
11919.0
11920.0
11922.0
11925.0
11932.0
11934.0
11936.0
11937.0
11941.0
11941.0
11949.0
11950.0
11951.0
11951.0
11951.0
11956.0
11964.0
11964.0
11974.0
11977.0
11978.0
11981.0
11983.0
11984.0
11990.0
11991.0
11997.0
11998.0
12002.0
12006.0
12007.0
12008.0
12012.0
12016.0
12028.0
12032.0
12035.0
12037.0
12038.0
12038.0
12040.0
12049.0
12051.0
12056.0
12065.0
12068.0
12070.0
12072.0
12075.0
12079.0
12083.0
12084.0
12084.0
12088.0
12091.0
12095.0
12095.0
12098.0
12103.0
12106.0
12106.0
12119.0
12122.0
12128.0
12129.0
12151.0
12152.0
12152.0
12162.0
12162.0
12169.0
12182.0
12185.0
12189.0
12190.0
12190.0
12196.0
12199.0
12201.0
12202.0
12203.0
12210.0
12213.0
12217.0
12217.0
12218.0
12223.0
12229.0
12230.0
12238.0
12240.0
12243.0
12252.0
12253.0
12256.0
12257.0
12257.0
12259.0
12264.0
12270.0
12273.0
12275.0
12277.0
12287.0
12292.0
12295.0
12303.0
12313.0
12313.0
12315.0
12323.0
12325.0
12325.0
12326.0
12327.0
12331.0
12337.0
12338.0
12338.0
12340.0
12344.0
12346.0
12347.0
12347.0
12350.0
12361.0
12362.0
12366.0
12370.0
12372.0
12372.0
12380.0
12390.0
12391.0
12392.0
12392.0
12394.0
12394.0
12399.0
12405.0
12408.0
12411.0
12416.0
12429.0
12431.0
12443.0
12444.0
12444.0
12446.0
12456.0
12459.0
12461.0
12465.0
12467.0
12469.0
12472.0
12473.0
12475.0
12480.0
12482.0
12486.0
12491.0
12493.0
12493.0
12494.0
12495.0
12495.0
12496.0
12498.0
12498.0
12505.0
12506.0
12509.0
12510.0
12511.0
12520.0
12521.0
12524.0
12536.0
12543.0
12546.0
12548.0
12548.0
12556.0
12570.0
12572.0
12576.0
12583.0
12584.0
12587.0
12588.0
12589.0
12593.0
12593.0
12599.0
12600.0
12607.0
12608.0
12608.0
12610.0
12612.0
12616.0
12621.0
12626.0
12636.0
12639.0
12641.0
12651.0
12653.0
12658.0
12663.0
12670.0
12677.0
12685.0
12690.0
12694.0
12701.0
12701.0
12703.0
12734.0
12736.0
12754.0
12756.0
12761.0
12762.0
12774.0
12784.0
12789.0
12791.0
12794.0
12794.0
12796.0
12798.0
12806.0
12806.0
12810.0
12811.0
12818.0
12820.0
12834.0
12851.0
12852.0
12857.0
12866.0
12868.0
12888.0
12888.0
12895.0
12897.0
12903.0
12911.0
12911.0
12913.0
12917.0
12917.0
12921.0
12921.0
12926.0
12928.0
12929.0
12930.0
12932.0
12933.0
12936.0
12939.0
12941.0
12945.0
12952.0
12959.0
12962.0
12964.0
12964.0
12967.0
12971.0
12972.0
12973.0
12974.0
12979.0
12979.0
12984.0
12993.0
12995.0
12996.0
13004.0
13005.0
13009.0
13014.0
13032.0
13039.0
13041.0
13053.0
13057.0
13058.0
13062.0
13065.0
13073.0
13083.0
13099.0
13101.0
13101.0
13109.0
13114.0
13115.0
13118.0
13131.0
13141.0
13147.0
13156.0
13169.0
13169.0
13171.0
13173.0
13174.0
13184.0
13192.0
13195.0
13198.0
13219.0
13220.0
13221.0
13223.0
13245.0
13249.0
13254.0
13260.0
13263.0
13268.0
13283.0
13283.0
13284.0
13289.0
13290.0
13312.0
13314.0
13332.0
13345.0
13361.0
13363.0
13365.0
13371.0
13381.0
13383.0
13388.0
13394.0
13395.0
13395.0
13399.0
13406.0
13409.0
13418.0
13422.0
13437.0
13446.0
13450.0
13463.0
13466.0
13474.0
13480.0
13481.0
13485.0
13493.0
13502.0
13504.0
13505.0
13505.0
13508.0
13519.0
13521.0
13524.0
13525.0
13537.0
13545.0
13549.0
13549.0
13572.0
13573.0
13579.0
13580.0
13582.0
13583.0
13610.0
13615.0
13623.0
13623.0
13624.0
13628.0
13631.0
13639.0
13647.0
13682.0
13687.0
13688.0
13702.0
13711.0
13711.0
13745.0
13746.0
13751.0
13751.0
13754.0
13757.0
13758.0
13768.0
13779.0
13784.0
13791.0
13795.0
13821.0
13821.0
13824.0
13825.0
13835.0
13837.0
13843.0
13850.0
13866.0
13874.0
13874.0
13877.0
13892.0
13893.0
13893.0
13898.0
13914.0
13949.0
13950.0
13955.0
13964.0
13973.0
13981.0
13982.0
13984.0
13995.0
13995.0
14000.0
14002.0
14005.0
14028.0
14037.0
14039.0
14039.0
14044.0
14082.0
14084.0
14099.0
14128.0
14132.0
14156.0
14169.0
14181.0
14186.0
14186.0
14206.0
14224.0
14228.0
14234.0
14247.0
14250.0
14254.0
14255.0
14256.0
14260.0
14265.0
14272.0
14311.0
14322.0
14326.0
14329.0
14339.0
14354.0
14354.0
14364.0
14364.0
14374.0
14382.0
14384.0
14395.0
14397.0
14402.0
14403.0
14418.0
14424.0
14425.0
14427.0
14427.0
14428.0
14435.0
14453.0
14458.0
14458.0
14463.0
14466.0
14468.0
14481.0
14505.0
14529.0
14529.0
14531.0
14584.0
14605.0
14611.0
14620.0
14621.0
14625.0
14628.0
14634.0
14662.0
14677.0
14679.0
14714.0
14729.0
14739.0
14746.0
14746.0
14753.0
14761.0
14763.0
14773.0
14775.0
14797.0
14804.0
14833.0
14851.0
14899.0
14907.0
14962.0
15000.0
15004.0
15006.0
15007.0
15028.0
15032.0
15051.0
15057.0
15060.0
15099.0
15105.0
15108.0
15125.0
15131.0
15132.0
15156.0
15162.0
15168.0
15182.0
15223.0
15236.0
15260.0
15277.0
15315.0
15345.0
15347.0
15377.0
15406.0
15423.0
15424.0
15425.0
15503.0
15581.0
15657.0
15657.0
15693.0
15693.0
15733.0
15744.0
15760.0
15910.0
15932.0
15945.0
15945.0
15964.0
16139.0
16140.0
16142.0
16145.0
16192.0
16238.0
16271.0
16316.0
16337.0
16339.0
16349.0
16423.0
16444.0
16445.0
16501.0
16520.0
16523.0
16541.0
16545.0
16601.0
16603.0
16615.0
16643.0
16964.0
16999.0
17041.0
17075.0
17076.0
17161.0
17185.0
17284.0
17354.0
17376.0
17408.0
17629.0
17776.0
17791.0
17982.0
18001.0
18014.0
18019.0
18135.0
18150.0
18162.0
18212.0
18228.0
18544.0
18646.0
18672.0
18714.0
18778.0
18944.0
18979.0
19003.0
19011.0
19223.0
19660.0
19966.0
20531.0
20732.0
20910.0
20956.0
22723.0
