#T=0 quenches for random K-SAT
#N=409600  alpha=8.68  maxIter=2000000   NSamples=652
#av(t)	36206.259202453984
#av(log(t))	10.483834909218881
#std(log(t))	0.006338460237071281
22602.0
22932.0
22936.0
23830.0
23957.0
24192.0
24673.0
25074.0
25201.0
25600.0
25768.0
25790.0
25866.0
25930.0
26221.0
26267.0
26300.0
26307.0
26341.0
26494.0
26619.0
26798.0
26818.0
27002.0
27082.0
27087.0
27171.0
27377.0
27383.0
27419.0
27428.0
27455.0
27495.0
27554.0
27570.0
27571.0
27582.0
27585.0
27643.0
27831.0
27837.0
28017.0
28028.0
28091.0
28169.0
28318.0
28368.0
28373.0
28392.0
28403.0
28425.0
28456.0
28457.0
28461.0
28461.0
28550.0
28598.0
28681.0
28732.0
28741.0
28746.0
28814.0
28854.0
28866.0
28927.0
28940.0
29003.0
29023.0
29041.0
29055.0
29061.0
29333.0
29353.0
29359.0
29409.0
29441.0
29470.0
29508.0
29514.0
29519.0
29583.0
29669.0
29773.0
29786.0
29800.0
29817.0
29890.0
29994.0
30003.0
30070.0
30075.0
30080.0
30117.0
30135.0
30151.0
30154.0
30183.0
30233.0
30247.0
30248.0
30285.0
30303.0
30344.0
30345.0
30382.0
30382.0
30407.0
30418.0
30491.0
30513.0
30520.0
30553.0
30579.0
30646.0
30661.0
30693.0
30699.0
30721.0
30741.0
30779.0
30801.0
30839.0
30840.0
30858.0
30868.0
30934.0
30938.0
30986.0
31083.0
31205.0
31230.0
31261.0
31281.0
31338.0
31349.0
31353.0
31353.0
31373.0
31383.0
31432.0
31495.0
31587.0
31610.0
31670.0
31670.0
31747.0
31756.0
31765.0
31795.0
31805.0
31813.0
31813.0
31839.0
31843.0
31857.0
31889.0
31906.0
31922.0
31924.0
31924.0
31937.0
31937.0
31948.0
31948.0
31962.0
31981.0
31985.0
31997.0
32011.0
32027.0
32051.0
32054.0
32055.0
32107.0
32122.0
32155.0
32204.0
32226.0
32238.0
32256.0
32276.0
32288.0
32300.0
32338.0
32371.0
32377.0
32402.0
32419.0
32428.0
32548.0
32559.0
32575.0
32661.0
32676.0
32681.0
32722.0
32749.0
32764.0
32775.0
32777.0
32790.0
32797.0
32800.0
32842.0
32848.0
32855.0
32880.0
32914.0
32924.0
32940.0
32944.0
32971.0
32982.0
32988.0
33006.0
33007.0
33012.0
33030.0
33092.0
33116.0
33135.0
33162.0
33189.0
33218.0
33228.0
33237.0
33251.0
33291.0
33302.0
33302.0
33303.0
33343.0
33354.0
33364.0
33394.0
33406.0
33460.0
33485.0
33526.0
33540.0
33572.0
33599.0
33628.0
33647.0
33652.0
33662.0
33665.0
33705.0
33720.0
33728.0
33731.0
33740.0
33740.0
33748.0
33767.0
33769.0
33822.0
33836.0
33907.0
33979.0
34009.0
34011.0
34019.0
34069.0
34093.0
34110.0
34120.0
34128.0
34197.0
34202.0
34252.0
34254.0
34270.0
34296.0
34322.0
34374.0
34386.0
34487.0
34523.0
34618.0
34650.0
34677.0
34679.0
34690.0
34693.0
34736.0
34759.0
34791.0
34821.0
34910.0
34936.0
34947.0
35050.0
35055.0
35082.0
35099.0
35101.0
35110.0
35116.0
35126.0
35134.0
35164.0
35202.0
35219.0
35231.0
35250.0
35299.0
35301.0
35330.0
35351.0
35370.0
35390.0
35406.0
35408.0
35415.0
35424.0
35432.0
35441.0
35464.0
35478.0
35486.0
35507.0
35514.0
35622.0
35722.0
35733.0
35773.0
35809.0
35820.0
35841.0
35845.0
35876.0
35902.0
35943.0
36026.0
36031.0
36039.0
36039.0
36040.0
36044.0
36052.0
36055.0
36091.0
36101.0
36105.0
36107.0
36133.0
36208.0
36246.0
36345.0
36369.0
36418.0
36444.0
36467.0
36477.0
36499.0
36554.0
36647.0
36704.0
36706.0
36721.0
36736.0
36749.0
36751.0
36755.0
36809.0
36966.0
37000.0
37028.0
37030.0
37110.0
37123.0
37148.0
37155.0
37155.0
37171.0
37187.0
37187.0
37189.0
37221.0
37236.0
37272.0
37273.0
37274.0
37280.0
37285.0
37394.0
37404.0
37471.0
37515.0
37524.0
37525.0
37551.0
37557.0
37604.0
37645.0
37678.0
37738.0
37764.0
37774.0
37807.0
37816.0
37833.0
37837.0
37882.0
37905.0
37905.0
37933.0
37995.0
38037.0
38066.0
38086.0
38086.0
38091.0
38105.0
38164.0
38178.0
38183.0
38250.0
38275.0
38277.0
38290.0
38358.0
38367.0
38372.0
38378.0
38395.0
38408.0
38456.0
38486.0
38486.0
38495.0
38497.0
38502.0
38508.0
38508.0
38582.0
38586.0
38629.0
38636.0
38705.0
38709.0
38719.0
38732.0
38766.0
38770.0
38771.0
38817.0
38840.0
38843.0
38860.0
38950.0
38980.0
39013.0
39019.0
39031.0
39148.0
39149.0
39193.0
39209.0
39225.0
39250.0
39271.0
39341.0
39344.0
39353.0
39362.0
39365.0
39394.0
39401.0
39426.0
39470.0
39479.0
39558.0
39586.0
39646.0
39671.0
39680.0
39685.0
39711.0
39744.0
39746.0
39780.0
39810.0
39849.0
39881.0
39900.0
39902.0
39921.0
39923.0
39925.0
39932.0
39939.0
39974.0
39977.0
40021.0
40056.0
40099.0
40103.0
40114.0
40114.0
40116.0
40187.0
40189.0
40218.0
40256.0
40258.0
40278.0
40309.0
40314.0
40349.0
40387.0
40394.0
40399.0
40408.0
40449.0
40489.0
40500.0
40563.0
40589.0
40592.0
40639.0
40726.0
40755.0
40760.0
40761.0
40784.0
40819.0
40839.0
40847.0
40917.0
40945.0
40951.0
41107.0
41210.0
41231.0
41299.0
41324.0
41332.0
41383.0
41421.0
41433.0
41454.0
41468.0
41522.0
41536.0
41554.0
41573.0
41664.0
41709.0
41749.0
41776.0
41838.0
41857.0
41886.0
41991.0
42040.0
42053.0
42125.0
42151.0
42186.0
42293.0
42530.0
42563.0
42589.0
42634.0
42874.0
42900.0
42909.0
42948.0
43024.0
43075.0
43161.0
43230.0
43259.0
43285.0
43289.0
43355.0
43412.0
43552.0
43606.0
43668.0
43718.0
43748.0
43756.0
43758.0
43790.0
43903.0
44090.0
44114.0
44156.0
44258.0
44281.0
44338.0
44345.0
44369.0
44459.0
44753.0
44837.0
44879.0
44935.0
44990.0
45091.0
45126.0
45262.0
45416.0
45439.0
45453.0
45661.0
45665.0
45675.0
45787.0
45906.0
45927.0
45939.0
46071.0
46231.0
46314.0
46371.0
46399.0
46412.0
46496.0
46686.0
46818.0
46873.0
47220.0
47280.0
47556.0
47649.0
47797.0
47985.0
48130.0
48192.0
48791.0
48824.0
48827.0
50025.0
50215.0
50267.0
50329.0
50470.0
50897.0
51088.0
51237.0
51609.0
53001.0
53053.0
53602.0
56166.0
56400.0
58458.0
63247.0
