#T=0 quenches for random K-SAT
#N=25600  alpha=8.71  maxIter=2000000   NSamples=1000
#av(t)	201204.041
#av(log(t))	11.313653126810399
#std(log(t))	0.03634197903399069
7427.0
8869.0
8904.0
9102.0
9603.0
10032.0
10362.0
11137.0
11444.0
11796.0
11799.0
11987.0
13169.0
13194.0
13425.0
13732.0
14059.0
14361.0
14789.0
15177.0
15416.0
15616.0
15909.0
15957.0
16227.0
16263.0
16595.0
16637.0
16756.0
16987.0
17070.0
17207.0
17444.0
17480.0
17612.0
17726.0
17783.0
17840.0
17842.0
17853.0
17948.0
18306.0
18370.0
18439.0
18603.0
18681.0
18754.0
18853.0
18931.0
19195.0
19258.0
19408.0
19517.0
19703.0
19717.0
19971.0
20021.0
20040.0
20043.0
20067.0
20216.0
20597.0
20791.0
20830.0
20900.0
21129.0
21338.0
21417.0
21486.0
21549.0
21557.0
21667.0
21679.0
21828.0
21855.0
21993.0
22080.0
22297.0
22302.0
22503.0
22574.0
22635.0
22686.0
22716.0
22729.0
22750.0
22899.0
22979.0
23079.0
23079.0
23111.0
23122.0
23158.0
23164.0
23182.0
23273.0
23405.0
23468.0
23469.0
23515.0
23553.0
23573.0
23575.0
23636.0
23661.0
23765.0
24076.0
24148.0
24166.0
24296.0
24339.0
24395.0
24423.0
24593.0
24657.0
24976.0
24977.0
24998.0
25174.0
25296.0
25327.0
25409.0
25649.0
26063.0
26344.0
26446.0
26473.0
26513.0
26603.0
26752.0
26901.0
26942.0
26952.0
27080.0
27087.0
27132.0
27292.0
27298.0
27388.0
27403.0
27617.0
27694.0
27879.0
27888.0
27922.0
28106.0
28137.0
28165.0
28198.0
28515.0
28529.0
28556.0
28738.0
28754.0
28785.0
29005.0
29107.0
29332.0
29585.0
29626.0
29713.0
29722.0
29728.0
29856.0
29926.0
30019.0
30103.0
30204.0
30313.0
30550.0
30555.0
30611.0
30623.0
30887.0
30912.0
30945.0
31010.0
31336.0
31386.0
31525.0
31549.0
31555.0
31784.0
32061.0
32072.0
32078.0
32125.0
32186.0
32219.0
32351.0
32353.0
32357.0
32435.0
32452.0
32641.0
32708.0
32712.0
32720.0
32721.0
32739.0
32780.0
32988.0
33015.0
33027.0
33125.0
33183.0
33270.0
33303.0
33373.0
33430.0
33474.0
33486.0
33498.0
33586.0
33589.0
33694.0
33989.0
33994.0
34193.0
34205.0
34220.0
34227.0
34372.0
34418.0
34538.0
34614.0
34681.0
34756.0
34891.0
34960.0
35067.0
35121.0
35197.0
35203.0
35214.0
35347.0
35364.0
35457.0
35732.0
35895.0
35918.0
35954.0
36007.0
36057.0
36112.0
36116.0
36146.0
36213.0
36215.0
36226.0
36238.0
36373.0
36502.0
36744.0
36746.0
37034.0
37088.0
37133.0
37178.0
37264.0
37273.0
37311.0
37463.0
37475.0
37598.0
37663.0
38002.0
38083.0
38279.0
38285.0
38380.0
38385.0
38431.0
38687.0
38744.0
38770.0
38819.0
38974.0
39143.0
39250.0
39549.0
39562.0
39645.0
39810.0
40260.0
40289.0
40311.0
40639.0
40696.0
40952.0
41071.0
41262.0
41332.0
41468.0
41497.0
41572.0
41598.0
41792.0
41894.0
42046.0
42129.0
42136.0
42442.0
42462.0
42516.0
42616.0
42797.0
42816.0
42820.0
42909.0
42927.0
42964.0
43003.0
43314.0
43383.0
43594.0
43707.0
43729.0
43746.0
43769.0
43783.0
43825.0
43855.0
43996.0
44111.0
44133.0
44181.0
44255.0
44350.0
44516.0
44550.0
44596.0
44597.0
44846.0
44928.0
45005.0
45055.0
45142.0
45277.0
45678.0
45722.0
45797.0
45810.0
45919.0
46072.0
46087.0
46154.0
46263.0
46263.0
46383.0
46405.0
46446.0
46463.0
46555.0
46807.0
46967.0
47040.0
47140.0
47298.0
47437.0
47452.0
47555.0
47897.0
47975.0
48014.0
48056.0
48233.0
48679.0
48723.0
48976.0
48999.0
49166.0
49193.0
49577.0
49583.0
49937.0
49969.0
49986.0
50043.0
50053.0
50292.0
50341.0
50384.0
50493.0
50530.0
50564.0
50565.0
50917.0
51018.0
51050.0
51068.0
51080.0
51213.0
51294.0
51434.0
51487.0
51641.0
51741.0
51928.0
52032.0
52095.0
52176.0
52189.0
52270.0
52318.0
52319.0
52343.0
52431.0
52529.0
52535.0
52724.0
52755.0
53175.0
53239.0
53327.0
53396.0
53460.0
53533.0
53551.0
53607.0
53624.0
54178.0
54396.0
54591.0
54683.0
54689.0
55140.0
55262.0
55299.0
55326.0
55329.0
55361.0
55397.0
55397.0
55918.0
55941.0
55953.0
56314.0
56421.0
56487.0
56511.0
56579.0
56773.0
57063.0
57185.0
57272.0
57501.0
57798.0
58069.0
58176.0
58206.0
58313.0
58467.0
58658.0
58700.0
58790.0
58871.0
58974.0
59037.0
59079.0
59272.0
59395.0
59561.0
59603.0
59751.0
59846.0
59928.0
60069.0
60165.0
60205.0
60615.0
60635.0
61277.0
61329.0
61469.0
61492.0
61669.0
61704.0
61813.0
61861.0
61935.0
61947.0
62058.0
62067.0
62113.0
62345.0
62466.0
62616.0
62761.0
62806.0
63065.0
63191.0
63311.0
63519.0
64304.0
64397.0
64605.0
64624.0
64724.0
65041.0
65275.0
65275.0
66085.0
66123.0
66147.0
66515.0
66693.0
66720.0
66788.0
67334.0
67359.0
67364.0
67586.0
67589.0
67598.0
67741.0
67988.0
67995.0
68081.0
68234.0
68270.0
68461.0
68523.0
68565.0
68661.0
68915.0
69133.0
69136.0
69329.0
70027.0
70332.0
70359.0
70367.0
70390.0
70447.0
70633.0
70894.0
70989.0
71658.0
71718.0
71783.0
71882.0
71944.0
72169.0
72178.0
72323.0
72895.0
73102.0
73128.0
73201.0
73575.0
73609.0
73617.0
73794.0
74262.0
74360.0
74669.0
74716.0
74810.0
74912.0
75056.0
75603.0
75717.0
76001.0
76481.0
77017.0
77289.0
77372.0
77500.0
77570.0
77830.0
77850.0
77909.0
78166.0
78433.0
78615.0
78709.0
78742.0
78799.0
79266.0
79269.0
79344.0
79808.0
80088.0
80322.0
80484.0
81286.0
81447.0
81541.0
81567.0
81807.0
81866.0
81994.0
82018.0
82639.0
82814.0
82855.0
83042.0
83124.0
83641.0
83713.0
84107.0
84349.0
84390.0
84479.0
84647.0
84741.0
84873.0
84917.0
85170.0
85255.0
86132.0
86515.0
86585.0
86671.0
86765.0
86832.0
87271.0
87421.0
87843.0
88279.0
88485.0
88643.0
89454.0
89643.0
90305.0
90490.0
90684.0
91018.0
91268.0
91377.0
91528.0
91553.0
92562.0
92641.0
92860.0
92945.0
93156.0
93442.0
93867.0
93983.0
94292.0
94728.0
95034.0
95373.0
95419.0
95421.0
95809.0
96771.0
96864.0
96980.0
97300.0
97680.0
97764.0
98385.0
98933.0
99396.0
99840.0
100126.0
100150.0
100257.0
100990.0
101237.0
101254.0
101454.0
101611.0
101727.0
101922.0
101983.0
101990.0
102061.0
102075.0
102933.0
103241.0
103625.0
103643.0
103786.0
104524.0
104789.0
105235.0
105832.0
106003.0
106670.0
106756.0
107016.0
107578.0
108240.0
108396.0
109689.0
110695.0
111695.0
111721.0
112325.0
112341.0
112823.0
112924.0
113143.0
113169.0
113263.0
113378.0
113898.0
114230.0
116456.0
117586.0
118009.0
118100.0
118406.0
118591.0
118825.0
119614.0
120164.0
120380.0
121239.0
121797.0
122410.0
122928.0
123098.0
123110.0
123572.0
123680.0
124375.0
124871.0
125533.0
125778.0
126579.0
126917.0
127616.0
127652.0
127762.0
127832.0
129526.0
129529.0
130195.0
130565.0
130693.0
131058.0
131390.0
131435.0
131511.0
132201.0
132963.0
133098.0
133294.0
134228.0
135837.0
135910.0
136763.0
137394.0
137397.0
139405.0
140064.0
140109.0
140642.0
141564.0
142218.0
143584.0
143683.0
143821.0
144322.0
145255.0
145287.0
145764.0
146040.0
150280.0
150463.0
150706.0
151604.0
156241.0
156853.0
157106.0
157644.0
157913.0
157965.0
158091.0
158107.0
158197.0
159183.0
159441.0
160180.0
162068.0
162783.0
163596.0
164068.0
165760.0
166479.0
169293.0
171082.0
171398.0
173687.0
174755.0
175057.0
175500.0
175599.0
176538.0
177488.0
178393.0
178406.0
179450.0
181122.0
184307.0
184722.0
184799.0
185359.0
185537.0
185913.0
185993.0
186334.0
186845.0
186852.0
187565.0
190346.0
193167.0
194092.0
196694.0
197473.0
200573.0
200787.0
201858.0
202699.0
202721.0
204152.0
205880.0
206168.0
208142.0
209198.0
209902.0
212852.0
213955.0
221782.0
222142.0
222529.0
223267.0
224251.0
224373.0
225353.0
228776.0
229716.0
230658.0
231070.0
232156.0
234296.0
234327.0
235401.0
236758.0
240488.0
241788.0
242851.0
243423.0
246845.0
247291.0
247821.0
249186.0
251261.0
251489.0
254085.0
255223.0
255570.0
257705.0
262378.0
263281.0
266278.0
267245.0
269154.0
270771.0
272797.0
281587.0
281726.0
282145.0
286641.0
290873.0
290912.0
291742.0
292918.0
295101.0
297096.0
297897.0
302004.0
302440.0
307578.0
316974.0
320800.0
324338.0
326273.0
327299.0
336379.0
336753.0
339462.0
344540.0
347561.0
358630.0
358724.0
363694.0
366801.0
374493.0
384883.0
393519.0
396781.0
406943.0
407027.0
407396.0
412343.0
413876.0
416481.0
416884.0
423939.0
425055.0
425948.0
439125.0
441220.0
441868.0
455278.0
460949.0
477114.0
479862.0
482317.0
486612.0
486903.0
493825.0
501174.0
503749.0
504019.0
517347.0
537345.0
558810.0
566120.0
576954.0
581135.0
581205.0
598274.0
600164.0
607124.0
617444.0
626353.0
673355.0
730399.0
734383.0
735241.0
788534.0
789763.0
807719.0
807793.0
815383.0
842587.0
843381.0
890518.0
893321.0
952153.0
1003825.0
1015787.0
1059322.0
1143981.0
1193486.0
1245601.0
1275086.0
1306089.0
1427634.0
1504909.0
1523476.0
1566252.0
1690212.0
1954018.0
1989434.0
2000000.0
2000000.0
2000000.0
2000000.0
2000000.0
2000000.0
2000000.0
2000000.0
2000000.0
2000000.0
2000000.0
2000000.0
2000000.0
2000000.0
2000000.0
2000000.0
2000000.0
2000000.0
2000000.0
2000000.0
2000000.0
2000000.0
2000000.0
2000000.0
2000000.0
2000000.0
2000000.0
2000000.0
2000000.0
2000000.0
2000000.0
2000000.0
2000000.0
2000000.0
2000000.0
2000000.0
2000000.0
2000000.0
