#T=0 quenches for random K-SAT
#N=102400  alpha=8.71  maxIter=2000000   NSamples=1000
#av(t)	69539.555
#av(log(t))	11.048237621365718
#std(log(t))	0.013732021937500068
19370.0
23246.0
23611.0
24767.0
25184.0
25566.0
25979.0
26048.0
26495.0
26785.0
27237.0
27369.0
27423.0
27492.0
27540.0
27655.0
27730.0
28128.0
28402.0
28435.0
29017.0
29433.0
29634.0
29694.0
29970.0
30141.0
30487.0
30540.0
30985.0
31003.0
31047.0
31164.0
31266.0
31333.0
31885.0
32009.0
32148.0
32289.0
32471.0
32577.0
32693.0
32747.0
32776.0
32819.0
33002.0
33003.0
33026.0
33125.0
33128.0
33294.0
33362.0
33410.0
33483.0
33497.0
33666.0
33675.0
33954.0
34007.0
34287.0
34479.0
34490.0
34541.0
34627.0
34774.0
34777.0
34787.0
34821.0
34923.0
35432.0
35443.0
35506.0
35533.0
35535.0
35595.0
35756.0
35809.0
35936.0
35946.0
36011.0
36051.0
36213.0
36273.0
36381.0
36399.0
36427.0
36540.0
36599.0
36753.0
36813.0
36877.0
36890.0
36982.0
37011.0
37044.0
37048.0
37059.0
37184.0
37317.0
37360.0
37396.0
37419.0
37474.0
37483.0
37506.0
37578.0
37593.0
37676.0
37729.0
37833.0
37884.0
37943.0
37990.0
38000.0
38083.0
38111.0
38148.0
38194.0
38241.0
38291.0
38361.0
38577.0
38603.0
38629.0
38717.0
38772.0
38793.0
38844.0
38866.0
39100.0
39129.0
39188.0
39288.0
39413.0
39432.0
39482.0
39508.0
39533.0
39574.0
39604.0
39722.0
39726.0
39950.0
40020.0
40021.0
40030.0
40032.0
40095.0
40106.0
40151.0
40190.0
40619.0
40631.0
40634.0
40659.0
40696.0
40752.0
40803.0
40820.0
40833.0
40981.0
41127.0
41204.0
41207.0
41226.0
41371.0
41437.0
41622.0
41768.0
41776.0
41793.0
41943.0
42045.0
42055.0
42092.0
42238.0
42315.0
42333.0
42388.0
42402.0
42457.0
42489.0
42530.0
42531.0
42679.0
42685.0
42727.0
42736.0
42773.0
42785.0
42802.0
42863.0
42984.0
42997.0
43068.0
43079.0
43107.0
43312.0
43313.0
43341.0
43360.0
43395.0
43438.0
43484.0
43588.0
43613.0
43622.0
43691.0
43767.0
43773.0
43887.0
43999.0
44016.0
44090.0
44113.0
44140.0
44207.0
44221.0
44322.0
44368.0
44383.0
44510.0
44540.0
44601.0
44608.0
44701.0
44742.0
44749.0
44750.0
44811.0
44814.0
44950.0
44966.0
45143.0
45203.0
45208.0
45396.0
45406.0
45449.0
45518.0
45564.0
45586.0
45644.0
45692.0
45713.0
45763.0
45828.0
45869.0
45879.0
45917.0
45963.0
45972.0
46025.0
46064.0
46123.0
46131.0
46287.0
46300.0
46309.0
46334.0
46359.0
46398.0
46535.0
46551.0
46595.0
46698.0
46832.0
46954.0
46979.0
47028.0
47060.0
47202.0
47216.0
47225.0
47231.0
47338.0
47382.0
47393.0
47394.0
47403.0
47412.0
47477.0
47519.0
47520.0
47536.0
47538.0
47540.0
47553.0
47602.0
47657.0
47777.0
47800.0
47882.0
47930.0
47966.0
47983.0
48001.0
48054.0
48078.0
48103.0
48108.0
48205.0
48236.0
48240.0
48254.0
48437.0
48515.0
48565.0
48625.0
48645.0
48676.0
48712.0
48715.0
48744.0
48761.0
48837.0
48840.0
48868.0
49039.0
49199.0
49221.0
49513.0
49575.0
49603.0
49610.0
49647.0
49685.0
49688.0
49735.0
49754.0
49832.0
50067.0
50137.0
50203.0
50247.0
50340.0
50506.0
50562.0
50584.0
50611.0
50861.0
50864.0
50870.0
50892.0
50963.0
51152.0
51163.0
51165.0
51213.0
51539.0
51668.0
51740.0
51803.0
51810.0
51848.0
51871.0
51894.0
51926.0
51971.0
52071.0
52081.0
52166.0
52166.0
52193.0
52306.0
52350.0
52386.0
52476.0
52537.0
52658.0
52773.0
52794.0
52833.0
52859.0
52906.0
52932.0
52945.0
52952.0
53011.0
53198.0
53219.0
53437.0
53440.0
53538.0
53588.0
53636.0
53709.0
53810.0
53824.0
53836.0
53843.0
53878.0
53906.0
53953.0
53967.0
53983.0
53989.0
54036.0
54125.0
54230.0
54291.0
54343.0
54348.0
54396.0
54454.0
54462.0
54469.0
54479.0
54501.0
54513.0
54558.0
54643.0
54648.0
54751.0
54799.0
54882.0
54922.0
54943.0
54965.0
54978.0
54985.0
55015.0
55042.0
55100.0
55140.0
55189.0
55210.0
55228.0
55238.0
55362.0
55387.0
55394.0
55494.0
55550.0
55552.0
55726.0
55738.0
55796.0
55802.0
55853.0
55856.0
55977.0
55986.0
56284.0
56295.0
56328.0
56695.0
56927.0
57037.0
57231.0
57267.0
57390.0
57412.0
57451.0
57502.0
57549.0
57621.0
57669.0
57768.0
57893.0
57934.0
57981.0
58031.0
58100.0
58297.0
58359.0
58407.0
58416.0
58442.0
58447.0
58672.0
58788.0
58828.0
58851.0
58867.0
58869.0
58947.0
58949.0
58954.0
58994.0
59003.0
59047.0
59048.0
59072.0
59144.0
59189.0
59313.0
59374.0
59405.0
59435.0
59448.0
59463.0
59530.0
59583.0
59663.0
59672.0
59717.0
59930.0
59968.0
60005.0
60012.0
60034.0
60068.0
60072.0
60187.0
60206.0
60279.0
60289.0
60292.0
60345.0
60358.0
60395.0
60487.0
60626.0
60658.0
60874.0
60890.0
60935.0
60942.0
60951.0
61028.0
61032.0
61044.0
61092.0
61188.0
61232.0
61255.0
61424.0
61459.0
61460.0
61464.0
61584.0
61589.0
61806.0
61809.0
61825.0
61868.0
61923.0
61951.0
61961.0
61997.0
62103.0
62114.0
62137.0
62163.0
62225.0
62277.0
62324.0
62379.0
62381.0
62450.0
62501.0
62556.0
62637.0
62690.0
62728.0
63005.0
63051.0
63140.0
63194.0
63240.0
63576.0
63745.0
63771.0
63780.0
64080.0
64266.0
64521.0
64529.0
64645.0
64680.0
64721.0
64768.0
64896.0
64908.0
64930.0
64933.0
65009.0
65026.0
65040.0
65041.0
65042.0
65175.0
65409.0
65696.0
65720.0
65898.0
65971.0
66008.0
66040.0
66066.0
66099.0
66113.0
66150.0
66380.0
66705.0
66706.0
66709.0
66732.0
66749.0
66798.0
66820.0
66985.0
67131.0
67229.0
67293.0
67747.0
67813.0
67823.0
67830.0
67840.0
67847.0
67849.0
68049.0
68067.0
68207.0
68367.0
68369.0
68585.0
68639.0
68744.0
68745.0
68994.0
69079.0
69107.0
69189.0
69326.0
69361.0
69497.0
69972.0
69979.0
69997.0
70057.0
70074.0
70105.0
70364.0
70389.0
70474.0
70555.0
70687.0
70727.0
70781.0
70860.0
70894.0
70907.0
70920.0
71002.0
71303.0
71398.0
71872.0
72150.0
72167.0
72210.0
72293.0
72367.0
72425.0
72531.0
72548.0
72676.0
72842.0
72851.0
72914.0
73044.0
73145.0
73181.0
73289.0
73372.0
73400.0
73588.0
73600.0
73622.0
73624.0
73664.0
73828.0
74185.0
74331.0
74392.0
74503.0
74510.0
74604.0
74639.0
74695.0
74728.0
74833.0
75050.0
75087.0
75111.0
75358.0
75409.0
75465.0
75717.0
75812.0
75932.0
76040.0
76104.0
76167.0
76216.0
76379.0
76593.0
76744.0
76893.0
76933.0
77106.0
77482.0
77638.0
78194.0
78208.0
78220.0
78310.0
78320.0
78472.0
78540.0
78662.0
78681.0
78960.0
79145.0
79312.0
79666.0
79715.0
79802.0
79989.0
80027.0
80055.0
80150.0
80172.0
80181.0
80268.0
80390.0
80495.0
80749.0
80762.0
80874.0
80888.0
80936.0
81035.0
81112.0
81126.0
81581.0
81731.0
81990.0
82075.0
82112.0
82112.0
82200.0
82222.0
82362.0
82518.0
82567.0
82590.0
82596.0
82611.0
82692.0
82704.0
83202.0
83243.0
83485.0
83533.0
84376.0
84435.0
84640.0
84736.0
84818.0
84872.0
85000.0
85035.0
85045.0
85052.0
85131.0
85258.0
85886.0
86004.0
86196.0
86228.0
86726.0
86827.0
86912.0
87337.0
87408.0
87670.0
88138.0
88509.0
88560.0
88721.0
88931.0
89030.0
89359.0
89371.0
89626.0
89697.0
89765.0
89796.0
90276.0
90623.0
90719.0
90771.0
90819.0
90867.0
91258.0
91432.0
91528.0
91556.0
91654.0
91677.0
91677.0
91752.0
91754.0
91846.0
92063.0
92110.0
92179.0
92276.0
92368.0
92586.0
92873.0
92946.0
93386.0
93394.0
93411.0
93586.0
93647.0
93654.0
93668.0
93701.0
93856.0
93859.0
93881.0
93946.0
94050.0
94106.0
94379.0
94767.0
94831.0
94831.0
94850.0
94927.0
94936.0
95087.0
95724.0
96194.0
96547.0
96599.0
96894.0
97291.0
97427.0
97452.0
97598.0
97830.0
97870.0
98112.0
98116.0
98201.0
98202.0
98507.0
98765.0
98900.0
99350.0
99447.0
99583.0
99905.0
100100.0
100217.0
100259.0
100296.0
100439.0
100807.0
101226.0
101331.0
101363.0
101687.0
102019.0
103588.0
103724.0
103827.0
103914.0
104147.0
104255.0
104365.0
104477.0
105007.0
105393.0
105612.0
105758.0
105900.0
106103.0
106278.0
106339.0
107341.0
107527.0
107608.0
107615.0
107668.0
108629.0
109623.0
109651.0
109659.0
109730.0
109785.0
110633.0
110689.0
110837.0
111060.0
111182.0
111235.0
112040.0
112644.0
113265.0
113741.0
114272.0
114601.0
115268.0
115450.0
116088.0
116167.0
116224.0
116247.0
116398.0
117383.0
118255.0
119825.0
120365.0
120740.0
121738.0
122367.0
123000.0
123293.0
123649.0
124278.0
125230.0
125857.0
127690.0
128378.0
128395.0
128966.0
130040.0
130059.0
130065.0
130969.0
132199.0
132341.0
133017.0
133267.0
133358.0
133377.0
133393.0
133949.0
135190.0
136633.0
137226.0
138736.0
139040.0
139284.0
139323.0
139396.0
139798.0
139982.0
140347.0
140658.0
140752.0
140921.0
141072.0
142816.0
142975.0
144018.0
144538.0
145531.0
146859.0
147014.0
147537.0
150788.0
151333.0
152119.0
159524.0
160645.0
160835.0
161134.0
161945.0
163412.0
166585.0
167177.0
168179.0
169147.0
169634.0
170442.0
172001.0
175976.0
177435.0
182652.0
184489.0
188792.0
191507.0
192286.0
193446.0
201886.0
207256.0
214806.0
215623.0
227538.0
234800.0
273469.0
304820.0
382677.0
