#  N   alpha   nIter  av(e)   err(e)   P(sol)    nsamples
8192	9.00	65536	0.001	0.000	0.999	10000
8192	9.10	65536	0.113	0.004	0.913	10000
8192	9.15	65536	0.517	0.010	0.691	10000
8192	9.20	65536	1.534	0.013	0.367	20000
8192	9.30	65536	6.515	0.026	0.019	20000
8192	9.33	65536	8.687	0.041	0.004	10000
8192	9.35	65536	10.344	0.044	0.001	10000
8192	9.40	65536	14.659	0.036	0.000	20000
8192	9.45	65536	19.462	0.055	0.000	10000
8192	9.50	65536	24.609	0.042	0.000	20000
8192	9.60	65536	35.676	0.047	0.000	20000
8192	9.80	65536	60.146	0.077	0.000	10000
8192	9.10	1024	36.623	0.068	0.000	10000
8192	9.15	1024	41.761	0.071	0.000	10000
8192	9.17	1024	43.971	0.072	0.000	10000
8192	9.20	1024	47.264	0.074	0.000	10000
8192	9.25	1024	52.867	0.077	0.000	10000
8192	9.30	1024	58.603	0.080	0.000	10000
8192	9.35	1024	64.562	0.082	0.000	10000
8192	9.38	1024	68.215	0.083	0.000	10000
8192	9.40	1024	70.811	0.085	0.000	10000
8192	9.45	1024	76.984	0.087	0.000	10000
8192	9.50	1024	83.464	0.090	0.000	10000
8192	9.55	1024	89.806	0.091	0.000	10000
8192	9.70	1024	109.954	0.098	0.000	10000
8192	9.90	1024	138.320	0.106	0.000	10000
8192	9.00	524288	0.000	0.000	1.000	9711
8192	9.10	524288	0.000	0.000	1.000	9517
8192	9.20	524288	0.001	0.000	0.999	8221
8192	9.30	524288	0.211	0.009	0.853	4611
8192	9.40	524288	2.705	0.052	0.195	2241
8192	9.50	524288	9.738	0.099	0.001	1982
8192	9.60	524288	19.507	0.125	0.000	2109
16384	9.00	4096	16.060	0.056	0.000	10000
16384	9.05	4096	23.040	0.065	0.000	10000
16384	9.10	4096	31.170	0.073	0.000	10000
16384	9.15	4096	39.807	0.079	0.000	10000
16384	9.17	4096	43.378	0.081	0.000	10000
16384	9.20	4096	49.192	0.085	0.000	10000
16384	9.25	4096	58.961	0.090	0.000	10000
16384	9.28	4096	65.208	0.092	0.000	10000
16384	9.30	4096	69.489	0.095	0.000	10000
16384	9.35	4096	80.290	0.099	0.000	10000
16384	9.40	4096	91.557	0.103	0.000	10000
16384	9.45	4096	103.153	0.107	0.000	10000
16384	9.60	4096	139.906	0.118	0.000	10000
16384	9.80	4096	193.036	0.130	0.000	10000
16384	9.00	131072	0.000	0.000	1.000	6100
16384	9.15	131072	0.040	0.003	0.964	5900
16384	9.20	131072	0.399	0.013	0.734	4046
16384	9.30	131072	5.397	0.036	0.042	10000
16384	9.33	131072	8.558	0.060	0.005	5487
16384	9.35	131072	11.056	0.050	0.001	10000
16384	9.37	131072	13.828	0.065	0.001	6788
16384	9.40	131072	18.641	0.120	0.000	2497
16384	9.45	131072	27.190	0.143	0.000	2505
16384	9.50	131072	37.099	0.078	0.000	10000
16384	9.60	131072	59.030	0.182	0.000	2433
16384	9.80	131072	106.842	0.224	0.000	2244
16384	9.10	8192	16.381	0.057	0.000	10000
16384	9.25	8192	41.181	0.080	0.000	10000
16384	9.30	8192	51.013	0.085	0.000	10000
16384	9.35	8192	61.351	0.091	0.000	10000
16384	9.38	8192	67.588	0.094	0.000	10000
16384	9.40	8192	71.820	0.095	0.000	10000
16384	9.45	8192	83.325	0.100	0.000	10000
16384	9.48	8192	90.154	0.103	0.000	10000
16384	9.50	8192	94.655	0.104	0.000	10000
16384	9.55	8192	106.362	0.107	0.000	10000
16384	9.70	8192	144.314	0.118	0.000	10000
16384	9.90	8192	197.789	0.129	0.000	10000
16384	9.00	65536	0.000	0.000	1.000	7483
16384	9.10	65536	0.105	0.005	0.913	4971
16384	9.20	65536	2.452	0.044	0.195	2674
16384	9.30	65536	12.434	0.107	0.002	2341
16384	9.40	65536	28.564	0.148	0.000	2305
16384	9.50	65536	48.512	0.178	0.000	2261
16384	9.60	65536	70.505	0.203	0.000	2237
16384	9.00	524288	0.000	0.000	1.000	1078
16384	9.10	524288	0.000	0.000	1.000	1029
16384	9.20	524288	0.001	0.001	0.999	884
16384	9.30	524288	0.253	0.027	0.814	505
16384	9.40	524288	5.217	0.214	0.047	277
16384	9.50	524288	19.252	0.373	0.000	270
16384	9.60	524288	39.123	0.477	0.000	253
32768	9.00	8192	10.103	0.053	0.001	7700
32768	9.05	8192	19.515	0.064	0.000	10000
32768	9.10	8192	31.805	0.080	0.000	10000
32768	9.15	8192	46.523	0.097	0.000	9500
32768	9.17	8192	52.967	0.095	0.000	10000
32768	9.20	8192	62.877	0.108	0.000	9100
32768	9.25	8192	81.319	0.112	0.000	10000
32768	9.30	8192	100.460	0.119	0.000	10000
32768	9.35	8192	121.226	0.127	0.000	10000
32768	9.40	8192	142.787	0.166	0.000	6600
32768	9.45	8192	165.044	0.142	0.000	10000
32768	9.60	8192	236.422	0.156	0.000	10000
32768	9.80	8192	339.648	0.174	0.000	10000
32768	9.00	262144	0.000	0.000	1.000	1162
32768	9.15	262144	0.000	0.000	1.000	1113
32768	9.20	262144	0.023	0.005	0.977	920
32768	9.30	262144	2.501	0.056	0.187	1838
32768	9.35	262144	9.203	0.116	0.005	1764
32768	9.37	262144	13.036	0.182	0.000	979
32768	9.40	262144	20.793	0.155	0.000	2105
32768	9.42	262144	26.758	0.186	0.000	1712
32768	9.45	262144	36.190	0.309	0.000	806
32768	9.50	262144	54.520	0.503	0.000	404
32768	9.60	262144	95.844	0.285	0.000	1773
32768	9.80	262144	191.146	0.347	0.000	1784
32768	9.10	16384	11.677	0.051	0.001	10000
32768	9.20	16384	35.889	0.085	0.000	10000
32768	9.25	16384	51.803	0.096	0.000	10000
32768	9.28	16384	62.189	0.104	0.000	10000
32768	9.30	16384	69.600	0.106	0.000	10000
32768	9.35	16384	88.699	0.116	0.000	10000
32768	9.38	16384	100.815	0.122	0.000	10000
32768	9.40	16384	109.255	0.148	0.000	7084
32768	9.45	16384	130.297	0.130	0.000	10000
32768	9.70	16384	249.198	0.158	0.000	10000
32768	9.00	65536	0.000	0.000	1.000	2056
32768	9.10	65536	0.113	0.004	0.900	7153
32768	9.20	65536	4.485	0.071	0.050	2026
32768	9.25	65536	11.978	0.093	0.001	3367
32768	9.30	65536	23.773	0.089	0.000	6798
32768	9.35	65536	38.964	0.153	0.000	3318
32768	9.40	65536	56.364	0.124	0.000	6610
32768	9.45	65536	75.090	0.195	0.000	3308
32768	9.48	65536	87.295	0.203	0.000	3244
32768	9.50	65536	95.790	0.148	0.000	6524
32768	9.55	65536	118.178	0.440	0.000	788
32768	9.57	65536	126.719	0.233	0.000	3204
32768	9.60	65536	140.346	0.230	0.000	3202
32768	9.70	65536	187.802	0.515	0.000	776
32768	9.90	65536	290.237	0.574	0.000	750
32768	9.00	524288	0.000	0.000	1.000	275
32768	9.10	524288	0.000	0.000	1.000	673
32768	9.20	524288	0.000	0.000	1.000	609
32768	9.30	524288	0.343	0.027	0.733	606
32768	9.40	524288	9.798	0.252	0.010	391
32768	9.50	524288	38.472	0.442	0.000	390
32768	9.60	524288	77.881	0.571	0.000	388
65536	9.00	16384	2.405	0.020	0.147	10000
65536	9.15	16384	43.513	0.098	0.000	10000
65536	9.17	16384	53.952	0.129	0.000	7053
65536	9.20	16384	70.692	0.119	0.000	10000
65536	9.23	16384	89.330	0.153	0.000	7256
65536	9.25	16384	102.623	0.164	0.000	6976
65536	9.30	16384	137.736	0.189	0.000	6364
65536	9.35	16384	175.859	0.200	0.000	6444
65536	9.40	16384	216.609	0.175	0.000	10000
65536	9.45	16384	259.510	0.185	0.000	10000
65536	9.60	16384	397.354	0.211	0.000	10000
65536	9.80	16384	600.830	0.442	0.000	2840
65536	9.00	524288	0.000	0.000	1.000	1349
65536	9.10	524288	0.000	0.000	1.000	542
65536	9.15	524288	0.000	0.000	1.000	903
65536	9.20	524288	0.000	0.000	1.000	1265
65536	9.25	524288	0.013	0.013	0.987	78
65536	9.30	524288	0.559	0.021	0.635	2089
65536	9.35	524288	4.722	0.359	0.089	79
65536	9.40	524288	18.911	0.164	0.000	1853
65536	9.42	524288	28.287	0.714	0.000	150
65536	9.44	524288	36.578	0.732	0.000	154
65536	9.45	524288	42.467	0.516	0.000	381
65536	9.50	524288	75.958	0.326	0.000	1557
65536	9.55	524288	114.524	0.381	0.000	1486
65536	9.57	524288	131.878	1.240	0.000	164
65536	9.60	524288	156.399	0.393	0.000	1687
65536	9.70	524288	247.783	0.973	0.000	327
65536	9.80	524288	340.863	3.034	0.000	51
65536	9.90	524288	446.600	4.273	0.000	25
65536	9.00	65536	0.000	0.000	1.000	3351
65536	9.10	65536	0.170	0.009	0.850	2275
65536	9.20	65536	8.038	0.113	0.005	1516
65536	9.30	65536	46.570	0.271	0.000	1501
65536	9.35	65536	76.742	0.316	0.000	1487
65536	9.38	65536	97.748	0.345	0.000	1562
65536	9.40	65536	111.698	0.354	0.000	1495
65536	9.45	65536	150.555	0.411	0.000	1478
65536	9.47	65536	166.366	0.405	0.000	1534
65536	9.50	65536	190.854	0.439	0.000	1483
65536	9.55	65536	234.749	0.469	0.000	1453
65536	9.60	65536	279.725	0.965	0.000	349
65536	9.70	65536	374.468	0.524	0.000	1457
131072	9.00	32768	0.117	0.011	0.893	1030
131072	9.15	32768	25.280	0.278	0.000	719
131072	9.20	32768	60.972	0.247	0.000	2352
131072	9.23	32768	89.006	0.349	0.000	1713
131072	9.25	32768	111.074	0.370	0.000	1673
131072	9.28	32768	146.435	0.417	0.000	1681
131072	9.30	32768	172.578	0.465	0.000	1500
131072	9.35	32768	242.447	0.527	0.000	1516
131072	9.40	32768	318.573	0.463	0.000	2252
131072	9.45	32768	400.674	0.882	0.000	668
131072	9.60	32768	667.753	1.038	0.000	673
131072	9.80	32768	1065.136	0.607	0.000	2844
131072	9.00	1048576	0.000	0.000	1.000	29
131072	9.15	1048576	0.000	0.000	1.000	102
131072	9.20	1048576	0.000	0.000	1.000	104
131072	9.25	1048576	0.000	0.000	1.000	97
131072	9.30	1048576	0.000	0.000	1.000	60
131072	9.35	1048576	1.207	0.145	0.402	92
131072	9.40	1048576	12.413	0.714	0.000	75
131072	9.42	1048576	22.500	1.118	0.000	50
131072	9.44	1048576	36.000	1.414	0.000	2
131072	9.45	1048576	44.107	1.248	0.000	75
131072	9.50	1048576	99.054	1.793	0.000	74
131072	9.60	1048576	251.400	2.353	0.000	75
131072	9.80	1048576	622.294	3.568	0.000	68
131072	9.25	262144	0.912	0.082	0.456	182
131072	9.35	262144	33.774	0.712	0.000	164
131072	9.40	262144	79.195	1.096	0.000	164
131072	9.45	262144	142.366	1.361	0.000	164
131072	9.47	262144	172.515	1.422	0.000	169
131072	9.50	262144	211.854	1.480	0.000	164
131072	9.53	262144	260.510	1.462	0.000	200
131072	9.55	262144	294.549	1.649	0.000	164
131072	9.60	262144	379.707	1.784	0.000	164
131072	9.70	262144	564.348	2.097	0.000	164
131072	9.30	4194304	0.000	0.000	1.000	25
131072	9.40	4194304	0.000	0.000	1.000	19
131072	9.00	65536	0.000	0.000	1.000	342
131072	9.10	65536	0.284	0.018	0.762	955
131072	9.20	65536	15.524	0.219	0.000	720
131072	9.30	65536	92.894	0.530	0.000	720
131072	9.40	65536	220.953	0.716	0.000	716
131072	9.50	65536	381.137	0.919	0.000	708
131072	9.60	65536	557.665	1.020	0.000	702
131072	9.00	524288	0.000	0.000	1.000	29
131072	9.10	524288	0.000	0.000	1.000	167
131072	9.20	524288	0.000	0.000	1.000	163
131072	9.30	524288	1.250	0.165	0.319	72
131072	9.40	524288	37.891	1.295	0.000	64
131072	9.50	524288	153.453	2.202	0.000	64
131072	9.60	524288	312.422	2.590	0.000	64
262144	9.00	65536	0.000	0.000	1.000	971
262144	9.10	65536	0.534	0.038	0.611	414
262144	9.15	65536	5.740	0.245	0.020	150
262144	9.20	65536	30.134	0.214	0.000	1489
262144	9.25	65536	89.934	0.820	0.000	350
262144	9.28	65536	143.518	0.924	0.000	400
262144	9.30	65536	183.181	0.776	0.000	686
262144	9.32	65536	228.290	1.152	0.000	400
262144	9.35	65536	305.117	1.307	0.000	350
262144	9.40	65536	442.145	1.069	0.000	829
262144	9.45	65536	597.627	2.448	0.000	150
262144	9.50	65536	762.665	1.781	0.000	328
262144	9.60	65536	1118.579	1.782	0.000	478
262144	9.80	65536	1896.393	4.033	0.000	150
262144	9.30	1048576	0.085	0.023	0.921	164
262144	9.40	1048576	23.680	0.722	0.000	100
262144	9.50	1048576	201.470	2.049	0.000	100
262144	9.53	1048576	279.902	3.803	0.000	51
262144	9.55	1048576	339.560	2.616	0.000	100
262144	9.60	1048576	500.070	3.015	0.000	100
262144	9.70	1048576	854.020	3.313	0.000	100
262144	9.00	524288	0.000	0.000	1.000	64
262144	9.10	524288	0.000	0.000	1.000	64
262144	9.20	524288	0.000	0.000	1.000	64
262144	9.30	524288	1.476	0.424	0.381	21
262144	9.40	524288	69.929	3.839	0.000	14
262144	9.50	524288	302.143	5.032	0.000	14
262144	9.60	524288	622.857	9.435	0.000	14
524288	9.00	131072	0.000	0.000	1.000	300
524288	9.15	131072	0.000	0.000	1.000	29
524288	9.20	131072	5.540	0.306	0.000	50
524288	9.25	131072	42.094	1.149	0.000	64
524288	9.30	131072	145.327	1.504	0.000	150
524288	9.32	131072	213.820	2.601	0.000	100
524288	9.35	131072	332.513	2.287	0.000	150
524288	9.40	131072	564.804	2.434	0.000	225
524288	9.60	131072	1852.065	4.090	0.000	124
524288	9.80	131072	3382.904	5.348	0.000	125
