#SA random K-SAT
#N=131072  nIter=4096  alpha=3.87   NSamples=9115
#av(e)	1.5181568842567197
#std(e)	0.01312562419185301
2	4096
1	4096
0	3478
1	4096
1	4096
1	4096
1	4096
2	4096
0	3873
1	4096
1	4096
2	4096
1	4096
3	4096
0	3697
1	4096
2	4096
1	4096
3	4096
1	4096
0	3772
1	4096
2	4096
0	3851
1	4096
1	4096
4	4096
0	4074
1	4096
1	4096
2	4096
1	4096
3	4096
1	4096
2	4096
1	4096
1	4096
3	4096
1	4096
2	4096
1	4096
1	4096
0	3487
1	4096
0	3446
0	3281
0	3723
0	3644
4	4096
5	4096
1	4096
0	3742
0	3883
1	4096
1	4096
1	4096
1	4096
3	4096
2	4096
4	4096
2	4096
1	4096
2	4096
2	4096
2	4096
1	4096
6	4096
2	4096
1	4096
3	4096
1	4096
1	4096
3	4096
0	3266
1	4096
2	4096
0	3981
2	4096
3	4096
2	4096
0	3815
0	3757
3	4096
1	4096
1	4096
2	4096
0	3567
0	3040
1	4096
1	4096
2	4096
1	4096
0	3903
1	4096
0	3523
2	4096
6	4096
3	4096
3	4096
3	4096
0	3406
0	3750
1	4096
4	4096
2	4096
0	3892
2	4096
2	4096
1	4096
2	4096
1	4096
1	4096
0	3786
2	4096
1	4096
0	3819
3	4096
1	4096
1	4096
1	4096
1	4096
2	4096
2	4096
2	4096
2	4096
2	4096
1	4096
2	4096
0	3364
0	3298
1	4096
0	3310
3	4096
2	4096
3	4096
2	4096
0	3131
1	4096
1	4096
3	4096
0	3617
0	3482
2	4096
2	4096
0	3054
3	4096
4	4096
1	4096
3	4096
2	4096
1	4096
3	4096
1	4096
0	2990
1	4096
0	3399
1	4096
4	4096
0	3744
0	3766
0	3466
1	4096
1	4096
2	4096
0	3434
1	4096
1	4096
3	4096
0	3664
1	4096
2	4096
0	3712
1	4096
1	4096
2	4096
1	4096
2	4096
1	4096
0	3874
0	3602
4	4096
2	4096
0	3928
0	3842
0	3329
1	4096
0	3451
1	4096
2	4096
0	2870
2	4096
3	4096
0	3260
2	4096
2	4096
0	3184
4	4096
1	4096
1	4096
1	4096
3	4096
1	4096
0	3587
1	4096
1	4096
2	4096
1	4096
1	4096
3	4096
1	4096
0	3916
1	4096
2	4096
2	4096
1	4096
0	3889
3	4096
3	4096
1	4096
1	4096
2	4096
0	3186
2	4096
2	4096
3	4096
1	4096
2	4096
1	4096
1	4096
0	2889
2	4096
2	4096
1	4096
2	4096
2	4096
1	4096
0	4094
3	4096
1	4096
1	4096
3	4096
3	4096
1	4096
2	4096
0	3867
2	4096
0	3960
0	3753
1	4096
1	4096
1	4096
0	3103
1	4096
0	3936
0	3457
7	4096
1	4096
2	4096
1	4096
2	4096
2	4096
2	4096
2	4096
0	3111
4	4096
2	4096
0	3244
1	4096
1	4096
1	4096
2	4096
1	4096
1	4096
1	4096
1	4096
0	3050
0	4014
2	4096
0	2987
0	2404
2	4096
2	4096
3	4096
1	4096
1	4096
2	4096
1	4096
3	4096
2	4096
3	4096
1	4096
2	4096
0	3780
2	4096
1	4096
0	3931
3	4096
0	3944
2	4096
1	4096
4	4096
2	4096
0	3601
1	4096
3	4096
2	4096
2	4096
2	4096
1	4096
1	4096
0	2857
1	4096
1	4096
2	4096
2	4096
2	4096
4	4096
1	4096
1	4096
2	4096
1	4096
0	3688
1	4096
2	4096
3	4096
1	4096
1	4096
5	4096
0	4045
0	3205
2	4096
2	4096
1	4096
2	4096
3	4096
2	4096
0	3525
1	4096
1	4096
0	3813
0	3497
2	4096
1	4096
1	4096
1	4096
1	4096
3	4096
1	4096
1	4096
0	3747
0	3900
7	4096
3	4096
0	3447
4	4096
0	3031
0	3623
0	3560
2	4096
0	3372
5	4096
2	4096
4	4096
1	4096
5	4096
2	4096
1	4096
2	4096
1	4096
3	4096
1	4096
1	4096
3	4096
2	4096
4	4096
1	4096
1	4096
3	4096
3	4096
1	4096
1	4096
1	4096
0	3257
1	4096
0	3248
2	4096
1	4096
0	3516
0	3908
0	3287
1	4096
0	3377
3	4096
1	4096
1	4096
3	4096
2	4096
2	4096
1	4096
0	4057
1	4096
1	4096
1	4096
2	4096
0	3677
2	4096
1	4096
1	4096
4	4096
1	4096
0	4019
3	4096
1	4096
2	4096
0	3950
1	4096
0	3662
0	3498
2	4096
2	4096
0	3659
2	4096
4	4096
1	4096
2	4096
2	4096
1	4096
2	4096
1	4096
1	4096
0	3918
2	4096
3	4096
5	4096
3	4096
1	4096
3	4096
1	4096
4	4096
2	4096
1	4096
0	3680
0	3979
1	4096
1	4096
2	4096
2	4096
2	4096
1	4096
0	3699
2	4096
2	4096
1	4096
3	4096
3	4096
1	4096
1	4096
3	4096
1	4096
1	4096
1	4096
4	4096
1	4096
2	4096
2	4096
2	4096
0	3432
2	4096
1	4096
0	3968
0	4004
0	3808
2	4096
2	4096
1	4096
2	4096
1	4096
1	4096
4	4096
2	4096
2	4096
2	4096
2	4096
0	3977
2	4096
0	4037
0	3563
2	4096
0	3566
2	4096
0	3652
1	4096
1	4096
2	4096
0	3367
0	3105
1	4096
0	3069
1	4096
0	3670
1	4096
1	4096
1	4096
0	3983
1	4096
0	3518
0	3284
0	3626
3	4096
1	4096
0	3122
0	4032
2	4096
2	4096
0	3973
2	4096
2	4096
1	4096
3	4096
2	4096
1	4096
2	4096
1	4096
4	4096
2	4096
2	4096
1	4096
0	3444
2	4096
1	4096
2	4096
2	4096
1	4096
3	4096
0	3738
2	4096
0	3868
0	3445
1	4096
1	4096
0	3766
2	4096
2	4096
0	3809
2	4096
0	3467
0	3949
1	4096
3	4096
1	4096
1	4096
0	3818
1	4096
2	4096
0	4090
0	3719
2	4096
5	4096
4	4096
2	4096
1	4096
0	4035
1	4096
2	4096
0	3050
0	4077
2	4096
1	4096
0	3450
2	4096
2	4096
1	4096
0	4054
0	3054
1	4096
1	4096
3	4096
0	4015
3	4096
4	4096
1	4096
1	4096
0	3937
4	4096
1	4096
0	3373
4	4096
1	4096
3	4096
1	4096
3	4096
1	4096
2	4096
1	4096
1	4096
1	4096
1	4096
1	4096
5	4096
1	4096
2	4096
3	4096
3	4096
5	4096
3	4096
2	4096
1	4096
5	4096
4	4096
0	3460
2	4096
2	4096
1	4096
1	4096
0	4002
2	4096
2	4096
2	4096
1	4096
3	4096
1	4096
2	4096
2	4096
4	4096
2	4096
0	4062
3	4096
1	4096
0	4094
1	4096
1	4096
1	4096
1	4096
2	4096
0	3662
2	4096
2	4096
2	4096
1	4096
2	4096
3	4096
0	3942
0	3914
1	4096
1	4096
1	4096
2	4096
0	3678
2	4096
1	4096
0	4057
3	4096
3	4096
1	4096
2	4096
1	4096
0	2805
2	4096
0	3331
0	4064
4	4096
0	2926
4	4096
2	4096
0	3492
4	4096
0	3288
3	4096
3	4096
1	4096
0	3005
0	4061
2	4096
0	3707
0	3699
1	4096
1	4096
1	4096
0	4030
0	2920
1	4096
1	4096
5	4096
0	3340
3	4096
0	3725
2	4096
3	4096
1	4096
3	4096
0	2653
2	4096
4	4096
0	3761
2	4096
0	3340
3	4096
3	4096
3	4096
2	4096
1	4096
1	4096
3	4096
2	4096
1	4096
5	4096
1	4096
0	3670
0	3426
2	4096
2	4096
1	4096
3	4096
2	4096
0	3515
1	4096
2	4096
2	4096
3	4096
1	4096
2	4096
1	4096
3	4096
1	4096
0	3586
0	3883
2	4096
1	4096
1	4096
1	4096
1	4096
1	4096
4	4096
2	4096
1	4096
2	4096
0	4060
3	4096
2	4096
1	4096
1	4096
0	3982
2	4096
3	4096
0	4032
1	4096
2	4096
1	4096
3	4096
5	4096
1	4096
2	4096
0	4032
2	4096
2	4096
0	2780
3	4096
0	3712
0	3126
1	4096
2	4096
1	4096
2	4096
1	4096
0	3916
3	4096
1	4096
0	3986
4	4096
1	4096
1	4096
2	4096
1	4096
1	4096
2	4096
1	4096
3	4096
4	4096
3	4096
3	4096
1	4096
4	4096
2	4096
1	4096
0	3832
0	3607
1	4096
1	4096
3	4096
1	4096
1	4096
1	4096
4	4096
2	4096
3	4096
1	4096
1	4096
2	4096
2	4096
2	4096
0	3459
1	4096
1	4096
1	4096
2	4096
0	3214
1	4096
1	4096
2	4096
4	4096
1	4096
1	4096
3	4096
0	3900
0	3947
0	3974
0	3376
0	4062
1	4096
1	4096
2	4096
2	4096
2	4096
2	4096
2	4096
2	4096
0	3077
3	4096
0	4086
1	4096
0	3546
2	4096
2	4096
1	4096
1	4096
1	4096
2	4096
1	4096
1	4096
0	4052
1	4096
2	4096
1	4096
1	4096
2	4096
0	3985
1	4096
0	3945
2	4096
1	4096
1	4096
2	4096
1	4096
1	4096
0	3398
0	3133
1	4096
0	3767
2	4096
3	4096
1	4096
1	4096
0	4028
2	4096
1	4096
3	4096
2	4096
3	4096
1	4096
0	2478
2	4096
1	4096
0	3556
4	4096
1	4096
1	4096
2	4096
2	4096
1	4096
4	4096
2	4096
0	2843
2	4096
0	3479
1	4096
2	4096
3	4096
1	4096
2	4096
1	4096
1	4096
1	4096
3	4096
3	4096
7	4096
3	4096
1	4096
1	4096
3	4096
1	4096
1	4096
0	3648
3	4096
0	3980
0	2637
2	4096
1	4096
1	4096
2	4096
1	4096
3	4096
2	4096
0	2662
0	4006
2	4096
1	4096
2	4096
2	4096
3	4096
2	4096
3	4096
0	3600
2	4096
2	4096
2	4096
2	4096
2	4096
1	4096
4	4096
1	4096
0	4069
3	4096
1	4096
1	4096
4	4096
2	4096
3	4096
2	4096
3	4096
3	4096
1	4096
2	4096
2	4096
2	4096
2	4096
1	4096
1	4096
2	4096
3	4096
4	4096
4	4096
1	4096
2	4096
1	4096
3	4096
2	4096
2	4096
2	4096
2	4096
0	3640
2	4096
3	4096
1	4096
0	3113
0	3580
0	3136
2	4096
0	3490
4	4096
2	4096
0	3153
2	4096
1	4096
1	4096
1	4096
2	4096
0	2798
0	3353
0	2854
2	4096
2	4096
1	4096
2	4096
0	3232
1	4096
1	4096
0	3506
1	4096
1	4096
0	3814
0	3971
2	4096
1	4096
2	4096
1	4096
0	3176
0	3751
1	4096
1	4096
1	4096
1	4096
0	3859
1	4096
2	4096
3	4096
5	4096
1	4096
4	4096
2	4096
0	3364
1	4096
3	4096
0	3728
2	4096
1	4096
3	4096
4	4096
1	4096
2	4096
2	4096
1	4096
1	4096
3	4096
0	3972
2	4096
4	4096
0	3318
1	4096
1	4096
1	4096
3	4096
1	4096
2	4096
2	4096
1	4096
0	4079
0	3303
2	4096
1	4096
2	4096
5	4096
1	4096
4	4096
1	4096
2	4096
0	3101
0	3682
4	4096
2	4096
0	3761
0	3170
3	4096
4	4096
2	4096
0	3644
2	4096
0	3970
1	4096
2	4096
1	4096
1	4096
1	4096
2	4096
3	4096
2	4096
2	4096
2	4096
1	4096
1	4096
1	4096
4	4096
4	4096
0	3947
3	4096
1	4096
1	4096
1	4096
1	4096
2	4096
2	4096
2	4096
0	3799
2	4096
2	4096
0	2574
2	4096
0	3150
1	4096
2	4096
2	4096
2	4096
2	4096
2	4096
3	4096
1	4096
0	4011
1	4096
2	4096
3	4096
5	4096
3	4096
2	4096
1	4096
0	3266
0	3960
0	3909
0	3922
2	4096
1	4096
0	3548
5	4096
3	4096
2	4096
1	4096
3	4096
3	4096
2	4096
1	4096
0	3713
2	4096
2	4096
1	4096
3	4096
1	4096
3	4096
3	4096
2	4096
2	4096
5	4096
2	4096
3	4096
4	4096
3	4096
0	3275
1	4096
4	4096
3	4096
6	4096
1	4096
2	4096
2	4096
1	4096
2	4096
0	3686
4	4096
1	4096
4	4096
3	4096
1	4096
0	3480
3	4096
1	4096
1	4096
3	4096
3	4096
2	4096
4	4096
1	4096
0	3549
0	3487
1	4096
1	4096
0	3804
0	3937
0	2652
2	4096
2	4096
1	4096
0	2717
0	2950
0	3184
2	4096
2	4096
0	3033
1	4096
2	4096
1	4096
2	4096
1	4096
1	4096
1	4096
0	3978
2	4096
0	3988
0	3572
1	4096
2	4096
2	4096
0	3371
0	4009
0	3395
2	4096
2	4096
3	4096
2	4096
2	4096
0	2950
1	4096
1	4096
2	4096
1	4096
3	4096
0	2864
4	4096
2	4096
2	4096
3	4096
0	3115
0	3956
3	4096
0	3601
2	4096
1	4096
3	4096
2	4096
3	4096
3	4096
4	4096
0	3766
2	4096
0	3520
2	4096
0	3439
0	3979
2	4096
2	4096
3	4096
2	4096
2	4096
2	4096
2	4096
2	4096
1	4096
0	3103
4	4096
0	4086
1	4096
0	3388
1	4096
0	3192
0	3333
2	4096
2	4096
4	4096
1	4096
1	4096
2	4096
1	4096
1	4096
1	4096
1	4096
3	4096
1	4096
0	3963
4	4096
4	4096
2	4096
1	4096
1	4096
1	4096
0	3498
1	4096
1	4096
1	4096
2	4096
3	4096
2	4096
1	4096
2	4096
1	4096
3	4096
0	3277
3	4096
2	4096
2	4096
1	4096
3	4096
1	4096
1	4096
0	3802
0	3874
0	2657
0	3414
0	3915
2	4096
1	4096
2	4096
1	4096
1	4096
4	4096
0	3863
1	4096
3	4096
0	3064
2	4096
2	4096
0	3231
1	4096
0	3230
2	4096
1	4096
3	4096
2	4096
1	4096
0	2842
1	4096
1	4096
1	4096
1	4096
1	4096
1	4096
3	4096
4	4096
0	3437
1	4096
4	4096
3	4096
0	3160
2	4096
1	4096
2	4096
1	4096
0	3782
4	4096
0	3103
1	4096
1	4096
1	4096
1	4096
2	4096
0	3559
1	4096
0	2520
1	4096
2	4096
2	4096
1	4096
0	3723
4	4096
3	4096
1	4096
1	4096
5	4096
4	4096
1	4096
1	4096
1	4096
2	4096
2	4096
3	4096
0	3634
1	4096
3	4096
2	4096
2	4096
1	4096
0	3481
2	4096
3	4096
1	4096
0	3502
1	4096
2	4096
1	4096
1	4096
1	4096
1	4096
0	3127
4	4096
2	4096
2	4096
0	3875
1	4096
0	3455
2	4096
2	4096
4	4096
1	4096
0	4039
0	3960
0	3079
1	4096
4	4096
2	4096
0	3745
0	3569
1	4096
1	4096
2	4096
1	4096
2	4096
2	4096
1	4096
1	4096
0	3864
5	4096
3	4096
3	4096
3	4096
3	4096
2	4096
3	4096
0	3822
1	4096
0	3436
2	4096
2	4096
0	3695
1	4096
0	2807
4	4096
3	4096
1	4096
2	4096
1	4096
0	2773
0	3641
3	4096
2	4096
1	4096
1	4096
1	4096
5	4096
0	2869
1	4096
3	4096
0	3600
1	4096
4	4096
1	4096
2	4096
0	4035
2	4096
5	4096
0	3839
3	4096
5	4096
0	3698
3	4096
3	4096
0	3061
2	4096
2	4096
1	4096
4	4096
4	4096
4	4096
4	4096
1	4096
0	3364
1	4096
0	2923
0	2657
0	3310
4	4096
2	4096
2	4096
2	4096
1	4096
1	4096
0	2274
2	4096
1	4096
1	4096
1	4096
2	4096
3	4096
1	4096
0	3186
3	4096
1	4096
0	3920
3	4096
0	3602
1	4096
1	4096
3	4096
2	4096
0	2820
1	4096
0	3947
0	3985
1	4096
0	3055
1	4096
3	4096
0	2644
2	4096
0	3760
1	4096
2	4096
1	4096
1	4096
2	4096
1	4096
1	4096
2	4096
1	4096
1	4096
0	4014
1	4096
0	3848
1	4096
1	4096
2	4096
1	4096
2	4096
3	4096
3	4096
1	4096
0	4084
5	4096
2	4096
2	4096
0	3107
0	3625
0	3043
3	4096
2	4096
0	2738
0	4001
3	4096
1	4096
1	4096
2	4096
1	4096
4	4096
4	4096
0	3871
1	4096
0	4050
0	3872
1	4096
2	4096
1	4096
3	4096
0	3573
1	4096
1	4096
0	3014
6	4096
0	3647
1	4096
2	4096
1	4096
3	4096
1	4096
0	3875
0	3264
0	3772
1	4096
3	4096
0	3496
2	4096
2	4096
2	4096
1	4096
3	4096
0	2547
2	4096
0	3811
3	4096
0	3087
0	3492
0	2983
1	4096
0	2898
1	4096
1	4096
1	4096
2	4096
1	4096
2	4096
4	4096
1	4096
0	3102
0	2957
1	4096
2	4096
2	4096
5	4096
2	4096
1	4096
2	4096
1	4096
1	4096
0	4062
1	4096
2	4096
1	4096
0	3937
1	4096
3	4096
1	4096
2	4096
2	4096
1	4096
2	4096
1	4096
4	4096
1	4096
4	4096
3	4096
0	3611
1	4096
0	3769
1	4096
1	4096
4	4096
1	4096
2	4096
3	4096
1	4096
2	4096
5	4096
1	4096
2	4096
3	4096
2	4096
2	4096
3	4096
2	4096
2	4096
1	4096
4	4096
0	3315
1	4096
2	4096
0	2910
1	4096
1	4096
0	3952
2	4096
2	4096
2	4096
2	4096
1	4096
1	4096
1	4096
2	4096
0	3320
1	4096
1	4096
1	4096
1	4096
1	4096
1	4096
1	4096
2	4096
1	4096
3	4096
2	4096
3	4096
2	4096
3	4096
1	4096
0	3582
2	4096
2	4096
2	4096
0	3870
1	4096
2	4096
2	4096
2	4096
2	4096
4	4096
1	4096
0	4008
1	4096
1	4096
1	4096
2	4096
3	4096
1	4096
0	3145
2	4096
4	4096
2	4096
2	4096
0	3091
1	4096
0	3509
3	4096
0	3713
1	4096
0	3489
1	4096
2	4096
4	4096
1	4096
0	2839
1	4096
2	4096
2	4096
1	4096
0	3218
0	2884
0	3206
3	4096
5	4096
1	4096
1	4096
0	4016
4	4096
2	4096
0	3939
3	4096
2	4096
4	4096
0	3585
0	3807
1	4096
2	4096
1	4096
2	4096
1	4096
1	4096
2	4096
0	3727
4	4096
2	4096
1	4096
1	4096
3	4096
3	4096
1	4096
2	4096
1	4096
0	4012
0	3258
4	4096
2	4096
0	3848
0	2569
3	4096
1	4096
1	4096
2	4096
2	4096
1	4096
0	3424
2	4096
0	3303
1	4096
2	4096
1	4096
1	4096
3	4096
0	3330
2	4096
2	4096
1	4096
2	4096
1	4096
3	4096
1	4096
1	4096
1	4096
1	4096
2	4096
1	4096
2	4096
1	4096
4	4096
1	4096
3	4096
0	3308
1	4096
2	4096
1	4096
4	4096
0	3926
1	4096
1	4096
0	3800
2	4096
1	4096
1	4096
1	4096
2	4096
4	4096
5	4096
1	4096
0	3626
2	4096
1	4096
0	3222
1	4096
2	4096
4	4096
2	4096
3	4096
5	4096
0	3199
3	4096
2	4096
0	3083
0	3742
0	3846
1	4096
2	4096
2	4096
2	4096
2	4096
3	4096
0	4008
3	4096
1	4096
2	4096
0	3581
1	4096
1	4096
1	4096
3	4096
2	4096
3	4096
1	4096
3	4096
2	4096
1	4096
1	4096
0	4079
1	4096
5	4096
2	4096
0	3651
1	4096
1	4096
0	2956
0	3228
0	3978
2	4096
1	4096
2	4096
1	4096
1	4096
1	4096
1	4096
1	4096
3	4096
1	4096
3	4096
0	3463
2	4096
3	4096
3	4096
0	3604
0	3178
2	4096
4	4096
3	4096
3	4096
3	4096
2	4096
0	3247
2	4096
0	3965
3	4096
0	2979
0	2669
3	4096
2	4096
1	4096
0	3144
6	4096
1	4096
1	4096
3	4096
1	4096
1	4096
2	4096
2	4096
1	4096
5	4096
1	4096
3	4096
0	3505
2	4096
1	4096
2	4096
2	4096
3	4096
2	4096
0	3732
2	4096
0	3184
1	4096
2	4096
1	4096
2	4096
1	4096
2	4096
1	4096
2	4096
0	3360
2	4096
2	4096
6	4096
1	4096
1	4096
1	4096
3	4096
1	4096
0	3725
1	4096
2	4096
0	3751
0	3678
1	4096
1	4096
1	4096
1	4096
1	4096
0	2809
3	4096
0	3255
2	4096
4	4096
2	4096
2	4096
0	3655
2	4096
3	4096
3	4096
3	4096
2	4096
5	4096
0	3463
2	4096
2	4096
3	4096
3	4096
3	4096
1	4096
1	4096
2	4096
2	4096
0	3316
3	4096
0	3763
3	4096
2	4096
2	4096
1	4096
1	4096
1	4096
2	4096
2	4096
2	4096
0	2907
4	4096
2	4096
3	4096
0	3989
1	4096
1	4096
1	4096
3	4096
2	4096
0	3899
2	4096
1	4096
0	3472
2	4096
3	4096
4	4096
1	4096
2	4096
1	4096
2	4096
2	4096
3	4096
2	4096
0	3521
3	4096
2	4096
3	4096
2	4096
3	4096
2	4096
2	4096
3	4096
4	4096
0	3700
1	4096
0	3927
1	4096
2	4096
1	4096
1	4096
0	2812
2	4096
2	4096
2	4096
0	2600
1	4096
1	4096
3	4096
0	3748
4	4096
2	4096
0	3544
1	4096
1	4096
0	3047
4	4096
3	4096
2	4096
0	3780
2	4096
0	4068
1	4096
3	4096
1	4096
1	4096
0	3997
1	4096
1	4096
0	2967
1	4096
3	4096
2	4096
1	4096
0	3587
4	4096
1	4096
0	3385
1	4096
0	3106
3	4096
4	4096
1	4096
2	4096
5	4096
1	4096
2	4096
1	4096
2	4096
2	4096
1	4096
3	4096
1	4096
0	2929
0	3898
3	4096
1	4096
1	4096
2	4096
1	4096
1	4096
3	4096
2	4096
0	2595
0	3205
0	3413
1	4096
4	4096
1	4096
1	4096
0	3603
1	4096
2	4096
2	4096
2	4096
1	4096
1	4096
1	4096
2	4096
1	4096
2	4096
0	2507
2	4096
0	2797
1	4096
2	4096
3	4096
1	4096
1	4096
2	4096
2	4096
3	4096
6	4096
2	4096
2	4096
1	4096
2	4096
0	3862
1	4096
1	4096
2	4096
1	4096
1	4096
1	4096
2	4096
1	4096
1	4096
1	4096
4	4096
0	3493
1	4096
1	4096
1	4096
0	3872
1	4096
1	4096
5	4096
4	4096
0	3937
1	4096
0	3621
1	4096
2	4096
0	3218
2	4096
0	2571
1	4096
0	3295
3	4096
1	4096
4	4096
2	4096
2	4096
0	3721
0	3499
0	3043
0	3315
2	4096
1	4096
3	4096
0	3313
0	3176
0	3616
0	3151
4	4096
1	4096
2	4096
1	4096
2	4096
4	4096
0	3035
1	4096
1	4096
2	4096
1	4096
0	2884
1	4096
0	4023
1	4096
4	4096
1	4096
1	4096
2	4096
2	4096
1	4096
0	3512
0	3536
2	4096
0	4042
2	4096
0	2890
1	4096
3	4096
2	4096
1	4096
3	4096
1	4096
3	4096
3	4096
1	4096
2	4096
1	4096
1	4096
0	3449
3	4096
3	4096
2	4096
1	4096
1	4096
0	3760
3	4096
1	4096
3	4096
1	4096
0	2881
0	4025
0	3186
0	3586
1	4096
2	4096
4	4096
3	4096
1	4096
2	4096
2	4096
0	3044
3	4096
1	4096
2	4096
1	4096
3	4096
3	4096
2	4096
0	3302
0	3682
0	4040
2	4096
1	4096
2	4096
3	4096
1	4096
2	4096
1	4096
0	3717
0	3760
1	4096
2	4096
0	2901
4	4096
1	4096
2	4096
0	4061
2	4096
1	4096
5	4096
4	4096
1	4096
0	3444
3	4096
2	4096
4	4096
4	4096
0	3875
0	3633
1	4096
1	4096
1	4096
1	4096
3	4096
2	4096
2	4096
4	4096
1	4096
1	4096
2	4096
0	2723
1	4096
2	4096
0	3732
2	4096
0	3246
1	4096
2	4096
2	4096
0	3308
3	4096
0	3896
1	4096
0	2790
3	4096
1	4096
3	4096
1	4096
1	4096
1	4096
2	4096
0	3947
2	4096
1	4096
3	4096
2	4096
2	4096
4	4096
0	3932
2	4096
0	3941
1	4096
0	3442
1	4096
2	4096
0	3882
0	3415
1	4096
0	3575
1	4096
2	4096
1	4096
1	4096
2	4096
0	3676
0	2787
4	4096
0	3218
4	4096
1	4096
2	4096
1	4096
4	4096
1	4096
2	4096
3	4096
1	4096
0	2585
0	3704
2	4096
0	4057
0	3968
0	3404
1	4096
1	4096
2	4096
2	4096
1	4096
1	4096
2	4096
0	3698
2	4096
0	4002
3	4096
1	4096
0	3484
2	4096
1	4096
2	4096
3	4096
3	4096
1	4096
1	4096
0	3637
2	4096
0	3446
6	4096
1	4096
4	4096
1	4096
1	4096
2	4096
0	3362
2	4096
3	4096
2	4096
1	4096
5	4096
1	4096
2	4096
2	4096
2	4096
2	4096
0	3794
0	3089
3	4096
0	3900
2	4096
1	4096
0	3401
0	3400
0	4017
0	3860
1	4096
2	4096
2	4096
1	4096
2	4096
1	4096
1	4096
1	4096
1	4096
1	4096
4	4096
3	4096
1	4096
0	3533
2	4096
1	4096
2	4096
2	4096
2	4096
2	4096
0	3433
3	4096
3	4096
0	3594
1	4096
3	4096
1	4096
1	4096
1	4096
0	3245
1	4096
0	3037
4	4096
2	4096
1	4096
1	4096
2	4096
2	4096
3	4096
0	2585
3	4096
1	4096
2	4096
3	4096
3	4096
1	4096
1	4096
2	4096
3	4096
0	3582
2	4096
2	4096
0	3858
0	3759
1	4096
3	4096
4	4096
1	4096
3	4096
1	4096
0	3569
4	4096
0	2847
2	4096
2	4096
2	4096
1	4096
1	4096
0	3965
1	4096
0	3067
0	3535
3	4096
1	4096
0	3466
0	3985
2	4096
2	4096
2	4096
0	3198
2	4096
0	3661
1	4096
1	4096
2	4096
1	4096
1	4096
0	3505
4	4096
1	4096
1	4096
4	4096
3	4096
0	3304
0	3474
2	4096
1	4096
1	4096
2	4096
1	4096
3	4096
1	4096
1	4096
2	4096
0	3144
1	4096
1	4096
1	4096
1	4096
1	4096
0	4031
1	4096
1	4096
4	4096
2	4096
1	4096
2	4096
1	4096
2	4096
0	3673
3	4096
0	3520
4	4096
1	4096
1	4096
1	4096
3	4096
2	4096
0	4075
1	4096
3	4096
2	4096
4	4096
2	4096
1	4096
3	4096
0	3998
2	4096
1	4096
2	4096
2	4096
2	4096
0	3391
2	4096
1	4096
5	4096
0	2760
0	3799
1	4096
5	4096
1	4096
5	4096
1	4096
1	4096
3	4096
0	3650
1	4096
4	4096
0	3529
0	3071
3	4096
1	4096
0	3710
4	4096
2	4096
0	3776
3	4096
3	4096
2	4096
2	4096
2	4096
2	4096
0	4027
3	4096
1	4096
3	4096
1	4096
0	2902
3	4096
1	4096
0	2628
1	4096
2	4096
2	4096
1	4096
1	4096
3	4096
1	4096
1	4096
3	4096
0	2883
0	3478
0	4060
2	4096
1	4096
3	4096
1	4096
1	4096
1	4096
2	4096
0	3934
1	4096
4	4096
1	4096
3	4096
0	3437
0	3486
1	4096
0	4038
1	4096
3	4096
0	3671
1	4096
3	4096
2	4096
0	3195
1	4096
7	4096
1	4096
0	3659
1	4096
2	4096
1	4096
0	3363
0	3884
0	2842
2	4096
1	4096
3	4096
1	4096
1	4096
1	4096
0	3573
0	3988
1	4096
0	3282
2	4096
1	4096
0	3721
3	4096
2	4096
1	4096
1	4096
2	4096
3	4096
1	4096
3	4096
2	4096
1	4096
0	3626
0	3262
1	4096
2	4096
1	4096
0	3961
0	3764
2	4096
3	4096
0	3006
2	4096
2	4096
4	4096
1	4096
0	3846
2	4096
2	4096
1	4096
2	4096
1	4096
0	3428
2	4096
2	4096
2	4096
0	3541
0	3520
1	4096
2	4096
2	4096
2	4096
2	4096
2	4096
0	3369
1	4096
0	3508
3	4096
5	4096
2	4096
0	3588
1	4096
2	4096
0	3513
0	3484
1	4096
2	4096
2	4096
0	3968
0	3393
2	4096
1	4096
2	4096
5	4096
1	4096
1	4096
2	4096
2	4096
1	4096
2	4096
3	4096
2	4096
1	4096
1	4096
2	4096
2	4096
1	4096
1	4096
2	4096
0	4046
1	4096
1	4096
0	2612
2	4096
4	4096
1	4096
3	4096
1	4096
0	3267
1	4096
1	4096
2	4096
0	3460
1	4096
1	4096
3	4096
1	4096
1	4096
2	4096
1	4096
2	4096
5	4096
1	4096
3	4096
0	3223
0	3862
0	3750
3	4096
1	4096
3	4096
1	4096
2	4096
1	4096
1	4096
1	4096
1	4096
4	4096
2	4096
3	4096
3	4096
0	3417
6	4096
4	4096
1	4096
3	4096
0	4077
4	4096
4	4096
0	3328
1	4096
0	3559
1	4096
1	4096
3	4096
1	4096
1	4096
3	4096
1	4096
0	3770
0	3505
0	3917
1	4096
3	4096
2	4096
2	4096
4	4096
2	4096
1	4096
2	4096
2	4096
1	4096
0	3799
2	4096
3	4096
3	4096
1	4096
0	3767
2	4096
2	4096
1	4096
0	2730
1	4096
1	4096
1	4096
1	4096
2	4096
0	3304
3	4096
1	4096
2	4096
2	4096
3	4096
0	2909
5	4096
1	4096
2	4096
3	4096
2	4096
1	4096
1	4096
3	4096
0	3471
1	4096
1	4096
6	4096
1	4096
1	4096
1	4096
1	4096
3	4096
1	4096
3	4096
1	4096
2	4096
1	4096
4	4096
2	4096
1	4096
1	4096
0	3784
1	4096
2	4096
0	3147
0	4006
3	4096
1	4096
3	4096
0	3666
1	4096
3	4096
0	3671
2	4096
2	4096
1	4096
1	4096
4	4096
0	4090
0	3582
0	3586
1	4096
1	4096
2	4096
1	4096
2	4096
3	4096
1	4096
1	4096
3	4096
2	4096
1	4096
2	4096
4	4096
0	3734
0	3737
0	3273
0	3524
1	4096
0	3364
1	4096
3	4096
2	4096
2	4096
1	4096
1	4096
2	4096
1	4096
1	4096
0	3865
4	4096
2	4096
1	4096
3	4096
1	4096
2	4096
1	4096
3	4096
1	4096
1	4096
2	4096
3	4096
2	4096
2	4096
1	4096
1	4096
0	3734
1	4096
1	4096
2	4096
2	4096
4	4096
3	4096
2	4096
1	4096
2	4096
0	3694
4	4096
0	3934
3	4096
1	4096
5	4096
1	4096
3	4096
4	4096
0	3730
1	4096
3	4096
2	4096
1	4096
1	4096
3	4096
0	2907
0	3684
0	3628
0	3963
1	4096
2	4096
1	4096
3	4096
0	3226
2	4096
3	4096
1	4096
1	4096
2	4096
1	4096
2	4096
1	4096
1	4096
0	3920
0	3162
1	4096
2	4096
1	4096
2	4096
0	3524
1	4096
2	4096
1	4096
3	4096
0	4013
0	3545
0	3267
3	4096
4	4096
2	4096
0	2609
3	4096
1	4096
1	4096
1	4096
3	4096
1	4096
2	4096
0	3513
1	4096
2	4096
0	3943
2	4096
2	4096
1	4096
1	4096
2	4096
0	2985
1	4096
0	3875
1	4096
0	3705
2	4096
0	3259
3	4096
3	4096
2	4096
5	4096
0	3432
2	4096
0	3920
2	4096
2	4096
0	4081
1	4096
1	4096
2	4096
3	4096
1	4096
4	4096
1	4096
1	4096
5	4096
1	4096
0	3684
3	4096
2	4096
1	4096
3	4096
1	4096
3	4096
1	4096
2	4096
2	4096
3	4096
0	2831
3	4096
1	4096
2	4096
2	4096
1	4096
1	4096
4	4096
3	4096
2	4096
3	4096
0	3493
2	4096
2	4096
1	4096
3	4096
2	4096
1	4096
0	3941
0	4036
0	3253
2	4096
2	4096
1	4096
3	4096
0	3727
1	4096
1	4096
3	4096
1	4096
2	4096
0	3754
2	4096
2	4096
1	4096
2	4096
2	4096
1	4096
2	4096
2	4096
2	4096
2	4096
0	3754
2	4096
1	4096
3	4096
3	4096
2	4096
1	4096
3	4096
4	4096
2	4096
1	4096
0	3107
1	4096
3	4096
1	4096
2	4096
1	4096
1	4096
0	3010
1	4096
4	4096
2	4096
1	4096
3	4096
1	4096
2	4096
0	3663
4	4096
1	4096
1	4096
3	4096
1	4096
0	3978
2	4096
2	4096
1	4096
1	4096
0	3218
2	4096
4	4096
0	3567
1	4096
0	3306
0	3159
4	4096
1	4096
0	3628
1	4096
0	4036
1	4096
0	3933
0	3645
2	4096
0	3761
3	4096
1	4096
0	3444
5	4096
0	3646
1	4096
3	4096
2	4096
2	4096
0	3832
0	3899
0	3411
2	4096
4	4096
3	4096
1	4096
1	4096
0	3466
3	4096
2	4096
2	4096
2	4096
1	4096
2	4096
4	4096
1	4096
2	4096
1	4096
1	4096
0	3302
2	4096
1	4096
1	4096
1	4096
2	4096
1	4096
1	4096
2	4096
1	4096
0	4043
2	4096
1	4096
2	4096
0	3667
1	4096
4	4096
1	4096
3	4096
1	4096
0	3236
0	2904
2	4096
3	4096
3	4096
4	4096
1	4096
0	3337
1	4096
6	4096
1	4096
1	4096
0	3969
3	4096
3	4096
4	4096
2	4096
4	4096
1	4096
2	4096
2	4096
3	4096
2	4096
0	2471
0	3701
2	4096
2	4096
4	4096
1	4096
0	3725
2	4096
2	4096
0	2999
4	4096
1	4096
1	4096
1	4096
2	4096
3	4096
2	4096
2	4096
2	4096
1	4096
2	4096
3	4096
1	4096
1	4096
2	4096
1	4096
0	3829
1	4096
3	4096
2	4096
0	3992
4	4096
0	3919
1	4096
2	4096
1	4096
2	4096
1	4096
1	4096
1	4096
2	4096
0	3586
0	3377
2	4096
2	4096
0	3247
3	4096
4	4096
1	4096
5	4096
0	2676
3	4096
3	4096
2	4096
0	3276
0	3255
2	4096
2	4096
3	4096
2	4096
0	3254
0	3513
0	3913
1	4096
2	4096
1	4096
3	4096
2	4096
0	3909
2	4096
3	4096
1	4096
0	2737
1	4096
2	4096
3	4096
4	4096
1	4096
2	4096
1	4096
1	4096
2	4096
1	4096
2	4096
3	4096
1	4096
1	4096
2	4096
3	4096
2	4096
0	3627
1	4096
4	4096
2	4096
1	4096
1	4096
7	4096
2	4096
2	4096
1	4096
0	2967
0	3640
3	4096
1	4096
0	2789
4	4096
1	4096
3	4096
2	4096
2	4096
1	4096
1	4096
0	3064
2	4096
2	4096
0	3859
2	4096
2	4096
1	4096
3	4096
0	2712
1	4096
8	4096
3	4096
2	4096
2	4096
0	2954
1	4096
2	4096
1	4096
3	4096
3	4096
0	3353
1	4096
2	4096
5	4096
0	3036
3	4096
1	4096
2	4096
0	4030
2	4096
1	4096
3	4096
1	4096
1	4096
2	4096
1	4096
2	4096
1	4096
3	4096
2	4096
1	4096
1	4096
1	4096
2	4096
1	4096
0	3937
0	2500
2	4096
0	3043
3	4096
1	4096
3	4096
4	4096
2	4096
1	4096
2	4096
2	4096
2	4096
2	4096
1	4096
1	4096
0	3924
1	4096
0	3643
2	4096
1	4096
2	4096
1	4096
1	4096
4	4096
2	4096
1	4096
5	4096
6	4096
1	4096
0	3906
2	4096
2	4096
2	4096
0	3863
0	4082
0	3547
1	4096
1	4096
1	4096
0	3852
2	4096
1	4096
0	4070
0	3125
1	4096
1	4096
2	4096
1	4096
4	4096
3	4096
3	4096
1	4096
3	4096
0	3958
1	4096
0	3071
0	3782
2	4096
0	3432
2	4096
0	3300
1	4096
3	4096
0	4066
2	4096
0	3301
1	4096
1	4096
0	3840
1	4096
1	4096
0	4055
0	3726
1	4096
0	3384
3	4096
3	4096
2	4096
0	3271
0	3680
1	4096
2	4096
2	4096
4	4096
0	3641
2	4096
1	4096
0	2873
0	3477
0	3109
1	4096
1	4096
2	4096
2	4096
2	4096
0	4009
0	3807
3	4096
0	2783
2	4096
0	2982
2	4096
0	3667
3	4096
2	4096
1	4096
2	4096
2	4096
1	4096
0	3814
4	4096
1	4096
0	4089
5	4096
0	3823
1	4096
1	4096
1	4096
0	3846
2	4096
2	4096
3	4096
4	4096
1	4096
0	3363
0	4090
1	4096
3	4096
3	4096
0	2964
2	4096
2	4096
1	4096
3	4096
1	4096
1	4096
2	4096
0	3905
0	3664
1	4096
1	4096
1	4096
1	4096
0	3430
0	3759
1	4096
0	3917
2	4096
0	3393
5	4096
3	4096
1	4096
3	4096
0	3609
2	4096
0	3490
2	4096
1	4096
2	4096
0	3575
4	4096
3	4096
0	3058
1	4096
1	4096
1	4096
4	4096
2	4096
1	4096
0	3433
2	4096
2	4096
3	4096
0	3549
3	4096
2	4096
1	4096
4	4096
1	4096
3	4096
3	4096
4	4096
1	4096
0	2985
1	4096
2	4096
2	4096
0	2867
0	3285
3	4096
2	4096
0	3791
2	4096
1	4096
2	4096
2	4096
4	4096
3	4096
2	4096
4	4096
1	4096
2	4096
1	4096
1	4096
3	4096
0	2968
1	4096
0	3504
1	4096
1	4096
2	4096
2	4096
0	3828
1	4096
0	3299
1	4096
3	4096
0	3777
2	4096
3	4096
1	4096
3	4096
0	3423
0	3792
1	4096
2	4096
2	4096
2	4096
1	4096
2	4096
2	4096
2	4096
1	4096
1	4096
2	4096
2	4096
2	4096
4	4096
2	4096
1	4096
1	4096
2	4096
1	4096
1	4096
3	4096
0	2993
4	4096
2	4096
4	4096
1	4096
1	4096
0	3721
1	4096
2	4096
2	4096
2	4096
0	3990
3	4096
1	4096
0	3730
2	4096
2	4096
2	4096
2	4096
0	3428
1	4096
0	3250
1	4096
1	4096
1	4096
1	4096
2	4096
3	4096
1	4096
1	4096
2	4096
0	2832
2	4096
5	4096
1	4096
1	4096
2	4096
1	4096
0	3133
2	4096
1	4096
1	4096
0	3634
1	4096
0	3265
1	4096
1	4096
3	4096
4	4096
3	4096
2	4096
1	4096
1	4096
2	4096
2	4096
2	4096
0	3884
0	3258
0	3637
2	4096
3	4096
2	4096
0	3911
2	4096
2	4096
2	4096
0	3997
1	4096
4	4096
4	4096
4	4096
1	4096
2	4096
2	4096
1	4096
1	4096
0	3248
2	4096
2	4096
0	3863
3	4096
0	3483
0	3580
3	4096
2	4096
1	4096
1	4096
3	4096
1	4096
0	3689
1	4096
2	4096
1	4096
0	2938
2	4096
2	4096
1	4096
3	4096
2	4096
2	4096
0	3416
0	2457
3	4096
3	4096
0	3970
1	4096
2	4096
2	4096
1	4096
2	4096
3	4096
2	4096
1	4096
1	4096
2	4096
2	4096
1	4096
1	4096
1	4096
1	4096
1	4096
1	4096
1	4096
1	4096
0	2723
1	4096
1	4096
1	4096
0	3360
4	4096
3	4096
3	4096
2	4096
2	4096
2	4096
2	4096
1	4096
2	4096
2	4096
1	4096
0	3583
2	4096
3	4096
0	3214
1	4096
3	4096
0	3878
1	4096
0	3088
2	4096
1	4096
1	4096
0	2999
3	4096
2	4096
2	4096
0	3782
1	4096
2	4096
3	4096
6	4096
0	4000
3	4096
1	4096
1	4096
1	4096
2	4096
4	4096
2	4096
0	3883
0	4073
1	4096
1	4096
3	4096
2	4096
2	4096
1	4096
0	3565
3	4096
0	3907
0	3409
1	4096
1	4096
2	4096
0	4080
2	4096
1	4096
1	4096
2	4096
0	3627
0	3993
0	2565
1	4096
0	3433
2	4096
0	3941
1	4096
0	3155
2	4096
0	2910
1	4096
3	4096
0	3580
1	4096
2	4096
3	4096
0	3354
1	4096
4	4096
0	3172
1	4096
1	4096
2	4096
2	4096
2	4096
1	4096
0	4020
4	4096
2	4096
2	4096
2	4096
0	3993
1	4096
0	4070
1	4096
0	3961
1	4096
3	4096
0	2390
4	4096
3	4096
2	4096
2	4096
1	4096
2	4096
1	4096
0	3112
1	4096
4	4096
1	4096
1	4096
1	4096
1	4096
2	4096
2	4096
2	4096
6	4096
0	2462
0	2364
2	4096
2	4096
2	4096
3	4096
0	2717
2	4096
0	3744
0	3997
0	3989
1	4096
1	4096
5	4096
0	3561
0	3447
1	4096
0	3303
2	4096
2	4096
1	4096
0	3153
5	4096
1	4096
3	4096
2	4096
1	4096
1	4096
3	4096
3	4096
4	4096
0	3757
1	4096
1	4096
1	4096
4	4096
0	2786
3	4096
2	4096
3	4096
2	4096
0	3933
0	3109
2	4096
3	4096
0	3417
1	4096
1	4096
1	4096
1	4096
3	4096
1	4096
1	4096
3	4096
1	4096
0	3726
0	3455
3	4096
2	4096
1	4096
3	4096
3	4096
5	4096
3	4096
2	4096
1	4096
2	4096
0	3615
3	4096
2	4096
0	3841
6	4096
0	4018
1	4096
4	4096
2	4096
1	4096
1	4096
2	4096
4	4096
2	4096
3	4096
1	4096
2	4096
3	4096
3	4096
2	4096
2	4096
4	4096
0	3561
2	4096
2	4096
1	4096
2	4096
2	4096
3	4096
3	4096
0	3304
1	4096
1	4096
1	4096
1	4096
4	4096
1	4096
2	4096
2	4096
1	4096
1	4096
3	4096
2	4096
1	4096
3	4096
4	4096
2	4096
2	4096
0	3615
1	4096
1	4096
1	4096
2	4096
3	4096
2	4096
4	4096
1	4096
2	4096
1	4096
1	4096
2	4096
1	4096
2	4096
3	4096
4	4096
0	3795
4	4096
2	4096
1	4096
0	3889
2	4096
2	4096
4	4096
2	4096
1	4096
1	4096
1	4096
0	2861
1	4096
0	3954
4	4096
1	4096
1	4096
2	4096
3	4096
0	3913
2	4096
2	4096
1	4096
2	4096
0	3961
1	4096
0	3116
2	4096
1	4096
2	4096
3	4096
2	4096
0	3816
2	4096
2	4096
4	4096
2	4096
3	4096
3	4096
1	4096
2	4096
1	4096
3	4096
2	4096
2	4096
1	4096
2	4096
3	4096
2	4096
0	3929
0	3420
1	4096
1	4096
3	4096
1	4096
4	4096
0	4044
0	3669
2	4096
1	4096
1	4096
1	4096
0	3171
0	3586
2	4096
0	3655
0	3477
1	4096
2	4096
0	3639
5	4096
2	4096
0	2770
2	4096
2	4096
0	2839
3	4096
2	4096
1	4096
0	3999
1	4096
0	3341
0	3769
2	4096
0	3277
2	4096
1	4096
4	4096
0	3207
2	4096
0	3979
0	3433
0	2729
1	4096
1	4096
1	4096
2	4096
0	3302
1	4096
2	4096
2	4096
1	4096
1	4096
1	4096
2	4096
3	4096
4	4096
1	4096
2	4096
1	4096
1	4096
1	4096
3	4096
1	4096
0	4034
4	4096
2	4096
1	4096
0	3946
2	4096
1	4096
0	3631
2	4096
2	4096
2	4096
1	4096
5	4096
1	4096
2	4096
0	2998
2	4096
1	4096
1	4096
1	4096
1	4096
3	4096
0	3982
4	4096
1	4096
1	4096
3	4096
0	3910
4	4096
1	4096
2	4096
0	4002
2	4096
1	4096
3	4096
1	4096
2	4096
4	4096
2	4096
0	3771
1	4096
3	4096
2	4096
1	4096
2	4096
1	4096
1	4096
3	4096
6	4096
1	4096
1	4096
3	4096
3	4096
1	4096
0	4060
0	3878
6	4096
1	4096
1	4096
1	4096
1	4096
2	4096
0	3858
1	4096
1	4096
3	4096
1	4096
3	4096
1	4096
0	3902
2	4096
4	4096
0	3891
1	4096
2	4096
0	3112
0	3997
1	4096
4	4096
2	4096
2	4096
1	4096
2	4096
2	4096
1	4096
1	4096
2	4096
4	4096
0	3835
3	4096
3	4096
1	4096
1	4096
3	4096
0	2969
0	3640
1	4096
0	3934
4	4096
1	4096
2	4096
0	3140
0	3694
1	4096
2	4096
2	4096
2	4096
2	4096
1	4096
2	4096
1	4096
0	3170
1	4096
1	4096
3	4096
0	3775
1	4096
2	4096
1	4096
1	4096
2	4096
1	4096
2	4096
1	4096
0	3979
2	4096
1	4096
1	4096
4	4096
1	4096
0	3031
2	4096
2	4096
1	4096
1	4096
7	4096
2	4096
1	4096
3	4096
0	3995
5	4096
0	3436
0	3697
1	4096
3	4096
0	3888
2	4096
2	4096
2	4096
1	4096
0	3723
2	4096
1	4096
1	4096
1	4096
2	4096
2	4096
1	4096
0	3025
2	4096
3	4096
2	4096
4	4096
2	4096
2	4096
1	4096
0	3980
1	4096
3	4096
0	3963
1	4096
1	4096
1	4096
1	4096
3	4096
3	4096
1	4096
0	4005
1	4096
0	3704
2	4096
1	4096
3	4096
2	4096
1	4096
1	4096
3	4096
1	4096
3	4096
1	4096
2	4096
0	3481
0	2973
5	4096
2	4096
4	4096
0	3007
2	4096
2	4096
0	4017
1	4096
4	4096
2	4096
2	4096
1	4096
3	4096
0	3360
2	4096
1	4096
2	4096
4	4096
1	4096
1	4096
3	4096
0	3774
2	4096
2	4096
3	4096
3	4096
3	4096
2	4096
2	4096
1	4096
0	3541
1	4096
2	4096
1	4096
0	3345
2	4096
0	3704
0	3674
2	4096
3	4096
4	4096
0	3445
0	3359
1	4096
0	3983
1	4096
0	2652
2	4096
0	2636
1	4096
2	4096
3	4096
0	3937
1	4096
5	4096
1	4096
2	4096
2	4096
0	2924
3	4096
2	4096
3	4096
1	4096
1	4096
5	4096
1	4096
1	4096
2	4096
3	4096
2	4096
2	4096
2	4096
0	3369
3	4096
2	4096
1	4096
0	3658
1	4096
0	3045
1	4096
2	4096
0	3710
1	4096
2	4096
2	4096
1	4096
3	4096
2	4096
0	4003
1	4096
3	4096
3	4096
0	3863
6	4096
3	4096
3	4096
2	4096
2	4096
2	4096
0	3864
3	4096
1	4096
2	4096
0	3231
2	4096
0	3962
1	4096
2	4096
0	2648
2	4096
0	3663
2	4096
3	4096
0	3700
1	4096
3	4096
1	4096
4	4096
1	4096
1	4096
1	4096
0	3070
0	3341
1	4096
2	4096
0	3525
3	4096
0	2822
2	4096
2	4096
1	4096
2	4096
1	4096
3	4096
1	4096
2	4096
1	4096
1	4096
1	4096
3	4096
1	4096
3	4096
2	4096
2	4096
1	4096
1	4096
0	2869
1	4096
0	3605
2	4096
1	4096
3	4096
4	4096
1	4096
1	4096
1	4096
0	2999
2	4096
1	4096
2	4096
2	4096
4	4096
0	3729
2	4096
2	4096
1	4096
2	4096
3	4096
0	3340
2	4096
1	4096
1	4096
1	4096
2	4096
1	4096
2	4096
0	3991
1	4096
1	4096
0	3735
0	3727
0	3471
1	4096
3	4096
0	3405
1	4096
2	4096
2	4096
0	4046
2	4096
2	4096
1	4096
4	4096
3	4096
0	4030
3	4096
1	4096
0	2367
2	4096
1	4096
1	4096
2	4096
1	4096
0	3051
1	4096
1	4096
2	4096
0	3462
2	4096
2	4096
2	4096
0	4025
1	4096
0	2884
2	4096
1	4096
2	4096
1	4096
1	4096
1	4096
4	4096
3	4096
1	4096
0	4028
2	4096
0	3270
1	4096
2	4096
1	4096
1	4096
3	4096
1	4096
2	4096
1	4096
4	4096
2	4096
3	4096
0	4094
1	4096
3	4096
1	4096
1	4096
1	4096
1	4096
1	4096
2	4096
2	4096
4	4096
3	4096
2	4096
3	4096
2	4096
1	4096
1	4096
1	4096
1	4096
0	3543
0	4002
2	4096
0	3073
4	4096
0	3575
0	3839
3	4096
0	3599
1	4096
1	4096
1	4096
2	4096
2	4096
2	4096
2	4096
1	4096
2	4096
1	4096
2	4096
1	4096
0	3713
0	3643
1	4096
3	4096
2	4096
0	3442
2	4096
3	4096
1	4096
4	4096
2	4096
1	4096
4	4096
1	4096
4	4096
1	4096
0	3572
0	3817
0	3979
1	4096
2	4096
3	4096
9	4096
2	4096
2	4096
3	4096
2	4096
2	4096
1	4096
1	4096
2	4096
0	3158
1	4096
1	4096
4	4096
0	3807
1	4096
3	4096
1	4096
0	3149
1	4096
3	4096
2	4096
2	4096
2	4096
1	4096
1	4096
2	4096
1	4096
3	4096
4	4096
1	4096
0	3863
0	4068
1	4096
1	4096
2	4096
1	4096
2	4096
0	3338
2	4096
1	4096
2	4096
1	4096
0	3859
1	4096
3	4096
1	4096
2	4096
1	4096
1	4096
0	3680
0	3702
1	4096
3	4096
2	4096
2	4096
1	4096
0	3076
1	4096
1	4096
1	4096
1	4096
0	2778
0	3597
1	4096
0	3953
2	4096
1	4096
2	4096
0	3004
2	4096
1	4096
2	4096
3	4096
2	4096
0	3548
0	3675
1	4096
1	4096
3	4096
1	4096
1	4096
1	4096
1	4096
1	4096
0	3251
1	4096
2	4096
1	4096
1	4096
1	4096
0	3802
2	4096
0	2619
2	4096
2	4096
2	4096
0	3665
0	3455
1	4096
4	4096
3	4096
0	3997
0	3399
2	4096
3	4096
2	4096
1	4096
0	3778
2	4096
0	3901
2	4096
0	3559
2	4096
2	4096
3	4096
4	4096
1	4096
0	3214
0	3958
2	4096
2	4096
1	4096
1	4096
0	3707
4	4096
2	4096
1	4096
1	4096
3	4096
1	4096
2	4096
2	4096
2	4096
2	4096
0	3142
0	3432
4	4096
0	3463
5	4096
2	4096
2	4096
0	2668
1	4096
1	4096
2	4096
3	4096
0	3567
3	4096
2	4096
2	4096
0	3742
1	4096
1	4096
1	4096
1	4096
5	4096
2	4096
0	3469
1	4096
4	4096
0	3404
0	3317
2	4096
1	4096
2	4096
0	3847
0	3948
2	4096
3	4096
5	4096
0	3559
2	4096
1	4096
0	3215
4	4096
0	3487
1	4096
2	4096
3	4096
4	4096
1	4096
3	4096
1	4096
1	4096
1	4096
4	4096
4	4096
1	4096
4	4096
3	4096
5	4096
0	3110
1	4096
1	4096
2	4096
3	4096
1	4096
1	4096
1	4096
0	3536
1	4096
0	3824
1	4096
0	3832
1	4096
1	4096
1	4096
2	4096
1	4096
3	4096
1	4096
0	3393
0	3114
2	4096
5	4096
3	4096
3	4096
1	4096
0	3251
4	4096
1	4096
2	4096
1	4096
1	4096
0	3656
1	4096
2	4096
1	4096
1	4096
2	4096
1	4096
2	4096
0	3147
2	4096
3	4096
2	4096
2	4096
1	4096
3	4096
1	4096
2	4096
1	4096
3	4096
1	4096
1	4096
1	4096
2	4096
2	4096
3	4096
0	3364
1	4096
0	4095
0	3006
2	4096
0	2905
2	4096
0	3872
1	4096
3	4096
0	3966
0	3808
0	2549
2	4096
1	4096
0	3526
2	4096
1	4096
2	4096
0	2945
1	4096
2	4096
4	4096
2	4096
0	3488
0	3766
2	4096
1	4096
1	4096
3	4096
3	4096
2	4096
1	4096
0	3345
2	4096
1	4096
2	4096
0	3506
3	4096
1	4096
4	4096
2	4096
1	4096
1	4096
2	4096
1	4096
2	4096
2	4096
0	3966
0	3677
1	4096
1	4096
0	3741
0	3732
1	4096
1	4096
2	4096
1	4096
3	4096
1	4096
1	4096
0	3514
2	4096
0	3264
2	4096
1	4096
1	4096
2	4096
0	4068
1	4096
3	4096
0	3279
4	4096
0	3608
0	4080
0	3215
3	4096
4	4096
0	3281
1	4096
4	4096
1	4096
2	4096
1	4096
1	4096
1	4096
0	3762
1	4096
0	3912
2	4096
3	4096
1	4096
3	4096
4	4096
1	4096
1	4096
2	4096
1	4096
3	4096
4	4096
1	4096
2	4096
2	4096
3	4096
3	4096
4	4096
1	4096
2	4096
1	4096
2	4096
2	4096
0	3703
0	3873
2	4096
0	3854
2	4096
0	3892
1	4096
1	4096
2	4096
1	4096
1	4096
4	4096
1	4096
0	4027
3	4096
1	4096
4	4096
1	4096
1	4096
1	4096
0	3116
1	4096
1	4096
1	4096
0	2826
0	3676
1	4096
5	4096
2	4096
1	4096
4	4096
2	4096
0	4035
0	3288
1	4096
1	4096
1	4096
1	4096
1	4096
3	4096
3	4096
1	4096
1	4096
1	4096
0	3187
2	4096
1	4096
5	4096
1	4096
1	4096
1	4096
0	3294
2	4096
1	4096
2	4096
3	4096
0	3512
0	3892
1	4096
1	4096
4	4096
2	4096
0	3780
2	4096
1	4096
1	4096
1	4096
2	4096
0	3868
2	4096
1	4096
2	4096
3	4096
4	4096
0	3368
1	4096
2	4096
4	4096
0	3621
2	4096
0	3936
3	4096
2	4096
1	4096
1	4096
0	3841
1	4096
3	4096
0	3228
4	4096
2	4096
1	4096
2	4096
1	4096
2	4096
1	4096
3	4096
3	4096
2	4096
5	4096
0	2964
3	4096
2	4096
3	4096
0	3511
1	4096
1	4096
0	3753
0	4069
1	4096
2	4096
2	4096
0	3939
1	4096
1	4096
0	3810
3	4096
2	4096
0	3864
0	4089
1	4096
1	4096
2	4096
0	3627
1	4096
3	4096
0	2761
1	4096
3	4096
2	4096
0	3764
2	4096
1	4096
1	4096
3	4096
2	4096
4	4096
2	4096
1	4096
1	4096
1	4096
2	4096
1	4096
0	2508
1	4096
0	3655
3	4096
2	4096
4	4096
4	4096
3	4096
2	4096
0	4059
3	4096
2	4096
3	4096
0	4039
1	4096
2	4096
2	4096
2	4096
1	4096
2	4096
2	4096
2	4096
2	4096
1	4096
0	3474
0	3621
2	4096
4	4096
2	4096
1	4096
0	3995
1	4096
1	4096
4	4096
2	4096
1	4096
1	4096
0	3716
1	4096
2	4096
0	3426
0	3237
0	3874
2	4096
2	4096
0	3967
2	4096
1	4096
2	4096
1	4096
4	4096
1	4096
4	4096
4	4096
1	4096
0	2723
3	4096
1	4096
3	4096
2	4096
2	4096
0	4077
2	4096
0	3671
0	3811
2	4096
0	3666
1	4096
1	4096
3	4096
4	4096
3	4096
2	4096
2	4096
1	4096
2	4096
1	4096
2	4096
1	4096
1	4096
2	4096
1	4096
1	4096
0	2831
1	4096
2	4096
1	4096
2	4096
2	4096
1	4096
1	4096
4	4096
1	4096
2	4096
1	4096
0	3754
1	4096
2	4096
1	4096
2	4096
4	4096
0	3215
0	3263
3	4096
6	4096
0	2755
2	4096
2	4096
0	3785
0	3618
1	4096
2	4096
2	4096
3	4096
1	4096
2	4096
4	4096
3	4096
1	4096
1	4096
2	4096
1	4096
4	4096
3	4096
0	4013
1	4096
0	4084
0	3840
0	3334
2	4096
0	3307
1	4096
0	3887
2	4096
0	3660
1	4096
1	4096
2	4096
2	4096
0	3939
2	4096
4	4096
0	4017
2	4096
1	4096
2	4096
2	4096
3	4096
1	4096
4	4096
3	4096
5	4096
2	4096
0	3951
0	3095
6	4096
2	4096
6	4096
2	4096
1	4096
5	4096
2	4096
2	4096
2	4096
0	3117
0	3480
1	4096
0	3144
0	3515
2	4096
1	4096
0	3628
3	4096
3	4096
3	4096
2	4096
1	4096
2	4096
1	4096
2	4096
4	4096
1	4096
1	4096
0	2825
0	2679
1	4096
3	4096
1	4096
3	4096
0	3726
1	4096
1	4096
2	4096
0	3499
1	4096
1	4096
3	4096
2	4096
0	3774
1	4096
3	4096
2	4096
1	4096
3	4096
1	4096
0	3211
0	3056
2	4096
2	4096
0	3930
2	4096
1	4096
2	4096
1	4096
1	4096
2	4096
2	4096
2	4096
1	4096
0	2217
3	4096
1	4096
1	4096
2	4096
1	4096
1	4096
1	4096
2	4096
3	4096
1	4096
2	4096
1	4096
2	4096
0	4027
1	4096
2	4096
4	4096
0	2969
1	4096
1	4096
2	4096
2	4096
5	4096
0	3626
0	3221
0	3833
4	4096
1	4096
2	4096
3	4096
3	4096
2	4096
2	4096
2	4096
2	4096
2	4096
0	2937
1	4096
0	3849
1	4096
2	4096
1	4096
1	4096
2	4096
1	4096
1	4096
0	3633
3	4096
4	4096
0	3651
1	4096
4	4096
1	4096
3	4096
0	4049
3	4096
4	4096
2	4096
2	4096
0	3375
1	4096
3	4096
1	4096
1	4096
3	4096
2	4096
2	4096
0	4066
1	4096
4	4096
1	4096
1	4096
0	3429
2	4096
0	3537
3	4096
3	4096
2	4096
2	4096
3	4096
0	3327
0	3587
1	4096
1	4096
0	3861
2	4096
2	4096
4	4096
0	3452
0	3101
0	3793
3	4096
0	3834
1	4096
3	4096
4	4096
4	4096
1	4096
2	4096
1	4096
2	4096
2	4096
0	3693
2	4096
0	3382
4	4096
1	4096
2	4096
0	3551
3	4096
0	3724
0	2822
1	4096
1	4096
0	3572
1	4096
2	4096
1	4096
1	4096
0	3561
1	4096
3	4096
4	4096
0	3692
3	4096
3	4096
1	4096
2	4096
2	4096
2	4096
0	4016
2	4096
0	4083
2	4096
1	4096
1	4096
1	4096
3	4096
1	4096
0	3162
0	3677
3	4096
2	4096
1	4096
2	4096
0	3082
3	4096
2	4096
1	4096
3	4096
0	3357
0	2965
3	4096
2	4096
2	4096
0	3710
0	3420
2	4096
1	4096
3	4096
0	3424
2	4096
0	3941
2	4096
5	4096
4	4096
1	4096
2	4096
1	4096
1	4096
2	4096
1	4096
0	3281
2	4096
5	4096
0	3123
5	4096
1	4096
2	4096
1	4096
3	4096
0	3096
4	4096
1	4096
1	4096
3	4096
1	4096
0	3610
1	4096
2	4096
1	4096
2	4096
5	4096
3	4096
5	4096
0	3684
2	4096
1	4096
3	4096
4	4096
2	4096
0	3262
0	3683
1	4096
2	4096
0	3478
0	3325
0	3077
1	4096
2	4096
0	3637
4	4096
0	3713
1	4096
8	4096
2	4096
1	4096
2	4096
4	4096
1	4096
1	4096
3	4096
2	4096
0	3421
2	4096
1	4096
3	4096
3	4096
2	4096
5	4096
0	3614
2	4096
3	4096
1	4096
2	4096
1	4096
1	4096
2	4096
0	3156
2	4096
0	3338
1	4096
3	4096
1	4096
1	4096
0	3076
3	4096
3	4096
1	4096
0	2624
0	2691
1	4096
1	4096
1	4096
1	4096
0	3928
2	4096
3	4096
0	3627
2	4096
1	4096
0	3367
5	4096
3	4096
1	4096
1	4096
0	3233
0	4093
0	3545
1	4096
2	4096
5	4096
3	4096
2	4096
1	4096
1	4096
0	3000
1	4096
2	4096
1	4096
0	3537
0	3855
1	4096
1	4096
4	4096
2	4096
3	4096
0	3708
1	4096
1	4096
1	4096
1	4096
0	3757
4	4096
1	4096
1	4096
1	4096
0	3389
1	4096
1	4096
4	4096
2	4096
1	4096
1	4096
0	2930
1	4096
1	4096
1	4096
2	4096
4	4096
2	4096
1	4096
2	4096
3	4096
0	3834
3	4096
1	4096
2	4096
1	4096
1	4096
2	4096
2	4096
1	4096
0	3132
2	4096
2	4096
0	3280
1	4096
0	3137
1	4096
2	4096
1	4096
2	4096
5	4096
0	3647
0	3498
0	3382
2	4096
1	4096
2	4096
0	3199
1	4096
1	4096
1	4096
1	4096
1	4096
1	4096
0	3769
1	4096
1	4096
0	3331
1	4096
2	4096
3	4096
4	4096
3	4096
2	4096
2	4096
3	4096
4	4096
0	2969
1	4096
2	4096
1	4096
0	3016
3	4096
2	4096
2	4096
3	4096
1	4096
0	3436
2	4096
2	4096
1	4096
3	4096
0	4058
4	4096
3	4096
4	4096
3	4096
2	4096
1	4096
3	4096
0	3851
3	4096
3	4096
1	4096
3	4096
2	4096
1	4096
2	4096
6	4096
0	3260
3	4096
3	4096
2	4096
2	4096
0	3959
4	4096
2	4096
1	4096
3	4096
1	4096
2	4096
0	4023
2	4096
2	4096
1	4096
1	4096
0	3371
2	4096
0	3098
2	4096
0	3646
4	4096
2	4096
1	4096
2	4096
0	4003
0	3731
0	4040
1	4096
3	4096
0	3179
2	4096
3	4096
1	4096
1	4096
2	4096
1	4096
0	3062
2	4096
1	4096
1	4096
3	4096
1	4096
1	4096
3	4096
1	4096
3	4096
2	4096
1	4096
0	3532
2	4096
1	4096
0	3828
1	4096
4	4096
5	4096
2	4096
1	4096
1	4096
0	2809
3	4096
0	2862
2	4096
0	4024
2	4096
5	4096
0	3488
1	4096
1	4096
2	4096
0	2784
0	3834
1	4096
1	4096
2	4096
1	4096
1	4096
2	4096
3	4096
0	3090
1	4096
2	4096
4	4096
1	4096
0	3073
1	4096
0	3894
1	4096
1	4096
0	3942
2	4096
1	4096
3	4096
4	4096
1	4096
4	4096
0	3663
1	4096
2	4096
2	4096
0	3299
0	2647
1	4096
2	4096
3	4096
1	4096
1	4096
1	4096
0	4066
2	4096
2	4096
2	4096
3	4096
1	4096
3	4096
4	4096
2	4096
2	4096
2	4096
2	4096
0	3737
1	4096
3	4096
3	4096
1	4096
1	4096
3	4096
0	3902
3	4096
1	4096
3	4096
1	4096
1	4096
1	4096
5	4096
1	4096
5	4096
1	4096
2	4096
0	3222
3	4096
2	4096
4	4096
3	4096
1	4096
1	4096
1	4096
2	4096
1	4096
1	4096
0	3879
3	4096
2	4096
2	4096
3	4096
1	4096
3	4096
1	4096
0	3956
1	4096
2	4096
2	4096
2	4096
0	3530
0	4091
0	4019
4	4096
2	4096
0	2859
1	4096
2	4096
0	3944
0	3466
0	2839
1	4096
1	4096
2	4096
1	4096
0	3862
2	4096
2	4096
0	3094
3	4096
0	2958
0	3432
3	4096
2	4096
2	4096
1	4096
1	4096
1	4096
2	4096
1	4096
2	4096
2	4096
2	4096
1	4096
0	3864
0	3793
1	4096
1	4096
0	3849
2	4096
1	4096
1	4096
1	4096
1	4096
2	4096
1	4096
5	4096
0	3260
0	3922
3	4096
0	3869
0	3022
2	4096
2	4096
0	3717
0	3870
0	3999
1	4096
0	3671
0	3093
0	3363
1	4096
4	4096
2	4096
0	3435
3	4096
0	3758
2	4096
3	4096
1	4096
1	4096
3	4096
1	4096
4	4096
2	4096
3	4096
3	4096
4	4096
4	4096
2	4096
1	4096
0	3828
1	4096
0	3611
1	4096
6	4096
1	4096
1	4096
1	4096
5	4096
3	4096
1	4096
3	4096
0	3616
1	4096
3	4096
1	4096
2	4096
0	3816
1	4096
2	4096
0	4010
2	4096
1	4096
1	4096
2	4096
0	3822
0	3586
1	4096
2	4096
4	4096
1	4096
2	4096
1	4096
0	3883
0	4008
3	4096
6	4096
1	4096
4	4096
0	3893
1	4096
1	4096
2	4096
2	4096
0	3474
1	4096
0	4077
2	4096
3	4096
1	4096
1	4096
0	2784
2	4096
3	4096
1	4096
0	3823
4	4096
1	4096
1	4096
2	4096
1	4096
0	3908
0	3649
2	4096
1	4096
1	4096
2	4096
2	4096
1	4096
2	4096
2	4096
1	4096
1	4096
1	4096
1	4096
0	3901
1	4096
2	4096
1	4096
0	3495
2	4096
1	4096
0	2508
3	4096
0	3327
5	4096
1	4096
0	3088
0	3336
1	4096
2	4096
1	4096
3	4096
1	4096
1	4096
2	4096
1	4096
0	3828
4	4096
1	4096
3	4096
5	4096
2	4096
2	4096
1	4096
2	4096
3	4096
2	4096
5	4096
4	4096
3	4096
0	3561
1	4096
3	4096
0	3839
1	4096
1	4096
4	4096
2	4096
2	4096
1	4096
2	4096
0	3782
2	4096
2	4096
1	4096
1	4096
3	4096
3	4096
2	4096
0	3169
0	3845
1	4096
3	4096
1	4096
2	4096
2	4096
0	3502
2	4096
0	3334
2	4096
1	4096
2	4096
0	3638
1	4096
2	4096
3	4096
5	4096
2	4096
2	4096
3	4096
0	2721
0	3979
3	4096
2	4096
2	4096
1	4096
2	4096
2	4096
3	4096
2	4096
1	4096
1	4096
2	4096
3	4096
0	3741
4	4096
0	3913
1	4096
2	4096
2	4096
1	4096
3	4096
2	4096
0	3990
0	3677
1	4096
1	4096
1	4096
0	3419
2	4096
3	4096
1	4096
1	4096
2	4096
0	3316
1	4096
1	4096
1	4096
2	4096
0	3375
2	4096
1	4096
0	3237
2	4096
1	4096
0	3835
0	2574
3	4096
1	4096
1	4096
1	4096
1	4096
2	4096
0	3784
1	4096
2	4096
2	4096
1	4096
4	4096
2	4096
0	2811
1	4096
3	4096
2	4096
2	4096
1	4096
2	4096
2	4096
2	4096
0	3714
2	4096
1	4096
3	4096
5	4096
4	4096
2	4096
2	4096
0	3654
0	3801
4	4096
4	4096
0	4007
1	4096
1	4096
2	4096
2	4096
0	3893
1	4096
2	4096
1	4096
2	4096
0	3937
2	4096
0	3978
3	4096
0	3397
2	4096
0	4028
0	3197
1	4096
2	4096
3	4096
2	4096
3	4096
2	4096
2	4096
2	4096
2	4096
1	4096
1	4096
3	4096
1	4096
2	4096
0	3729
0	2811
2	4096
0	2854
3	4096
0	3946
2	4096
1	4096
1	4096
2	4096
5	4096
1	4096
2	4096
3	4096
3	4096
2	4096
2	4096
1	4096
2	4096
1	4096
2	4096
1	4096
3	4096
0	4081
1	4096
0	3297
1	4096
1	4096
1	4096
3	4096
0	2994
1	4096
4	4096
3	4096
1	4096
1	4096
1	4096
0	4051
1	4096
0	2849
2	4096
2	4096
2	4096
4	4096
2	4096
1	4096
0	4002
2	4096
4	4096
2	4096
1	4096
0	3116
1	4096
3	4096
1	4096
0	2912
0	3193
1	4096
3	4096
2	4096
1	4096
1	4096
1	4096
3	4096
0	3782
1	4096
0	2828
1	4096
2	4096
0	2691
4	4096
2	4096
1	4096
4	4096
0	3435
0	3905
1	4096
1	4096
0	3751
1	4096
2	4096
1	4096
1	4096
3	4096
3	4096
3	4096
1	4096
1	4096
4	4096
0	3290
0	3720
1	4096
4	4096
3	4096
0	3654
1	4096
3	4096
0	3357
2	4096
2	4096
1	4096
1	4096
1	4096
2	4096
1	4096
0	4038
3	4096
1	4096
2	4096
1	4096
1	4096
3	4096
1	4096
1	4096
1	4096
1	4096
5	4096
3	4096
3	4096
2	4096
2	4096
0	3025
3	4096
1	4096
3	4096
1	4096
0	2803
1	4096
4	4096
3	4096
2	4096
5	4096
1	4096
1	4096
1	4096
1	4096
4	4096
0	3629
2	4096
4	4096
1	4096
4	4096
1	4096
0	3328
0	3525
3	4096
2	4096
2	4096
0	3522
2	4096
1	4096
1	4096
1	4096
1	4096
2	4096
1	4096
0	3662
1	4096
0	3717
0	3978
1	4096
2	4096
0	2561
1	4096
1	4096
0	3025
3	4096
2	4096
1	4096
1	4096
1	4096
2	4096
1	4096
0	3127
3	4096
2	4096
2	4096
0	3958
1	4096
0	3371
3	4096
2	4096
1	4096
1	4096
1	4096
3	4096
3	4096
2	4096
2	4096
2	4096
1	4096
2	4096
2	4096
3	4096
0	3460
1	4096
0	3988
2	4096
1	4096
1	4096
2	4096
0	3124
1	4096
0	4049
1	4096
2	4096
2	4096
0	2717
2	4096
3	4096
1	4096
1	4096
1	4096
4	4096
0	3525
0	3385
3	4096
1	4096
1	4096
3	4096
2	4096
1	4096
1	4096
1	4096
2	4096
1	4096
2	4096
0	3335
2	4096
1	4096
2	4096
2	4096
2	4096
3	4096
3	4096
4	4096
2	4096
3	4096
1	4096
2	4096
1	4096
2	4096
2	4096
0	2767
0	3685
2	4096
3	4096
0	3262
0	3392
0	3952
5	4096
3	4096
1	4096
2	4096
1	4096
4	4096
1	4096
2	4096
0	3977
1	4096
0	3684
2	4096
1	4096
1	4096
1	4096
1	4096
3	4096
6	4096
1	4096
6	4096
0	3378
0	3771
0	2730
3	4096
1	4096
1	4096
1	4096
1	4096
3	4096
0	3293
2	4096
4	4096
4	4096
0	3500
1	4096
4	4096
1	4096
3	4096
0	3608
1	4096
0	3833
1	4096
5	4096
0	2929
2	4096
2	4096
2	4096
0	3135
1	4096
2	4096
2	4096
0	2758
2	4096
1	4096
2	4096
0	3654
2	4096
2	4096
3	4096
3	4096
3	4096
1	4096
0	3214
2	4096
4	4096
3	4096
0	3693
1	4096
2	4096
1	4096
0	3531
3	4096
0	3748
2	4096
1	4096
2	4096
1	4096
0	3929
3	4096
2	4096
4	4096
2	4096
1	4096
1	4096
3	4096
1	4096
2	4096
1	4096
0	4066
1	4096
3	4096
2	4096
5	4096
1	4096
1	4096
1	4096
1	4096
1	4096
0	3880
3	4096
1	4096
4	4096
1	4096
0	3520
1	4096
1	4096
1	4096
1	4096
2	4096
1	4096
2	4096
3	4096
1	4096
0	3213
2	4096
0	4020
4	4096
3	4096
1	4096
2	4096
0	2910
2	4096
4	4096
0	3448
2	4096
0	3734
1	4096
2	4096
2	4096
1	4096
0	3434
4	4096
0	2735
3	4096
0	3230
1	4096
1	4096
0	3766
0	3102
3	4096
1	4096
1	4096
2	4096
0	3394
1	4096
2	4096
0	3586
2	4096
0	3833
1	4096
0	3142
3	4096
0	3227
0	3635
2	4096
0	2261
3	4096
4	4096
2	4096
3	4096
1	4096
1	4096
0	2822
1	4096
2	4096
1	4096
0	3916
3	4096
0	3327
0	4005
2	4096
2	4096
0	3161
1	4096
3	4096
2	4096
1	4096
1	4096
1	4096
3	4096
3	4096
1	4096
2	4096
0	3481
0	3945
1	4096
2	4096
2	4096
5	4096
2	4096
1	4096
5	4096
2	4096
2	4096
1	4096
2	4096
3	4096
0	2807
4	4096
2	4096
0	2841
2	4096
0	3879
0	4077
3	4096
3	4096
3	4096
0	4025
2	4096
2	4096
1	4096
2	4096
1	4096
0	4039
1	4096
1	4096
2	4096
3	4096
2	4096
0	3451
1	4096
1	4096
0	3640
1	4096
2	4096
2	4096
1	4096
1	4096
0	3291
2	4096
1	4096
1	4096
0	2504
1	4096
0	3644
3	4096
3	4096
0	3865
3	4096
1	4096
1	4096
2	4096
0	3024
4	4096
0	4024
1	4096
2	4096
4	4096
1	4096
3	4096
2	4096
2	4096
1	4096
2	4096
0	2999
0	2948
0	3863
0	3494
3	4096
0	3311
1	4096
0	3909
2	4096
3	4096
2	4096
2	4096
1	4096
1	4096
0	3764
0	3752
2	4096
3	4096
1	4096
2	4096
2	4096
1	4096
1	4096
1	4096
2	4096
1	4096
1	4096
3	4096
1	4096
2	4096
0	3336
1	4096
0	2833
1	4096
1	4096
1	4096
0	3605
2	4096
2	4096
1	4096
3	4096
1	4096
1	4096
1	4096
3	4096
0	2970
1	4096
0	4052
1	4096
0	4075
1	4096
0	2765
1	4096
0	2368
1	4096
0	2792
3	4096
1	4096
0	3116
2	4096
1	4096
0	3330
1	4096
2	4096
1	4096
2	4096
2	4096
4	4096
1	4096
2	4096
7	4096
0	4087
0	3362
3	4096
3	4096
1	4096
3	4096
1	4096
2	4096
1	4096
1	4096
1	4096
1	4096
0	3825
1	4096
1	4096
1	4096
2	4096
3	4096
1	4096
1	4096
2	4096
0	3476
2	4096
3	4096
3	4096
1	4096
4	4096
1	4096
2	4096
0	3625
4	4096
0	3427
0	3955
2	4096
1	4096
1	4096
1	4096
1	4096
1	4096
4	4096
0	2704
1	4096
1	4096
2	4096
2	4096
0	2880
2	4096
1	4096
1	4096
2	4096
1	4096
1	4096
0	3342
0	3749
1	4096
4	4096
4	4096
0	4057
1	4096
1	4096
1	4096
2	4096
2	4096
5	4096
0	3190
1	4096
3	4096
1	4096
3	4096
3	4096
2	4096
4	4096
3	4096
1	4096
2	4096
0	3816
0	4042
1	4096
1	4096
1	4096
0	3964
1	4096
3	4096
1	4096
3	4096
1	4096
2	4096
2	4096
2	4096
0	3866
1	4096
2	4096
0	3783
0	3872
0	3133
2	4096
0	3792
7	4096
2	4096
3	4096
0	3715
1	4096
1	4096
0	3387
4	4096
1	4096
2	4096
1	4096
0	3197
4	4096
0	3168
2	4096
3	4096
0	4064
1	4096
1	4096
3	4096
1	4096
0	4008
0	3477
1	4096
2	4096
3	4096
2	4096
1	4096
0	3735
1	4096
2	4096
3	4096
2	4096
3	4096
2	4096
4	4096
1	4096
1	4096
0	4057
2	4096
3	4096
2	4096
2	4096
0	3210
1	4096
2	4096
0	2650
2	4096
1	4096
2	4096
1	4096
3	4096
2	4096
0	2522
2	4096
1	4096
2	4096
4	4096
9	4096
1	4096
1	4096
0	3034
1	4096
2	4096
0	3967
2	4096
1	4096
2	4096
2	4096
1	4096
2	4096
2	4096
1	4096
3	4096
0	3787
1	4096
1	4096
3	4096
1	4096
4	4096
1	4096
1	4096
0	2998
0	3050
1	4096
2	4096
0	3993
1	4096
0	3684
3	4096
1	4096
2	4096
1	4096
0	3430
4	4096
2	4096
0	4044
1	4096
1	4096
2	4096
0	3887
3	4096
1	4096
2	4096
2	4096
2	4096
1	4096
2	4096
3	4096
0	2745
1	4096
1	4096
4	4096
5	4096
1	4096
0	3657
4	4096
1	4096
1	4096
3	4096
4	4096
2	4096
2	4096
1	4096
3	4096
2	4096
0	3543
0	3311
2	4096
1	4096
3	4096
0	2644
1	4096
2	4096
1	4096
0	2790
3	4096
4	4096
0	3942
0	3242
2	4096
0	3953
1	4096
2	4096
0	3839
3	4096
0	3538
0	2887
3	4096
2	4096
2	4096
0	3360
1	4096
4	4096
3	4096
0	3526
4	4096
2	4096
5	4096
1	4096
5	4096
1	4096
2	4096
0	3063
0	4002
0	3403
2	4096
4	4096
0	2593
2	4096
2	4096
0	3125
1	4096
0	3386
1	4096
2	4096
2	4096
0	3729
1	4096
1	4096
0	3153
2	4096
3	4096
3	4096
1	4096
0	3629
2	4096
2	4096
2	4096
2	4096
0	3899
0	3128
1	4096
0	3177
2	4096
1	4096
0	3849
0	4058
3	4096
1	4096
0	3878
2	4096
2	4096
1	4096
1	4096
2	4096
2	4096
1	4096
1	4096
3	4096
2	4096
1	4096
3	4096
1	4096
0	3768
2	4096
1	4096
0	3268
3	4096
2	4096
4	4096
0	3198
0	3340
2	4096
1	4096
0	2824
0	3666
1	4096
0	2734
2	4096
2	4096
0	3356
2	4096
0	3740
2	4096
0	2777
1	4096
1	4096
1	4096
2	4096
0	2726
0	4012
1	4096
2	4096
3	4096
2	4096
2	4096
1	4096
1	4096
3	4096
2	4096
1	4096
0	3628
4	4096
0	3251
3	4096
3	4096
1	4096
1	4096
1	4096
0	3698
0	3629
0	3469
0	2737
2	4096
1	4096
0	3975
2	4096
2	4096
0	3268
3	4096
3	4096
1	4096
2	4096
0	3993
0	2967
2	4096
2	4096
3	4096
0	3489
1	4096
1	4096
1	4096
1	4096
0	3194
1	4096
1	4096
0	3397
3	4096
4	4096
1	4096
1	4096
3	4096
0	3710
0	3335
1	4096
2	4096
0	3256
0	3233
0	3855
1	4096
1	4096
2	4096
0	3779
1	4096
1	4096
1	4096
3	4096
2	4096
3	4096
0	3234
6	4096
0	2906
1	4096
3	4096
1	4096
2	4096
1	4096
2	4096
0	3777
3	4096
0	3043
2	4096
2	4096
3	4096
3	4096
2	4096
1	4096
3	4096
2	4096
3	4096
3	4096
1	4096
3	4096
1	4096
2	4096
3	4096
4	4096
2	4096
0	3220
1	4096
1	4096
1	4096
1	4096
0	2974
4	4096
2	4096
5	4096
0	3842
2	4096
2	4096
1	4096
2	4096
1	4096
0	3764
2	4096
1	4096
1	4096
1	4096
1	4096
2	4096
2	4096
1	4096
1	4096
2	4096
1	4096
3	4096
4	4096
1	4096
0	3920
3	4096
2	4096
2	4096
2	4096
2	4096
3	4096
3	4096
0	3357
0	3856
5	4096
0	3933
2	4096
1	4096
2	4096
2	4096
1	4096
2	4096
2	4096
3	4096
1	4096
0	4030
0	3149
2	4096
2	4096
2	4096
2	4096
1	4096
0	3674
2	4096
0	3396
1	4096
2	4096
1	4096
2	4096
7	4096
1	4096
0	3664
3	4096
3	4096
1	4096
2	4096
1	4096
0	4003
1	4096
3	4096
1	4096
1	4096
0	3796
1	4096
3	4096
0	3712
1	4096
1	4096
2	4096
3	4096
0	3755
0	3546
1	4096
4	4096
1	4096
1	4096
2	4096
1	4096
0	3699
1	4096
0	3580
2	4096
2	4096
0	3387
3	4096
2	4096
1	4096
1	4096
2	4096
1	4096
4	4096
2	4096
3	4096
3	4096
0	3718
1	4096
3	4096
1	4096
1	4096
1	4096
1	4096
3	4096
2	4096
3	4096
2	4096
1	4096
0	3289
2	4096
0	3426
0	3524
0	2859
2	4096
1	4096
2	4096
3	4096
3	4096
1	4096
1	4096
1	4096
1	4096
0	2929
0	3201
1	4096
0	3240
5	4096
3	4096
1	4096
1	4096
2	4096
2	4096
2	4096
2	4096
3	4096
0	3529
3	4096
3	4096
3	4096
0	3803
3	4096
2	4096
5	4096
3	4096
2	4096
1	4096
2	4096
1	4096
2	4096
0	3778
0	3239
0	3974
0	3535
1	4096
1	4096
3	4096
4	4096
3	4096
0	4016
3	4096
4	4096
3	4096
0	3952
0	2986
3	4096
2	4096
0	3446
4	4096
1	4096
1	4096
0	4084
3	4096
2	4096
2	4096
0	2981
1	4096
1	4096
2	4096
1	4096
1	4096
4	4096
0	3028
1	4096
0	4041
1	4096
1	4096
0	3409
2	4096
0	3130
0	2742
1	4096
1	4096
0	4060
2	4096
2	4096
3	4096
4	4096
0	2818
1	4096
1	4096
1	4096
1	4096
1	4096
0	3739
3	4096
2	4096
2	4096
1	4096
3	4096
4	4096
1	4096
0	3621
1	4096
0	3976
0	3520
3	4096
1	4096
2	4096
1	4096
1	4096
2	4096
2	4096
1	4096
1	4096
1	4096
1	4096
1	4096
3	4096
2	4096
3	4096
1	4096
2	4096
2	4096
1	4096
2	4096
1	4096
2	4096
2	4096
2	4096
2	4096
2	4096
1	4096
0	3908
0	3374
0	3626
3	4096
3	4096
3	4096
1	4096
3	4096
5	4096
0	3100
1	4096
1	4096
1	4096
0	4091
2	4096
2	4096
2	4096
0	3399
0	3560
2	4096
1	4096
1	4096
3	4096
3	4096
1	4096
2	4096
1	4096
1	4096
1	4096
1	4096
0	3771
0	3853
4	4096
1	4096
2	4096
0	3775
0	3635
0	3186
0	3568
3	4096
4	4096
1	4096
1	4096
2	4096
0	3456
2	4096
1	4096
1	4096
2	4096
2	4096
3	4096
1	4096
2	4096
1	4096
1	4096
0	3699
1	4096
1	4096
2	4096
2	4096
2	4096
2	4096
3	4096
2	4096
0	3757
2	4096
1	4096
1	4096
3	4096
3	4096
1	4096
0	3172
0	2992
1	4096
1	4096
1	4096
2	4096
1	4096
2	4096
1	4096
2	4096
2	4096
1	4096
1	4096
4	4096
3	4096
3	4096
2	4096
1	4096
2	4096
1	4096
3	4096
2	4096
0	3263
0	3155
1	4096
0	2963
0	4080
0	3919
0	3598
1	4096
2	4096
0	3969
1	4096
0	4054
1	4096
0	2789
3	4096
2	4096
2	4096
2	4096
0	3597
2	4096
0	3565
0	3414
0	3371
3	4096
3	4096
3	4096
4	4096
1	4096
2	4096
2	4096
2	4096
3	4096
2	4096
2	4096
1	4096
1	4096
2	4096
0	3980
0	2669
1	4096
2	4096
1	4096
0	3731
1	4096
0	3584
1	4096
2	4096
2	4096
0	4022
1	4096
0	2870
1	4096
0	3894
1	4096
1	4096
1	4096
1	4096
1	4096
3	4096
1	4096
1	4096
0	3866
0	2988
1	4096
2	4096
1	4096
2	4096
1	4096
2	4096
0	3983
3	4096
1	4096
1	4096
1	4096
0	3620
2	4096
3	4096
2	4096
0	3479
1	4096
2	4096
0	2679
2	4096
0	3889
2	4096
1	4096
2	4096
0	3790
0	4019
2	4096
2	4096
0	3570
1	4096
0	3126
1	4096
1	4096
0	3756
1	4096
3	4096
1	4096
2	4096
1	4096
1	4096
1	4096
2	4096
2	4096
0	3160
1	4096
1	4096
2	4096
3	4096
2	4096
2	4096
0	3530
0	3731
0	3126
2	4096
1	4096
7	4096
1	4096
3	4096
5	4096
1	4096
1	4096
3	4096
3	4096
1	4096
3	4096
1	4096
1	4096
2	4096
2	4096
0	3455
2	4096
0	3137
2	4096
0	3814
3	4096
1	4096
2	4096
1	4096
1	4096
1	4096
0	3998
0	3965
0	4054
0	3949
3	4096
0	3279
1	4096
0	3035
0	3925
1	4096
1	4096
3	4096
0	2848
3	4096
3	4096
1	4096
0	3627
1	4096
0	3306
1	4096
4	4096
2	4096
1	4096
2	4096
2	4096
2	4096
0	4094
1	4096
3	4096
2	4096
2	4096
0	3827
2	4096
0	3356
1	4096
3	4096
4	4096
1	4096
3	4096
1	4096
3	4096
3	4096
0	3653
1	4096
4	4096
1	4096
0	3933
3	4096
0	3843
2	4096
0	3979
1	4096
0	3573
1	4096
4	4096
2	4096
0	3339
3	4096
2	4096
1	4096
1	4096
2	4096
1	4096
1	4096
1	4096
0	3611
3	4096
0	3693
0	4087
0	3472
0	2576
2	4096
3	4096
3	4096
1	4096
7	4096
0	3037
1	4096
0	3760
3	4096
2	4096
1	4096
2	4096
1	4096
0	2983
1	4096
0	3761
1	4096
1	4096
0	3840
1	4096
3	4096
4	4096
2	4096
1	4096
1	4096
1	4096
2	4096
3	4096
3	4096
1	4096
3	4096
3	4096
0	3758
2	4096
1	4096
2	4096
1	4096
1	4096
3	4096
1	4096
1	4096
0	3859
0	3325
0	3115
0	3798
3	4096
4	4096
0	3707
0	2753
2	4096
0	3933
2	4096
1	4096
1	4096
3	4096
0	3834
1	4096
1	4096
0	3759
0	3415
4	4096
2	4096
1	4096
0	3672
3	4096
1	4096
2	4096
4	4096
1	4096
0	3237
4	4096
4	4096
6	4096
2	4096
1	4096
2	4096
2	4096
0	3463
4	4096
2	4096
3	4096
2	4096
2	4096
3	4096
2	4096
0	3926
1	4096
1	4096
1	4096
0	3159
3	4096
3	4096
2	4096
1	4096
1	4096
2	4096
0	3995
2	4096
2	4096
1	4096
3	4096
1	4096
4	4096
0	3951
1	4096
3	4096
2	4096
0	3062
1	4096
1	4096
1	4096
0	3612
0	2810
1	4096
0	3655
3	4096
0	3722
1	4096
0	3798
3	4096
1	4096
3	4096
0	3751
1	4096
1	4096
1	4096
1	4096
3	4096
1	4096
2	4096
3	4096
0	4067
3	4096
6	4096
0	3709
2	4096
2	4096
2	4096
0	3573
0	3316
2	4096
3	4096
2	4096
1	4096
3	4096
2	4096
0	3990
2	4096
0	4058
2	4096
2	4096
4	4096
3	4096
4	4096
4	4096
1	4096
1	4096
3	4096
3	4096
0	3990
0	4024
3	4096
3	4096
2	4096
0	3971
0	3710
1	4096
0	3814
1	4096
2	4096
2	4096
1	4096
0	3526
2	4096
1	4096
0	4038
0	3870
1	4096
1	4096
0	3582
0	3872
1	4096
1	4096
1	4096
1	4096
1	4096
2	4096
1	4096
0	3835
1	4096
3	4096
4	4096
1	4096
1	4096
3	4096
0	2830
2	4096
4	4096
1	4096
0	3482
1	4096
2	4096
2	4096
1	4096
2	4096
1	4096
2	4096
3	4096
2	4096
2	4096
0	3958
3	4096
3	4096
2	4096
1	4096
1	4096
4	4096
4	4096
1	4096
1	4096
2	4096
1	4096
0	3525
1	4096
2	4096
0	3082
4	4096
3	4096
0	2871
1	4096
0	3561
1	4096
4	4096
1	4096
1	4096
0	2832
2	4096
1	4096
0	2737
2	4096
1	4096
1	4096
1	4096
1	4096
1	4096
4	4096
1	4096
2	4096
2	4096
4	4096
2	4096
2	4096
1	4096
3	4096
1	4096
2	4096
2	4096
2	4096
2	4096
2	4096
2	4096
4	4096
2	4096
2	4096
1	4096
1	4096
1	4096
1	4096
0	3844
1	4096
1	4096
0	2934
0	3410
2	4096
2	4096
1	4096
1	4096
2	4096
1	4096
4	4096
3	4096
0	3413
0	3407
2	4096
2	4096
1	4096
0	2714
3	4096
3	4096
2	4096
3	4096
1	4096
1	4096
2	4096
0	3412
1	4096
2	4096
3	4096
1	4096
0	3761
0	3113
4	4096
0	3631
3	4096
2	4096
0	3081
2	4096
0	3531
0	2657
1	4096
1	4096
1	4096
0	3527
2	4096
1	4096
2	4096
2	4096
1	4096
2	4096
0	3984
2	4096
0	4045
2	4096
2	4096
0	3589
0	2986
0	3989
1	4096
3	4096
1	4096
2	4096
2	4096
1	4096
1	4096
2	4096
2	4096
0	4023
2	4096
0	4085
3	4096
2	4096
0	3031
1	4096
1	4096
1	4096
0	3008
1	4096
3	4096
0	3955
1	4096
2	4096
0	2656
1	4096
0	3429
1	4096
1	4096
1	4096
1	4096
0	3621
0	3593
2	4096
3	4096
5	4096
0	3575
1	4096
2	4096
3	4096
0	3854
0	4075
0	3157
1	4096
4	4096
0	3686
3	4096
3	4096
4	4096
0	3834
3	4096
1	4096
0	3302
2	4096
1	4096
2	4096
0	3091
0	3518
1	4096
3	4096
1	4096
1	4096
1	4096
2	4096
1	4096
0	3922
0	2334
2	4096
3	4096
1	4096
0	3150
4	4096
1	4096
2	4096
0	3669
3	4096
0	2787
0	2877
1	4096
0	3519
0	3543
1	4096
1	4096
2	4096
0	2939
0	3931
2	4096
1	4096
1	4096
2	4096
2	4096
2	4096
1	4096
1	4096
2	4096
0	2628
0	3801
0	3811
2	4096
2	4096
1	4096
1	4096
2	4096
1	4096
1	4096
1	4096
3	4096
1	4096
0	3264
1	4096
3	4096
1	4096
1	4096
1	4096
1	4096
2	4096
0	3197
0	3404
4	4096
5	4096
1	4096
0	3989
2	4096
1	4096
0	4023
2	4096
1	4096
1	4096
0	3348
3	4096
0	4068
3	4096
3	4096
1	4096
1	4096
1	4096
4	4096
1	4096
0	3763
2	4096
3	4096
2	4096
1	4096
3	4096
1	4096
0	3194
0	3777
3	4096
0	2670
2	4096
1	4096
3	4096
2	4096
0	3163
1	4096
2	4096
0	3481
1	4096
1	4096
3	4096
0	3316
1	4096
3	4096
1	4096
1	4096
3	4096
1	4096
3	4096
0	3252
0	3145
5	4096
1	4096
2	4096
0	3239
2	4096
1	4096
3	4096
2	4096
3	4096
0	3819
1	4096
1	4096
1	4096
1	4096
4	4096
3	4096
5	4096
2	4096
3	4096
2	4096
3	4096
1	4096
2	4096
2	4096
1	4096
0	3466
3	4096
1	4096
3	4096
2	4096
2	4096
0	3788
4	4096
1	4096
0	3522
1	4096
3	4096
2	4096
4	4096
2	4096
1	4096
2	4096
4	4096
1	4096
2	4096
4	4096
0	3524
4	4096
1	4096
1	4096
0	3321
1	4096
2	4096
3	4096
0	3774
2	4096
1	4096
0	3745
0	3959
2	4096
2	4096
1	4096
1	4096
1	4096
2	4096
6	4096
0	3186
2	4096
2	4096
7	4096
1	4096
3	4096
2	4096
2	4096
0	3948
0	3794
2	4096
4	4096
2	4096
1	4096
2	4096
2	4096
3	4096
1	4096
0	3324
2	4096
0	3626
3	4096
2	4096
0	3543
1	4096
0	3223
2	4096
2	4096
2	4096
0	3965
0	3928
3	4096
0	3709
0	3539
4	4096
3	4096
1	4096
0	3142
1	4096
4	4096
2	4096
4	4096
0	3433
1	4096
1	4096
3	4096
1	4096
3	4096
2	4096
0	3326
3	4096
2	4096
2	4096
4	4096
1	4096
1	4096
1	4096
1	4096
4	4096
2	4096
1	4096
5	4096
0	2757
0	3798
2	4096
0	4067
2	4096
2	4096
0	2730
1	4096
1	4096
0	3410
1	4096
1	4096
1	4096
2	4096
3	4096
1	4096
2	4096
2	4096
2	4096
1	4096
3	4096
1	4096
1	4096
2	4096
0	3614
2	4096
2	4096
3	4096
3	4096
1	4096
1	4096
0	3064
2	4096
0	3642
2	4096
0	3567
3	4096
3	4096
3	4096
2	4096
0	3192
3	4096
1	4096
5	4096
1	4096
3	4096
2	4096
2	4096
0	3529
0	3456
1	4096
1	4096
2	4096
0	3679
1	4096
1	4096
3	4096
1	4096
0	3608
4	4096
1	4096
2	4096
1	4096
2	4096
0	3655
0	4041
2	4096
2	4096
0	3848
4	4096
1	4096
2	4096
0	4053
2	4096
0	4053
2	4096
0	3195
3	4096
2	4096
0	3544
3	4096
0	2623
3	4096
0	3876
1	4096
3	4096
1	4096
0	2871
1	4096
1	4096
5	4096
1	4096
0	3132
1	4096
1	4096
2	4096
4	4096
0	4094
1	4096
2	4096
4	4096
4	4096
3	4096
2	4096
1	4096
1	4096
2	4096
3	4096
1	4096
0	2777
3	4096
1	4096
2	4096
2	4096
1	4096
1	4096
0	3580
1	4096
2	4096
5	4096
0	2946
0	3731
0	3191
3	4096
3	4096
1	4096
1	4096
5	4096
1	4096
1	4096
1	4096
1	4096
0	3611
2	4096
0	3433
1	4096
1	4096
2	4096
1	4096
1	4096
1	4096
1	4096
1	4096
3	4096
0	3809
0	3495
2	4096
2	4096
1	4096
1	4096
6	4096
0	3711
0	3735
1	4096
2	4096
0	3961
2	4096
0	3850
2	4096
0	3521
3	4096
0	3435
2	4096
2	4096
2	4096
1	4096
2	4096
3	4096
4	4096
0	2429
5	4096
3	4096
2	4096
2	4096
2	4096
2	4096
2	4096
1	4096
5	4096
0	3100
1	4096
2	4096
0	3853
0	3670
0	3939
1	4096
2	4096
1	4096
1	4096
4	4096
2	4096
2	4096
0	3898
5	4096
2	4096
1	4096
1	4096
2	4096
3	4096
1	4096
1	4096
0	3781
0	2677
1	4096
1	4096
3	4096
1	4096
3	4096
1	4096
1	4096
2	4096
2	4096
2	4096
3	4096
1	4096
0	3610
1	4096
1	4096
3	4096
1	4096
1	4096
0	2521
0	3329
2	4096
0	3609
0	3555
0	3386
0	3685
0	3332
1	4096
4	4096
3	4096
0	2695
3	4096
3	4096
1	4096
2	4096
4	4096
0	3868
2	4096
5	4096
0	3582
2	4096
1	4096
1	4096
2	4096
0	2903
4	4096
2	4096
1	4096
2	4096
1	4096
1	4096
3	4096
4	4096
0	3667
1	4096
0	2448
1	4096
3	4096
2	4096
1	4096
0	3740
1	4096
4	4096
0	2750
2	4096
1	4096
2	4096
2	4096
1	4096
0	3545
0	4087
3	4096
1	4096
1	4096
0	3349
0	3812
0	2646
1	4096
2	4096
1	4096
1	4096
4	4096
1	4096
3	4096
4	4096
1	4096
0	3580
1	4096
1	4096
2	4096
2	4096
0	2765
1	4096
2	4096
1	4096
4	4096
1	4096
0	3622
2	4096
2	4096
0	2875
0	3457
3	4096
0	3056
3	4096
1	4096
4	4096
2	4096
0	3549
1	4096
1	4096
2	4096
0	4035
2	4096
1	4096
3	4096
0	3548
3	4096
2	4096
1	4096
2	4096
2	4096
0	3188
4	4096
3	4096
2	4096
0	3001
0	3507
2	4096
1	4096
0	3551
2	4096
0	3786
2	4096
0	3815
2	4096
3	4096
1	4096
1	4096
2	4096
4	4096
1	4096
3	4096
2	4096
1	4096
0	3824
0	4083
5	4096
0	3292
2	4096
0	3362
1	4096
2	4096
3	4096
0	3359
0	3456
3	4096
1	4096
0	3652
1	4096
4	4096
0	3716
2	4096
5	4096
2	4096
1	4096
1	4096
3	4096
1	4096
1	4096
3	4096
1	4096
1	4096
1	4096
2	4096
2	4096
0	3840
2	4096
2	4096
2	4096
1	4096
2	4096
1	4096
3	4096
4	4096
1	4096
0	3615
1	4096
3	4096
0	3912
4	4096
1	4096
1	4096
0	3909
1	4096
1	4096
4	4096
1	4096
1	4096
1	4096
2	4096
0	2929
0	3549
1	4096
1	4096
3	4096
1	4096
2	4096
2	4096
1	4096
4	4096
4	4096
0	3745
3	4096
4	4096
2	4096
2	4096
1	4096
3	4096
2	4096
3	4096
3	4096
3	4096
0	3263
0	3740
0	3384
2	4096
1	4096
1	4096
0	3686
1	4096
1	4096
1	4096
4	4096
3	4096
1	4096
2	4096
1	4096
2	4096
3	4096
1	4096
1	4096
0	2628
3	4096
2	4096
0	3804
3	4096
3	4096
1	4096
2	4096
1	4096
3	4096
0	3812
3	4096
1	4096
0	2742
0	4041
2	4096
5	4096
1	4096
2	4096
0	3930
1	4096
1	4096
1	4096
2	4096
0	3313
1	4096
0	3873
3	4096
2	4096
2	4096
2	4096
3	4096
0	3136
2	4096
2	4096
2	4096
5	4096
4	4096
3	4096
3	4096
2	4096
0	3167
1	4096
4	4096
1	4096
1	4096
4	4096
2	4096
0	3599
1	4096
0	3295
1	4096
2	4096
2	4096
2	4096
5	4096
4	4096
1	4096
1	4096
0	3201
0	3845
2	4096
1	4096
0	3410
1	4096
4	4096
4	4096
0	2871
2	4096
1	4096
0	2564
3	4096
1	4096
4	4096
3	4096
1	4096
2	4096
2	4096
2	4096
0	3289
2	4096
2	4096
0	4039
1	4096
3	4096
1	4096
0	3448
3	4096
4	4096
2	4096
3	4096
1	4096
2	4096
1	4096
1	4096
0	3354
0	4064
3	4096
1	4096
2	4096
3	4096
2	4096
2	4096
0	3691
2	4096
0	3802
2	4096
1	4096
2	4096
4	4096
2	4096
0	4034
2	4096
1	4096
0	3958
1	4096
2	4096
0	3674
1	4096
1	4096
2	4096
3	4096
1	4096
1	4096
1	4096
0	3795
0	3858
2	4096
2	4096
0	3478
1	4096
2	4096
1	4096
0	3384
2	4096
2	4096
3	4096
2	4096
3	4096
2	4096
0	3946
1	4096
4	4096
3	4096
3	4096
0	3863
3	4096
3	4096
1	4096
2	4096
2	4096
0	2396
2	4096
1	4096
2	4096
1	4096
1	4096
0	3703
4	4096
1	4096
1	4096
0	3433
0	2786
0	3392
0	3513
0	3388
3	4096
1	4096
1	4096
0	3939
4	4096
1	4096
2	4096
2	4096
1	4096
1	4096
1	4096
1	4096
0	3656
1	4096
1	4096
1	4096
0	3228
2	4096
3	4096
0	3719
2	4096
1	4096
2	4096
0	3774
0	3460
1	4096
5	4096
0	2994
2	4096
0	3973
0	2629
1	4096
3	4096
0	3470
1	4096
2	4096
2	4096
1	4096
2	4096
3	4096
1	4096
3	4096
1	4096
4	4096
0	3687
1	4096
2	4096
4	4096
1	4096
3	4096
1	4096
2	4096
2	4096
3	4096
4	4096
2	4096
0	3816
5	4096
1	4096
2	4096
0	3963
2	4096
2	4096
5	4096
0	3301
1	4096
3	4096
2	4096
1	4096
0	3737
0	3851
0	2781
0	3223
2	4096
1	4096
2	4096
1	4096
0	3685
1	4096
1	4096
1	4096
2	4096
0	4017
3	4096
0	3096
3	4096
1	4096
1	4096
2	4096
3	4096
0	3996
0	3198
1	4096
1	4096
1	4096
1	4096
0	3623
0	3656
1	4096
4	4096
0	3995
0	3742
1	4096
1	4096
2	4096
2	4096
4	4096
4	4096
3	4096
3	4096
4	4096
1	4096
1	4096
2	4096
4	4096
0	3280
0	3141
1	4096
0	3992
2	4096
1	4096
0	3814
1	4096
3	4096
1	4096
1	4096
1	4096
1	4096
3	4096
1	4096
6	4096
3	4096
0	3205
1	4096
1	4096
1	4096
1	4096
1	4096
1	4096
1	4096
4	4096
1	4096
1	4096
3	4096
1	4096
0	3147
1	4096
0	3911
4	4096
1	4096
