#SA random K-SAT
#N=65536  nIter=2048  alpha=3.85   NSamples=10000
#av(e)	1.9355
#std(e)	0.01420401263727965
1	2048
1	2048
1	2048
4	2048
1	2048
2	2048
2	2048
2	2048
2	2048
3	2048
1	2048
3	2048
1	2048
1	2048
4	2048
1	2048
2	2048
1	2048
1	2048
3	2048
2	2048
0	1655
2	2048
1	2048
0	1731
1	2048
1	2048
1	2048
4	2048
2	2048
1	2048
0	2048
2	2048
1	2048
3	2048
2	2048
3	2048
4	2048
2	2048
1	2048
0	1991
0	1553
2	2048
2	2048
0	1773
1	2048
5	2048
4	2048
2	2048
2	2048
2	2048
0	1830
4	2048
1	2048
0	1723
4	2048
3	2048
3	2048
1	2048
1	2048
0	1928
1	2048
1	2048
1	2048
6	2048
3	2048
0	1861
2	2048
4	2048
2	2048
1	2048
1	2048
1	2048
5	2048
0	1337
1	2048
1	2048
1	2048
2	2048
1	2048
3	2048
2	2048
4	2048
0	1822
3	2048
2	2048
1	2048
1	2048
0	1895
3	2048
2	2048
3	2048
2	2048
2	2048
1	2048
1	2048
0	1952
2	2048
2	2048
1	2048
3	2048
1	2048
2	2048
2	2048
1	2048
4	2048
3	2048
1	2048
0	1591
0	1522
2	2048
2	2048
1	2048
3	2048
4	2048
3	2048
1	2048
5	2048
1	2048
2	2048
0	2027
1	2048
2	2048
0	1964
0	1276
3	2048
5	2048
1	2048
0	1703
4	2048
4	2048
0	1742
3	2048
0	1602
1	2048
4	2048
4	2048
1	2048
5	2048
2	2048
4	2048
2	2048
3	2048
2	2048
3	2048
1	2048
3	2048
3	2048
5	2048
3	2048
4	2048
2	2048
4	2048
2	2048
1	2048
2	2048
0	1775
2	2048
4	2048
2	2048
4	2048
0	1971
0	1926
4	2048
3	2048
1	2048
0	1999
0	1991
1	2048
2	2048
0	1995
3	2048
1	2048
2	2048
0	1517
1	2048
4	2048
2	2048
1	2048
0	2006
2	2048
1	2048
1	2048
1	2048
0	1574
1	2048
0	1866
3	2048
4	2048
1	2048
1	2048
1	2048
0	1998
2	2048
0	1862
3	2048
2	2048
1	2048
1	2048
1	2048
1	2048
4	2048
2	2048
1	2048
5	2048
1	2048
1	2048
3	2048
4	2048
2	2048
3	2048
2	2048
2	2048
1	2048
0	1795
3	2048
4	2048
3	2048
2	2048
3	2048
2	2048
2	2048
2	2048
2	2048
1	2048
5	2048
1	2048
0	1856
4	2048
2	2048
1	2048
2	2048
1	2048
2	2048
3	2048
1	2048
4	2048
0	1708
2	2048
3	2048
2	2048
1	2048
5	2048
4	2048
1	2048
0	1671
3	2048
0	1941
4	2048
4	2048
2	2048
1	2048
0	1919
1	2048
2	2048
2	2048
0	1369
1	2048
1	2048
2	2048
1	2048
1	2048
3	2048
0	1793
2	2048
1	2048
1	2048
2	2048
3	2048
2	2048
1	2048
3	2048
4	2048
3	2048
0	1601
4	2048
3	2048
2	2048
1	2048
1	2048
2	2048
1	2048
0	1964
0	1533
1	2048
3	2048
2	2048
4	2048
1	2048
0	2006
2	2048
5	2048
2	2048
1	2048
2	2048
3	2048
2	2048
1	2048
2	2048
2	2048
3	2048
3	2048
2	2048
0	1920
2	2048
1	2048
2	2048
1	2048
1	2048
2	2048
3	2048
5	2048
0	1766
3	2048
2	2048
0	1881
1	2048
1	2048
1	2048
5	2048
2	2048
2	2048
2	2048
2	2048
2	2048
2	2048
3	2048
0	1773
3	2048
1	2048
1	2048
2	2048
1	2048
1	2048
2	2048
3	2048
2	2048
3	2048
1	2048
0	2002
0	1828
0	1760
1	2048
1	2048
3	2048
2	2048
1	2048
1	2048
1	2048
1	2048
1	2048
2	2048
1	2048
2	2048
1	2048
1	2048
5	2048
0	2000
1	2048
2	2048
1	2048
1	2048
0	1496
2	2048
1	2048
2	2048
2	2048
2	2048
0	1898
3	2048
4	2048
2	2048
2	2048
1	2048
1	2048
1	2048
4	2048
5	2048
2	2048
2	2048
1	2048
1	2048
1	2048
0	1933
3	2048
3	2048
1	2048
1	2048
1	2048
0	1399
7	2048
2	2048
2	2048
1	2048
1	2048
3	2048
4	2048
5	2048
2	2048
3	2048
2	2048
4	2048
1	2048
6	2048
2	2048
2	2048
2	2048
2	2048
3	2048
4	2048
1	2048
2	2048
1	2048
4	2048
2	2048
1	2048
4	2048
1	2048
2	2048
0	1847
3	2048
4	2048
1	2048
0	1761
0	1682
2	2048
0	1714
2	2048
1	2048
0	1597
1	2048
1	2048
2	2048
2	2048
1	2048
3	2048
6	2048
0	1734
0	1298
1	2048
1	2048
2	2048
3	2048
0	1841
3	2048
4	2048
1	2048
2	2048
4	2048
3	2048
1	2048
1	2048
1	2048
2	2048
4	2048
2	2048
5	2048
0	1754
2	2048
1	2048
4	2048
1	2048
2	2048
2	2048
5	2048
3	2048
1	2048
1	2048
2	2048
3	2048
0	1751
3	2048
4	2048
0	1990
4	2048
1	2048
1	2048
1	2048
2	2048
4	2048
1	2048
1	2048
2	2048
2	2048
0	1937
3	2048
3	2048
2	2048
3	2048
1	2048
1	2048
2	2048
2	2048
2	2048
1	2048
0	1443
4	2048
1	2048
3	2048
2	2048
1	2048
2	2048
3	2048
1	2048
1	2048
3	2048
2	2048
3	2048
1	2048
1	2048
2	2048
2	2048
1	2048
1	2048
3	2048
1	2048
1	2048
1	2048
2	2048
2	2048
0	1873
0	1948
1	2048
1	2048
4	2048
0	2020
3	2048
1	2048
1	2048
2	2048
3	2048
1	2048
1	2048
3	2048
1	2048
0	1794
2	2048
2	2048
4	2048
2	2048
1	2048
2	2048
3	2048
2	2048
2	2048
3	2048
3	2048
3	2048
2	2048
1	2048
3	2048
4	2048
1	2048
2	2048
1	2048
1	2048
0	2009
2	2048
7	2048
1	2048
1	2048
3	2048
2	2048
2	2048
3	2048
2	2048
0	1678
1	2048
3	2048
2	2048
1	2048
3	2048
8	2048
1	2048
2	2048
1	2048
0	1740
1	2048
4	2048
2	2048
0	1599
6	2048
4	2048
2	2048
0	1327
1	2048
4	2048
1	2048
5	2048
2	2048
1	2048
1	2048
4	2048
3	2048
2	2048
4	2048
3	2048
3	2048
1	2048
0	1889
3	2048
2	2048
0	1616
2	2048
6	2048
1	2048
1	2048
2	2048
3	2048
0	1780
3	2048
2	2048
4	2048
0	1898
1	2048
3	2048
1	2048
1	2048
0	1739
5	2048
3	2048
0	1460
2	2048
2	2048
1	2048
1	2048
3	2048
0	1471
1	2048
3	2048
2	2048
2	2048
3	2048
1	2048
1	2048
2	2048
1	2048
0	2007
5	2048
1	2048
0	1909
2	2048
4	2048
3	2048
3	2048
1	2048
0	1871
0	1772
1	2048
1	2048
3	2048
3	2048
3	2048
1	2048
1	2048
6	2048
2	2048
2	2048
5	2048
2	2048
3	2048
1	2048
3	2048
1	2048
1	2048
3	2048
1	2048
3	2048
3	2048
2	2048
2	2048
5	2048
2	2048
1	2048
0	1724
4	2048
2	2048
2	2048
1	2048
3	2048
0	1755
1	2048
5	2048
1	2048
1	2048
3	2048
2	2048
4	2048
2	2048
1	2048
1	2048
2	2048
6	2048
1	2048
3	2048
1	2048
4	2048
1	2048
3	2048
1	2048
3	2048
2	2048
1	2048
2	2048
2	2048
6	2048
3	2048
2	2048
2	2048
1	2048
0	1605
4	2048
1	2048
3	2048
1	2048
1	2048
1	2048
1	2048
2	2048
2	2048
1	2048
1	2048
2	2048
1	2048
4	2048
2	2048
4	2048
3	2048
3	2048
0	1754
1	2048
2	2048
2	2048
2	2048
2	2048
5	2048
5	2048
0	1384
1	2048
5	2048
2	2048
2	2048
0	2048
2	2048
4	2048
3	2048
4	2048
0	1551
2	2048
1	2048
1	2048
1	2048
3	2048
2	2048
0	1951
3	2048
2	2048
1	2048
2	2048
3	2048
2	2048
6	2048
1	2048
2	2048
0	1917
3	2048
2	2048
5	2048
0	2033
2	2048
2	2048
1	2048
2	2048
2	2048
2	2048
3	2048
1	2048
0	1744
0	1787
1	2048
2	2048
1	2048
1	2048
1	2048
3	2048
1	2048
2	2048
2	2048
4	2048
2	2048
2	2048
1	2048
2	2048
2	2048
2	2048
0	1897
2	2048
5	2048
5	2048
1	2048
6	2048
2	2048
4	2048
2	2048
0	1990
0	1877
3	2048
4	2048
3	2048
1	2048
5	2048
3	2048
2	2048
0	1505
1	2048
3	2048
1	2048
3	2048
0	1325
0	1972
0	1914
1	2048
3	2048
3	2048
4	2048
3	2048
0	1981
2	2048
3	2048
1	2048
2	2048
2	2048
1	2048
0	1899
5	2048
0	1905
2	2048
3	2048
0	1469
1	2048
2	2048
2	2048
4	2048
2	2048
1	2048
4	2048
2	2048
1	2048
1	2048
1	2048
1	2048
1	2048
2	2048
5	2048
1	2048
4	2048
2	2048
4	2048
2	2048
2	2048
3	2048
0	2014
1	2048
1	2048
0	1424
2	2048
1	2048
0	1318
1	2048
3	2048
0	2013
3	2048
0	1816
2	2048
3	2048
3	2048
2	2048
4	2048
4	2048
1	2048
2	2048
3	2048
3	2048
0	2035
1	2048
1	2048
0	1868
1	2048
3	2048
5	2048
1	2048
4	2048
2	2048
1	2048
3	2048
3	2048
2	2048
3	2048
1	2048
1	2048
4	2048
3	2048
0	1806
1	2048
1	2048
3	2048
1	2048
1	2048
2	2048
2	2048
3	2048
0	1846
1	2048
2	2048
1	2048
5	2048
2	2048
4	2048
0	1652
1	2048
1	2048
1	2048
0	2038
1	2048
1	2048
1	2048
2	2048
0	1790
1	2048
2	2048
1	2048
1	2048
3	2048
3	2048
2	2048
5	2048
2	2048
2	2048
0	1809
1	2048
0	1992
0	1789
4	2048
3	2048
0	1522
3	2048
2	2048
3	2048
1	2048
0	1699
2	2048
1	2048
2	2048
0	1886
1	2048
1	2048
2	2048
3	2048
4	2048
2	2048
3	2048
1	2048
2	2048
1	2048
4	2048
3	2048
0	1788
2	2048
3	2048
0	1827
1	2048
1	2048
4	2048
5	2048
2	2048
1	2048
5	2048
3	2048
3	2048
0	2017
2	2048
0	1650
1	2048
1	2048
4	2048
2	2048
4	2048
3	2048
2	2048
0	1965
1	2048
1	2048
2	2048
1	2048
2	2048
3	2048
0	1906
1	2048
0	1977
2	2048
1	2048
2	2048
0	1831
3	2048
2	2048
2	2048
4	2048
1	2048
3	2048
2	2048
0	1640
1	2048
4	2048
3	2048
2	2048
5	2048
2	2048
0	1754
4	2048
2	2048
3	2048
1	2048
2	2048
3	2048
3	2048
2	2048
4	2048
5	2048
3	2048
1	2048
3	2048
2	2048
3	2048
5	2048
0	1998
5	2048
2	2048
1	2048
6	2048
2	2048
0	1817
0	1979
2	2048
3	2048
1	2048
1	2048
1	2048
1	2048
0	1878
3	2048
4	2048
0	1587
1	2048
3	2048
2	2048
6	2048
3	2048
2	2048
4	2048
4	2048
4	2048
1	2048
1	2048
2	2048
6	2048
2	2048
2	2048
4	2048
4	2048
1	2048
3	2048
1	2048
3	2048
0	1625
2	2048
2	2048
5	2048
2	2048
1	2048
1	2048
0	1536
0	1715
0	1890
0	2048
6	2048
1	2048
2	2048
3	2048
0	1711
1	2048
1	2048
0	1472
0	1902
3	2048
4	2048
3	2048
0	1807
2	2048
5	2048
0	1745
3	2048
2	2048
3	2048
1	2048
2	2048
1	2048
2	2048
0	1986
4	2048
1	2048
0	1816
2	2048
2	2048
1	2048
6	2048
1	2048
3	2048
2	2048
1	2048
2	2048
5	2048
4	2048
3	2048
4	2048
3	2048
3	2048
3	2048
3	2048
1	2048
1	2048
1	2048
0	1772
1	2048
2	2048
2	2048
3	2048
2	2048
2	2048
4	2048
2	2048
2	2048
2	2048
0	1708
0	1875
0	1630
1	2048
0	2023
1	2048
2	2048
2	2048
2	2048
2	2048
1	2048
2	2048
3	2048
4	2048
2	2048
1	2048
0	1757
1	2048
2	2048
1	2048
4	2048
1	2048
6	2048
6	2048
3	2048
2	2048
2	2048
1	2048
1	2048
3	2048
1	2048
0	1831
3	2048
3	2048
0	1804
2	2048
1	2048
0	1352
4	2048
2	2048
5	2048
1	2048
3	2048
1	2048
2	2048
1	2048
2	2048
1	2048
1	2048
0	2035
2	2048
3	2048
1	2048
3	2048
2	2048
2	2048
0	1978
2	2048
1	2048
1	2048
2	2048
1	2048
1	2048
0	1652
0	1715
5	2048
0	1549
3	2048
3	2048
5	2048
0	1678
2	2048
2	2048
3	2048
6	2048
2	2048
3	2048
1	2048
2	2048
1	2048
3	2048
2	2048
1	2048
2	2048
4	2048
3	2048
0	1617
4	2048
0	1987
1	2048
1	2048
4	2048
1	2048
1	2048
3	2048
2	2048
1	2048
1	2048
3	2048
2	2048
0	1931
0	1949
2	2048
1	2048
2	2048
2	2048
1	2048
1	2048
0	1527
1	2048
3	2048
3	2048
2	2048
3	2048
0	1977
2	2048
3	2048
2	2048
2	2048
4	2048
2	2048
2	2048
0	1929
1	2048
2	2048
3	2048
2	2048
1	2048
0	1771
1	2048
4	2048
2	2048
2	2048
2	2048
1	2048
0	1895
2	2048
3	2048
3	2048
2	2048
1	2048
2	2048
2	2048
3	2048
1	2048
2	2048
3	2048
1	2048
2	2048
2	2048
4	2048
2	2048
2	2048
2	2048
1	2048
1	2048
0	2026
2	2048
1	2048
2	2048
1	2048
0	1933
5	2048
4	2048
2	2048
2	2048
4	2048
3	2048
2	2048
2	2048
3	2048
2	2048
1	2048
0	1781
1	2048
0	1777
2	2048
0	1792
1	2048
0	1525
2	2048
3	2048
1	2048
0	1881
1	2048
4	2048
2	2048
1	2048
2	2048
1	2048
1	2048
2	2048
1	2048
2	2048
3	2048
1	2048
3	2048
1	2048
3	2048
2	2048
2	2048
1	2048
2	2048
1	2048
4	2048
2	2048
1	2048
3	2048
1	2048
1	2048
2	2048
3	2048
3	2048
3	2048
1	2048
1	2048
2	2048
4	2048
0	1865
2	2048
2	2048
1	2048
2	2048
2	2048
2	2048
1	2048
5	2048
3	2048
1	2048
2	2048
1	2048
3	2048
8	2048
3	2048
3	2048
5	2048
0	1847
2	2048
2	2048
2	2048
2	2048
0	1779
3	2048
2	2048
2	2048
4	2048
0	2024
1	2048
0	1645
1	2048
3	2048
1	2048
2	2048
4	2048
0	1614
1	2048
1	2048
1	2048
1	2048
1	2048
2	2048
0	1946
1	2048
2	2048
2	2048
1	2048
4	2048
2	2048
0	1569
0	1766
4	2048
4	2048
1	2048
2	2048
3	2048
1	2048
1	2048
0	1623
0	1667
1	2048
2	2048
1	2048
1	2048
3	2048
1	2048
1	2048
3	2048
2	2048
1	2048
1	2048
4	2048
0	1962
5	2048
3	2048
0	1959
2	2048
1	2048
0	1927
2	2048
5	2048
2	2048
2	2048
2	2048
1	2048
2	2048
4	2048
2	2048
2	2048
1	2048
0	1183
2	2048
2	2048
1	2048
0	2029
4	2048
2	2048
1	2048
2	2048
2	2048
3	2048
2	2048
2	2048
1	2048
1	2048
2	2048
2	2048
3	2048
4	2048
3	2048
4	2048
4	2048
3	2048
3	2048
0	1636
0	1715
4	2048
0	1775
2	2048
2	2048
3	2048
4	2048
3	2048
3	2048
1	2048
3	2048
2	2048
2	2048
3	2048
4	2048
0	1951
1	2048
1	2048
0	1816
1	2048
3	2048
4	2048
1	2048
3	2048
1	2048
2	2048
4	2048
2	2048
3	2048
1	2048
2	2048
3	2048
1	2048
0	1915
1	2048
2	2048
2	2048
3	2048
4	2048
2	2048
1	2048
1	2048
4	2048
1	2048
0	1998
0	1789
3	2048
2	2048
1	2048
3	2048
1	2048
2	2048
2	2048
5	2048
4	2048
2	2048
3	2048
1	2048
1	2048
1	2048
2	2048
2	2048
4	2048
1	2048
2	2048
3	2048
0	1778
1	2048
1	2048
5	2048
2	2048
0	1658
1	2048
0	2001
5	2048
2	2048
0	1687
0	1883
1	2048
1	2048
2	2048
4	2048
5	2048
1	2048
0	1394
4	2048
2	2048
3	2048
2	2048
2	2048
2	2048
2	2048
6	2048
1	2048
0	1915
0	1528
4	2048
0	1504
2	2048
2	2048
0	2027
3	2048
0	1799
1	2048
3	2048
0	1379
2	2048
2	2048
1	2048
0	1399
0	1948
1	2048
4	2048
2	2048
3	2048
1	2048
4	2048
4	2048
2	2048
1	2048
3	2048
1	2048
6	2048
2	2048
3	2048
3	2048
1	2048
2	2048
2	2048
2	2048
1	2048
0	1442
1	2048
5	2048
1	2048
2	2048
2	2048
5	2048
3	2048
1	2048
0	1370
3	2048
3	2048
5	2048
3	2048
5	2048
0	1532
2	2048
3	2048
2	2048
1	2048
1	2048
3	2048
3	2048
3	2048
2	2048
3	2048
4	2048
1	2048
3	2048
0	1363
4	2048
1	2048
1	2048
2	2048
1	2048
2	2048
3	2048
1	2048
2	2048
3	2048
1	2048
4	2048
2	2048
1	2048
4	2048
4	2048
3	2048
1	2048
1	2048
2	2048
1	2048
0	1777
1	2048
4	2048
5	2048
4	2048
4	2048
2	2048
3	2048
3	2048
4	2048
1	2048
4	2048
2	2048
4	2048
2	2048
1	2048
1	2048
1	2048
0	1936
1	2048
0	1952
2	2048
1	2048
3	2048
4	2048
1	2048
1	2048
2	2048
4	2048
6	2048
6	2048
1	2048
4	2048
4	2048
3	2048
8	2048
2	2048
3	2048
0	1396
1	2048
3	2048
0	1430
2	2048
2	2048
3	2048
1	2048
4	2048
0	1528
1	2048
1	2048
1	2048
1	2048
5	2048
1	2048
0	1567
0	2035
2	2048
3	2048
7	2048
2	2048
3	2048
2	2048
1	2048
1	2048
5	2048
0	1621
1	2048
2	2048
2	2048
2	2048
3	2048
4	2048
2	2048
0	1571
2	2048
5	2048
1	2048
1	2048
1	2048
2	2048
3	2048
1	2048
1	2048
3	2048
1	2048
2	2048
3	2048
2	2048
3	2048
3	2048
2	2048
1	2048
1	2048
2	2048
1	2048
3	2048
0	1512
1	2048
0	1835
4	2048
2	2048
3	2048
2	2048
2	2048
1	2048
3	2048
4	2048
0	1715
3	2048
0	1877
2	2048
0	1859
1	2048
2	2048
4	2048
2	2048
1	2048
2	2048
1	2048
1	2048
1	2048
0	1545
1	2048
2	2048
0	1909
2	2048
2	2048
4	2048
1	2048
2	2048
2	2048
4	2048
0	1422
1	2048
2	2048
0	1908
2	2048
2	2048
1	2048
3	2048
2	2048
1	2048
0	1807
2	2048
0	1874
1	2048
2	2048
1	2048
1	2048
1	2048
1	2048
3	2048
4	2048
0	1947
1	2048
2	2048
1	2048
2	2048
2	2048
1	2048
2	2048
1	2048
2	2048
1	2048
1	2048
2	2048
2	2048
2	2048
1	2048
5	2048
2	2048
1	2048
0	1449
3	2048
2	2048
3	2048
3	2048
7	2048
2	2048
1	2048
1	2048
3	2048
2	2048
1	2048
3	2048
4	2048
2	2048
2	2048
0	1861
1	2048
1	2048
2	2048
2	2048
0	1796
4	2048
1	2048
2	2048
0	1740
2	2048
1	2048
2	2048
2	2048
0	1872
3	2048
5	2048
1	2048
1	2048
3	2048
1	2048
1	2048
6	2048
3	2048
2	2048
1	2048
0	1735
2	2048
2	2048
2	2048
0	1531
0	1886
1	2048
2	2048
4	2048
1	2048
5	2048
2	2048
3	2048
3	2048
4	2048
1	2048
4	2048
1	2048
1	2048
1	2048
2	2048
2	2048
2	2048
3	2048
3	2048
1	2048
0	1804
4	2048
4	2048
5	2048
1	2048
3	2048
2	2048
2	2048
4	2048
1	2048
1	2048
1	2048
0	1972
2	2048
1	2048
3	2048
2	2048
5	2048
1	2048
0	2009
1	2048
4	2048
2	2048
0	1730
0	1645
1	2048
0	1817
2	2048
0	1778
3	2048
0	1644
0	2003
4	2048
2	2048
1	2048
2	2048
3	2048
4	2048
1	2048
2	2048
1	2048
0	2024
1	2048
3	2048
2	2048
5	2048
3	2048
1	2048
0	1839
2	2048
2	2048
1	2048
1	2048
1	2048
0	1821
0	1634
1	2048
4	2048
0	1775
1	2048
1	2048
2	2048
5	2048
1	2048
0	1500
0	1526
1	2048
1	2048
2	2048
3	2048
2	2048
1	2048
1	2048
1	2048
2	2048
2	2048
1	2048
3	2048
3	2048
3	2048
4	2048
2	2048
2	2048
1	2048
1	2048
4	2048
3	2048
1	2048
3	2048
1	2048
2	2048
1	2048
1	2048
3	2048
3	2048
4	2048
0	1562
2	2048
3	2048
2	2048
1	2048
1	2048
2	2048
0	1960
1	2048
6	2048
1	2048
0	1657
3	2048
2	2048
1	2048
1	2048
1	2048
4	2048
2	2048
2	2048
1	2048
3	2048
4	2048
0	1676
6	2048
1	2048
1	2048
4	2048
2	2048
3	2048
3	2048
4	2048
1	2048
2	2048
3	2048
1	2048
3	2048
4	2048
3	2048
1	2048
3	2048
1	2048
0	1626
4	2048
0	1355
1	2048
3	2048
2	2048
3	2048
2	2048
1	2048
1	2048
4	2048
0	1785
3	2048
1	2048
2	2048
3	2048
4	2048
2	2048
3	2048
3	2048
4	2048
1	2048
5	2048
1	2048
2	2048
0	1829
3	2048
7	2048
0	1433
2	2048
2	2048
0	1713
4	2048
1	2048
0	1578
0	1636
3	2048
1	2048
0	1766
5	2048
3	2048
3	2048
1	2048
1	2048
1	2048
3	2048
4	2048
2	2048
1	2048
3	2048
2	2048
2	2048
4	2048
2	2048
3	2048
3	2048
1	2048
1	2048
2	2048
2	2048
1	2048
2	2048
1	2048
0	1880
0	1963
1	2048
5	2048
2	2048
3	2048
0	1935
4	2048
1	2048
1	2048
2	2048
1	2048
2	2048
1	2048
1	2048
3	2048
0	1930
2	2048
0	1422
2	2048
2	2048
1	2048
1	2048
0	1824
1	2048
2	2048
2	2048
3	2048
2	2048
3	2048
1	2048
3	2048
2	2048
4	2048
0	2022
4	2048
1	2048
6	2048
2	2048
2	2048
5	2048
0	1417
5	2048
2	2048
2	2048
0	1854
1	2048
1	2048
2	2048
1	2048
2	2048
5	2048
2	2048
1	2048
6	2048
4	2048
2	2048
3	2048
6	2048
1	2048
0	2022
5	2048
2	2048
0	1955
5	2048
3	2048
1	2048
3	2048
2	2048
2	2048
2	2048
1	2048
5	2048
0	1833
2	2048
2	2048
2	2048
1	2048
0	1575
2	2048
1	2048
0	1910
3	2048
3	2048
0	1811
1	2048
0	1636
1	2048
3	2048
0	1753
2	2048
1	2048
1	2048
1	2048
0	1423
4	2048
3	2048
0	2043
1	2048
1	2048
5	2048
2	2048
2	2048
2	2048
3	2048
0	1624
3	2048
1	2048
2	2048
3	2048
1	2048
0	1994
1	2048
4	2048
4	2048
2	2048
2	2048
3	2048
3	2048
2	2048
0	2026
2	2048
3	2048
2	2048
2	2048
4	2048
3	2048
1	2048
0	1741
1	2048
2	2048
3	2048
3	2048
1	2048
3	2048
1	2048
0	1550
0	1825
2	2048
5	2048
3	2048
1	2048
0	1988
1	2048
4	2048
3	2048
2	2048
2	2048
1	2048
3	2048
3	2048
2	2048
1	2048
5	2048
1	2048
0	1423
2	2048
5	2048
2	2048
2	2048
2	2048
1	2048
3	2048
2	2048
3	2048
3	2048
0	1704
5	2048
2	2048
3	2048
0	1809
0	1963
1	2048
0	1613
2	2048
1	2048
2	2048
1	2048
2	2048
1	2048
3	2048
0	1783
2	2048
2	2048
3	2048
1	2048
0	1800
2	2048
1	2048
2	2048
1	2048
4	2048
2	2048
0	1907
1	2048
1	2048
2	2048
0	1804
0	1957
2	2048
2	2048
2	2048
0	1428
0	1929
2	2048
3	2048
1	2048
2	2048
1	2048
2	2048
1	2048
2	2048
5	2048
2	2048
1	2048
4	2048
3	2048
0	1819
1	2048
1	2048
4	2048
3	2048
1	2048
1	2048
2	2048
2	2048
2	2048
0	1772
2	2048
4	2048
1	2048
3	2048
2	2048
1	2048
2	2048
1	2048
1	2048
3	2048
2	2048
2	2048
0	1700
3	2048
1	2048
4	2048
1	2048
2	2048
4	2048
2	2048
4	2048
2	2048
2	2048
1	2048
1	2048
3	2048
1	2048
2	2048
7	2048
0	1496
3	2048
2	2048
0	2022
1	2048
6	2048
0	1782
2	2048
0	2012
1	2048
0	1685
2	2048
2	2048
2	2048
1	2048
3	2048
4	2048
2	2048
1	2048
1	2048
3	2048
1	2048
3	2048
2	2048
1	2048
5	2048
3	2048
2	2048
1	2048
3	2048
2	2048
4	2048
3	2048
2	2048
2	2048
2	2048
3	2048
2	2048
1	2048
2	2048
2	2048
6	2048
3	2048
3	2048
0	1951
0	1604
0	1879
1	2048
2	2048
2	2048
3	2048
1	2048
2	2048
0	1930
2	2048
2	2048
4	2048
4	2048
1	2048
2	2048
1	2048
2	2048
1	2048
3	2048
2	2048
5	2048
0	1781
1	2048
0	1810
3	2048
3	2048
2	2048
1	2048
1	2048
3	2048
1	2048
1	2048
1	2048
3	2048
1	2048
1	2048
1	2048
4	2048
4	2048
7	2048
4	2048
1	2048
1	2048
1	2048
0	2041
1	2048
1	2048
5	2048
5	2048
2	2048
3	2048
6	2048
1	2048
0	2032
1	2048
2	2048
1	2048
4	2048
3	2048
1	2048
4	2048
1	2048
2	2048
1	2048
2	2048
0	1938
4	2048
4	2048
1	2048
4	2048
2	2048
1	2048
1	2048
0	1704
1	2048
1	2048
1	2048
3	2048
1	2048
2	2048
1	2048
4	2048
3	2048
0	1856
3	2048
2	2048
2	2048
1	2048
3	2048
2	2048
5	2048
1	2048
2	2048
4	2048
2	2048
5	2048
1	2048
2	2048
1	2048
4	2048
3	2048
2	2048
2	2048
1	2048
4	2048
0	1897
1	2048
3	2048
1	2048
0	1225
1	2048
1	2048
4	2048
2	2048
0	1472
0	1378
1	2048
3	2048
4	2048
3	2048
3	2048
5	2048
2	2048
1	2048
1	2048
3	2048
0	1537
5	2048
0	1724
0	1789
2	2048
0	1835
1	2048
2	2048
2	2048
2	2048
1	2048
2	2048
2	2048
3	2048
4	2048
2	2048
1	2048
4	2048
3	2048
1	2048
2	2048
2	2048
0	2041
1	2048
3	2048
1	2048
2	2048
0	1880
2	2048
2	2048
3	2048
2	2048
1	2048
3	2048
6	2048
3	2048
2	2048
2	2048
1	2048
3	2048
5	2048
2	2048
2	2048
3	2048
3	2048
4	2048
1	2048
2	2048
3	2048
4	2048
6	2048
4	2048
0	1205
3	2048
1	2048
1	2048
3	2048
2	2048
2	2048
3	2048
1	2048
3	2048
3	2048
2	2048
1	2048
0	1850
1	2048
3	2048
0	1677
0	1891
1	2048
0	1309
6	2048
3	2048
3	2048
2	2048
2	2048
3	2048
3	2048
1	2048
5	2048
2	2048
4	2048
2	2048
2	2048
4	2048
2	2048
4	2048
2	2048
2	2048
6	2048
5	2048
3	2048
3	2048
1	2048
2	2048
1	2048
1	2048
2	2048
2	2048
4	2048
2	2048
2	2048
1	2048
6	2048
0	1602
1	2048
1	2048
2	2048
2	2048
2	2048
0	1786
1	2048
3	2048
1	2048
1	2048
3	2048
5	2048
1	2048
1	2048
2	2048
5	2048
0	2031
2	2048
4	2048
3	2048
1	2048
4	2048
0	1966
0	1909
3	2048
1	2048
1	2048
1	2048
2	2048
0	2011
2	2048
1	2048
2	2048
2	2048
1	2048
2	2048
3	2048
4	2048
2	2048
3	2048
5	2048
2	2048
0	1826
2	2048
3	2048
3	2048
3	2048
1	2048
2	2048
3	2048
2	2048
3	2048
1	2048
2	2048
2	2048
1	2048
1	2048
2	2048
1	2048
1	2048
1	2048
3	2048
1	2048
5	2048
3	2048
6	2048
1	2048
0	1975
2	2048
1	2048
3	2048
3	2048
1	2048
4	2048
0	1708
2	2048
8	2048
1	2048
1	2048
4	2048
2	2048
3	2048
3	2048
2	2048
2	2048
1	2048
2	2048
2	2048
0	1885
2	2048
1	2048
3	2048
1	2048
1	2048
2	2048
1	2048
3	2048
4	2048
3	2048
0	1696
0	1768
1	2048
1	2048
0	1644
0	1797
1	2048
4	2048
1	2048
3	2048
4	2048
2	2048
1	2048
4	2048
1	2048
1	2048
3	2048
2	2048
2	2048
2	2048
2	2048
0	1611
1	2048
3	2048
3	2048
0	1699
4	2048
3	2048
2	2048
0	1872
2	2048
2	2048
1	2048
2	2048
1	2048
0	1984
1	2048
0	1798
2	2048
0	1669
0	1916
3	2048
0	1514
2	2048
3	2048
1	2048
3	2048
2	2048
0	1969
2	2048
2	2048
1	2048
2	2048
1	2048
5	2048
0	1992
3	2048
3	2048
3	2048
3	2048
2	2048
2	2048
1	2048
3	2048
1	2048
2	2048
3	2048
0	1480
1	2048
3	2048
3	2048
1	2048
4	2048
1	2048
4	2048
1	2048
2	2048
2	2048
5	2048
3	2048
1	2048
2	2048
3	2048
2	2048
1	2048
4	2048
2	2048
2	2048
2	2048
1	2048
0	1819
5	2048
3	2048
1	2048
1	2048
0	1881
2	2048
2	2048
2	2048
2	2048
2	2048
4	2048
3	2048
2	2048
0	1541
1	2048
5	2048
2	2048
4	2048
2	2048
2	2048
4	2048
0	1810
2	2048
0	1673
1	2048
2	2048
2	2048
2	2048
0	1973
1	2048
4	2048
2	2048
2	2048
3	2048
1	2048
3	2048
1	2048
1	2048
1	2048
0	2017
1	2048
2	2048
1	2048
1	2048
1	2048
1	2048
2	2048
6	2048
0	1903
0	2013
2	2048
0	1831
0	2022
0	1747
2	2048
0	1390
1	2048
0	1929
0	1802
0	1928
4	2048
2	2048
1	2048
5	2048
0	2030
0	1650
2	2048
2	2048
2	2048
2	2048
1	2048
4	2048
1	2048
0	1784
1	2048
0	1576
0	2012
2	2048
2	2048
2	2048
3	2048
4	2048
2	2048
3	2048
0	1447
3	2048
5	2048
1	2048
1	2048
1	2048
1	2048
2	2048
3	2048
0	1899
2	2048
3	2048
3	2048
4	2048
5	2048
3	2048
1	2048
3	2048
5	2048
2	2048
2	2048
1	2048
3	2048
3	2048
0	1341
0	1388
2	2048
5	2048
2	2048
4	2048
2	2048
1	2048
2	2048
2	2048
3	2048
3	2048
2	2048
2	2048
2	2048
3	2048
2	2048
3	2048
1	2048
0	1576
2	2048
3	2048
4	2048
2	2048
1	2048
2	2048
1	2048
1	2048
2	2048
1	2048
2	2048
3	2048
2	2048
1	2048
0	1649
4	2048
2	2048
1	2048
2	2048
1	2048
4	2048
0	1814
2	2048
1	2048
2	2048
2	2048
1	2048
4	2048
0	1738
2	2048
2	2048
3	2048
4	2048
3	2048
2	2048
2	2048
6	2048
3	2048
2	2048
4	2048
2	2048
1	2048
0	2044
2	2048
0	1830
0	1806
3	2048
1	2048
2	2048
0	1795
0	1385
0	2036
2	2048
1	2048
1	2048
1	2048
3	2048
3	2048
0	1794
1	2048
2	2048
4	2048
3	2048
1	2048
3	2048
0	1522
3	2048
2	2048
5	2048
2	2048
1	2048
4	2048
3	2048
1	2048
1	2048
1	2048
6	2048
4	2048
2	2048
0	1493
1	2048
3	2048
3	2048
5	2048
0	1641
3	2048
1	2048
0	1688
3	2048
2	2048
1	2048
4	2048
5	2048
1	2048
4	2048
3	2048
2	2048
3	2048
2	2048
0	2034
0	1981
1	2048
0	2002
2	2048
1	2048
1	2048
2	2048
2	2048
1	2048
1	2048
3	2048
1	2048
3	2048
2	2048
2	2048
2	2048
3	2048
3	2048
3	2048
3	2048
1	2048
6	2048
1	2048
1	2048
1	2048
2	2048
2	2048
4	2048
2	2048
2	2048
0	1992
1	2048
0	1431
1	2048
2	2048
6	2048
2	2048
2	2048
3	2048
1	2048
1	2048
2	2048
3	2048
2	2048
1	2048
2	2048
5	2048
0	1500
2	2048
0	1773
1	2048
3	2048
0	1961
3	2048
4	2048
4	2048
0	1843
1	2048
1	2048
0	1679
2	2048
1	2048
0	1744
2	2048
3	2048
0	1841
4	2048
4	2048
2	2048
1	2048
4	2048
1	2048
1	2048
1	2048
1	2048
3	2048
0	1972
3	2048
2	2048
3	2048
2	2048
2	2048
1	2048
1	2048
1	2048
1	2048
0	2041
3	2048
0	1716
0	1695
1	2048
0	1819
1	2048
2	2048
1	2048
1	2048
0	1352
2	2048
2	2048
3	2048
0	1748
1	2048
6	2048
2	2048
3	2048
4	2048
1	2048
1	2048
6	2048
2	2048
1	2048
1	2048
1	2048
2	2048
1	2048
3	2048
4	2048
3	2048
0	1881
1	2048
2	2048
4	2048
2	2048
3	2048
2	2048
3	2048
3	2048
3	2048
0	1591
3	2048
5	2048
3	2048
2	2048
6	2048
1	2048
1	2048
1	2048
1	2048
3	2048
2	2048
0	1703
1	2048
0	1993
1	2048
2	2048
3	2048
5	2048
3	2048
3	2048
2	2048
3	2048
2	2048
4	2048
1	2048
3	2048
0	1839
1	2048
1	2048
0	1984
2	2048
1	2048
4	2048
2	2048
4	2048
0	1714
3	2048
2	2048
0	2003
2	2048
3	2048
1	2048
3	2048
4	2048
1	2048
2	2048
5	2048
0	1963
1	2048
5	2048
2	2048
0	1815
3	2048
4	2048
1	2048
3	2048
6	2048
1	2048
2	2048
2	2048
1	2048
1	2048
3	2048
3	2048
1	2048
3	2048
2	2048
1	2048
2	2048
2	2048
2	2048
4	2048
1	2048
7	2048
0	1558
1	2048
0	1884
0	1678
2	2048
2	2048
3	2048
1	2048
5	2048
0	1760
4	2048
3	2048
1	2048
4	2048
2	2048
2	2048
3	2048
2	2048
2	2048
2	2048
5	2048
0	1784
0	2002
3	2048
0	1696
1	2048
2	2048
1	2048
3	2048
2	2048
2	2048
3	2048
1	2048
0	1859
3	2048
1	2048
4	2048
0	2030
0	1995
1	2048
1	2048
0	1853
3	2048
2	2048
0	1902
1	2048
2	2048
1	2048
1	2048
4	2048
1	2048
0	2028
0	1578
2	2048
1	2048
1	2048
2	2048
1	2048
0	1730
3	2048
1	2048
2	2048
2	2048
2	2048
1	2048
1	2048
0	1958
0	1923
2	2048
2	2048
4	2048
3	2048
1	2048
1	2048
3	2048
0	1945
2	2048
0	2006
1	2048
1	2048
1	2048
4	2048
2	2048
2	2048
3	2048
1	2048
0	1707
5	2048
0	1880
1	2048
1	2048
3	2048
2	2048
3	2048
0	1406
5	2048
2	2048
3	2048
1	2048
3	2048
3	2048
4	2048
1	2048
0	1932
2	2048
4	2048
4	2048
2	2048
1	2048
0	1947
3	2048
1	2048
1	2048
3	2048
1	2048
4	2048
5	2048
1	2048
0	1858
2	2048
3	2048
2	2048
2	2048
3	2048
1	2048
3	2048
0	2035
2	2048
2	2048
0	1842
1	2048
1	2048
0	1886
2	2048
2	2048
3	2048
1	2048
3	2048
1	2048
1	2048
2	2048
2	2048
2	2048
1	2048
2	2048
0	1332
4	2048
3	2048
0	1983
2	2048
1	2048
0	1604
4	2048
3	2048
4	2048
0	1535
0	1961
2	2048
0	2017
0	1756
2	2048
1	2048
3	2048
4	2048
3	2048
5	2048
0	1567
1	2048
0	1731
1	2048
1	2048
2	2048
1	2048
2	2048
1	2048
1	2048
4	2048
0	1840
1	2048
2	2048
3	2048
0	1781
2	2048
0	1783
1	2048
0	1887
0	1563
2	2048
2	2048
3	2048
2	2048
3	2048
0	1629
0	1550
2	2048
0	1871
4	2048
1	2048
0	1981
2	2048
2	2048
0	2045
2	2048
0	1747
2	2048
2	2048
4	2048
3	2048
2	2048
1	2048
1	2048
2	2048
2	2048
4	2048
3	2048
1	2048
1	2048
0	1723
3	2048
2	2048
1	2048
2	2048
1	2048
3	2048
4	2048
3	2048
4	2048
2	2048
1	2048
2	2048
2	2048
1	2048
0	1593
3	2048
0	1956
3	2048
1	2048
2	2048
3	2048
1	2048
2	2048
2	2048
1	2048
3	2048
0	1729
0	1902
3	2048
1	2048
0	1725
1	2048
0	1377
4	2048
3	2048
0	1939
2	2048
4	2048
2	2048
4	2048
1	2048
5	2048
1	2048
4	2048
0	2034
4	2048
0	1940
1	2048
1	2048
8	2048
0	2046
1	2048
0	1947
1	2048
4	2048
3	2048
1	2048
2	2048
2	2048
3	2048
2	2048
2	2048
4	2048
0	1925
3	2048
4	2048
0	1786
0	1839
0	1903
1	2048
1	2048
2	2048
3	2048
2	2048
1	2048
1	2048
1	2048
2	2048
2	2048
2	2048
0	1431
1	2048
2	2048
3	2048
3	2048
4	2048
1	2048
3	2048
3	2048
2	2048
2	2048
2	2048
0	1924
4	2048
1	2048
1	2048
2	2048
2	2048
1	2048
4	2048
4	2048
1	2048
2	2048
2	2048
4	2048
1	2048
2	2048
3	2048
0	1750
1	2048
1	2048
0	2015
1	2048
0	1547
3	2048
6	2048
3	2048
1	2048
0	1880
1	2048
4	2048
1	2048
0	1726
0	1994
2	2048
3	2048
0	1482
5	2048
2	2048
2	2048
1	2048
1	2048
3	2048
2	2048
1	2048
1	2048
2	2048
0	1843
0	1307
2	2048
2	2048
4	2048
1	2048
1	2048
3	2048
1	2048
1	2048
2	2048
2	2048
2	2048
1	2048
5	2048
4	2048
1	2048
3	2048
5	2048
5	2048
3	2048
1	2048
1	2048
3	2048
1	2048
5	2048
3	2048
2	2048
4	2048
2	2048
5	2048
1	2048
0	1584
4	2048
4	2048
1	2048
1	2048
3	2048
1	2048
0	1496
0	1711
1	2048
1	2048
1	2048
2	2048
2	2048
3	2048
5	2048
7	2048
1	2048
0	1965
1	2048
1	2048
3	2048
2	2048
1	2048
1	2048
3	2048
1	2048
0	1587
0	1334
0	1560
3	2048
2	2048
2	2048
3	2048
4	2048
1	2048
1	2048
4	2048
3	2048
2	2048
1	2048
0	1443
0	1620
1	2048
3	2048
2	2048
2	2048
3	2048
2	2048
1	2048
2	2048
3	2048
2	2048
6	2048
3	2048
2	2048
0	1777
1	2048
0	1658
1	2048
3	2048
2	2048
0	1745
4	2048
3	2048
3	2048
1	2048
0	1966
3	2048
1	2048
0	2017
3	2048
1	2048
1	2048
0	1633
0	1478
1	2048
0	1996
4	2048
1	2048
5	2048
1	2048
2	2048
2	2048
2	2048
1	2048
2	2048
2	2048
1	2048
0	1654
3	2048
3	2048
3	2048
3	2048
1	2048
0	1832
1	2048
1	2048
0	1897
0	1813
1	2048
3	2048
0	1769
3	2048
6	2048
2	2048
2	2048
1	2048
5	2048
1	2048
1	2048
1	2048
1	2048
9	2048
2	2048
0	1924
3	2048
0	1722
2	2048
3	2048
0	1904
1	2048
5	2048
1	2048
3	2048
6	2048
1	2048
3	2048
2	2048
2	2048
2	2048
3	2048
1	2048
1	2048
1	2048
0	1690
2	2048
1	2048
3	2048
0	1821
3	2048
1	2048
2	2048
4	2048
2	2048
0	1749
3	2048
2	2048
0	1324
0	1875
0	1726
0	1600
3	2048
4	2048
2	2048
1	2048
2	2048
3	2048
0	1860
1	2048
1	2048
1	2048
0	1841
3	2048
2	2048
1	2048
6	2048
1	2048
1	2048
4	2048
2	2048
5	2048
3	2048
0	1906
3	2048
2	2048
3	2048
0	2018
0	1774
0	1507
1	2048
0	1760
6	2048
1	2048
1	2048
3	2048
0	1630
1	2048
2	2048
0	1874
0	1534
0	1598
4	2048
1	2048
5	2048
2	2048
1	2048
1	2048
1	2048
1	2048
2	2048
0	1663
0	1768
1	2048
2	2048
2	2048
1	2048
1	2048
4	2048
3	2048
2	2048
4	2048
0	2042
6	2048
3	2048
3	2048
2	2048
1	2048
3	2048
1	2048
0	1803
1	2048
5	2048
2	2048
1	2048
2	2048
1	2048
2	2048
1	2048
3	2048
0	1574
2	2048
3	2048
3	2048
0	1857
2	2048
0	1796
1	2048
0	1769
2	2048
0	1714
3	2048
2	2048
3	2048
4	2048
2	2048
2	2048
2	2048
2	2048
2	2048
2	2048
1	2048
1	2048
1	2048
2	2048
5	2048
2	2048
4	2048
1	2048
1	2048
1	2048
1	2048
2	2048
0	1936
3	2048
2	2048
2	2048
3	2048
3	2048
3	2048
1	2048
4	2048
3	2048
1	2048
6	2048
2	2048
2	2048
1	2048
2	2048
2	2048
1	2048
3	2048
0	2014
0	2023
1	2048
3	2048
5	2048
0	1827
1	2048
3	2048
1	2048
3	2048
0	1936
1	2048
2	2048
0	1540
0	1465
3	2048
2	2048
0	1902
0	1734
5	2048
0	1751
2	2048
2	2048
1	2048
0	1919
2	2048
5	2048
0	1713
1	2048
2	2048
2	2048
2	2048
2	2048
1	2048
0	1626
4	2048
1	2048
4	2048
3	2048
2	2048
2	2048
2	2048
2	2048
1	2048
3	2048
2	2048
4	2048
1	2048
1	2048
0	1672
2	2048
1	2048
1	2048
2	2048
2	2048
1	2048
1	2048
5	2048
1	2048
3	2048
2	2048
2	2048
1	2048
3	2048
0	1418
0	1500
3	2048
0	1917
3	2048
1	2048
2	2048
0	1766
0	1786
4	2048
1	2048
1	2048
3	2048
1	2048
4	2048
2	2048
1	2048
0	1490
0	1822
2	2048
1	2048
2	2048
0	1821
6	2048
1	2048
3	2048
2	2048
4	2048
2	2048
1	2048
2	2048
0	1574
1	2048
7	2048
0	1858
3	2048
3	2048
2	2048
1	2048
2	2048
2	2048
1	2048
0	1713
0	2041
2	2048
5	2048
1	2048
7	2048
2	2048
0	2026
1	2048
2	2048
4	2048
3	2048
3	2048
0	1602
2	2048
3	2048
2	2048
2	2048
2	2048
2	2048
2	2048
2	2048
2	2048
2	2048
3	2048
0	2024
2	2048
2	2048
2	2048
6	2048
2	2048
2	2048
3	2048
7	2048
2	2048
4	2048
2	2048
1	2048
0	1539
0	1878
4	2048
2	2048
4	2048
4	2048
2	2048
2	2048
0	1542
2	2048
1	2048
0	1872
1	2048
4	2048
4	2048
3	2048
2	2048
2	2048
2	2048
1	2048
4	2048
1	2048
0	1768
4	2048
1	2048
3	2048
2	2048
0	1943
1	2048
4	2048
3	2048
3	2048
2	2048
0	1867
0	1517
4	2048
1	2048
3	2048
2	2048
4	2048
1	2048
1	2048
1	2048
1	2048
3	2048
5	2048
2	2048
2	2048
3	2048
2	2048
2	2048
3	2048
0	1871
3	2048
1	2048
2	2048
0	1903
0	1786
3	2048
1	2048
1	2048
1	2048
0	1884
3	2048
1	2048
1	2048
5	2048
3	2048
1	2048
1	2048
4	2048
1	2048
5	2048
4	2048
2	2048
0	1770
4	2048
2	2048
2	2048
2	2048
4	2048
3	2048
2	2048
3	2048
1	2048
6	2048
4	2048
1	2048
4	2048
1	2048
0	1936
2	2048
0	2012
0	1746
1	2048
1	2048
2	2048
0	1414
1	2048
2	2048
2	2048
1	2048
4	2048
2	2048
2	2048
1	2048
1	2048
1	2048
0	1732
1	2048
0	1636
2	2048
1	2048
0	1600
1	2048
1	2048
2	2048
2	2048
0	1814
1	2048
4	2048
1	2048
1	2048
2	2048
3	2048
1	2048
2	2048
1	2048
1	2048
1	2048
1	2048
0	1865
2	2048
0	1876
1	2048
1	2048
1	2048
2	2048
3	2048
6	2048
1	2048
5	2048
1	2048
3	2048
4	2048
3	2048
1	2048
1	2048
1	2048
2	2048
4	2048
1	2048
3	2048
3	2048
5	2048
0	1405
0	1593
4	2048
3	2048
1	2048
5	2048
1	2048
1	2048
3	2048
3	2048
3	2048
1	2048
2	2048
3	2048
2	2048
1	2048
3	2048
2	2048
4	2048
4	2048
5	2048
2	2048
5	2048
1	2048
2	2048
1	2048
2	2048
3	2048
0	1707
2	2048
2	2048
3	2048
0	1997
1	2048
1	2048
3	2048
1	2048
5	2048
5	2048
4	2048
1	2048
3	2048
1	2048
4	2048
2	2048
3	2048
2	2048
0	1942
1	2048
2	2048
6	2048
2	2048
0	1728
0	1773
6	2048
3	2048
1	2048
0	1312
0	1659
1	2048
2	2048
0	1822
3	2048
0	1879
2	2048
1	2048
1	2048
2	2048
1	2048
2	2048
1	2048
0	1916
1	2048
1	2048
1	2048
2	2048
1	2048
3	2048
2	2048
1	2048
2	2048
1	2048
1	2048
1	2048
0	1753
1	2048
2	2048
3	2048
4	2048
0	1636
2	2048
3	2048
2	2048
1	2048
4	2048
3	2048
5	2048
1	2048
1	2048
3	2048
6	2048
1	2048
1	2048
8	2048
1	2048
2	2048
1	2048
1	2048
1	2048
1	2048
1	2048
4	2048
2	2048
0	1906
2	2048
2	2048
2	2048
2	2048
2	2048
1	2048
2	2048
1	2048
1	2048
3	2048
1	2048
2	2048
3	2048
1	2048
0	2000
1	2048
2	2048
4	2048
3	2048
1	2048
2	2048
4	2048
1	2048
1	2048
1	2048
0	1806
2	2048
0	1563
0	1288
0	1691
4	2048
3	2048
3	2048
3	2048
1	2048
2	2048
1	2048
1	2048
3	2048
3	2048
2	2048
1	2048
2	2048
4	2048
1	2048
1	2048
1	2048
2	2048
1	2048
0	1954
1	2048
1	2048
2	2048
1	2048
3	2048
1	2048
4	2048
0	1795
2	2048
1	2048
1	2048
2	2048
0	1754
0	1729
2	2048
0	1882
1	2048
2	2048
1	2048
3	2048
3	2048
4	2048
3	2048
1	2048
2	2048
0	1409
1	2048
4	2048
1	2048
1	2048
2	2048
1	2048
2	2048
1	2048
2	2048
3	2048
1	2048
0	1700
1	2048
3	2048
1	2048
4	2048
0	1679
3	2048
2	2048
1	2048
3	2048
2	2048
0	1633
0	1618
1	2048
1	2048
0	1950
2	2048
3	2048
2	2048
2	2048
2	2048
4	2048
1	2048
1	2048
7	2048
4	2048
2	2048
5	2048
1	2048
2	2048
0	1589
0	1950
3	2048
0	1469
3	2048
2	2048
1	2048
4	2048
2	2048
2	2048
1	2048
2	2048
1	2048
3	2048
2	2048
1	2048
4	2048
0	2039
1	2048
1	2048
1	2048
0	1617
1	2048
2	2048
1	2048
4	2048
0	1759
3	2048
1	2048
4	2048
0	1791
1	2048
0	1606
1	2048
4	2048
3	2048
3	2048
1	2048
3	2048
1	2048
1	2048
2	2048
3	2048
1	2048
2	2048
6	2048
1	2048
1	2048
1	2048
1	2048
3	2048
0	1377
4	2048
2	2048
4	2048
2	2048
0	1987
1	2048
1	2048
6	2048
3	2048
0	1627
3	2048
1	2048
1	2048
4	2048
2	2048
1	2048
1	2048
1	2048
1	2048
3	2048
2	2048
2	2048
0	1687
4	2048
2	2048
1	2048
2	2048
2	2048
3	2048
1	2048
3	2048
1	2048
0	1957
0	1548
1	2048
2	2048
1	2048
1	2048
3	2048
2	2048
2	2048
3	2048
2	2048
3	2048
1	2048
3	2048
0	1466
1	2048
1	2048
1	2048
3	2048
2	2048
0	1836
3	2048
3	2048
2	2048
3	2048
2	2048
2	2048
4	2048
2	2048
2	2048
3	2048
2	2048
4	2048
2	2048
3	2048
1	2048
2	2048
4	2048
3	2048
2	2048
2	2048
2	2048
1	2048
1	2048
2	2048
4	2048
1	2048
2	2048
2	2048
0	1902
2	2048
4	2048
0	1793
4	2048
1	2048
0	1699
2	2048
2	2048
1	2048
1	2048
1	2048
0	1640
2	2048
0	1833
3	2048
4	2048
0	2012
0	2020
2	2048
1	2048
1	2048
2	2048
4	2048
1	2048
1	2048
1	2048
2	2048
3	2048
4	2048
1	2048
3	2048
1	2048
1	2048
1	2048
1	2048
0	1923
1	2048
2	2048
0	1684
1	2048
2	2048
0	1696
1	2048
3	2048
2	2048
0	1996
5	2048
5	2048
0	1627
0	1569
2	2048
0	2011
0	1398
2	2048
3	2048
2	2048
3	2048
2	2048
1	2048
2	2048
2	2048
0	1566
4	2048
1	2048
3	2048
2	2048
1	2048
1	2048
4	2048
0	2015
1	2048
1	2048
3	2048
2	2048
3	2048
3	2048
3	2048
1	2048
2	2048
1	2048
1	2048
2	2048
0	1669
2	2048
2	2048
4	2048
0	1852
4	2048
2	2048
0	1444
0	1791
3	2048
2	2048
2	2048
0	1991
3	2048
3	2048
1	2048
0	2036
1	2048
1	2048
1	2048
1	2048
3	2048
1	2048
1	2048
6	2048
2	2048
3	2048
3	2048
0	1671
3	2048
1	2048
0	1870
2	2048
4	2048
1	2048
1	2048
2	2048
1	2048
2	2048
2	2048
5	2048
2	2048
4	2048
2	2048
0	1644
1	2048
2	2048
4	2048
2	2048
0	1569
1	2048
2	2048
2	2048
2	2048
1	2048
1	2048
1	2048
1	2048
1	2048
2	2048
1	2048
5	2048
1	2048
2	2048
1	2048
0	2023
1	2048
4	2048
0	1363
4	2048
3	2048
2	2048
2	2048
1	2048
1	2048
1	2048
3	2048
2	2048
3	2048
2	2048
1	2048
0	2021
1	2048
2	2048
3	2048
4	2048
1	2048
0	1677
0	1697
5	2048
0	2038
2	2048
1	2048
0	2005
1	2048
1	2048
0	1573
0	2013
3	2048
3	2048
0	1889
0	1995
2	2048
1	2048
0	1901
1	2048
3	2048
1	2048
0	1983
4	2048
0	1282
2	2048
0	1455
3	2048
0	1599
2	2048
0	1736
2	2048
3	2048
1	2048
3	2048
1	2048
3	2048
2	2048
0	1925
1	2048
1	2048
1	2048
2	2048
1	2048
0	1814
1	2048
1	2048
0	1321
3	2048
0	1859
2	2048
5	2048
4	2048
1	2048
3	2048
2	2048
1	2048
2	2048
0	1742
2	2048
0	1835
1	2048
2	2048
2	2048
1	2048
3	2048
2	2048
1	2048
3	2048
4	2048
1	2048
4	2048
2	2048
4	2048
3	2048
3	2048
1	2048
1	2048
3	2048
1	2048
2	2048
0	1827
0	1973
1	2048
0	1662
2	2048
1	2048
1	2048
2	2048
6	2048
2	2048
4	2048
2	2048
2	2048
5	2048
2	2048
0	1982
3	2048
2	2048
0	1700
1	2048
0	1909
1	2048
2	2048
1	2048
1	2048
0	1908
2	2048
2	2048
0	1541
3	2048
4	2048
0	1611
1	2048
1	2048
3	2048
1	2048
0	1442
3	2048
1	2048
2	2048
1	2048
3	2048
2	2048
0	1876
1	2048
2	2048
2	2048
0	1880
5	2048
4	2048
3	2048
2	2048
3	2048
4	2048
4	2048
2	2048
1	2048
2	2048
2	2048
4	2048
3	2048
1	2048
5	2048
1	2048
0	2002
1	2048
2	2048
2	2048
2	2048
2	2048
3	2048
4	2048
2	2048
1	2048
2	2048
1	2048
2	2048
4	2048
1	2048
1	2048
0	1177
3	2048
5	2048
0	1959
0	1748
2	2048
3	2048
3	2048
1	2048
1	2048
3	2048
1	2048
4	2048
3	2048
2	2048
1	2048
3	2048
1	2048
2	2048
3	2048
2	2048
2	2048
2	2048
0	2048
1	2048
1	2048
1	2048
2	2048
1	2048
2	2048
4	2048
2	2048
1	2048
1	2048
2	2048
1	2048
3	2048
4	2048
3	2048
3	2048
1	2048
4	2048
1	2048
1	2048
2	2048
1	2048
5	2048
1	2048
2	2048
2	2048
1	2048
4	2048
4	2048
1	2048
4	2048
1	2048
2	2048
0	1697
0	1915
1	2048
0	1587
2	2048
0	2005
2	2048
3	2048
3	2048
1	2048
2	2048
2	2048
2	2048
1	2048
2	2048
3	2048
3	2048
3	2048
0	1549
0	1499
1	2048
2	2048
1	2048
2	2048
3	2048
2	2048
2	2048
0	1951
1	2048
3	2048
3	2048
2	2048
1	2048
2	2048
2	2048
3	2048
2	2048
3	2048
2	2048
4	2048
0	1832
0	1361
3	2048
2	2048
1	2048
3	2048
0	1789
2	2048
1	2048
0	1665
3	2048
2	2048
1	2048
1	2048
0	1867
3	2048
5	2048
2	2048
1	2048
4	2048
1	2048
1	2048
1	2048
0	1395
2	2048
4	2048
1	2048
2	2048
1	2048
2	2048
1	2048
2	2048
1	2048
0	1935
3	2048
0	1734
1	2048
2	2048
6	2048
2	2048
3	2048
2	2048
0	1920
1	2048
3	2048
0	1840
4	2048
2	2048
0	1328
1	2048
1	2048
2	2048
4	2048
2	2048
2	2048
3	2048
2	2048
5	2048
2	2048
2	2048
0	1972
5	2048
1	2048
3	2048
5	2048
1	2048
2	2048
3	2048
3	2048
0	1981
1	2048
3	2048
0	1427
2	2048
3	2048
4	2048
2	2048
4	2048
2	2048
4	2048
2	2048
0	1897
1	2048
0	2020
3	2048
4	2048
1	2048
2	2048
0	1930
0	1599
2	2048
1	2048
1	2048
4	2048
4	2048
5	2048
2	2048
5	2048
2	2048
2	2048
1	2048
4	2048
1	2048
2	2048
1	2048
0	1721
4	2048
0	1694
1	2048
3	2048
2	2048
4	2048
3	2048
3	2048
1	2048
2	2048
0	1560
2	2048
3	2048
1	2048
1	2048
2	2048
3	2048
4	2048
4	2048
2	2048
2	2048
2	2048
1	2048
0	2027
3	2048
1	2048
3	2048
3	2048
3	2048
3	2048
4	2048
5	2048
3	2048
5	2048
2	2048
2	2048
4	2048
3	2048
1	2048
2	2048
0	1838
2	2048
0	2016
0	1785
3	2048
1	2048
2	2048
2	2048
2	2048
3	2048
5	2048
3	2048
1	2048
0	1684
2	2048
2	2048
4	2048
2	2048
5	2048
1	2048
2	2048
3	2048
3	2048
3	2048
1	2048
2	2048
3	2048
0	1501
2	2048
3	2048
1	2048
3	2048
2	2048
1	2048
3	2048
0	2040
1	2048
4	2048
4	2048
1	2048
2	2048
4	2048
0	1859
0	1699
3	2048
0	1786
2	2048
4	2048
1	2048
3	2048
4	2048
0	1538
4	2048
2	2048
1	2048
2	2048
3	2048
1	2048
2	2048
2	2048
0	1286
2	2048
2	2048
2	2048
2	2048
2	2048
1	2048
1	2048
2	2048
1	2048
2	2048
4	2048
2	2048
0	1918
2	2048
2	2048
0	1896
3	2048
1	2048
1	2048
2	2048
4	2048
1	2048
3	2048
1	2048
1	2048
1	2048
2	2048
2	2048
4	2048
3	2048
1	2048
1	2048
2	2048
0	1699
5	2048
2	2048
0	1681
2	2048
6	2048
0	1955
2	2048
2	2048
1	2048
4	2048
2	2048
2	2048
2	2048
0	1848
2	2048
2	2048
4	2048
3	2048
0	1414
0	1949
3	2048
1	2048
3	2048
3	2048
5	2048
2	2048
1	2048
1	2048
1	2048
3	2048
1	2048
3	2048
2	2048
1	2048
2	2048
2	2048
1	2048
2	2048
3	2048
1	2048
3	2048
0	1879
5	2048
1	2048
3	2048
0	1755
1	2048
3	2048
0	1935
2	2048
1	2048
1	2048
1	2048
2	2048
2	2048
2	2048
0	1853
2	2048
1	2048
0	1589
3	2048
1	2048
4	2048
3	2048
2	2048
4	2048
2	2048
1	2048
3	2048
2	2048
2	2048
1	2048
1	2048
3	2048
1	2048
2	2048
0	1771
2	2048
1	2048
2	2048
1	2048
0	1395
3	2048
0	1916
2	2048
0	1511
3	2048
5	2048
2	2048
1	2048
2	2048
3	2048
1	2048
1	2048
4	2048
3	2048
0	2036
1	2048
3	2048
1	2048
1	2048
2	2048
1	2048
3	2048
5	2048
2	2048
3	2048
4	2048
4	2048
0	1639
2	2048
2	2048
1	2048
1	2048
2	2048
2	2048
6	2048
2	2048
5	2048
0	1851
3	2048
1	2048
3	2048
0	1973
1	2048
2	2048
1	2048
5	2048
0	1947
1	2048
2	2048
5	2048
1	2048
3	2048
3	2048
0	1243
2	2048
1	2048
3	2048
0	1687
2	2048
2	2048
1	2048
0	1888
7	2048
0	1544
1	2048
1	2048
2	2048
1	2048
1	2048
0	2045
2	2048
1	2048
1	2048
4	2048
0	1656
4	2048
2	2048
1	2048
2	2048
2	2048
0	2024
2	2048
0	1567
3	2048
0	1971
0	2023
2	2048
1	2048
0	1692
2	2048
1	2048
2	2048
3	2048
2	2048
2	2048
2	2048
1	2048
2	2048
1	2048
1	2048
1	2048
2	2048
1	2048
0	1904
3	2048
4	2048
1	2048
8	2048
2	2048
5	2048
4	2048
2	2048
3	2048
2	2048
2	2048
2	2048
2	2048
1	2048
1	2048
1	2048
3	2048
1	2048
2	2048
3	2048
0	1386
0	1909
2	2048
1	2048
2	2048
2	2048
4	2048
3	2048
0	1747
4	2048
1	2048
1	2048
0	1700
2	2048
2	2048
3	2048
2	2048
3	2048
2	2048
2	2048
0	1813
2	2048
3	2048
3	2048
2	2048
3	2048
0	1942
2	2048
3	2048
3	2048
0	2037
2	2048
3	2048
1	2048
2	2048
4	2048
3	2048
1	2048
0	1529
2	2048
1	2048
1	2048
1	2048
3	2048
2	2048
0	1993
0	1893
2	2048
4	2048
0	1947
0	1489
1	2048
3	2048
3	2048
2	2048
1	2048
1	2048
4	2048
2	2048
3	2048
1	2048
0	1638
1	2048
1	2048
4	2048
2	2048
2	2048
1	2048
0	1176
2	2048
1	2048
2	2048
2	2048
2	2048
1	2048
2	2048
2	2048
0	1574
1	2048
4	2048
4	2048
3	2048
1	2048
1	2048
2	2048
1	2048
1	2048
3	2048
3	2048
3	2048
1	2048
1	2048
3	2048
4	2048
2	2048
3	2048
1	2048
2	2048
2	2048
0	1617
2	2048
0	1953
4	2048
1	2048
2	2048
3	2048
1	2048
1	2048
1	2048
0	1075
2	2048
3	2048
2	2048
4	2048
3	2048
4	2048
2	2048
2	2048
3	2048
1	2048
2	2048
2	2048
4	2048
0	1999
6	2048
6	2048
1	2048
4	2048
3	2048
0	1842
1	2048
1	2048
2	2048
2	2048
1	2048
2	2048
2	2048
2	2048
1	2048
3	2048
1	2048
1	2048
5	2048
0	1881
1	2048
2	2048
2	2048
2	2048
0	1907
4	2048
3	2048
3	2048
2	2048
0	1512
0	1814
0	1712
0	1401
2	2048
2	2048
3	2048
1	2048
3	2048
2	2048
2	2048
0	1993
4	2048
4	2048
0	1896
3	2048
2	2048
0	1726
0	1993
2	2048
3	2048
0	1550
0	1441
3	2048
0	1384
0	1561
3	2048
2	2048
1	2048
0	1557
1	2048
0	1916
2	2048
0	1748
1	2048
1	2048
0	1766
3	2048
2	2048
5	2048
1	2048
0	1575
2	2048
4	2048
1	2048
1	2048
5	2048
3	2048
2	2048
1	2048
5	2048
1	2048
0	1672
3	2048
2	2048
1	2048
3	2048
1	2048
2	2048
4	2048
1	2048
1	2048
3	2048
1	2048
3	2048
1	2048
0	1611
1	2048
0	1917
4	2048
4	2048
1	2048
2	2048
3	2048
0	2047
1	2048
2	2048
2	2048
0	1639
1	2048
3	2048
1	2048
2	2048
1	2048
1	2048
2	2048
1	2048
2	2048
1	2048
4	2048
1	2048
3	2048
2	2048
0	1886
2	2048
4	2048
1	2048
2	2048
1	2048
0	1756
3	2048
0	1463
1	2048
2	2048
4	2048
3	2048
1	2048
2	2048
2	2048
1	2048
2	2048
1	2048
1	2048
1	2048
5	2048
2	2048
3	2048
1	2048
0	1880
0	1642
5	2048
2	2048
1	2048
2	2048
1	2048
3	2048
3	2048
2	2048
6	2048
4	2048
3	2048
1	2048
0	1898
1	2048
2	2048
2	2048
1	2048
1	2048
1	2048
2	2048
3	2048
1	2048
1	2048
0	1995
1	2048
0	2045
3	2048
2	2048
5	2048
1	2048
2	2048
3	2048
2	2048
2	2048
5	2048
2	2048
0	1953
2	2048
1	2048
4	2048
0	1836
3	2048
3	2048
1	2048
1	2048
8	2048
0	1811
1	2048
7	2048
4	2048
1	2048
4	2048
3	2048
3	2048
2	2048
3	2048
3	2048
0	1649
1	2048
0	1539
2	2048
1	2048
0	2011
0	1885
5	2048
2	2048
3	2048
3	2048
1	2048
7	2048
2	2048
3	2048
2	2048
1	2048
1	2048
5	2048
2	2048
2	2048
2	2048
1	2048
0	1885
1	2048
3	2048
1	2048
0	1801
1	2048
2	2048
1	2048
3	2048
1	2048
4	2048
1	2048
0	1879
1	2048
3	2048
4	2048
2	2048
1	2048
3	2048
5	2048
2	2048
2	2048
1	2048
0	1882
3	2048
0	1997
1	2048
4	2048
3	2048
0	1749
3	2048
1	2048
0	1602
0	1625
1	2048
0	1634
3	2048
2	2048
4	2048
2	2048
1	2048
1	2048
0	1790
0	1983
0	1751
2	2048
2	2048
4	2048
3	2048
0	1760
1	2048
3	2048
2	2048
2	2048
1	2048
1	2048
1	2048
0	1241
3	2048
1	2048
0	1534
0	1873
0	1864
3	2048
3	2048
0	1729
3	2048
1	2048
5	2048
0	1421
4	2048
3	2048
1	2048
2	2048
1	2048
1	2048
0	1953
0	1747
1	2048
1	2048
2	2048
4	2048
1	2048
3	2048
1	2048
0	1984
2	2048
1	2048
1	2048
0	1428
0	1433
1	2048
1	2048
1	2048
1	2048
0	2020
2	2048
0	1748
3	2048
0	1977
3	2048
2	2048
3	2048
4	2048
2	2048
0	1771
2	2048
1	2048
1	2048
2	2048
2	2048
3	2048
2	2048
2	2048
1	2048
5	2048
0	1952
2	2048
5	2048
4	2048
5	2048
5	2048
4	2048
4	2048
3	2048
0	1584
3	2048
0	1895
5	2048
0	1683
4	2048
1	2048
2	2048
6	2048
1	2048
2	2048
2	2048
1	2048
0	1871
1	2048
0	2030
4	2048
0	1466
2	2048
4	2048
1	2048
0	1585
0	1777
0	2010
1	2048
2	2048
3	2048
3	2048
1	2048
1	2048
2	2048
1	2048
2	2048
3	2048
1	2048
2	2048
1	2048
1	2048
3	2048
2	2048
2	2048
3	2048
1	2048
1	2048
1	2048
1	2048
2	2048
1	2048
1	2048
1	2048
3	2048
1	2048
3	2048
2	2048
5	2048
6	2048
1	2048
0	1744
0	1734
3	2048
1	2048
3	2048
4	2048
0	1805
2	2048
0	1751
5	2048
2	2048
6	2048
4	2048
1	2048
0	1802
2	2048
0	1718
2	2048
4	2048
2	2048
0	2008
4	2048
1	2048
0	1769
3	2048
2	2048
0	1425
1	2048
3	2048
3	2048
1	2048
2	2048
1	2048
6	2048
4	2048
2	2048
0	1989
0	1528
2	2048
1	2048
1	2048
3	2048
2	2048
1	2048
1	2048
3	2048
2	2048
1	2048
0	2006
2	2048
1	2048
2	2048
2	2048
1	2048
3	2048
3	2048
3	2048
2	2048
1	2048
2	2048
0	1973
0	1899
1	2048
0	1348
2	2048
1	2048
2	2048
2	2048
1	2048
2	2048
1	2048
3	2048
1	2048
1	2048
2	2048
3	2048
1	2048
3	2048
0	1608
1	2048
2	2048
2	2048
2	2048
2	2048
1	2048
3	2048
2	2048
1	2048
3	2048
3	2048
2	2048
0	1840
4	2048
3	2048
1	2048
5	2048
2	2048
0	1986
2	2048
0	1563
2	2048
3	2048
2	2048
1	2048
3	2048
0	1711
2	2048
1	2048
3	2048
2	2048
2	2048
1	2048
2	2048
0	1501
1	2048
4	2048
3	2048
2	2048
5	2048
1	2048
4	2048
1	2048
3	2048
3	2048
4	2048
3	2048
3	2048
4	2048
1	2048
1	2048
1	2048
4	2048
1	2048
1	2048
1	2048
2	2048
1	2048
1	2048
0	1576
2	2048
0	1476
2	2048
3	2048
3	2048
4	2048
3	2048
1	2048
1	2048
0	1815
3	2048
2	2048
6	2048
3	2048
1	2048
1	2048
4	2048
1	2048
0	1309
2	2048
1	2048
3	2048
0	1501
0	1224
1	2048
2	2048
3	2048
2	2048
1	2048
1	2048
2	2048
1	2048
4	2048
3	2048
2	2048
3	2048
3	2048
2	2048
4	2048
3	2048
1	2048
1	2048
0	1748
2	2048
0	1977
1	2048
2	2048
0	1642
6	2048
1	2048
2	2048
1	2048
2	2048
3	2048
3	2048
1	2048
3	2048
3	2048
3	2048
3	2048
2	2048
1	2048
6	2048
0	1846
2	2048
2	2048
1	2048
3	2048
2	2048
2	2048
1	2048
1	2048
1	2048
2	2048
2	2048
0	1855
1	2048
5	2048
2	2048
0	2016
4	2048
4	2048
0	1863
1	2048
1	2048
0	1491
3	2048
1	2048
2	2048
2	2048
5	2048
1	2048
2	2048
1	2048
3	2048
1	2048
2	2048
3	2048
2	2048
1	2048
5	2048
1	2048
2	2048
2	2048
1	2048
5	2048
0	1434
3	2048
5	2048
5	2048
2	2048
3	2048
4	2048
2	2048
3	2048
3	2048
2	2048
3	2048
1	2048
2	2048
3	2048
3	2048
1	2048
4	2048
3	2048
3	2048
0	1811
3	2048
3	2048
2	2048
2	2048
2	2048
1	2048
1	2048
2	2048
2	2048
5	2048
3	2048
2	2048
0	1916
1	2048
1	2048
4	2048
2	2048
1	2048
1	2048
2	2048
2	2048
0	1740
2	2048
1	2048
3	2048
5	2048
1	2048
2	2048
2	2048
1	2048
1	2048
3	2048
5	2048
0	1564
2	2048
2	2048
2	2048
0	1817
0	1576
2	2048
0	1984
3	2048
2	2048
2	2048
0	1753
1	2048
1	2048
5	2048
4	2048
2	2048
2	2048
4	2048
1	2048
2	2048
1	2048
1	2048
1	2048
1	2048
3	2048
2	2048
4	2048
1	2048
0	1400
0	1847
4	2048
3	2048
2	2048
2	2048
1	2048
1	2048
0	1681
1	2048
2	2048
3	2048
4	2048
2	2048
0	1884
3	2048
1	2048
0	1592
4	2048
3	2048
2	2048
1	2048
1	2048
4	2048
1	2048
2	2048
0	1542
2	2048
1	2048
1	2048
1	2048
3	2048
0	1998
1	2048
3	2048
0	1995
2	2048
3	2048
5	2048
0	1335
4	2048
4	2048
2	2048
1	2048
2	2048
3	2048
0	1619
5	2048
1	2048
6	2048
3	2048
3	2048
3	2048
2	2048
1	2048
0	1881
2	2048
1	2048
3	2048
3	2048
4	2048
2	2048
2	2048
0	1597
2	2048
2	2048
3	2048
1	2048
2	2048
4	2048
2	2048
2	2048
1	2048
1	2048
2	2048
2	2048
5	2048
1	2048
4	2048
1	2048
0	1984
2	2048
1	2048
2	2048
4	2048
3	2048
5	2048
4	2048
1	2048
0	1499
1	2048
3	2048
2	2048
1	2048
1	2048
1	2048
4	2048
1	2048
5	2048
2	2048
3	2048
1	2048
2	2048
2	2048
3	2048
3	2048
4	2048
1	2048
3	2048
2	2048
2	2048
3	2048
3	2048
0	1871
2	2048
0	2021
0	1694
1	2048
1	2048
5	2048
1	2048
4	2048
5	2048
4	2048
2	2048
1	2048
2	2048
1	2048
4	2048
3	2048
2	2048
1	2048
2	2048
3	2048
2	2048
3	2048
1	2048
2	2048
3	2048
2	2048
2	2048
2	2048
0	1786
2	2048
3	2048
1	2048
2	2048
4	2048
2	2048
0	1549
1	2048
1	2048
2	2048
0	2016
3	2048
5	2048
2	2048
2	2048
2	2048
2	2048
3	2048
1	2048
1	2048
4	2048
0	1825
2	2048
6	2048
0	2020
1	2048
3	2048
1	2048
2	2048
2	2048
0	1336
2	2048
6	2048
1	2048
0	2037
2	2048
1	2048
2	2048
0	1916
0	1853
4	2048
3	2048
5	2048
1	2048
3	2048
3	2048
2	2048
2	2048
4	2048
2	2048
4	2048
0	1663
0	1951
2	2048
1	2048
2	2048
2	2048
3	2048
2	2048
2	2048
2	2048
1	2048
2	2048
2	2048
0	1848
0	1425
4	2048
7	2048
2	2048
2	2048
2	2048
1	2048
2	2048
0	1965
1	2048
3	2048
1	2048
1	2048
2	2048
3	2048
0	1838
3	2048
3	2048
2	2048
2	2048
1	2048
3	2048
5	2048
0	1926
0	2017
1	2048
2	2048
3	2048
0	1922
1	2048
3	2048
3	2048
1	2048
1	2048
1	2048
1	2048
2	2048
4	2048
1	2048
3	2048
3	2048
2	2048
2	2048
2	2048
2	2048
3	2048
3	2048
1	2048
0	1995
1	2048
2	2048
1	2048
2	2048
3	2048
1	2048
2	2048
2	2048
2	2048
0	1741
3	2048
4	2048
1	2048
2	2048
1	2048
1	2048
3	2048
1	2048
4	2048
4	2048
5	2048
3	2048
2	2048
3	2048
1	2048
1	2048
1	2048
2	2048
2	2048
1	2048
1	2048
2	2048
1	2048
3	2048
2	2048
0	1586
2	2048
1	2048
6	2048
4	2048
1	2048
2	2048
3	2048
4	2048
5	2048
4	2048
0	1448
2	2048
4	2048
1	2048
1	2048
1	2048
3	2048
2	2048
3	2048
0	1784
2	2048
0	1938
3	2048
3	2048
2	2048
3	2048
1	2048
2	2048
0	1989
0	1809
0	1818
4	2048
2	2048
1	2048
2	2048
2	2048
1	2048
3	2048
2	2048
2	2048
3	2048
0	1490
1	2048
3	2048
4	2048
0	1926
2	2048
1	2048
1	2048
2	2048
1	2048
2	2048
3	2048
3	2048
6	2048
3	2048
1	2048
3	2048
3	2048
1	2048
6	2048
1	2048
0	1899
1	2048
3	2048
3	2048
0	1890
2	2048
2	2048
2	2048
3	2048
6	2048
1	2048
3	2048
2	2048
3	2048
1	2048
2	2048
2	2048
2	2048
2	2048
6	2048
2	2048
2	2048
1	2048
5	2048
0	2001
2	2048
2	2048
2	2048
2	2048
6	2048
2	2048
3	2048
1	2048
1	2048
1	2048
1	2048
4	2048
0	1784
5	2048
2	2048
1	2048
2	2048
5	2048
0	1412
0	1756
4	2048
0	1750
2	2048
1	2048
4	2048
1	2048
1	2048
1	2048
5	2048
2	2048
3	2048
1	2048
4	2048
3	2048
2	2048
1	2048
1	2048
1	2048
3	2048
4	2048
2	2048
2	2048
3	2048
4	2048
0	1921
3	2048
3	2048
1	2048
0	1880
2	2048
4	2048
4	2048
1	2048
1	2048
2	2048
1	2048
1	2048
2	2048
2	2048
5	2048
3	2048
2	2048
1	2048
2	2048
3	2048
1	2048
4	2048
2	2048
1	2048
2	2048
3	2048
1	2048
0	1821
1	2048
7	2048
0	1533
4	2048
0	1396
3	2048
2	2048
2	2048
1	2048
5	2048
1	2048
0	1564
1	2048
1	2048
0	1839
1	2048
5	2048
2	2048
1	2048
4	2048
3	2048
1	2048
2	2048
1	2048
6	2048
3	2048
2	2048
3	2048
2	2048
3	2048
2	2048
3	2048
5	2048
0	1922
1	2048
4	2048
1	2048
3	2048
2	2048
2	2048
2	2048
1	2048
1	2048
0	1557
0	1950
1	2048
3	2048
3	2048
3	2048
3	2048
1	2048
2	2048
1	2048
2	2048
4	2048
0	1413
3	2048
3	2048
1	2048
2	2048
2	2048
2	2048
1	2048
2	2048
3	2048
2	2048
1	2048
1	2048
2	2048
0	1951
1	2048
2	2048
2	2048
3	2048
2	2048
0	1600
2	2048
1	2048
2	2048
3	2048
2	2048
4	2048
2	2048
1	2048
3	2048
1	2048
3	2048
0	1838
1	2048
3	2048
1	2048
0	1452
5	2048
0	1699
0	1821
3	2048
2	2048
1	2048
2	2048
1	2048
3	2048
2	2048
3	2048
2	2048
1	2048
3	2048
1	2048
0	1919
4	2048
1	2048
5	2048
2	2048
3	2048
3	2048
3	2048
2	2048
1	2048
5	2048
3	2048
1	2048
0	1680
7	2048
0	1841
3	2048
2	2048
2	2048
2	2048
1	2048
4	2048
2	2048
2	2048
1	2048
3	2048
3	2048
1	2048
2	2048
0	1704
0	1886
1	2048
1	2048
1	2048
0	1845
0	1834
5	2048
2	2048
1	2048
3	2048
1	2048
3	2048
2	2048
4	2048
1	2048
2	2048
2	2048
2	2048
0	1855
1	2048
2	2048
1	2048
1	2048
3	2048
4	2048
3	2048
3	2048
4	2048
1	2048
0	1703
1	2048
0	1340
0	1683
2	2048
0	1484
1	2048
3	2048
1	2048
1	2048
1	2048
2	2048
2	2048
4	2048
5	2048
1	2048
1	2048
1	2048
0	1571
1	2048
2	2048
1	2048
2	2048
1	2048
4	2048
1	2048
1	2048
0	1415
1	2048
2	2048
2	2048
2	2048
1	2048
2	2048
4	2048
3	2048
3	2048
2	2048
1	2048
0	1270
2	2048
2	2048
3	2048
3	2048
3	2048
2	2048
1	2048
0	1686
4	2048
0	1855
4	2048
1	2048
2	2048
7	2048
1	2048
3	2048
2	2048
1	2048
2	2048
0	1932
1	2048
1	2048
0	1746
1	2048
4	2048
1	2048
3	2048
1	2048
6	2048
2	2048
4	2048
5	2048
2	2048
0	1345
2	2048
1	2048
2	2048
3	2048
1	2048
3	2048
2	2048
4	2048
0	1982
1	2048
2	2048
0	1690
4	2048
4	2048
2	2048
1	2048
1	2048
1	2048
1	2048
1	2048
0	1946
2	2048
2	2048
1	2048
1	2048
4	2048
1	2048
4	2048
1	2048
2	2048
2	2048
5	2048
1	2048
3	2048
2	2048
0	1746
1	2048
5	2048
3	2048
4	2048
3	2048
2	2048
0	2039
1	2048
0	1738
2	2048
2	2048
1	2048
3	2048
2	2048
0	1845
3	2048
4	2048
4	2048
1	2048
2	2048
1	2048
0	2036
1	2048
3	2048
1	2048
0	1980
1	2048
4	2048
2	2048
2	2048
3	2048
1	2048
1	2048
3	2048
3	2048
7	2048
0	1440
1	2048
1	2048
2	2048
1	2048
2	2048
2	2048
2	2048
2	2048
2	2048
1	2048
1	2048
0	1386
1	2048
1	2048
2	2048
3	2048
3	2048
1	2048
5	2048
4	2048
1	2048
1	2048
2	2048
2	2048
2	2048
1	2048
1	2048
4	2048
2	2048
4	2048
1	2048
1	2048
3	2048
0	2000
1	2048
0	1438
2	2048
3	2048
2	2048
4	2048
2	2048
0	1742
0	1616
1	2048
1	2048
1	2048
0	1942
2	2048
0	1867
3	2048
0	1837
0	1930
1	2048
2	2048
3	2048
1	2048
1	2048
3	2048
3	2048
3	2048
1	2048
3	2048
2	2048
4	2048
3	2048
2	2048
0	1563
4	2048
1	2048
3	2048
1	2048
3	2048
1	2048
1	2048
3	2048
1	2048
5	2048
1	2048
1	2048
5	2048
0	1841
1	2048
2	2048
2	2048
0	1765
2	2048
0	1727
2	2048
2	2048
0	1864
2	2048
1	2048
4	2048
1	2048
2	2048
5	2048
0	1911
1	2048
3	2048
1	2048
3	2048
1	2048
1	2048
1	2048
3	2048
1	2048
2	2048
0	1732
2	2048
1	2048
2	2048
4	2048
2	2048
1	2048
2	2048
1	2048
0	2038
3	2048
5	2048
1	2048
4	2048
1	2048
1	2048
3	2048
3	2048
2	2048
2	2048
1	2048
5	2048
3	2048
2	2048
1	2048
3	2048
1	2048
4	2048
2	2048
3	2048
3	2048
0	1938
0	1527
1	2048
2	2048
1	2048
2	2048
3	2048
2	2048
1	2048
4	2048
0	1769
0	1520
3	2048
0	2040
2	2048
2	2048
3	2048
1	2048
1	2048
1	2048
1	2048
3	2048
0	1554
2	2048
4	2048
1	2048
1	2048
1	2048
2	2048
1	2048
2	2048
1	2048
0	1830
3	2048
2	2048
2	2048
0	1838
2	2048
4	2048
4	2048
6	2048
0	1962
4	2048
0	1931
3	2048
3	2048
2	2048
1	2048
3	2048
2	2048
6	2048
0	1877
3	2048
4	2048
1	2048
5	2048
1	2048
3	2048
3	2048
5	2048
0	1921
1	2048
0	1422
5	2048
3	2048
3	2048
4	2048
2	2048
4	2048
2	2048
3	2048
0	1660
4	2048
1	2048
2	2048
1	2048
1	2048
1	2048
4	2048
4	2048
5	2048
2	2048
1	2048
2	2048
1	2048
2	2048
1	2048
0	1760
1	2048
0	1966
0	1888
2	2048
5	2048
1	2048
3	2048
2	2048
2	2048
1	2048
2	2048
2	2048
1	2048
2	2048
2	2048
2	2048
1	2048
2	2048
3	2048
4	2048
2	2048
3	2048
0	1386
3	2048
2	2048
3	2048
1	2048
1	2048
2	2048
3	2048
5	2048
1	2048
1	2048
1	2048
0	1400
3	2048
3	2048
2	2048
1	2048
3	2048
1	2048
1	2048
3	2048
1	2048
1	2048
0	2047
0	1804
1	2048
1	2048
1	2048
1	2048
3	2048
5	2048
4	2048
1	2048
2	2048
1	2048
1	2048
3	2048
2	2048
0	1473
3	2048
2	2048
2	2048
3	2048
1	2048
4	2048
4	2048
5	2048
0	1983
2	2048
1	2048
0	1788
0	1616
0	1894
0	1831
2	2048
2	2048
1	2048
1	2048
2	2048
2	2048
0	1806
4	2048
0	1773
3	2048
0	1922
1	2048
0	1938
2	2048
0	1748
5	2048
5	2048
3	2048
2	2048
1	2048
2	2048
0	1790
0	1539
1	2048
3	2048
1	2048
3	2048
3	2048
6	2048
1	2048
0	2007
3	2048
1	2048
4	2048
1	2048
5	2048
1	2048
2	2048
0	2026
3	2048
1	2048
3	2048
1	2048
3	2048
2	2048
5	2048
4	2048
1	2048
6	2048
3	2048
2	2048
1	2048
3	2048
2	2048
1	2048
4	2048
3	2048
2	2048
2	2048
2	2048
2	2048
1	2048
1	2048
2	2048
1	2048
2	2048
3	2048
1	2048
0	1890
3	2048
2	2048
2	2048
0	1857
1	2048
4	2048
1	2048
3	2048
1	2048
2	2048
3	2048
1	2048
3	2048
3	2048
1	2048
3	2048
2	2048
1	2048
1	2048
3	2048
5	2048
2	2048
2	2048
3	2048
6	2048
2	2048
0	1606
2	2048
1	2048
1	2048
0	1555
3	2048
3	2048
2	2048
4	2048
1	2048
3	2048
5	2048
1	2048
2	2048
3	2048
1	2048
2	2048
0	1927
1	2048
4	2048
0	1577
0	1895
2	2048
0	1797
1	2048
0	1981
1	2048
1	2048
5	2048
3	2048
1	2048
0	2023
3	2048
1	2048
0	2022
0	1512
2	2048
1	2048
5	2048
3	2048
2	2048
5	2048
3	2048
2	2048
3	2048
2	2048
0	1472
0	1768
3	2048
2	2048
4	2048
5	2048
1	2048
1	2048
0	1910
2	2048
0	1943
3	2048
1	2048
1	2048
1	2048
2	2048
1	2048
1	2048
2	2048
1	2048
1	2048
2	2048
2	2048
5	2048
3	2048
1	2048
0	1824
2	2048
2	2048
1	2048
2	2048
1	2048
2	2048
4	2048
3	2048
1	2048
5	2048
1	2048
6	2048
0	1455
3	2048
2	2048
4	2048
2	2048
3	2048
1	2048
3	2048
3	2048
2	2048
0	1833
2	2048
3	2048
1	2048
1	2048
1	2048
0	1828
1	2048
1	2048
1	2048
1	2048
2	2048
1	2048
3	2048
2	2048
1	2048
2	2048
5	2048
3	2048
1	2048
0	1998
1	2048
0	1960
2	2048
2	2048
0	1625
4	2048
2	2048
4	2048
3	2048
3	2048
0	1732
2	2048
3	2048
3	2048
0	1848
1	2048
2	2048
1	2048
2	2048
4	2048
3	2048
0	1427
0	1403
5	2048
1	2048
1	2048
0	1701
5	2048
0	1722
2	2048
2	2048
0	1731
3	2048
5	2048
0	1682
1	2048
1	2048
2	2048
2	2048
2	2048
2	2048
3	2048
1	2048
1	2048
2	2048
3	2048
1	2048
1	2048
0	2014
6	2048
2	2048
1	2048
5	2048
0	1649
2	2048
1	2048
1	2048
0	1876
3	2048
1	2048
3	2048
1	2048
2	2048
1	2048
3	2048
0	1691
2	2048
1	2048
2	2048
1	2048
1	2048
1	2048
1	2048
1	2048
1	2048
2	2048
3	2048
1	2048
2	2048
1	2048
5	2048
2	2048
3	2048
1	2048
2	2048
3	2048
2	2048
0	1790
0	1553
1	2048
4	2048
2	2048
4	2048
1	2048
1	2048
3	2048
0	1500
2	2048
4	2048
1	2048
6	2048
2	2048
2	2048
2	2048
1	2048
4	2048
4	2048
2	2048
2	2048
1	2048
0	1925
2	2048
3	2048
4	2048
4	2048
3	2048
3	2048
0	1712
5	2048
1	2048
3	2048
1	2048
3	2048
1	2048
1	2048
0	1918
4	2048
1	2048
1	2048
0	1793
1	2048
1	2048
1	2048
2	2048
2	2048
0	2029
2	2048
2	2048
2	2048
2	2048
2	2048
0	1960
2	2048
2	2048
1	2048
2	2048
2	2048
2	2048
2	2048
3	2048
1	2048
2	2048
1	2048
2	2048
2	2048
2	2048
1	2048
1	2048
4	2048
3	2048
3	2048
3	2048
1	2048
3	2048
1	2048
1	2048
3	2048
1	2048
2	2048
4	2048
1	2048
2	2048
4	2048
5	2048
1	2048
1	2048
3	2048
3	2048
7	2048
0	1617
2	2048
0	2013
2	2048
1	2048
2	2048
3	2048
2	2048
1	2048
0	1728
1	2048
1	2048
7	2048
0	1772
2	2048
2	2048
0	1986
1	2048
0	1743
4	2048
1	2048
1	2048
5	2048
1	2048
0	1617
1	2048
1	2048
1	2048
2	2048
1	2048
2	2048
2	2048
0	1755
1	2048
2	2048
2	2048
2	2048
3	2048
2	2048
2	2048
2	2048
0	1864
4	2048
3	2048
2	2048
4	2048
0	1308
1	2048
2	2048
3	2048
0	1620
2	2048
4	2048
3	2048
1	2048
1	2048
3	2048
2	2048
3	2048
2	2048
1	2048
4	2048
1	2048
1	2048
4	2048
1	2048
2	2048
4	2048
2	2048
1	2048
1	2048
1	2048
3	2048
1	2048
3	2048
1	2048
2	2048
1	2048
3	2048
1	2048
4	2048
3	2048
0	1513
2	2048
0	1928
5	2048
3	2048
1	2048
0	1550
0	1514
2	2048
3	2048
5	2048
0	1664
5	2048
1	2048
4	2048
3	2048
2	2048
0	1685
6	2048
0	1973
1	2048
1	2048
0	1959
7	2048
2	2048
2	2048
1	2048
3	2048
2	2048
4	2048
3	2048
1	2048
3	2048
1	2048
1	2048
1	2048
2	2048
2	2048
0	1523
5	2048
2	2048
3	2048
0	1684
1	2048
3	2048
4	2048
3	2048
1	2048
1	2048
4	2048
1	2048
2	2048
2	2048
3	2048
1	2048
0	1757
3	2048
3	2048
2	2048
4	2048
2	2048
2	2048
1	2048
4	2048
1	2048
3	2048
3	2048
1	2048
1	2048
4	2048
4	2048
2	2048
1	2048
2	2048
1	2048
1	2048
1	2048
2	2048
2	2048
1	2048
2	2048
0	1626
3	2048
2	2048
0	1389
4	2048
4	2048
1	2048
1	2048
2	2048
1	2048
2	2048
0	1924
2	2048
2	2048
0	2042
2	2048
2	2048
2	2048
4	2048
1	2048
4	2048
1	2048
2	2048
4	2048
3	2048
1	2048
0	1915
2	2048
2	2048
3	2048
0	1960
1	2048
6	2048
1	2048
1	2048
1	2048
1	2048
2	2048
1	2048
1	2048
0	1891
0	1863
2	2048
2	2048
2	2048
2	2048
1	2048
2	2048
1	2048
1	2048
1	2048
1	2048
1	2048
2	2048
1	2048
1	2048
1	2048
3	2048
4	2048
3	2048
2	2048
0	1684
1	2048
4	2048
3	2048
3	2048
2	2048
2	2048
2	2048
1	2048
2	2048
0	1948
3	2048
1	2048
1	2048
2	2048
1	2048
1	2048
3	2048
0	1632
0	1739
3	2048
2	2048
0	1466
3	2048
1	2048
4	2048
3	2048
0	1658
6	2048
2	2048
2	2048
3	2048
6	2048
3	2048
5	2048
6	2048
2	2048
3	2048
6	2048
4	2048
2	2048
3	2048
0	1950
1	2048
0	1508
2	2048
2	2048
5	2048
2	2048
1	2048
5	2048
4	2048
0	1551
2	2048
3	2048
2	2048
1	2048
3	2048
2	2048
4	2048
2	2048
2	2048
1	2048
1	2048
2	2048
0	1816
3	2048
2	2048
0	1453
3	2048
2	2048
3	2048
2	2048
1	2048
2	2048
3	2048
3	2048
3	2048
1	2048
1	2048
1	2048
5	2048
0	1756
2	2048
5	2048
1	2048
0	1986
0	1705
0	1460
1	2048
3	2048
2	2048
1	2048
5	2048
2	2048
0	2012
2	2048
3	2048
4	2048
3	2048
3	2048
2	2048
0	1452
7	2048
0	1537
2	2048
1	2048
3	2048
1	2048
2	2048
1	2048
1	2048
4	2048
3	2048
1	2048
1	2048
3	2048
2	2048
2	2048
4	2048
0	1441
0	1991
0	1773
3	2048
4	2048
2	2048
1	2048
2	2048
4	2048
4	2048
3	2048
1	2048
4	2048
0	2003
2	2048
4	2048
2	2048
1	2048
1	2048
2	2048
2	2048
2	2048
4	2048
0	1691
3	2048
0	1635
0	1419
1	2048
1	2048
1	2048
0	1194
1	2048
1	2048
1	2048
3	2048
3	2048
2	2048
2	2048
1	2048
2	2048
0	1923
0	1978
2	2048
3	2048
3	2048
1	2048
4	2048
3	2048
2	2048
3	2048
2	2048
4	2048
2	2048
7	2048
0	1806
1	2048
3	2048
1	2048
4	2048
4	2048
1	2048
1	2048
0	1485
2	2048
3	2048
1	2048
0	1737
2	2048
1	2048
1	2048
0	1757
1	2048
5	2048
3	2048
2	2048
0	1884
0	2047
1	2048
4	2048
3	2048
5	2048
2	2048
2	2048
1	2048
2	2048
3	2048
2	2048
1	2048
1	2048
3	2048
2	2048
4	2048
1	2048
0	1664
4	2048
0	1952
2	2048
1	2048
2	2048
2	2048
3	2048
1	2048
2	2048
6	2048
3	2048
1	2048
2	2048
0	1664
0	1826
3	2048
4	2048
2	2048
1	2048
4	2048
2	2048
0	1922
2	2048
2	2048
1	2048
3	2048
1	2048
4	2048
3	2048
7	2048
1	2048
1	2048
3	2048
2	2048
1	2048
1	2048
3	2048
3	2048
1	2048
2	2048
0	1508
2	2048
6	2048
1	2048
3	2048
0	1868
0	1418
6	2048
0	2037
0	1694
4	2048
1	2048
2	2048
2	2048
1	2048
1	2048
1	2048
2	2048
0	1869
1	2048
1	2048
3	2048
2	2048
5	2048
4	2048
1	2048
2	2048
3	2048
1	2048
0	1716
2	2048
3	2048
7	2048
2	2048
1	2048
1	2048
2	2048
0	1479
5	2048
2	2048
3	2048
3	2048
0	1580
2	2048
1	2048
1	2048
2	2048
3	2048
0	1870
0	1782
3	2048
4	2048
2	2048
0	1927
4	2048
0	1557
3	2048
1	2048
1	2048
1	2048
2	2048
1	2048
1	2048
1	2048
1	2048
2	2048
2	2048
1	2048
0	1835
1	2048
1	2048
5	2048
1	2048
2	2048
4	2048
1	2048
2	2048
1	2048
2	2048
1	2048
0	1738
0	1251
1	2048
1	2048
1	2048
3	2048
3	2048
1	2048
0	1642
1	2048
2	2048
2	2048
4	2048
2	2048
2	2048
8	2048
0	1840
2	2048
1	2048
2	2048
1	2048
1	2048
5	2048
2	2048
2	2048
3	2048
1	2048
2	2048
4	2048
2	2048
4	2048
1	2048
2	2048
2	2048
1	2048
2	2048
2	2048
3	2048
2	2048
2	2048
2	2048
1	2048
0	1678
5	2048
2	2048
1	2048
2	2048
0	1999
3	2048
2	2048
0	1849
0	1564
4	2048
1	2048
1	2048
1	2048
0	1927
0	2020
2	2048
0	1642
3	2048
0	1351
1	2048
2	2048
2	2048
2	2048
1	2048
2	2048
3	2048
4	2048
0	1839
3	2048
3	2048
2	2048
1	2048
2	2048
3	2048
3	2048
0	2007
1	2048
2	2048
1	2048
7	2048
1	2048
3	2048
4	2048
3	2048
1	2048
0	1770
2	2048
3	2048
2	2048
1	2048
2	2048
0	1899
2	2048
2	2048
4	2048
1	2048
3	2048
2	2048
6	2048
1	2048
1	2048
2	2048
3	2048
3	2048
4	2048
2	2048
3	2048
3	2048
2	2048
1	2048
2	2048
0	1516
2	2048
1	2048
1	2048
4	2048
5	2048
0	1209
5	2048
2	2048
0	1578
2	2048
0	1924
5	2048
0	2038
3	2048
0	1943
2	2048
1	2048
1	2048
4	2048
1	2048
0	1792
1	2048
4	2048
3	2048
1	2048
0	1938
1	2048
1	2048
1	2048
1	2048
2	2048
2	2048
0	1839
2	2048
1	2048
3	2048
0	1315
1	2048
3	2048
1	2048
3	2048
0	1988
1	2048
0	1542
2	2048
2	2048
3	2048
1	2048
0	1687
5	2048
1	2048
1	2048
2	2048
3	2048
1	2048
8	2048
1	2048
3	2048
3	2048
3	2048
1	2048
1	2048
1	2048
3	2048
0	1873
1	2048
0	1671
5	2048
3	2048
0	1853
3	2048
0	1853
4	2048
5	2048
3	2048
0	2046
1	2048
1	2048
1	2048
1	2048
0	1849
3	2048
2	2048
0	2018
1	2048
1	2048
3	2048
3	2048
3	2048
5	2048
6	2048
1	2048
1	2048
5	2048
4	2048
3	2048
0	1583
1	2048
1	2048
0	1863
2	2048
2	2048
3	2048
0	1523
2	2048
1	2048
3	2048
1	2048
2	2048
3	2048
1	2048
0	2008
2	2048
3	2048
0	1920
2	2048
2	2048
1	2048
2	2048
2	2048
1	2048
2	2048
2	2048
4	2048
0	1727
0	1810
2	2048
2	2048
2	2048
1	2048
4	2048
1	2048
2	2048
1	2048
2	2048
4	2048
2	2048
1	2048
1	2048
1	2048
0	1655
0	1775
5	2048
1	2048
2	2048
2	2048
2	2048
2	2048
3	2048
3	2048
1	2048
4	2048
2	2048
1	2048
4	2048
1	2048
1	2048
2	2048
1	2048
1	2048
3	2048
0	1840
0	1957
2	2048
0	1523
1	2048
1	2048
1	2048
3	2048
1	2048
1	2048
2	2048
1	2048
4	2048
3	2048
3	2048
1	2048
4	2048
0	1709
0	1980
1	2048
1	2048
1	2048
0	1902
1	2048
0	1769
2	2048
3	2048
3	2048
3	2048
0	1419
2	2048
3	2048
3	2048
3	2048
3	2048
2	2048
0	1840
2	2048
3	2048
0	1835
2	2048
1	2048
3	2048
0	1634
5	2048
2	2048
2	2048
2	2048
1	2048
3	2048
2	2048
1	2048
2	2048
2	2048
4	2048
0	1911
3	2048
2	2048
3	2048
1	2048
2	2048
4	2048
4	2048
3	2048
2	2048
0	1746
1	2048
1	2048
2	2048
2	2048
1	2048
2	2048
1	2048
4	2048
0	2009
3	2048
0	1949
5	2048
3	2048
2	2048
1	2048
1	2048
4	2048
0	2041
2	2048
3	2048
2	2048
0	1621
2	2048
1	2048
1	2048
2	2048
3	2048
3	2048
0	1663
0	1727
5	2048
2	2048
4	2048
0	1667
5	2048
1	2048
2	2048
2	2048
0	1872
5	2048
1	2048
2	2048
2	2048
1	2048
1	2048
0	1611
2	2048
3	2048
3	2048
4	2048
2	2048
5	2048
3	2048
1	2048
5	2048
5	2048
3	2048
0	1487
1	2048
1	2048
1	2048
1	2048
1	2048
0	1623
2	2048
1	2048
1	2048
0	1946
3	2048
0	1612
1	2048
2	2048
2	2048
2	2048
4	2048
3	2048
2	2048
2	2048
2	2048
0	1312
2	2048
2	2048
4	2048
1	2048
3	2048
2	2048
1	2048
1	2048
1	2048
3	2048
3	2048
2	2048
2	2048
2	2048
2	2048
2	2048
2	2048
3	2048
3	2048
3	2048
4	2048
1	2048
2	2048
1	2048
2	2048
0	1982
2	2048
0	1586
1	2048
1	2048
0	1535
0	1874
2	2048
3	2048
2	2048
2	2048
1	2048
2	2048
0	1517
0	1955
1	2048
1	2048
3	2048
3	2048
1	2048
0	1634
1	2048
0	1513
2	2048
1	2048
0	1763
1	2048
4	2048
3	2048
1	2048
3	2048
1	2048
3	2048
0	2025
1	2048
2	2048
0	1774
1	2048
2	2048
3	2048
2	2048
2	2048
2	2048
1	2048
0	1574
0	1859
0	1762
4	2048
4	2048
3	2048
3	2048
0	1528
1	2048
3	2048
1	2048
1	2048
5	2048
4	2048
2	2048
1	2048
2	2048
2	2048
2	2048
1	2048
2	2048
1	2048
3	2048
1	2048
4	2048
1	2048
4	2048
0	1792
2	2048
0	1522
2	2048
3	2048
3	2048
4	2048
3	2048
2	2048
0	1990
6	2048
1	2048
5	2048
3	2048
3	2048
2	2048
2	2048
2	2048
2	2048
2	2048
0	1849
1	2048
1	2048
5	2048
0	1315
2	2048
3	2048
3	2048
1	2048
0	1473
1	2048
1	2048
6	2048
1	2048
2	2048
2	2048
3	2048
1	2048
2	2048
4	2048
3	2048
5	2048
1	2048
2	2048
3	2048
1	2048
3	2048
2	2048
0	1514
1	2048
2	2048
0	1557
0	1927
2	2048
1	2048
3	2048
3	2048
1	2048
3	2048
2	2048
2	2048
4	2048
5	2048
2	2048
2	2048
1	2048
1	2048
2	2048
4	2048
1	2048
2	2048
7	2048
1	2048
2	2048
2	2048
3	2048
0	1809
3	2048
2	2048
1	2048
2	2048
1	2048
3	2048
5	2048
2	2048
4	2048
1	2048
0	1929
0	1741
3	2048
3	2048
0	1752
0	1824
2	2048
1	2048
2	2048
4	2048
1	2048
6	2048
0	1973
4	2048
2	2048
1	2048
1	2048
1	2048
2	2048
1	2048
2	2048
2	2048
2	2048
7	2048
1	2048
2	2048
3	2048
1	2048
2	2048
1	2048
1	2048
3	2048
2	2048
0	1557
1	2048
1	2048
3	2048
3	2048
2	2048
0	1939
2	2048
2	2048
3	2048
4	2048
3	2048
4	2048
1	2048
3	2048
2	2048
1	2048
1	2048
5	2048
4	2048
3	2048
3	2048
2	2048
4	2048
3	2048
3	2048
3	2048
2	2048
2	2048
2	2048
2	2048
1	2048
1	2048
2	2048
2	2048
0	1555
1	2048
2	2048
1	2048
4	2048
2	2048
3	2048
0	1792
2	2048
3	2048
2	2048
0	1821
1	2048
0	1838
1	2048
1	2048
2	2048
1	2048
2	2048
3	2048
2	2048
1	2048
0	2040
2	2048
1	2048
4	2048
2	2048
0	1596
3	2048
4	2048
0	1634
1	2048
2	2048
2	2048
2	2048
3	2048
3	2048
3	2048
2	2048
2	2048
6	2048
3	2048
0	1992
1	2048
2	2048
1	2048
0	1765
3	2048
4	2048
4	2048
3	2048
3	2048
4	2048
2	2048
2	2048
1	2048
3	2048
2	2048
1	2048
4	2048
3	2048
2	2048
5	2048
3	2048
1	2048
3	2048
2	2048
4	2048
3	2048
2	2048
1	2048
2	2048
1	2048
3	2048
3	2048
3	2048
0	1846
4	2048
1	2048
3	2048
0	1726
4	2048
1	2048
2	2048
3	2048
1	2048
3	2048
2	2048
2	2048
1	2048
0	1331
4	2048
0	1632
2	2048
1	2048
2	2048
2	2048
1	2048
2	2048
2	2048
4	2048
3	2048
5	2048
1	2048
1	2048
1	2048
1	2048
1	2048
1	2048
0	1753
2	2048
3	2048
3	2048
2	2048
2	2048
2	2048
1	2048
2	2048
0	1864
1	2048
1	2048
0	1199
2	2048
2	2048
0	1591
3	2048
1	2048
3	2048
6	2048
2	2048
0	1462
2	2048
0	2010
3	2048
5	2048
1	2048
3	2048
1	2048
2	2048
0	1896
1	2048
1	2048
2	2048
2	2048
4	2048
1	2048
0	1641
2	2048
2	2048
0	1823
1	2048
2	2048
1	2048
1	2048
1	2048
1	2048
0	1512
4	2048
4	2048
3	2048
5	2048
3	2048
1	2048
5	2048
2	2048
3	2048
2	2048
3	2048
1	2048
0	1827
4	2048
2	2048
2	2048
0	1524
3	2048
2	2048
3	2048
2	2048
2	2048
1	2048
5	2048
3	2048
1	2048
1	2048
0	1518
2	2048
4	2048
2	2048
2	2048
0	1299
2	2048
2	2048
2	2048
2	2048
3	2048
2	2048
1	2048
2	2048
3	2048
2	2048
2	2048
1	2048
2	2048
2	2048
2	2048
3	2048
1	2048
2	2048
3	2048
2	2048
3	2048
2	2048
0	1613
2	2048
2	2048
2	2048
0	1984
1	2048
1	2048
2	2048
2	2048
0	2009
2	2048
1	2048
1	2048
4	2048
1	2048
7	2048
3	2048
2	2048
4	2048
3	2048
2	2048
3	2048
4	2048
1	2048
1	2048
3	2048
3	2048
1	2048
0	1852
1	2048
4	2048
3	2048
3	2048
3	2048
2	2048
2	2048
0	1433
1	2048
3	2048
3	2048
2	2048
1	2048
2	2048
3	2048
3	2048
1	2048
3	2048
0	2013
2	2048
0	1967
0	1844
5	2048
7	2048
1	2048
2	2048
3	2048
2	2048
2	2048
4	2048
3	2048
0	1771
5	2048
1	2048
1	2048
5	2048
4	2048
2	2048
1	2048
2	2048
1	2048
1	2048
2	2048
1	2048
3	2048
7	2048
3	2048
1	2048
2	2048
0	1947
4	2048
3	2048
0	1594
4	2048
1	2048
2	2048
2	2048
2	2048
2	2048
2	2048
2	2048
0	1913
2	2048
2	2048
3	2048
0	1305
0	1720
4	2048
3	2048
1	2048
1	2048
2	2048
2	2048
0	2004
3	2048
3	2048
3	2048
4	2048
4	2048
5	2048
1	2048
1	2048
3	2048
1	2048
1	2048
0	1743
0	1872
3	2048
5	2048
2	2048
2	2048
2	2048
2	2048
1	2048
0	1813
1	2048
3	2048
3	2048
0	1984
0	1779
2	2048
4	2048
4	2048
0	1945
0	2007
3	2048
1	2048
3	2048
2	2048
2	2048
0	1755
0	1845
4	2048
3	2048
0	1675
1	2048
0	1558
2	2048
1	2048
2	2048
2	2048
1	2048
1	2048
1	2048
1	2048
1	2048
3	2048
2	2048
6	2048
1	2048
1	2048
4	2048
1	2048
2	2048
3	2048
1	2048
2	2048
2	2048
4	2048
3	2048
0	1775
1	2048
0	2038
3	2048
1	2048
2	2048
1	2048
1	2048
3	2048
2	2048
5	2048
1	2048
0	1874
1	2048
3	2048
3	2048
2	2048
0	1664
3	2048
2	2048
3	2048
0	1508
3	2048
3	2048
1	2048
0	1796
1	2048
1	2048
3	2048
2	2048
3	2048
1	2048
1	2048
3	2048
0	1782
3	2048
3	2048
2	2048
2	2048
2	2048
5	2048
6	2048
2	2048
0	1697
6	2048
4	2048
0	1995
0	1282
2	2048
4	2048
0	1783
1	2048
0	1889
1	2048
2	2048
3	2048
1	2048
0	1888
1	2048
5	2048
3	2048
2	2048
1	2048
0	1862
2	2048
2	2048
0	1764
0	1589
1	2048
1	2048
1	2048
3	2048
1	2048
3	2048
3	2048
1	2048
1	2048
3	2048
0	2039
1	2048
2	2048
1	2048
2	2048
1	2048
3	2048
2	2048
3	2048
3	2048
2	2048
4	2048
3	2048
1	2048
1	2048
4	2048
0	1862
1	2048
4	2048
2	2048
2	2048
3	2048
2	2048
2	2048
1	2048
2	2048
0	1729
1	2048
1	2048
1	2048
1	2048
3	2048
1	2048
3	2048
3	2048
1	2048
0	1812
0	1846
0	1867
0	1236
5	2048
2	2048
3	2048
1	2048
0	1653
3	2048
3	2048
2	2048
1	2048
1	2048
3	2048
4	2048
2	2048
3	2048
5	2048
1	2048
0	1563
2	2048
4	2048
1	2048
1	2048
3	2048
2	2048
1	2048
1	2048
3	2048
0	1632
6	2048
1	2048
0	1639
2	2048
3	2048
1	2048
2	2048
0	1743
0	1779
2	2048
4	2048
6	2048
3	2048
4	2048
3	2048
1	2048
5	2048
2	2048
1	2048
3	2048
1	2048
2	2048
3	2048
1	2048
0	1708
3	2048
0	1940
3	2048
3	2048
2	2048
2	2048
3	2048
2	2048
4	2048
1	2048
2	2048
4	2048
9	2048
0	1771
3	2048
0	1628
2	2048
2	2048
3	2048
4	2048
3	2048
2	2048
3	2048
5	2048
3	2048
0	1907
2	2048
0	1768
1	2048
3	2048
2	2048
3	2048
1	2048
3	2048
3	2048
1	2048
1	2048
0	1645
6	2048
3	2048
2	2048
2	2048
5	2048
2	2048
0	1904
3	2048
2	2048
2	2048
3	2048
2	2048
2	2048
1	2048
2	2048
1	2048
3	2048
3	2048
0	2029
3	2048
0	1661
1	2048
0	1690
0	2040
3	2048
1	2048
1	2048
0	1813
4	2048
4	2048
3	2048
2	2048
2	2048
3	2048
2	2048
2	2048
4	2048
1	2048
4	2048
0	1833
0	1803
6	2048
1	2048
2	2048
4	2048
1	2048
1	2048
2	2048
4	2048
2	2048
0	1334
0	1923
0	1606
0	1567
3	2048
4	2048
0	1906
0	1928
1	2048
4	2048
3	2048
2	2048
1	2048
3	2048
3	2048
1	2048
2	2048
3	2048
0	2033
1	2048
2	2048
1	2048
2	2048
2	2048
1	2048
3	2048
1	2048
0	1790
4	2048
4	2048
3	2048
0	1588
1	2048
2	2048
1	2048
1	2048
3	2048
1	2048
0	1806
3	2048
0	1893
0	1576
1	2048
0	1421
1	2048
2	2048
3	2048
4	2048
2	2048
3	2048
2	2048
1	2048
3	2048
4	2048
2	2048
2	2048
2	2048
1	2048
1	2048
0	2004
1	2048
2	2048
2	2048
2	2048
4	2048
1	2048
4	2048
2	2048
1	2048
2	2048
4	2048
2	2048
1	2048
1	2048
4	2048
4	2048
2	2048
1	2048
0	1803
4	2048
3	2048
4	2048
1	2048
1	2048
1	2048
3	2048
2	2048
2	2048
0	1805
4	2048
3	2048
2	2048
3	2048
5	2048
0	1587
1	2048
0	1631
1	2048
0	1620
2	2048
4	2048
1	2048
0	2011
5	2048
1	2048
2	2048
2	2048
5	2048
1	2048
2	2048
3	2048
1	2048
1	2048
3	2048
2	2048
4	2048
2	2048
5	2048
3	2048
4	2048
3	2048
2	2048
1	2048
3	2048
3	2048
2	2048
2	2048
1	2048
1	2048
4	2048
4	2048
5	2048
0	1567
3	2048
1	2048
2	2048
1	2048
0	1204
2	2048
1	2048
1	2048
1	2048
0	1883
2	2048
0	1837
2	2048
5	2048
2	2048
1	2048
3	2048
2	2048
2	2048
1	2048
1	2048
2	2048
1	2048
4	2048
0	2028
4	2048
1	2048
1	2048
3	2048
2	2048
0	1859
2	2048
1	2048
1	2048
4	2048
2	2048
2	2048
2	2048
5	2048
3	2048
1	2048
3	2048
2	2048
0	1744
1	2048
0	1449
1	2048
2	2048
3	2048
2	2048
3	2048
4	2048
2	2048
3	2048
1	2048
1	2048
1	2048
2	2048
3	2048
2	2048
2	2048
0	1589
5	2048
3	2048
1	2048
2	2048
3	2048
1	2048
2	2048
2	2048
2	2048
4	2048
3	2048
2	2048
1	2048
2	2048
0	1744
1	2048
2	2048
0	1508
0	1881
3	2048
2	2048
1	2048
0	1789
3	2048
2	2048
4	2048
3	2048
4	2048
1	2048
2	2048
2	2048
0	1853
2	2048
0	1595
2	2048
0	1937
1	2048
1	2048
2	2048
4	2048
2	2048
1	2048
2	2048
2	2048
2	2048
2	2048
5	2048
1	2048
1	2048
4	2048
1	2048
5	2048
1	2048
2	2048
2	2048
3	2048
1	2048
2	2048
0	1947
1	2048
0	1640
2	2048
1	2048
1	2048
1	2048
1	2048
1	2048
3	2048
0	1635
3	2048
0	1662
3	2048
3	2048
2	2048
2	2048
3	2048
3	2048
3	2048
0	1902
0	1888
3	2048
3	2048
2	2048
3	2048
4	2048
3	2048
3	2048
3	2048
3	2048
2	2048
1	2048
1	2048
3	2048
0	1480
1	2048
2	2048
2	2048
1	2048
4	2048
0	1959
0	1549
1	2048
1	2048
3	2048
2	2048
4	2048
2	2048
2	2048
3	2048
4	2048
3	2048
2	2048
1	2048
5	2048
2	2048
2	2048
1	2048
2	2048
3	2048
1	2048
3	2048
1	2048
2	2048
0	2001
2	2048
1	2048
5	2048
2	2048
0	1565
3	2048
1	2048
0	1728
2	2048
1	2048
2	2048
1	2048
0	1614
2	2048
4	2048
0	1486
1	2048
4	2048
1	2048
1	2048
3	2048
0	1957
1	2048
0	1882
2	2048
2	2048
1	2048
0	1516
2	2048
2	2048
