#SA random K-SAT
#N=262144  nIter=8192  alpha=3.85   NSamples=9859
#av(e)	0.3202150319505021
#std(e)	0.005663838220706655
1	8192
0	5087
0	5750
0	5500
0	5797
0	5618
0	5130
0	5057
0	4914
0	7644
1	8192
0	5516
0	6163
1	8192
0	5295
3	8192
1	8192
2	8192
1	8192
0	6955
0	6094
1	8192
0	6381
0	7000
0	5765
0	5458
0	6413
3	8192
0	6364
0	7973
0	5845
0	5682
0	5143
0	6514
0	4919
1	8192
0	5278
0	6459
3	8192
0	5322
0	6710
0	5378
1	8192
2	8192
0	6488
0	5413
0	6607
0	4999
1	8192
1	8192
0	4998
0	5450
0	6203
0	5732
0	7625
0	8180
0	6384
0	5052
1	8192
0	7280
0	6318
1	8192
0	4976
0	8025
0	5997
2	8192
0	4819
0	6041
0	6966
0	6181
0	6172
0	7003
0	6284
1	8192
0	6820
0	6784
1	8192
0	5486
0	5865
0	6149
0	6354
0	6118
0	7416
0	6593
0	6369
0	5824
0	6370
0	5307
1	8192
0	5253
1	8192
0	5028
1	8192
0	5020
0	6289
0	6230
1	8192
0	6294
0	5718
1	8192
0	6450
0	6358
0	5425
0	6255
0	7709
0	8000
0	6753
0	4686
2	8192
1	8192
0	5985
0	5043
0	6306
1	8192
0	7825
2	8192
0	6203
1	8192
0	7618
0	6008
1	8192
3	8192
0	7107
1	8192
0	5264
0	5045
2	8192
0	7936
1	8192
0	5655
0	4669
0	4808
1	8192
0	7718
0	5411
0	5398
0	7283
0	5840
1	8192
1	8192
0	5180
1	8192
0	6172
0	6719
0	5399
0	4831
0	5175
0	5097
0	4992
0	4821
0	5107
0	5305
1	8192
1	8192
0	6257
1	8192
0	5235
0	4951
0	5923
0	6890
0	7090
0	5506
0	6016
0	6120
1	8192
0	5039
0	6112
0	5911
0	6046
2	8192
0	5178
1	8192
0	4815
0	6803
0	5554
0	7532
0	6559
1	8192
1	8192
1	8192
0	5518
0	6076
0	5982
0	6654
0	6756
0	5465
0	5729
1	8192
0	5645
0	5047
0	6835
0	5497
0	6521
1	8192
1	8192
0	5816
1	8192
0	6059
1	8192
3	8192
0	6466
1	8192
0	6501
0	5828
0	5614
0	5860
0	7937
0	6960
0	8171
0	6227
1	8192
2	8192
0	6016
0	7831
0	4992
0	6418
0	6871
0	5148
0	7591
0	5091
1	8192
2	8192
0	6628
1	8192
2	8192
0	6469
0	5897
0	7276
0	8077
0	5976
0	7882
0	5068
0	6473
2	8192
1	8192
1	8192
0	6875
0	5217
1	8192
1	8192
0	6575
0	5107
0	5570
1	8192
0	5398
0	7839
1	8192
0	5521
0	5058
0	7637
1	8192
0	5116
1	8192
0	6579
1	8192
0	7838
0	7476
1	8192
0	4868
0	6316
0	5919
0	4499
0	6191
0	7754
0	5230
2	8192
0	6254
1	8192
0	7434
0	5815
2	8192
0	5710
1	8192
0	6200
0	4949
0	8058
0	6173
0	6350
0	7167
1	8192
1	8192
0	6587
0	5494
0	6576
1	8192
0	7117
0	5465
0	4770
0	6810
0	6504
0	6217
0	6402
1	8192
0	5226
0	4735
0	6258
1	8192
0	7885
0	6879
0	6441
0	7892
0	4776
0	5553
0	7948
0	5883
0	8103
0	7144
0	6790
1	8192
1	8192
1	8192
0	6015
0	6113
0	4953
0	5684
0	6616
1	8192
0	5229
0	7435
0	6333
0	5508
0	4988
0	6129
0	6804
0	7108
1	8192
1	8192
2	8192
0	7059
0	6311
0	7986
1	8192
0	6543
1	8192
0	4822
1	8192
0	4732
0	7775
0	5832
0	6169
0	6324
0	7353
0	5751
0	7892
1	8192
0	6028
0	5585
0	4659
0	5960
0	5725
0	5025
0	6274
1	8192
0	4874
0	5752
1	8192
1	8192
0	5359
1	8192
1	8192
0	5693
0	6152
0	7093
0	4919
1	8192
0	4876
0	4857
2	8192
0	4383
0	6661
2	8192
0	6754
0	5404
0	4714
1	8192
2	8192
1	8192
0	5692
0	6848
1	8192
0	6481
2	8192
1	8192
0	5753
0	5315
0	5126
1	8192
0	7208
1	8192
0	5051
0	5910
0	6195
1	8192
0	5395
1	8192
0	6182
1	8192
1	8192
2	8192
0	5440
0	7606
1	8192
0	4999
1	8192
0	5343
0	5906
0	4732
0	5228
2	8192
0	6340
0	6472
1	8192
0	7634
0	5479
0	5739
1	8192
1	8192
0	7232
0	5653
1	8192
0	5966
0	5000
0	4857
0	7717
0	6518
0	5010
0	5206
0	5302
0	5070
0	5799
0	5307
0	6699
0	6220
0	4736
0	7020
0	5882
0	5291
1	8192
0	5393
1	8192
0	7060
0	5761
0	7124
0	5159
1	8192
1	8192
0	6209
0	7193
0	7868
0	5941
0	6153
1	8192
0	7298
0	5360
0	5443
0	5331
0	7558
1	8192
1	8192
1	8192
1	8192
1	8192
2	8192
0	8135
0	5392
0	5536
1	8192
0	5943
1	8192
0	6433
0	7428
0	5672
0	7653
3	8192
0	4992
2	8192
0	7589
0	5388
0	4960
0	5704
0	6898
2	8192
0	5333
0	5319
1	8192
2	8192
0	5094
0	7106
2	8192
0	7883
0	6104
0	6124
0	5910
0	6699
0	6114
0	7677
1	8192
1	8192
0	5648
0	7087
0	6569
0	7474
0	4670
0	7226
0	7264
0	7684
1	8192
1	8192
0	7594
0	6435
0	5894
1	8192
0	5585
0	4557
0	8180
0	6276
1	8192
0	5233
0	7202
0	6139
1	8192
1	8192
0	5737
0	5106
1	8192
1	8192
0	7965
1	8192
0	7801
0	6986
0	5508
2	8192
0	5216
1	8192
0	7291
0	5075
0	5141
0	6860
0	5576
0	5737
0	6326
0	7741
1	8192
0	7660
0	6037
0	4720
0	7883
0	7851
0	6085
1	8192
3	8192
0	5917
0	6543
0	5395
0	4909
1	8192
1	8192
0	4707
0	5640
0	5602
0	6763
0	7111
3	8192
0	4883
0	5230
0	7668
1	8192
0	5552
0	5724
0	5334
0	4633
0	6461
0	7658
1	8192
0	7123
0	8108
0	5150
0	5441
1	8192
2	8192
0	7618
0	6449
0	4795
0	4950
0	5065
0	6353
0	6039
1	8192
0	5436
0	5757
0	4837
0	6222
0	5531
0	6675
0	5985
2	8192
1	8192
0	6356
0	7135
1	8192
0	6348
1	8192
0	7451
0	5895
0	5095
0	5373
0	7333
1	8192
0	4719
0	6316
0	7819
0	7338
1	8192
0	6475
0	4998
1	8192
0	5898
0	5907
0	5871
1	8192
0	6341
0	6056
0	7616
0	4506
0	6579
0	5036
0	5390
1	8192
0	5155
0	7144
0	5116
1	8192
0	6094
1	8192
0	4925
0	6776
0	7964
0	6535
2	8192
1	8192
0	5180
1	8192
0	4448
0	6513
1	8192
0	7100
0	5397
0	5140
0	7369
0	5166
1	8192
0	6237
1	8192
0	5301
1	8192
0	6803
0	5146
0	5824
0	7788
0	5816
0	6510
0	6013
0	7136
1	8192
0	4843
0	5360
0	7580
0	6413
0	5917
1	8192
0	6736
0	5504
0	6743
0	6126
0	5096
0	7800
0	7986
1	8192
1	8192
0	7371
1	8192
0	5621
1	8192
0	7531
1	8192
0	6679
0	6043
0	4856
0	5497
1	8192
0	7540
1	8192
0	5883
2	8192
0	4648
0	5396
0	4825
0	5020
0	7264
2	8192
0	7304
0	5763
2	8192
0	7003
0	5964
1	8192
1	8192
1	8192
0	5383
1	8192
0	7612
0	5557
1	8192
1	8192
1	8192
0	7146
1	8192
0	6232
1	8192
0	5757
0	5606
1	8192
0	5284
0	5827
0	7754
0	5498
0	5568
0	5215
1	8192
0	7078
1	8192
0	5067
0	5200
0	4562
0	8042
1	8192
0	8162
1	8192
0	4652
0	6859
0	6370
0	5057
0	4892
1	8192
2	8192
0	6701
0	7171
1	8192
0	5955
0	4846
0	5205
0	6548
0	7419
0	5328
0	5440
0	5290
0	5887
0	5051
0	5248
0	6267
0	6945
0	7253
2	8192
0	7244
1	8192
0	4861
0	5427
0	5908
0	5391
0	5960
2	8192
1	8192
0	5746
0	6746
1	8192
0	6555
0	5367
1	8192
0	6431
0	7695
1	8192
0	5561
1	8192
1	8192
0	6886
0	7810
0	5684
0	7250
0	7563
1	8192
0	6611
0	8166
1	8192
0	5812
1	8192
0	5772
1	8192
0	7152
0	6423
0	6514
0	6873
0	5365
0	5352
1	8192
0	6082
0	5510
0	5825
0	5005
1	8192
1	8192
0	7048
0	6590
0	5137
0	5587
0	4761
0	7305
0	5673
0	7226
0	5931
0	5004
0	6449
0	5915
2	8192
1	8192
0	5142
1	8192
1	8192
0	6121
0	5504
0	5414
1	8192
0	7473
0	5877
0	5338
0	5406
0	8051
1	8192
0	5325
2	8192
1	8192
0	7003
0	5724
1	8192
0	7103
0	6676
0	5733
0	5431
0	5564
0	4848
0	5745
0	7741
1	8192
0	4749
0	5045
0	7370
0	5214
1	8192
0	5478
0	4798
0	6254
0	5862
0	7280
0	6629
2	8192
0	8032
1	8192
0	7613
0	6485
0	6352
0	4737
1	8192
0	5301
1	8192
1	8192
0	5822
3	8192
0	5176
0	7268
0	7848
0	5134
0	5757
1	8192
0	5743
0	6200
0	6339
0	5372
0	4866
0	7274
0	4933
1	8192
0	5047
0	5996
0	5455
0	6976
1	8192
0	6706
0	5229
0	6411
0	5036
1	8192
1	8192
0	7094
0	7168
1	8192
2	8192
1	8192
0	7289
0	4965
1	8192
1	8192
1	8192
1	8192
1	8192
0	5552
0	5232
0	6511
0	5215
0	7608
0	7784
1	8192
0	5574
1	8192
0	6318
0	5116
0	5339
0	6487
0	4832
1	8192
1	8192
0	5872
0	7494
1	8192
0	6868
0	7688
0	6842
0	5600
0	7187
0	5254
1	8192
0	4764
0	8123
0	6950
0	4830
0	7906
0	7146
1	8192
0	6386
0	7574
1	8192
1	8192
1	8192
0	7310
0	4924
1	8192
0	5960
0	6085
0	5859
1	8192
0	6478
0	6310
0	6751
0	5972
0	4743
1	8192
0	6522
1	8192
2	8192
0	4984
0	4602
0	6907
0	4806
1	8192
0	6018
0	5132
0	7181
0	4912
0	7089
1	8192
2	8192
0	7250
0	7050
0	4704
0	7611
0	6305
0	5586
0	6184
0	5967
0	7174
0	6235
0	6325
0	7820
0	4539
0	5260
0	6191
1	8192
0	5742
0	6581
0	7815
1	8192
0	5434
0	5592
1	8192
1	8192
0	6091
0	6099
0	6670
0	5172
0	6639
1	8192
0	5830
1	8192
0	5006
0	5147
0	5588
0	5259
0	5680
1	8192
0	6153
1	8192
0	6138
1	8192
2	8192
0	4549
0	6548
0	5452
0	5221
1	8192
1	8192
0	7002
1	8192
1	8192
0	7657
0	4942
0	5168
0	5343
0	6677
1	8192
2	8192
1	8192
1	8192
0	5988
0	5774
0	7754
0	6549
0	5933
0	4608
0	5385
0	7823
0	6386
1	8192
2	8192
0	6458
1	8192
1	8192
1	8192
1	8192
0	6814
0	5823
0	8168
0	6630
0	7208
0	7204
0	5739
0	6537
0	5607
0	4952
1	8192
0	7893
0	6319
0	6199
0	5740
1	8192
0	5714
0	5263
0	5385
1	8192
0	5185
0	6087
1	8192
0	5326
0	7813
0	5339
1	8192
0	7396
0	6031
1	8192
0	4884
0	4928
0	6008
0	6470
0	5174
1	8192
0	6023
0	5848
0	6476
1	8192
0	7177
0	8186
0	7770
0	7910
0	6714
0	4945
0	7169
0	7960
0	5383
0	7345
0	6138
0	5748
0	6565
1	8192
1	8192
0	6279
2	8192
0	6667
0	5092
1	8192
1	8192
0	5898
0	6194
0	5707
1	8192
0	6845
0	6261
0	5730
0	5459
2	8192
1	8192
1	8192
1	8192
0	6267
0	7902
0	6634
0	5721
0	6584
2	8192
0	5629
0	6057
0	5511
0	7608
0	4944
0	6411
1	8192
0	7662
0	6304
0	7821
0	6559
0	6790
0	5188
0	6919
0	4966
0	7510
0	4925
0	7372
0	5175
0	5194
0	5869
0	6615
1	8192
1	8192
0	5009
0	5003
0	5721
0	5120
0	7449
0	6270
0	7773
1	8192
0	6083
0	6452
0	7598
0	6465
0	8082
0	4944
0	6531
0	4447
0	8188
0	5899
0	7539
0	5933
0	7852
0	7548
0	5753
0	6668
0	6030
0	5034
1	8192
0	5301
0	6828
0	5734
0	7234
1	8192
0	6003
0	7505
1	8192
2	8192
0	4616
0	4861
0	5151
0	7900
0	8041
0	5539
0	6016
1	8192
2	8192
1	8192
1	8192
0	4710
1	8192
1	8192
0	5952
1	8192
0	5564
0	5063
1	8192
2	8192
0	5382
1	8192
0	5418
1	8192
0	6710
1	8192
0	6157
0	7101
1	8192
0	7987
0	4741
0	6447
0	5637
0	5971
0	6403
1	8192
0	6392
0	6135
2	8192
0	5841
0	6175
0	5208
1	8192
0	5577
0	5346
0	4811
1	8192
0	6258
0	6090
1	8192
0	4637
0	4826
0	6159
1	8192
0	7265
0	5097
1	8192
2	8192
0	5112
0	5384
0	6634
1	8192
1	8192
0	5453
0	4929
0	7426
0	5712
0	6009
0	5440
0	4893
1	8192
0	6214
1	8192
0	4968
1	8192
1	8192
0	5032
0	5328
1	8192
2	8192
0	6105
0	4928
0	5427
0	7196
0	4969
0	5481
0	7869
0	5459
1	8192
1	8192
0	6181
1	8192
0	7967
1	8192
0	6366
0	6072
0	7366
1	8192
0	7247
0	5358
0	7535
0	5531
0	6132
0	7023
0	6398
0	5328
0	7456
2	8192
1	8192
0	7719
0	7309
0	5592
0	6409
0	4969
0	4883
0	4927
0	6150
0	5381
0	5817
0	5661
1	8192
0	7788
2	8192
0	7644
0	7257
2	8192
0	5553
0	5037
0	5709
0	6960
0	8135
0	5429
0	4995
0	4635
0	6732
2	8192
0	4535
0	5605
0	6223
0	4988
0	7960
0	8159
2	8192
0	5541
1	8192
1	8192
0	7602
1	8192
0	7914
0	6664
0	5039
1	8192
0	5464
1	8192
0	7345
1	8192
0	6701
0	5221
0	5065
0	8134
0	5633
0	6162
1	8192
0	7167
1	8192
0	6471
0	6580
0	6177
1	8192
0	4966
0	6985
0	6942
1	8192
2	8192
0	7995
0	6820
0	6123
1	8192
0	5113
1	8192
1	8192
0	5216
0	4556
0	6256
0	8069
0	7811
2	8192
0	5323
0	7085
0	5262
0	7891
0	6316
0	7762
1	8192
2	8192
0	5210
0	5079
1	8192
0	5206
0	7980
1	8192
0	7342
0	6021
0	6429
0	4971
0	5576
0	6007
1	8192
0	7442
0	5158
0	7075
1	8192
1	8192
0	5398
0	7959
0	5248
1	8192
1	8192
0	5616
0	6735
1	8192
0	7353
1	8192
0	5862
0	5562
0	5962
0	6761
1	8192
1	8192
0	5882
0	6014
0	5275
1	8192
1	8192
1	8192
0	4772
1	8192
0	8017
0	7249
0	6278
0	4760
0	4668
0	7184
0	5104
2	8192
0	4912
0	5442
1	8192
2	8192
0	5242
1	8192
0	5478
0	6630
1	8192
1	8192
0	7923
0	6590
1	8192
0	5582
0	5746
0	7936
0	5023
0	5972
0	5538
1	8192
0	6591
0	4660
0	6210
1	8192
2	8192
1	8192
0	6173
0	5939
1	8192
0	6539
0	6157
0	5546
0	5843
0	4976
1	8192
0	7973
1	8192
0	5566
1	8192
0	6700
1	8192
0	6491
1	8192
0	5912
0	6756
0	5933
0	5745
0	7837
0	6723
0	5664
0	6136
0	4623
0	4675
1	8192
1	8192
0	4983
0	6617
0	5860
0	5458
0	6275
0	4935
1	8192
0	6101
0	7972
1	8192
1	8192
0	6269
0	5326
0	5970
0	5917
1	8192
1	8192
0	7437
1	8192
0	5739
1	8192
0	4693
0	7126
2	8192
0	4987
1	8192
0	7795
0	6931
0	6754
1	8192
0	5476
0	6937
0	7939
0	7773
1	8192
0	5011
0	7144
0	5793
1	8192
0	5829
0	5574
0	6001
0	5500
1	8192
0	5377
0	6409
2	8192
0	5330
0	5165
0	5289
0	8064
0	6080
0	6016
0	6435
0	4884
0	6256
0	7161
0	5401
0	4980
2	8192
0	7251
0	4857
1	8192
1	8192
1	8192
1	8192
0	7740
0	6355
3	8192
0	5502
0	5568
0	6771
0	7158
0	6663
0	4782
0	7005
2	8192
0	7615
1	8192
0	5810
0	6134
0	4742
0	6741
1	8192
0	6715
0	5247
1	8192
0	4833
0	7906
0	6114
0	6681
0	6245
0	4840
1	8192
0	7789
0	6241
0	5337
1	8192
0	6548
0	8192
1	8192
0	5466
0	6590
0	5814
1	8192
0	6984
0	4741
0	4946
1	8192
2	8192
0	5752
0	7337
0	4992
0	6794
0	5924
3	8192
0	4832
0	6881
0	5026
0	7821
0	5289
0	6932
0	4946
0	5472
0	6130
2	8192
0	7413
0	6007
1	8192
0	7765
1	8192
1	8192
0	6964
0	4752
0	5774
0	6828
1	8192
0	4979
1	8192
0	4898
0	4884
0	5836
0	6393
0	7426
0	4978
0	7440
0	6064
0	7038
0	6424
0	6250
0	7011
0	7147
0	4502
0	6607
0	6370
0	6363
0	7395
0	5741
1	8192
0	4743
0	7100
0	5342
0	5574
1	8192
0	4928
1	8192
0	5184
0	5739
0	5304
0	6934
0	7719
0	7019
0	6058
0	7784
1	8192
0	4860
1	8192
0	4833
0	5800
0	6525
1	8192
0	5671
0	6803
1	8192
0	7495
1	8192
0	5555
0	5279
0	6116
0	5488
0	5410
0	7858
0	6980
0	7778
2	8192
1	8192
1	8192
0	6093
0	6069
0	8131
0	5468
0	5717
0	5396
1	8192
1	8192
0	5393
0	5173
0	5891
1	8192
0	4839
1	8192
0	7570
1	8192
0	8031
0	5601
0	6433
1	8192
0	5999
0	6079
0	5079
1	8192
0	5530
0	5462
0	7267
0	5540
1	8192
1	8192
3	8192
0	4655
0	6686
0	7134
1	8192
0	7030
0	6318
1	8192
0	5122
0	5864
1	8192
0	7736
0	4992
2	8192
0	5563
0	5279
1	8192
0	5053
0	7725
0	6506
0	6967
0	5522
0	6728
1	8192
0	6536
1	8192
0	5770
0	4802
0	6159
0	5172
0	5611
1	8192
0	5418
1	8192
0	5327
0	7657
0	4934
0	6802
0	7642
0	6374
1	8192
0	5433
0	6393
0	5374
1	8192
1	8192
0	7917
0	6383
0	4642
0	5103
0	5336
0	5197
0	7819
1	8192
0	7840
2	8192
0	5796
0	5604
0	4690
1	8192
0	7070
0	7525
0	7844
0	7120
0	7816
0	6962
0	5783
0	7895
0	6288
1	8192
0	6125
0	7579
0	6551
1	8192
0	5882
1	8192
0	7472
2	8192
0	6572
1	8192
0	5502
0	4780
1	8192
0	6564
0	5860
0	6648
0	6616
1	8192
0	7219
1	8192
0	4922
1	8192
0	6371
0	5123
1	8192
0	6248
0	5711
0	5868
0	8150
0	8143
1	8192
0	5978
0	5650
0	7768
0	7094
0	6970
0	7596
0	6523
0	8003
0	5742
0	6889
0	8153
0	5885
0	6161
0	7954
1	8192
0	5176
0	6194
0	6321
0	5881
2	8192
0	7405
0	6417
1	8192
1	8192
0	6540
0	5927
0	4665
0	7197
0	4866
1	8192
1	8192
0	6184
1	8192
1	8192
0	7046
0	5608
1	8192
0	7649
0	5587
0	6122
0	5515
1	8192
0	6825
0	7414
0	5892
1	8192
0	6775
0	4964
0	7840
0	6106
0	4933
0	5755
1	8192
0	8150
0	4991
0	6253
0	4651
0	7187
1	8192
1	8192
0	6522
0	5100
1	8192
0	5965
0	5518
0	7146
0	6368
0	6361
0	7267
0	5390
0	4532
0	7397
0	6127
0	5348
0	5365
1	8192
0	7500
0	7664
2	8192
0	7579
0	6292
0	5162
0	5668
0	4857
1	8192
0	6703
0	7004
0	5981
0	6640
0	5410
1	8192
0	7037
0	5852
0	7099
1	8192
0	6028
0	5649
0	5333
0	4743
0	5719
0	7183
0	6065
0	6196
0	5578
1	8192
2	8192
0	8162
0	7242
0	5619
0	5892
2	8192
0	6408
0	7555
0	5713
0	7119
0	6893
0	8025
0	6570
1	8192
0	7645
0	8185
0	6323
1	8192
0	5498
1	8192
0	5827
0	5049
0	5775
0	6405
0	6278
0	5420
0	6932
0	6363
0	6385
0	5416
0	8025
0	6283
0	5743
2	8192
1	8192
0	7804
0	7407
1	8192
0	7803
0	6407
0	6363
0	6734
0	4711
0	5228
0	7165
0	5994
0	8179
1	8192
0	7655
2	8192
0	5437
0	5676
1	8192
0	5269
0	7741
0	5411
1	8192
1	8192
1	8192
0	6860
0	5268
0	6891
1	8192
0	7782
0	5115
1	8192
1	8192
0	5637
0	4835
0	6461
1	8192
1	8192
1	8192
0	5600
0	7541
2	8192
0	7408
0	4805
1	8192
0	7508
0	5861
1	8192
0	5436
0	4731
0	5936
0	6080
0	5690
0	5804
0	5463
0	5605
0	5463
0	5581
0	6260
1	8192
0	4975
1	8192
0	7923
0	6465
1	8192
0	5776
0	7390
0	7178
1	8192
0	7528
0	6622
0	7291
0	6375
0	6165
1	8192
0	5160
1	8192
0	7612
0	6187
2	8192
0	4968
0	6381
0	5258
1	8192
0	5610
1	8192
0	7854
0	7556
0	5415
0	7117
0	5619
1	8192
0	6535
0	5072
1	8192
0	6195
1	8192
0	5775
1	8192
0	5989
0	7287
0	5260
0	5219
0	6003
0	5555
0	5633
3	8192
0	4652
0	7901
0	5166
0	5606
0	5873
1	8192
0	6388
1	8192
0	5334
0	7077
1	8192
2	8192
0	5819
1	8192
0	5613
0	7535
2	8192
0	6996
0	7241
0	4719
0	6970
0	6629
0	6210
0	7132
0	6260
0	7176
0	5756
0	6482
0	4869
1	8192
0	6095
0	5861
0	6696
0	6596
0	5362
1	8192
0	5309
0	4628
0	7127
0	6236
0	6008
0	7404
0	5792
0	8100
1	8192
0	6227
0	5496
0	6610
0	6715
0	4659
0	6683
1	8192
1	8192
0	6938
0	6554
0	4987
1	8192
0	5351
2	8192
0	5509
0	7495
0	7210
0	8086
0	6908
2	8192
0	5830
0	7057
0	7639
0	6727
2	8192
0	6293
0	5818
1	8192
0	7215
0	6966
0	6459
0	7151
0	5617
0	5672
0	7115
0	6664
0	4458
1	8192
0	6249
0	5947
0	4777
0	5942
0	5290
0	5405
0	5607
1	8192
1	8192
0	7788
1	8192
1	8192
0	7701
0	4495
0	5385
0	6679
0	5649
1	8192
0	6521
0	5793
1	8192
0	5551
0	6301
0	5138
0	7548
0	7049
2	8192
0	5296
1	8192
1	8192
2	8192
0	6096
1	8192
0	5851
0	7396
0	6794
0	4619
0	6458
2	8192
0	7095
0	6132
1	8192
0	5694
0	6382
0	5468
0	4484
1	8192
0	5381
1	8192
0	7085
0	5824
0	5517
0	7508
0	7962
0	6278
0	5849
0	6110
1	8192
0	6311
0	4885
1	8192
0	5840
0	6524
1	8192
2	8192
1	8192
0	5167
2	8192
0	5551
0	5339
0	6644
1	8192
0	5306
1	8192
1	8192
0	6239
0	6622
1	8192
0	5704
0	5584
0	5008
1	8192
1	8192
0	4672
0	6183
0	5735
1	8192
0	7116
1	8192
0	7040
0	5133
1	8192
0	5261
0	7653
1	8192
0	7324
0	5983
1	8192
0	5777
0	7876
0	4862
2	8192
0	7467
0	7230
1	8192
0	5271
1	8192
0	5275
0	7334
0	7340
0	5435
0	5466
1	8192
0	5362
1	8192
0	4971
1	8192
1	8192
0	7509
0	7030
0	5416
0	4757
0	5039
1	8192
0	5683
0	7785
1	8192
0	7912
0	5701
0	6472
1	8192
0	6405
0	5775
2	8192
0	5744
1	8192
0	6576
0	7983
0	5394
1	8192
0	6296
0	4812
1	8192
0	7083
1	8192
0	7681
0	6939
0	4734
0	5566
0	6968
0	7676
2	8192
0	5194
0	6560
0	6602
0	4985
2	8192
0	6391
0	5127
1	8192
0	6040
1	8192
0	5273
0	6959
1	8192
0	7029
0	6273
0	6911
0	6219
0	5885
1	8192
0	6048
0	6050
0	6573
0	5415
0	7831
1	8192
0	7651
1	8192
0	5512
0	5673
0	7629
0	6074
0	6690
0	5872
1	8192
0	6255
1	8192
0	6206
0	4556
1	8192
0	6508
0	6712
1	8192
1	8192
1	8192
0	6825
1	8192
0	6417
0	6964
1	8192
0	5734
0	5581
1	8192
0	7760
0	5734
0	7746
1	8192
0	7309
1	8192
1	8192
0	6245
1	8192
1	8192
1	8192
1	8192
0	5943
0	5578
1	8192
0	6997
0	7441
0	7451
0	5045
0	5968
0	5838
0	7141
0	5317
0	8117
0	5176
0	6082
0	5205
2	8192
0	6208
0	7248
0	7682
0	6567
0	6915
1	8192
0	6160
1	8192
0	7772
0	6521
1	8192
1	8192
0	5878
0	7669
0	6220
0	5229
1	8192
0	4480
0	6101
1	8192
0	6346
1	8192
0	5076
1	8192
0	5814
0	7317
0	7970
1	8192
0	7161
1	8192
0	4916
0	6139
1	8192
0	7934
0	5924
0	6176
0	5315
0	6425
0	6602
0	5581
0	7339
0	6634
0	8043
1	8192
1	8192
0	5462
0	6507
1	8192
0	5268
1	8192
0	5823
0	6843
2	8192
0	5473
0	5023
0	7886
0	8040
0	7195
0	5416
1	8192
0	4748
0	5927
0	4694
0	5620
0	6218
0	4906
0	6803
0	6197
0	5685
0	5458
1	8192
0	4786
1	8192
1	8192
0	6834
0	6603
0	5151
0	5215
0	6626
0	7082
0	5921
0	5844
0	6912
0	7817
0	7962
0	6987
0	5629
1	8192
0	4826
0	7734
0	7828
0	7374
2	8192
0	6467
1	8192
0	5306
0	5286
0	5849
0	5379
0	5637
0	7316
0	7019
1	8192
1	8192
0	5587
0	4428
0	7654
0	5151
1	8192
0	7826
0	6228
0	4599
2	8192
0	6080
1	8192
3	8192
0	5862
1	8192
1	8192
1	8192
0	5619
0	5099
0	4716
0	6663
0	5012
0	6463
0	6600
0	8005
0	5699
0	7762
0	6266
0	6264
1	8192
0	5826
0	4991
1	8192
1	8192
0	7716
2	8192
1	8192
0	7228
0	5111
1	8192
0	5894
1	8192
0	7748
1	8192
2	8192
0	4994
0	6894
1	8192
0	7491
0	7424
0	7605
0	7947
1	8192
1	8192
0	7225
0	5822
0	5938
0	4922
0	4815
0	5560
1	8192
0	5420
0	5403
2	8192
0	5808
1	8192
0	7323
0	7372
0	7290
0	6799
0	6877
1	8192
0	5899
0	7142
0	5651
0	5235
0	4719
0	7112
0	5406
0	5713
0	4841
1	8192
0	7664
0	7334
1	8192
1	8192
0	4853
1	8192
0	7371
0	5986
0	6645
1	8192
0	5443
0	5123
0	4908
0	5709
1	8192
1	8192
0	5222
0	4775
0	4844
0	7106
0	5095
1	8192
0	5003
0	5486
0	7189
0	5480
1	8192
1	8192
0	5689
2	8192
1	8192
0	5494
0	5077
0	6352
1	8192
0	4739
0	6563
0	5410
0	6901
0	5068
0	7503
0	4475
1	8192
1	8192
0	5887
0	4766
0	7890
0	6633
0	5817
0	6592
0	6976
0	7587
0	5185
0	6233
0	6268
0	6239
0	5554
0	6539
0	5870
0	5736
1	8192
0	7432
1	8192
1	8192
0	4910
0	6250
1	8192
0	5327
1	8192
0	6325
1	8192
2	8192
1	8192
1	8192
1	8192
0	5898
0	6079
0	6533
0	6064
0	6068
0	7061
0	7587
0	7540
0	4935
0	6018
0	5719
0	5934
0	5164
1	8192
1	8192
0	6228
0	6191
0	6902
2	8192
0	5028
0	7945
0	5495
0	5322
0	8043
0	4713
0	4804
0	6663
0	5282
1	8192
2	8192
0	5306
1	8192
0	5131
1	8192
0	6873
2	8192
1	8192
0	5316
0	5944
0	5204
0	5178
0	4962
1	8192
1	8192
0	4706
0	6126
0	7337
0	5265
0	5584
0	5158
0	7305
0	4904
0	5405
0	6564
0	6681
0	7725
0	5484
0	6161
0	5535
0	7534
0	5505
1	8192
0	6905
0	6560
0	6386
2	8192
0	5182
0	6278
0	5043
0	6476
0	5135
0	5350
0	5579
0	6061
1	8192
0	5733
0	8096
1	8192
0	7830
0	6925
1	8192
1	8192
0	5634
0	5817
0	6579
0	4649
1	8192
0	6374
1	8192
0	6447
0	7489
0	5359
0	7654
1	8192
0	7975
0	5532
1	8192
0	5404
0	5860
0	7629
0	6757
0	5708
1	8192
1	8192
0	5913
0	6326
0	5821
1	8192
1	8192
0	6376
1	8192
0	5033
2	8192
0	6387
0	7852
0	7057
1	8192
0	6901
0	4396
1	8192
0	8184
0	6749
1	8192
0	6066
0	5225
0	5003
0	7749
1	8192
1	8192
0	5813
1	8192
0	5742
0	6252
1	8192
0	4834
0	5712
2	8192
0	6939
0	5495
0	6226
0	5909
0	4792
0	5389
2	8192
0	5369
0	6152
1	8192
0	6547
1	8192
1	8192
0	5828
0	5218
1	8192
0	7931
0	5762
1	8192
0	8054
0	5422
0	5741
0	6776
1	8192
0	7037
0	5565
1	8192
1	8192
0	5873
0	6273
0	6673
0	7726
1	8192
0	7988
2	8192
0	7217
0	5069
1	8192
0	5156
0	6318
0	5080
0	6188
0	6502
0	6613
0	5127
0	5759
0	6862
0	5770
0	5635
0	5554
0	5704
1	8192
1	8192
0	5563
0	5823
0	4549
1	8192
0	6816
0	4998
1	8192
0	6403
1	8192
1	8192
0	5221
1	8192
1	8192
0	4685
0	5209
0	5826
1	8192
1	8192
1	8192
0	8072
1	8192
0	6071
0	6839
1	8192
1	8192
0	6577
0	4590
0	4857
1	8192
0	5597
0	6809
1	8192
1	8192
0	6130
0	6372
1	8192
0	7452
1	8192
0	4911
2	8192
0	6295
0	6648
0	5691
1	8192
0	5668
0	6706
0	5827
0	5408
0	7173
0	5606
2	8192
0	7292
0	6387
2	8192
0	5375
0	4871
1	8192
1	8192
1	8192
0	6109
1	8192
0	5469
0	6387
0	5076
0	5366
1	8192
0	5435
0	4868
1	8192
1	8192
0	6111
1	8192
1	8192
0	5327
1	8192
0	7427
0	6626
0	6283
0	5375
0	4971
1	8192
0	5569
0	6317
0	5514
0	7585
0	6590
0	7147
1	8192
0	5305
0	5832
0	4541
0	5329
0	5005
0	7035
0	7940
0	6001
1	8192
0	7658
0	6618
1	8192
0	7364
0	7485
0	7274
0	7703
0	6528
1	8192
0	6683
0	6602
2	8192
0	5077
0	5504
0	5549
0	6663
1	8192
1	8192
0	5689
0	6177
0	6364
0	5232
0	4794
0	5091
0	6456
0	6215
0	7110
2	8192
0	4964
1	8192
0	7179
0	6339
1	8192
2	8192
0	5111
0	5655
1	8192
1	8192
0	6593
0	5811
1	8192
0	6811
0	7604
0	7944
0	7365
0	8087
0	5155
0	7132
0	5431
0	4780
0	5990
0	6133
0	5685
1	8192
0	6159
1	8192
1	8192
0	6522
0	7719
0	7221
0	5888
0	6406
2	8192
0	6085
0	4448
0	5148
0	4979
0	5343
1	8192
0	5775
0	7164
0	5566
2	8192
0	6183
0	6766
0	4868
0	7935
0	5356
0	7730
0	7203
1	8192
0	5350
1	8192
0	7264
0	5417
0	5002
1	8192
1	8192
0	6981
0	7860
0	6698
0	7234
0	7299
2	8192
1	8192
0	6092
2	8192
0	7544
0	5840
0	5873
0	5184
1	8192
1	8192
0	6374
0	7080
0	5239
0	6186
0	5891
2	8192
1	8192
0	6400
1	8192
0	7899
1	8192
0	6338
0	7301
0	5997
0	4921
0	6051
0	5584
1	8192
0	5637
0	5098
1	8192
0	6656
0	6289
0	5783
0	4881
0	7483
0	5035
0	4636
1	8192
0	4698
0	5584
0	7671
0	5307
1	8192
1	8192
0	5533
1	8192
0	5360
0	6059
0	6143
0	6164
0	6811
0	5843
0	7296
0	4574
0	7210
0	4839
0	5098
0	5694
1	8192
0	7438
1	8192
1	8192
0	5602
0	6418
0	6302
2	8192
0	5573
0	5844
0	5882
0	6399
1	8192
1	8192
0	7966
0	6246
0	4767
0	5141
0	4808
0	6452
0	5676
0	6515
0	6757
0	7432
2	8192
1	8192
0	6226
0	5148
0	7571
0	6203
0	5532
0	6320
1	8192
1	8192
1	8192
0	6812
0	7822
0	5067
0	6285
0	5467
1	8192
0	5650
0	5802
0	6546
0	6993
0	6562
0	7482
0	5093
0	7237
0	6362
0	5715
0	6634
0	6442
1	8192
0	4863
0	4904
1	8192
0	8168
0	5129
0	6259
0	4677
1	8192
0	6536
1	8192
0	7932
0	7402
1	8192
0	6383
0	6497
1	8192
0	7806
0	5860
0	6240
0	6903
0	6262
0	6222
0	6761
0	7415
0	8049
0	6190
1	8192
0	6168
0	6962
0	5333
0	7896
1	8192
0	4748
0	5503
0	5757
0	5281
0	6802
0	4884
0	5144
1	8192
0	5911
1	8192
0	8027
1	8192
0	7942
0	4675
0	5643
0	5027
0	6587
0	5420
1	8192
0	6741
1	8192
0	7943
0	7501
0	6637
1	8192
0	5082
0	5592
0	5040
0	5077
1	8192
0	6163
0	7153
1	8192
1	8192
1	8192
1	8192
1	8192
0	5325
1	8192
0	5190
0	6029
0	4653
0	6302
0	5649
0	5042
0	6423
0	4903
0	5946
0	6361
2	8192
1	8192
1	8192
0	5120
0	7943
0	7584
1	8192
0	6991
0	7635
1	8192
0	5534
0	6139
1	8192
1	8192
0	5581
1	8192
0	7400
0	6805
0	4750
0	5474
1	8192
0	7630
0	5420
0	5712
1	8192
0	6258
0	5571
0	5584
2	8192
0	6645
0	7588
0	6090
0	6497
1	8192
0	5241
0	7306
1	8192
0	5446
0	7132
0	4784
0	6236
0	5824
1	8192
0	6648
0	5198
1	8192
0	5794
1	8192
1	8192
0	5249
0	6980
0	6093
1	8192
0	5861
1	8192
0	5481
2	8192
0	5009
0	5060
2	8192
0	8181
0	6351
1	8192
1	8192
2	8192
1	8192
0	7760
0	6381
0	5490
0	6808
0	6860
1	8192
0	5051
0	7599
0	6190
0	6535
0	7623
0	6544
0	7569
1	8192
0	7380
1	8192
1	8192
0	6113
0	5176
0	6188
0	5173
0	6364
0	7254
0	5271
1	8192
0	6350
1	8192
1	8192
0	7193
0	5071
0	7800
0	7255
0	6238
0	6269
0	4903
1	8192
0	7382
1	8192
0	5600
0	6997
0	5211
0	6219
0	7447
0	5019
0	6057
1	8192
1	8192
0	6637
0	5989
0	6502
0	6954
0	6258
1	8192
0	4983
0	6448
1	8192
2	8192
0	6606
1	8192
1	8192
0	7421
0	5460
0	5302
1	8192
2	8192
0	6448
0	7128
1	8192
1	8192
0	4982
0	4915
1	8192
0	8022
1	8192
1	8192
0	4782
0	6799
1	8192
0	4846
0	8187
0	7612
0	5869
0	7619
2	8192
1	8192
0	5764
0	5306
0	7402
0	5816
0	5253
0	6261
1	8192
0	5887
0	7071
1	8192
0	5682
0	6361
0	5911
1	8192
0	7529
1	8192
1	8192
0	6455
0	6020
1	8192
3	8192
1	8192
2	8192
0	5188
1	8192
1	8192
0	8174
0	5354
1	8192
0	5429
0	7337
1	8192
0	4753
2	8192
0	5804
0	4549
0	5076
0	6410
1	8192
0	5668
0	5374
0	6740
0	5130
0	5248
1	8192
0	5966
0	6811
1	8192
0	8083
0	6281
0	4642
0	6540
0	5076
0	8044
1	8192
0	5723
0	5144
0	7540
1	8192
0	5010
0	5243
1	8192
1	8192
1	8192
1	8192
0	6999
0	6580
0	6470
1	8192
0	5966
1	8192
1	8192
0	4700
0	7229
0	7623
1	8192
0	6478
0	6361
0	5399
0	6654
1	8192
0	7430
0	5138
0	5767
0	7267
0	4796
0	7530
1	8192
1	8192
0	6968
0	5926
1	8192
0	4639
0	8166
1	8192
0	5541
0	6870
0	6706
1	8192
1	8192
0	4929
0	4905
0	6128
1	8192
0	7288
0	6371
0	7811
0	6650
0	7485
1	8192
2	8192
0	6123
1	8192
0	4918
0	5158
0	5592
0	5269
0	5068
0	6035
0	5883
1	8192
0	6485
0	6478
0	7159
0	4853
1	8192
0	6311
0	6449
0	6271
1	8192
1	8192
0	5818
0	6800
0	6243
2	8192
0	7341
1	8192
1	8192
0	6957
0	5571
0	5994
0	5591
0	7126
0	5350
0	5136
0	5773
1	8192
0	5246
0	6936
0	7510
1	8192
0	5068
0	5560
1	8192
0	5055
0	4574
0	4861
1	8192
0	6457
0	5616
0	7178
1	8192
0	5857
0	6428
0	6785
1	8192
1	8192
0	5106
0	4907
0	4846
0	7082
0	6102
0	5707
0	6294
2	8192
0	5133
0	6666
1	8192
1	8192
0	6105
0	4909
0	6901
0	5624
1	8192
2	8192
0	6409
0	8137
0	4422
1	8192
1	8192
0	4860
0	5144
0	7194
1	8192
0	7395
2	8192
1	8192
0	5201
0	6377
1	8192
0	6666
0	5578
0	5137
0	4878
0	6732
0	6064
0	4779
2	8192
0	5440
1	8192
1	8192
0	6344
0	5919
0	6589
0	4866
0	6341
1	8192
0	6745
1	8192
0	6133
1	8192
0	7539
0	5480
0	6767
0	6900
0	7551
1	8192
0	6668
0	5892
1	8192
0	4820
0	5559
0	6569
0	7519
1	8192
0	5560
0	6988
0	5629
1	8192
0	5811
2	8192
1	8192
0	5968
1	8192
0	5136
0	6127
0	5295
0	5900
1	8192
0	5535
0	5514
0	5600
0	5449
0	6345
0	6338
0	6232
0	5550
0	4827
0	4714
0	5453
0	4606
0	6662
0	5156
1	8192
0	4759
0	7529
0	5567
0	4900
1	8192
0	5410
0	7642
0	8139
0	5120
1	8192
0	5292
0	6208
0	5793
0	5430
1	8192
1	8192
1	8192
1	8192
0	5399
0	6111
0	6864
1	8192
1	8192
0	6059
0	7718
0	6485
1	8192
0	5083
0	6596
0	4987
0	7225
0	5867
0	5821
1	8192
1	8192
0	5911
0	6024
0	5909
0	6477
0	4982
1	8192
0	5432
0	5902
1	8192
0	5816
0	5702
1	8192
1	8192
0	6408
0	6446
1	8192
0	6695
0	6057
0	5512
0	5977
1	8192
1	8192
0	4832
0	5723
0	5316
0	5241
0	5348
0	6258
0	5096
0	5578
1	8192
2	8192
0	4799
1	8192
0	7630
2	8192
0	5345
1	8192
0	5585
0	5285
0	6358
0	5196
0	5569
0	5988
1	8192
1	8192
0	6964
0	6572
0	5379
0	6446
1	8192
0	6428
0	6568
0	6198
0	5231
0	5287
1	8192
0	6648
0	5953
1	8192
1	8192
0	6336
0	5326
1	8192
0	7460
0	5824
0	7054
0	5456
0	5642
0	6845
0	6902
0	5404
0	5915
1	8192
1	8192
0	6879
0	6583
0	6794
1	8192
1	8192
0	6812
0	6092
0	5933
0	7184
1	8192
1	8192
1	8192
0	6523
1	8192
0	6452
0	6846
1	8192
1	8192
0	5545
2	8192
0	6100
1	8192
0	5501
0	6046
1	8192
0	6971
0	5232
0	7889
0	5630
0	7132
0	5917
0	5655
1	8192
0	5197
1	8192
0	5080
0	5704
0	6144
0	5447
0	5202
0	6206
0	7318
0	6077
0	5992
0	6357
0	5275
1	8192
0	5527
0	7030
0	4926
1	8192
1	8192
0	4887
0	5594
0	5536
0	4697
0	5760
1	8192
0	5787
2	8192
0	5865
1	8192
0	5356
0	4746
0	5885
0	5045
0	5533
0	6002
0	5654
1	8192
0	6386
1	8192
0	5380
0	7940
0	7085
0	5007
0	5763
0	5724
1	8192
2	8192
0	7018
0	4627
0	7361
0	5893
0	5159
0	5387
0	6921
0	5292
0	6911
0	7317
0	7345
1	8192
1	8192
0	7323
0	6843
2	8192
0	5854
0	4894
1	8192
0	7502
0	5245
0	6966
0	5767
0	5730
0	5068
0	8049
0	5057
0	5328
0	5680
1	8192
0	5498
0	5015
0	5307
0	5070
1	8192
0	6010
0	4637
1	8192
0	5298
1	8192
0	5338
0	6818
0	5349
0	6924
0	6901
0	7687
0	6072
0	6041
0	5597
1	8192
0	6652
0	4844
0	6124
0	7158
0	7156
0	7739
0	8190
0	6721
1	8192
0	5127
0	5440
0	5173
0	5254
0	5835
0	6895
0	5651
0	4735
0	5924
1	8192
1	8192
1	8192
0	6342
0	7216
0	6715
0	7172
0	6831
0	6647
0	6624
0	7309
0	4875
0	6522
0	5783
0	7829
0	5782
0	7149
1	8192
0	5287
1	8192
0	5926
0	7942
1	8192
0	6910
0	6618
0	6434
0	6425
0	5016
0	5424
1	8192
0	4647
0	5831
0	6488
0	5434
0	7609
1	8192
0	7688
0	6111
0	7752
0	6067
0	4952
0	6920
0	6037
1	8192
0	6704
0	5931
2	8192
0	7973
0	6059
1	8192
0	7412
0	6177
0	7006
0	6095
1	8192
0	7884
0	5068
0	5570
0	5967
0	6548
0	6351
0	6481
0	6216
0	5288
0	7434
0	5429
1	8192
0	5807
0	5752
0	6139
1	8192
0	6274
0	6404
1	8192
1	8192
1	8192
0	6633
1	8192
1	8192
0	5245
0	4763
0	7368
0	6767
0	7379
0	6383
0	6023
0	7422
0	6598
0	6018
1	8192
0	6418
1	8192
0	5988
0	6806
0	7705
0	6901
1	8192
0	4867
0	6607
0	5858
1	8192
0	5790
0	4888
0	6569
0	6302
3	8192
0	6940
0	6116
0	5605
0	5438
0	5400
1	8192
0	6070
0	6976
0	5285
0	7921
0	6011
1	8192
1	8192
1	8192
0	7538
0	5457
0	6922
0	7412
0	7510
0	5312
2	8192
0	7551
1	8192
1	8192
0	5387
0	6240
1	8192
2	8192
0	6906
0	6456
0	4835
1	8192
0	7153
0	6158
0	5099
0	5861
0	8169
1	8192
0	5800
2	8192
0	5836
0	7953
0	5833
2	8192
2	8192
0	5461
0	6644
0	5831
1	8192
0	5535
0	5476
0	5956
0	8102
1	8192
1	8192
1	8192
1	8192
0	5349
0	7450
0	5631
0	6679
0	5399
0	6632
0	5544
1	8192
0	5100
0	6584
1	8192
0	4904
0	5359
0	7559
0	7418
0	5531
0	7132
0	6702
1	8192
0	5348
2	8192
1	8192
0	8141
0	7114
0	6448
0	6257
0	5958
1	8192
0	5846
0	5796
0	5889
0	5604
0	7325
0	4519
0	6263
0	4642
0	5707
0	6959
0	7488
0	6930
0	7750
1	8192
0	6538
0	5462
1	8192
0	6281
0	6110
0	5408
0	6806
2	8192
0	5032
2	8192
1	8192
1	8192
0	5188
0	6458
0	8055
0	5188
0	6308
0	5832
0	7460
0	5297
1	8192
0	5213
0	6016
0	5878
1	8192
1	8192
0	8023
1	8192
0	5525
0	5235
0	7448
0	5723
0	6701
1	8192
0	5934
0	5679
0	6499
0	6250
0	6868
1	8192
0	6654
0	5858
0	5860
0	7552
0	7059
1	8192
2	8192
0	6088
1	8192
0	4782
0	4692
0	5739
1	8192
0	5804
0	5682
0	4952
0	6037
1	8192
0	6732
0	7127
0	5434
0	7620
0	7146
0	5858
0	5471
2	8192
1	8192
1	8192
0	5806
1	8192
0	4804
0	7791
0	5715
2	8192
1	8192
1	8192
0	7198
0	6803
1	8192
1	8192
0	7961
0	6391
0	7379
0	6046
0	5049
0	7111
0	5943
0	7448
1	8192
0	5419
0	5877
0	6000
0	6501
0	6965
0	5716
0	7795
0	5528
2	8192
0	4862
0	4783
0	6384
1	8192
1	8192
1	8192
1	8192
0	7373
0	6478
0	5147
0	6184
1	8192
0	7282
0	5785
0	6426
0	5339
0	5395
0	5421
0	5158
1	8192
1	8192
0	5153
1	8192
2	8192
0	6618
0	7225
0	4701
1	8192
0	5154
0	6877
1	8192
0	7172
0	5780
0	5404
0	4952
0	5259
0	5372
0	7218
1	8192
1	8192
0	5721
0	5417
0	6316
0	4726
1	8192
1	8192
0	5946
2	8192
0	5786
1	8192
2	8192
0	6423
2	8192
0	4647
0	5477
1	8192
0	5298
0	6960
1	8192
0	4982
0	5319
0	6686
1	8192
1	8192
0	5780
0	7495
0	5296
0	5939
0	7205
0	5714
0	5993
0	4913
2	8192
0	4719
1	8192
1	8192
3	8192
0	6072
0	7288
0	4660
0	6989
1	8192
2	8192
1	8192
0	5629
0	5196
0	6357
0	5619
0	6741
0	5327
1	8192
0	7243
0	6345
0	5273
0	7174
0	4943
0	7738
0	5611
0	5655
0	6811
0	6982
0	6635
1	8192
0	7294
1	8192
0	7231
0	6422
0	5775
0	5444
1	8192
1	8192
0	6541
1	8192
0	7265
0	4863
0	4837
2	8192
0	5771
0	5784
0	4935
1	8192
1	8192
0	5999
0	4896
1	8192
0	6969
0	6889
0	5970
0	7060
1	8192
2	8192
0	6072
0	6352
1	8192
0	5483
2	8192
0	6037
1	8192
0	6490
0	7371
0	6689
0	7569
1	8192
1	8192
1	8192
0	6178
0	7839
1	8192
0	7267
1	8192
0	7277
0	6996
0	7966
0	7563
0	6382
0	7819
0	4608
1	8192
1	8192
0	5928
0	6800
0	5611
0	5790
0	5245
0	5269
0	7503
0	6473
0	7845
0	6060
1	8192
1	8192
0	5333
1	8192
0	5535
0	5512
1	8192
0	7344
1	8192
0	4769
0	6023
0	6561
0	5323
0	4793
1	8192
0	5114
0	4986
0	6529
0	7935
0	4658
0	5112
1	8192
0	5101
0	6471
1	8192
0	5093
0	5056
0	6418
0	6968
2	8192
1	8192
1	8192
0	7117
0	7064
0	5647
1	8192
0	5122
1	8192
0	7110
1	8192
0	5974
0	7151
1	8192
0	6244
1	8192
0	7339
1	8192
1	8192
1	8192
0	6978
1	8192
0	6291
1	8192
0	4974
0	6330
0	6473
0	5493
1	8192
0	6439
0	5869
0	6193
0	7633
0	7568
0	4802
0	5227
1	8192
0	5025
0	6273
0	8051
0	5501
0	4739
0	4556
0	5456
0	6100
0	6686
1	8192
0	5742
0	8012
0	6683
0	7071
0	8096
0	5818
0	6940
0	7092
0	7441
1	8192
0	5420
0	6260
1	8192
1	8192
0	5849
0	6240
0	7769
1	8192
0	6609
0	6117
0	5856
1	8192
0	6688
0	4783
1	8192
0	7438
0	7558
0	6284
0	5750
0	6149
0	5371
0	7250
0	6488
1	8192
0	7420
0	5364
0	6689
0	7370
2	8192
1	8192
1	8192
0	4918
0	5278
1	8192
1	8192
0	5330
0	7030
0	6326
0	5070
0	7496
0	6552
0	6603
1	8192
0	7550
0	4734
2	8192
0	5536
1	8192
0	4737
0	6020
1	8192
0	6006
0	6593
1	8192
0	5848
0	5819
0	5455
0	6112
0	4931
0	5644
1	8192
0	7133
0	5017
1	8192
0	5320
0	5603
0	5857
0	5835
0	5971
0	6636
0	5177
1	8192
1	8192
0	5644
0	5715
0	5012
0	6553
2	8192
2	8192
0	6040
0	8006
0	6414
0	7125
0	6152
0	7638
0	5071
0	5694
1	8192
1	8192
0	6612
0	7156
0	5165
1	8192
0	7611
1	8192
0	5716
1	8192
0	6376
0	5735
0	8011
0	7747
0	7735
0	7081
0	6985
1	8192
0	6976
0	5558
1	8192
0	6689
0	5708
0	5524
0	7420
0	5035
0	8025
0	6281
0	5269
0	5497
0	5538
0	8099
0	4892
0	6044
0	6914
0	6901
0	4516
0	5236
0	6565
0	7270
1	8192
0	6954
0	7095
0	5188
0	7575
0	4642
0	7380
0	7684
0	4978
0	7199
0	5586
0	6825
0	5411
0	6913
0	6856
0	6147
0	6343
0	5363
1	8192
1	8192
1	8192
1	8192
0	8051
0	5640
1	8192
1	8192
0	7231
1	8192
0	6240
1	8192
0	5427
2	8192
0	5983
0	6157
0	5481
1	8192
0	6399
1	8192
1	8192
0	5585
0	6313
0	6670
1	8192
2	8192
0	6550
0	4643
0	7040
0	6026
0	7891
1	8192
0	8121
0	7424
0	4609
0	4966
0	5999
1	8192
0	6852
0	5016
0	7869
0	7152
0	5626
0	5866
1	8192
1	8192
2	8192
0	5663
0	7078
0	6212
0	7442
1	8192
0	5577
0	5698
1	8192
0	7537
0	6890
1	8192
0	5634
0	6130
1	8192
1	8192
1	8192
0	5514
0	5314
2	8192
1	8192
0	4479
0	6854
0	6618
0	6310
0	6946
0	5982
0	7470
0	6194
1	8192
0	5915
0	7574
1	8192
0	7937
0	6174
0	6743
0	5739
0	5909
0	5579
0	5322
1	8192
0	5220
0	5500
0	6652
0	7354
0	5320
0	5114
0	5979
1	8192
0	7351
1	8192
0	4896
0	7179
0	4822
0	6707
0	6525
0	6009
0	8094
0	5867
1	8192
0	5200
1	8192
1	8192
0	7427
0	6881
2	8192
0	5944
1	8192
0	6754
0	5897
0	6407
0	5817
0	4728
0	4733
0	5914
0	6715
0	5619
0	6827
1	8192
1	8192
0	6104
0	7340
0	5712
0	6290
0	5955
0	7494
1	8192
0	5181
0	5272
0	4765
0	7968
1	8192
2	8192
0	5922
2	8192
0	5553
0	5637
1	8192
0	6289
0	5570
0	5189
1	8192
0	6080
0	5862
0	5919
0	7562
0	6315
0	6891
2	8192
0	6306
0	5450
0	6614
0	5334
0	6034
0	6736
0	6096
0	6196
0	4306
0	5718
0	5325
2	8192
0	6553
1	8192
0	5085
0	6303
0	4707
0	5279
1	8192
1	8192
1	8192
0	6211
0	5573
0	5868
1	8192
0	7341
0	6241
0	5966
2	8192
0	7157
2	8192
0	6201
1	8192
0	5056
1	8192
0	5515
0	5522
0	6600
0	4906
0	7541
0	6309
0	5900
0	6873
1	8192
0	5527
0	5635
0	4885
0	7428
0	7267
0	6320
0	5983
0	7735
0	7720
0	5614
0	6367
0	6111
1	8192
1	8192
1	8192
0	5559
0	6751
0	7263
1	8192
0	4992
0	6225
1	8192
0	6746
2	8192
0	7888
1	8192
0	5325
0	5352
1	8192
0	7346
0	6000
0	7270
0	5281
0	5610
1	8192
0	5897
0	5649
1	8192
0	7027
0	8149
0	7594
0	5796
0	7069
0	6369
1	8192
0	4847
1	8192
0	5959
1	8192
1	8192
0	7272
0	5825
0	7154
0	6175
2	8192
0	5182
0	5515
0	7870
2	8192
1	8192
1	8192
0	5468
0	4550
0	7327
1	8192
0	7203
0	5993
1	8192
0	6952
1	8192
0	6655
1	8192
0	4836
0	5098
1	8192
0	5855
0	5617
0	7249
0	7558
0	7647
1	8192
0	7231
0	4687
0	7908
0	6038
0	8047
0	6070
0	5465
1	8192
0	5010
0	7228
1	8192
1	8192
0	5772
0	5137
1	8192
1	8192
0	5274
0	7500
0	5354
0	5396
0	6692
1	8192
0	6504
0	6203
1	8192
0	7013
0	5652
0	6746
0	7820
0	5370
0	5355
1	8192
1	8192
0	7540
0	6139
0	8017
0	6925
0	6917
1	8192
0	5320
0	4936
0	6109
0	5945
0	7667
0	6234
0	4977
1	8192
1	8192
0	6006
3	8192
0	5918
2	8192
0	5941
1	8192
0	6247
0	7247
0	6366
0	5814
2	8192
0	6392
0	7259
0	6509
1	8192
1	8192
0	5990
0	6974
2	8192
0	7032
1	8192
0	6206
1	8192
0	6527
1	8192
0	5052
0	6097
0	7871
0	5891
0	6107
0	4959
1	8192
0	5085
0	6395
1	8192
1	8192
0	6208
0	6221
0	5207
0	7282
0	6937
0	7879
0	7976
0	6514
0	6722
0	5767
0	7374
0	7374
0	4668
0	5006
1	8192
1	8192
0	5529
1	8192
0	5512
0	5111
1	8192
1	8192
1	8192
2	8192
0	7077
0	4889
0	5535
0	4848
0	5401
0	6020
0	5977
0	7512
1	8192
0	6325
0	5966
1	8192
0	5910
0	5692
0	5815
0	5701
1	8192
1	8192
0	5682
0	5021
0	5331
0	5556
1	8192
0	6801
2	8192
0	7681
0	4505
0	6020
0	5302
0	5744
0	6824
1	8192
0	6711
0	5994
0	7389
3	8192
1	8192
1	8192
0	6178
0	5471
0	5484
1	8192
0	7067
0	6869
0	4703
0	6382
1	8192
1	8192
1	8192
0	7352
0	5719
0	6422
1	8192
0	4814
0	6359
1	8192
1	8192
0	5406
0	5184
0	6554
1	8192
0	5196
1	8192
0	7629
1	8192
0	7327
0	5409
0	6179
0	5805
0	6822
0	5369
0	5373
0	5562
0	5365
2	8192
0	4845
1	8192
0	4897
0	7817
0	5430
0	5747
0	7143
1	8192
0	7998
0	6212
0	8140
0	6578
0	5935
0	6463
0	7358
0	5610
0	7384
0	5453
1	8192
0	7946
1	8192
1	8192
0	6856
0	7604
0	5600
0	5409
0	7636
0	6056
0	4671
2	8192
0	5661
0	5583
1	8192
0	8138
0	6375
0	7232
0	5007
0	6702
0	5009
0	5527
1	8192
0	5105
0	7344
0	6042
0	5736
1	8192
0	6441
0	6368
0	5798
0	6979
0	6540
0	6242
0	6295
0	7563
0	4844
0	5218
0	5530
0	4998
0	6552
1	8192
0	5624
0	4951
0	5301
1	8192
1	8192
0	7438
0	7657
0	7077
0	6639
1	8192
0	6120
0	6259
0	6537
1	8192
0	5706
0	6295
0	6022
0	4925
0	6052
0	5608
0	5134
1	8192
0	5211
0	5784
0	6300
1	8192
0	6754
0	6256
1	8192
0	4826
0	6884
0	8176
0	7031
1	8192
0	6772
0	5040
0	8160
0	5504
1	8192
1	8192
0	4799
0	5518
0	7921
0	7204
0	7371
0	6110
0	6372
1	8192
0	4818
2	8192
0	4408
0	6019
0	7467
0	5303
0	5671
0	5951
0	5219
0	8047
0	5005
0	5812
0	4954
1	8192
2	8192
2	8192
0	6560
0	6620
1	8192
0	5257
0	7035
0	6511
1	8192
0	7570
0	6321
0	5325
0	6282
0	7270
0	7512
0	5605
1	8192
0	5790
0	4872
0	4978
1	8192
0	6538
0	7115
0	5712
0	8070
0	5293
0	5593
1	8192
0	5621
2	8192
1	8192
0	8159
0	5610
1	8192
0	6369
2	8192
0	4916
1	8192
0	5155
0	7098
0	5718
0	5935
0	7180
0	5883
0	5698
0	5106
0	5356
0	6711
0	7101
0	7199
0	6045
0	7709
0	6217
0	6045
0	5451
0	5227
0	6760
0	6102
0	5168
1	8192
0	6696
2	8192
2	8192
0	6187
0	6987
0	7984
0	8029
0	5376
1	8192
1	8192
0	7010
2	8192
0	5194
1	8192
1	8192
0	6229
1	8192
0	4759
0	7299
3	8192
0	7089
0	6353
0	4366
1	8192
0	6479
0	7813
0	5330
0	5002
1	8192
1	8192
1	8192
1	8192
1	8192
0	6447
0	7115
0	4561
0	6019
0	7743
0	4826
1	8192
0	7314
0	6860
0	6988
0	6797
0	5793
0	7786
0	6218
1	8192
1	8192
0	5378
0	5092
0	8079
1	8192
0	6031
0	4968
0	6581
1	8192
0	5292
1	8192
0	7703
0	5423
0	4655
0	5205
2	8192
1	8192
1	8192
1	8192
0	5827
2	8192
0	5661
0	5100
2	8192
0	4624
0	6528
0	5806
0	8071
2	8192
0	7404
0	6311
1	8192
0	7118
1	8192
0	7849
1	8192
1	8192
0	7748
0	7737
0	5580
0	7770
0	6987
0	5581
1	8192
0	7371
0	6535
1	8192
0	5475
0	7418
0	7294
0	5269
1	8192
0	5132
1	8192
0	4951
1	8192
0	6118
2	8192
0	6523
0	5340
0	5827
0	6156
0	5118
1	8192
1	8192
0	7828
0	6307
0	5697
0	7436
0	5669
0	7167
0	5400
1	8192
0	5542
0	4439
0	5302
0	4520
0	5559
0	5012
0	6638
0	5287
0	5911
1	8192
0	5836
0	7419
0	7844
0	5631
2	8192
0	7640
0	5708
0	4797
0	6217
0	7064
0	4930
0	4567
0	6547
1	8192
1	8192
0	5958
1	8192
0	6959
0	5142
0	4870
2	8192
0	7344
0	4571
1	8192
0	6060
0	5638
0	5365
0	5502
0	6194
0	5629
1	8192
0	5126
0	7141
1	8192
0	6526
0	7512
0	7514
0	7925
1	8192
0	6571
0	4898
1	8192
1	8192
0	4928
1	8192
0	5295
1	8192
1	8192
0	4923
1	8192
0	5185
0	7029
1	8192
0	5059
1	8192
1	8192
0	5882
0	7539
0	7118
0	6003
0	6056
0	5535
0	5830
0	7527
2	8192
0	7210
2	8192
0	5033
0	6793
1	8192
1	8192
1	8192
2	8192
0	6815
0	6860
0	7086
0	6167
0	6319
0	5941
3	8192
1	8192
1	8192
0	4795
0	7006
0	5652
2	8192
2	8192
0	6290
0	5262
0	5808
0	6401
0	6973
0	7523
0	4778
0	8094
0	7582
1	8192
1	8192
0	4833
0	5246
0	6084
1	8192
0	7442
1	8192
0	7851
0	6905
0	4687
0	6722
0	5227
0	5294
1	8192
0	5230
0	4675
0	5399
0	5661
0	5827
0	6917
0	5809
0	6321
0	6351
0	7837
0	6872
1	8192
0	5636
1	8192
0	5496
0	5589
0	6466
0	5400
1	8192
2	8192
0	6501
0	5071
0	5293
0	6329
0	6551
0	5598
0	7286
1	8192
2	8192
0	5458
1	8192
1	8192
0	5852
0	5203
0	6700
0	7224
0	6655
0	7461
1	8192
2	8192
1	8192
0	6147
0	5192
1	8192
0	7706
0	5063
0	8046
0	7266
1	8192
0	6620
0	6776
0	6008
0	6954
1	8192
0	7804
0	5047
0	5687
1	8192
0	5531
0	6365
2	8192
2	8192
0	4788
1	8192
0	6593
0	5688
0	6466
1	8192
1	8192
1	8192
1	8192
1	8192
0	4980
1	8192
0	5804
0	7292
0	7965
0	7662
0	4855
0	7292
0	6975
2	8192
0	5712
0	6296
0	5449
0	5538
0	6478
0	5101
1	8192
0	6082
2	8192
1	8192
0	5239
1	8192
0	6095
0	5815
1	8192
0	6250
0	6698
0	5906
0	4736
1	8192
0	6934
0	5036
1	8192
0	5265
1	8192
1	8192
0	6557
0	6823
1	8192
0	7396
0	7436
0	6758
1	8192
1	8192
1	8192
1	8192
1	8192
0	5569
0	5518
0	4787
0	7259
0	6449
0	5410
1	8192
0	7851
0	6117
0	6484
0	4894
0	4629
0	8114
0	6506
1	8192
1	8192
1	8192
0	5389
0	4989
0	5611
0	4972
0	6468
0	5590
0	5554
1	8192
0	5853
0	7272
0	6840
0	5677
0	6536
0	5579
0	5429
0	7531
1	8192
0	4961
0	4796
1	8192
0	5943
0	7247
0	7257
1	8192
0	8077
0	5844
0	7259
0	6957
0	5105
0	5219
0	5665
0	5646
0	5937
0	6271
0	5145
0	5903
0	6039
0	7721
0	4639
0	7729
0	6153
0	6249
0	4545
0	6077
0	7097
0	5593
0	6290
1	8192
1	8192
0	5130
0	5702
0	6312
0	6091
1	8192
0	4786
0	5534
1	8192
1	8192
1	8192
0	4748
1	8192
0	5734
2	8192
0	7144
0	8172
0	4592
0	5510
0	7040
0	4926
0	6827
0	6946
0	4899
0	7804
0	7588
0	5898
0	5126
0	6247
0	5405
0	6441
0	7333
2	8192
0	7615
0	5403
0	6016
0	5517
0	5382
0	5986
0	7851
0	6582
0	7725
0	4802
1	8192
0	6689
0	6995
0	7527
0	5214
2	8192
1	8192
1	8192
0	6239
0	8063
0	6379
1	8192
1	8192
0	4775
0	7055
1	8192
0	6559
0	6194
1	8192
0	5253
1	8192
0	7226
0	6861
0	5455
1	8192
1	8192
1	8192
0	4883
0	7752
1	8192
0	5321
0	6002
0	5169
0	6665
0	5516
0	7708
1	8192
1	8192
0	7875
0	6534
0	4804
1	8192
1	8192
1	8192
0	5869
1	8192
0	7721
0	6324
1	8192
0	6048
0	5630
1	8192
1	8192
0	6099
0	6651
0	5553
0	5510
0	5983
0	5014
0	4861
0	4997
1	8192
0	6708
3	8192
0	6815
0	5487
1	8192
0	5092
0	5405
0	5603
0	6563
0	6401
2	8192
0	5922
0	7401
0	5384
0	5534
0	7535
1	8192
0	6172
1	8192
0	5278
0	5273
0	5881
2	8192
0	5370
0	5798
1	8192
0	7500
0	5598
0	5554
1	8192
0	7709
1	8192
0	7293
0	6172
0	5438
0	6784
1	8192
1	8192
0	7418
0	5611
0	5211
1	8192
0	5895
0	7729
1	8192
0	5669
0	7130
0	5193
0	5380
0	5057
0	6112
1	8192
1	8192
0	6786
1	8192
0	5787
0	6248
1	8192
0	7950
0	4844
0	7294
0	8071
0	5919
0	6664
0	4772
0	5615
0	5121
1	8192
0	7303
0	4863
0	5488
0	6890
0	5003
0	6676
0	4851
0	5744
0	5582
1	8192
0	6208
2	8192
0	5391
0	7087
0	7139
0	5261
1	8192
1	8192
0	7012
1	8192
0	6196
0	5495
0	7405
0	4931
1	8192
0	5065
0	5382
0	5901
0	6857
0	4919
0	5246
1	8192
0	7438
1	8192
2	8192
0	7233
0	7049
0	5893
0	5765
0	6127
0	6343
0	5953
0	7601
0	5814
1	8192
0	4979
0	7740
0	5097
0	7371
1	8192
0	5725
0	6683
1	8192
2	8192
0	5613
2	8192
0	8150
1	8192
1	8192
0	6462
0	7607
0	7307
1	8192
0	7433
0	5240
0	5252
0	5146
1	8192
1	8192
0	5476
1	8192
0	5944
0	5536
1	8192
0	5099
0	5459
1	8192
0	4555
1	8192
0	8044
1	8192
0	4826
1	8192
0	4900
0	5486
0	5612
0	5991
0	5145
0	6125
0	5445
1	8192
0	5726
0	6230
1	8192
1	8192
0	5792
1	8192
0	7436
2	8192
0	7206
0	6110
0	7727
0	6803
0	5636
1	8192
0	6980
0	4839
0	5127
1	8192
0	6776
0	5205
1	8192
0	5876
0	6107
0	7208
0	5299
0	4687
0	6175
0	6031
0	4605
0	5330
0	7426
0	5778
0	5395
1	8192
0	6151
1	8192
1	8192
1	8192
0	6703
1	8192
1	8192
0	5326
0	5894
0	4999
0	5173
1	8192
0	5334
0	5907
1	8192
1	8192
0	5779
0	7487
1	8192
2	8192
0	5443
0	6536
0	5933
1	8192
0	6049
1	8192
0	5351
1	8192
1	8192
0	7155
0	8119
1	8192
0	5580
0	5384
0	5983
0	5897
0	5477
0	5388
1	8192
1	8192
0	5736
0	7627
1	8192
1	8192
0	7730
0	8124
0	5518
1	8192
0	4810
2	8192
1	8192
0	7659
0	7344
0	5083
2	8192
0	5648
0	5724
1	8192
0	5757
0	5213
0	6921
2	8192
1	8192
0	5119
0	6116
1	8192
0	4907
0	5506
1	8192
0	6738
0	4968
0	7799
0	5410
0	5336
0	4955
0	4942
0	4947
0	5023
0	6180
1	8192
2	8192
1	8192
1	8192
0	5561
0	7638
0	6217
0	6503
1	8192
0	7516
0	4932
0	4993
0	6234
0	7641
0	6966
0	4825
0	5561
0	7326
0	6543
0	6747
1	8192
1	8192
0	7127
0	4713
0	7264
0	5055
0	5352
1	8192
1	8192
0	6654
0	6693
2	8192
0	6841
0	5448
1	8192
0	5804
0	4914
0	5231
1	8192
0	7540
1	8192
0	5826
0	4861
0	6678
1	8192
2	8192
0	7207
0	6633
0	6870
1	8192
0	5739
0	7636
0	6019
0	5215
1	8192
0	8114
0	4620
0	5953
0	4884
0	4688
0	5816
0	5603
0	4747
0	4877
0	6460
0	5688
0	4648
2	8192
0	6341
0	5557
1	8192
0	4787
1	8192
0	5030
0	5169
0	5079
0	8078
0	6280
0	5821
0	5669
0	7500
1	8192
0	7309
1	8192
0	4520
0	6472
1	8192
0	7906
0	5475
1	8192
2	8192
0	5565
0	5180
0	6825
0	6484
0	5319
1	8192
0	4889
2	8192
0	4786
0	6237
0	7340
0	5583
0	6794
0	5733
0	4919
0	7530
0	7783
0	4828
0	5294
0	6748
0	6758
0	5434
0	5917
0	6316
0	5377
1	8192
0	5929
0	5754
0	4680
0	5020
0	5931
0	5950
0	4886
0	5348
0	5482
0	4509
0	4647
0	6542
0	6479
0	5471
0	4902
0	6173
0	5969
0	4664
0	4593
0	4851
0	5599
0	4992
2	8192
0	4785
0	6456
1	8192
1	8192
0	7732
0	4927
0	6621
1	8192
0	5125
1	8192
1	8192
0	5722
0	5446
0	5147
0	7269
0	7863
0	6474
0	5911
0	6858
2	8192
0	4897
0	6353
0	5746
0	5300
1	8192
0	6119
1	8192
1	8192
2	8192
0	6259
1	8192
0	7752
0	6721
0	5206
1	8192
0	5486
0	4874
0	5450
1	8192
0	5087
0	5383
2	8192
0	5670
0	5213
1	8192
0	4805
0	6797
0	7619
0	5882
0	8184
0	4875
0	6359
0	5802
0	5555
0	6526
0	7498
1	8192
0	5886
0	6244
0	5621
0	8119
0	5293
0	5843
0	5077
0	5293
0	5091
0	6325
0	5622
0	6268
0	6714
0	5732
0	7123
1	8192
1	8192
1	8192
0	6326
0	6279
1	8192
0	4872
0	7231
0	5616
0	5620
1	8192
1	8192
1	8192
0	5273
0	6548
0	5909
1	8192
1	8192
0	8058
0	7673
1	8192
0	6387
0	5471
0	4736
0	5041
0	7800
0	4959
0	8179
1	8192
0	6916
0	6170
0	6541
0	5137
1	8192
0	4946
0	5081
0	7700
0	5701
0	5335
0	7893
1	8192
0	6084
0	7394
0	5226
1	8192
0	4911
1	8192
0	5876
0	6802
0	5178
1	8192
1	8192
0	5996
0	5856
1	8192
0	6264
0	5396
0	4882
1	8192
0	4820
0	7662
0	6505
0	5555
0	5591
0	5373
1	8192
0	5714
0	4909
0	6304
0	5405
0	5422
0	5123
0	4919
0	5262
0	6000
1	8192
0	6458
0	6779
0	5385
0	8156
0	5247
1	8192
0	7399
1	8192
0	6326
0	5315
0	6585
0	7314
0	5171
0	5749
0	5413
1	8192
0	6887
0	8138
0	6071
0	7446
0	5223
0	7893
0	6015
0	5263
0	5813
0	6228
1	8192
1	8192
1	8192
0	5040
0	6823
1	8192
0	5881
0	6779
0	5993
0	5624
0	7734
0	5171
1	8192
0	7514
2	8192
2	8192
0	5478
0	4816
0	6450
0	6509
0	7051
0	4911
0	5039
1	8192
1	8192
0	4531
0	8182
0	5329
2	8192
2	8192
0	5837
1	8192
0	6970
0	6568
0	5284
0	5430
0	6861
2	8192
0	5725
0	6849
0	4923
1	8192
0	5939
0	4939
0	5263
0	5845
0	4852
1	8192
1	8192
0	7122
0	4879
0	7312
0	6744
2	8192
1	8192
0	6330
0	7662
0	5524
0	8084
0	7510
0	6705
0	5894
0	7524
0	4647
1	8192
1	8192
0	4989
3	8192
0	6671
0	7975
0	6418
0	5660
0	6480
0	7625
1	8192
0	7389
0	5553
0	6238
0	5491
0	5276
0	7503
0	5515
0	6384
0	6707
2	8192
0	8143
1	8192
0	5953
0	4807
2	8192
0	7916
0	6748
0	7006
0	6146
1	8192
0	7668
0	6677
1	8192
0	7041
1	8192
0	7322
0	5411
0	5706
1	8192
2	8192
0	7864
1	8192
0	7393
0	5354
1	8192
2	8192
0	6908
0	4874
1	8192
0	6607
0	6108
0	4774
0	5552
1	8192
0	5235
1	8192
0	6000
0	6530
0	6083
0	4763
0	5059
1	8192
1	8192
0	6559
1	8192
0	6166
0	5754
0	5413
1	8192
1	8192
0	6293
0	6192
0	4835
1	8192
1	8192
1	8192
0	7257
0	4980
0	5983
0	5453
0	5387
0	5545
1	8192
0	4752
0	5399
1	8192
0	5504
0	6483
0	5526
0	7825
1	8192
0	5643
0	6193
0	5596
0	4861
0	7001
0	5304
0	6286
0	5395
0	5230
0	6317
0	4843
0	6746
0	5721
0	6793
0	4924
0	4765
0	7560
0	6613
0	5061
1	8192
0	7179
0	6908
0	5070
0	7900
0	6088
0	5509
2	8192
0	4999
0	7043
0	4794
1	8192
0	6167
0	5871
1	8192
1	8192
0	7892
0	5593
1	8192
0	6229
0	5445
0	5526
0	7721
0	6919
0	4928
1	8192
0	7946
0	5267
1	8192
0	4964
0	4801
0	5354
0	7421
1	8192
0	7125
0	5150
0	5779
0	7412
0	5762
1	8192
0	7353
0	5453
1	8192
1	8192
0	4656
0	5252
1	8192
0	6880
2	8192
0	5506
0	7063
0	6144
0	7485
0	5216
1	8192
0	6661
0	4851
1	8192
0	5586
0	6865
2	8192
0	6829
0	7418
0	6562
0	7467
0	7009
0	5178
0	5490
0	6219
0	6431
0	7876
0	6148
0	5721
1	8192
0	4854
1	8192
0	6807
0	5663
0	6337
0	5962
0	5537
1	8192
0	5687
0	4808
0	4940
0	5501
1	8192
0	7918
0	6120
0	4549
0	7532
0	4519
0	6859
2	8192
0	6103
0	6656
1	8192
0	7867
1	8192
2	8192
0	6124
3	8192
0	6896
0	6319
0	7535
0	7047
0	5702
1	8192
0	6093
0	4533
0	6019
0	4993
1	8192
0	7846
0	7955
0	6288
0	6589
0	5065
0	4841
0	8018
0	5347
0	5333
0	5391
1	8192
0	6685
0	6574
0	6603
0	5742
2	8192
0	6215
0	6393
2	8192
0	5728
1	8192
0	5150
1	8192
0	7780
1	8192
0	4646
1	8192
0	6236
0	6130
0	6968
0	6417
0	7517
0	6973
0	7762
0	5813
0	6152
1	8192
1	8192
0	4841
0	7192
2	8192
1	8192
0	8088
0	6834
1	8192
0	6083
0	8157
1	8192
0	6898
0	5111
0	7738
1	8192
0	6045
1	8192
0	7673
0	7910
0	6532
1	8192
0	5988
2	8192
0	5368
0	8083
0	6582
0	4558
0	5766
0	5724
0	6656
1	8192
0	6263
1	8192
1	8192
0	5191
0	7261
0	5210
0	7198
1	8192
0	6326
0	7393
1	8192
1	8192
2	8192
3	8192
1	8192
0	5623
0	5161
0	6845
0	7724
0	7892
0	7112
0	8017
1	8192
0	5106
0	5622
0	5504
1	8192
0	6611
1	8192
0	6470
0	7843
1	8192
0	5844
0	6788
0	5317
0	6770
1	8192
0	5464
0	6395
0	5548
0	5463
1	8192
0	5036
1	8192
1	8192
0	5241
0	8037
0	6038
0	6527
0	5092
0	6036
1	8192
1	8192
0	6165
0	4723
1	8192
0	7529
0	6144
1	8192
1	8192
2	8192
1	8192
0	5125
0	5586
0	6818
0	6415
0	5055
0	6511
0	4676
0	6233
0	4740
0	5467
0	4852
0	5321
0	4913
0	5243
0	6997
0	5293
1	8192
0	5981
0	4953
1	8192
1	8192
1	8192
0	5575
0	5246
0	5431
1	8192
0	5522
0	6294
0	6764
1	8192
0	6398
0	4870
1	8192
0	5836
0	6046
0	5738
0	5068
1	8192
0	7852
0	6906
0	6271
1	8192
1	8192
1	8192
0	6057
1	8192
0	7063
3	8192
0	6885
0	5581
0	8075
0	6666
1	8192
1	8192
0	7290
0	7336
0	6481
0	5673
1	8192
0	5596
0	6309
0	5065
0	6566
1	8192
0	7319
0	5463
2	8192
1	8192
0	5753
0	5300
0	4705
0	5115
0	4952
0	6503
0	5541
0	8087
1	8192
0	8129
0	6125
0	5684
0	5935
0	6397
0	5527
0	6072
0	5035
1	8192
1	8192
2	8192
1	8192
0	5876
0	6523
2	8192
0	6300
2	8192
2	8192
1	8192
1	8192
1	8192
0	5198
0	5867
1	8192
0	7757
0	7247
0	4867
0	5792
1	8192
0	6421
0	7092
0	5308
0	5734
1	8192
0	5983
0	5802
0	5705
0	5133
0	7546
0	6248
2	8192
0	6414
0	5474
0	5213
0	6124
1	8192
0	5055
1	8192
0	6753
0	6217
0	5500
0	6008
0	4976
0	7275
0	5323
0	6559
0	7956
1	8192
0	5749
1	8192
0	7163
1	8192
1	8192
0	5518
0	8097
2	8192
0	7971
1	8192
0	5158
1	8192
0	5382
0	5790
0	5622
0	7723
0	7168
0	5904
0	7150
0	6594
0	5652
0	6826
0	5223
0	4633
0	5587
0	7329
0	7849
0	4797
1	8192
1	8192
0	5171
0	7717
0	6161
2	8192
0	6625
1	8192
0	7376
0	5633
0	4763
0	5526
1	8192
0	4709
1	8192
0	5430
0	5934
0	6266
0	7532
1	8192
0	5203
1	8192
0	7196
0	5177
1	8192
1	8192
1	8192
0	6772
0	7173
0	5524
0	7477
0	5997
0	6634
0	6574
0	6081
0	6568
1	8192
0	5223
0	5795
0	6264
0	7903
0	5817
0	7581
1	8192
1	8192
0	6742
1	8192
1	8192
0	5203
1	8192
0	5162
0	5014
0	5208
0	6810
0	5223
0	6591
0	5918
0	5399
0	4967
1	8192
0	7455
0	6229
0	5361
0	5614
2	8192
1	8192
0	7713
0	6905
0	5684
0	6491
0	5498
0	7396
1	8192
0	5716
0	4946
0	4894
0	5886
1	8192
0	5738
0	7278
1	8192
0	5061
1	8192
1	8192
0	6715
0	7099
0	5421
0	5183
0	6630
0	7469
0	6124
0	6477
0	7011
0	5240
0	5074
1	8192
0	6279
0	5811
0	4977
0	6160
0	5627
0	5658
1	8192
0	6642
1	8192
0	7020
0	5752
0	6298
0	7358
0	4987
1	8192
0	5959
1	8192
0	7911
0	5280
0	4679
0	6255
1	8192
0	6063
0	6093
0	7829
0	4984
1	8192
0	5939
0	7415
0	5202
0	4946
0	4544
0	7900
0	6441
0	5454
1	8192
1	8192
0	5242
1	8192
0	7520
0	5316
1	8192
0	5280
0	6161
0	5680
1	8192
0	5573
1	8192
1	8192
0	5758
0	6632
0	7692
0	5209
0	7708
0	5073
0	5715
0	5831
1	8192
0	5707
0	4849
0	6476
0	8079
0	7977
0	6494
1	8192
0	5182
1	8192
0	5540
0	5943
0	6786
0	4730
1	8192
0	7356
0	6538
0	4609
0	6343
0	7061
0	5330
0	6009
0	5738
0	7323
0	6093
1	8192
0	7867
1	8192
0	5670
0	6558
0	6766
1	8192
0	6262
1	8192
1	8192
0	6996
0	7108
0	5731
0	7031
0	5066
0	6652
0	5871
0	6365
0	7148
0	4535
0	5676
0	4594
0	6298
0	5187
0	7392
1	8192
0	8189
0	7854
0	6072
0	7935
0	5823
1	8192
0	6710
0	7105
0	6099
0	6602
0	7341
0	7333
0	7629
0	5006
0	7593
1	8192
0	6212
1	8192
0	6060
1	8192
0	5505
0	6763
0	7491
0	5386
0	5541
0	4553
0	7844
1	8192
1	8192
2	8192
0	5484
0	7545
1	8192
0	6153
0	7005
0	5279
1	8192
0	6043
0	6444
0	6629
0	5137
0	5603
0	6003
1	8192
0	5619
0	6522
0	6927
0	6484
0	6499
0	6462
1	8192
0	7673
0	5500
0	5274
1	8192
1	8192
0	5983
0	5199
0	5061
0	5870
0	6167
1	8192
0	5933
0	5215
0	5964
0	6158
1	8192
0	6174
0	4905
0	5498
6	8192
0	7121
0	5138
0	4975
1	8192
0	5437
0	6554
1	8192
0	7103
0	5546
1	8192
1	8192
0	6541
0	6032
0	6091
1	8192
1	8192
0	6167
1	8192
0	5765
1	8192
0	5617
1	8192
0	6804
0	5256
0	5281
1	8192
1	8192
0	6059
1	8192
0	5413
0	6186
0	7382
1	8192
0	6513
0	5658
0	4636
1	8192
0	5278
0	7923
0	6599
0	5687
1	8192
0	4981
1	8192
1	8192
0	6099
1	8192
0	6100
0	4884
0	6727
1	8192
1	8192
1	8192
0	7769
1	8192
1	8192
0	7167
1	8192
1	8192
0	6040
0	6711
1	8192
1	8192
0	7430
1	8192
0	6231
0	5645
0	7033
0	4861
0	5506
1	8192
0	5568
0	7823
0	8000
1	8192
0	5495
1	8192
0	5222
1	8192
2	8192
0	4734
0	5508
1	8192
0	8180
0	6831
0	6711
1	8192
0	6623
0	5991
0	5325
0	6338
0	5139
0	6642
0	6547
2	8192
0	6622
1	8192
0	4974
0	6616
0	5152
1	8192
0	5245
2	8192
0	6363
0	7352
0	6548
0	5916
0	6428
0	6330
0	5303
1	8192
0	6323
1	8192
0	6418
1	8192
0	7059
0	5585
0	6049
1	8192
0	5583
1	8192
0	5492
0	6083
0	7234
0	5791
1	8192
0	8048
1	8192
0	6622
0	6588
1	8192
1	8192
1	8192
0	4880
0	6979
0	6057
0	5581
0	4933
1	8192
0	5825
0	4737
1	8192
0	4611
0	8158
1	8192
0	5874
1	8192
0	6549
0	6576
0	5064
0	5211
1	8192
0	5550
0	5602
1	8192
1	8192
0	8185
1	8192
0	5994
2	8192
0	6036
0	6522
0	7166
0	6929
0	6449
1	8192
1	8192
0	6303
0	7173
1	8192
1	8192
0	7401
0	5141
1	8192
0	7259
1	8192
0	7271
0	5741
0	6065
0	6763
0	6023
1	8192
1	8192
0	7697
0	7036
0	6280
0	5587
0	5798
0	4917
0	5578
0	8117
0	6853
1	8192
0	7747
0	7405
1	8192
0	5700
1	8192
0	8084
0	7225
1	8192
0	7705
0	6499
1	8192
0	6614
1	8192
0	7754
0	5721
0	4921
0	7734
0	6814
0	6230
1	8192
0	4888
0	7362
0	7940
0	5198
2	8192
0	4797
0	5025
0	7152
1	8192
0	7976
0	8086
1	8192
0	5407
0	5390
0	4778
0	5105
0	5981
0	7440
0	7497
0	5772
0	6707
1	8192
0	7539
2	8192
0	5731
0	5169
1	8192
0	6120
0	4881
1	8192
0	7508
1	8192
1	8192
0	5946
0	7355
1	8192
0	7364
0	6276
0	6003
0	5755
1	8192
1	8192
1	8192
1	8192
1	8192
0	7201
0	4604
0	4748
0	7618
0	6943
0	7626
0	6567
0	7232
0	5714
0	5023
0	6626
0	5157
1	8192
0	5004
0	5175
1	8192
0	6306
0	6996
1	8192
1	8192
0	7828
0	6856
0	7057
1	8192
1	8192
0	6894
0	6179
2	8192
0	8101
0	6628
0	6168
0	4982
1	8192
0	8109
1	8192
0	5909
0	6252
1	8192
0	6388
0	4474
0	5366
0	6472
0	4422
0	5096
0	5261
0	5825
0	5589
0	7869
0	7085
0	7847
0	5488
1	8192
1	8192
0	6848
0	6637
0	6482
0	7264
0	6553
0	7208
0	6531
0	5885
0	7828
0	5950
0	6785
0	4985
0	5251
1	8192
0	4821
0	6115
0	5349
0	6285
0	5076
1	8192
0	8014
1	8192
1	8192
2	8192
0	6904
0	6876
0	5964
1	8192
0	8069
0	5331
1	8192
2	8192
0	7021
0	5907
0	5225
0	5359
1	8192
0	7149
1	8192
1	8192
0	7507
0	7643
0	7703
0	6562
0	5740
1	8192
0	5018
0	5183
1	8192
1	8192
0	6350
0	6945
0	5098
0	5061
0	7656
0	7291
0	5191
0	7666
0	7291
0	4852
0	5419
0	7867
0	6739
0	7730
0	7737
0	6889
0	5057
0	6411
2	8192
2	8192
0	7312
1	8192
1	8192
1	8192
1	8192
0	5555
0	6936
1	8192
0	6721
2	8192
1	8192
0	6352
1	8192
0	5181
1	8192
1	8192
0	7639
0	6626
0	4718
0	5649
0	5079
0	4962
0	8051
1	8192
0	7305
0	4465
0	4969
0	5175
0	5579
0	6953
1	8192
0	4943
0	7138
0	5370
0	5782
1	8192
0	7922
0	6819
0	7214
0	5089
1	8192
1	8192
1	8192
0	5332
0	5104
0	4933
1	8192
0	6929
0	4671
0	7497
0	7096
1	8192
0	7341
0	6059
0	5147
0	4447
1	8192
0	4537
0	7180
0	7459
0	6543
1	8192
0	5934
1	8192
0	5705
0	5260
0	5364
0	5791
0	5427
0	5708
0	5528
0	6168
0	5298
0	6610
0	4551
0	6075
0	7126
1	8192
0	5843
0	5388
1	8192
0	7723
0	7570
1	8192
0	4804
0	5350
0	7683
0	5977
0	6389
0	5385
0	7538
0	5583
0	4766
0	6147
1	8192
0	6411
0	5433
0	7073
0	6788
0	5726
0	4982
1	8192
0	4928
0	5580
1	8192
0	5558
2	8192
1	8192
1	8192
0	7650
0	5548
0	6562
0	7647
0	5571
0	7591
0	5389
0	4905
0	5059
0	5825
2	8192
1	8192
1	8192
1	8192
1	8192
0	5514
1	8192
0	7108
0	6880
0	5867
2	8192
0	5919
1	8192
0	6288
0	5514
0	7410
1	8192
1	8192
0	5272
0	8001
0	7752
1	8192
0	5800
0	4929
0	5150
0	7260
0	5576
0	4640
1	8192
0	5872
1	8192
0	4703
0	4671
1	8192
1	8192
0	6543
0	6085
0	5415
0	6497
1	8192
0	6127
1	8192
0	7004
0	6748
0	7386
1	8192
0	6000
1	8192
0	7879
0	7972
1	8192
0	6493
0	4774
2	8192
0	5900
1	8192
1	8192
0	7282
1	8192
0	4623
0	6594
2	8192
1	8192
1	8192
0	4997
0	7885
0	6956
0	4816
0	4777
0	7341
1	8192
0	4537
0	4982
0	5880
0	7143
0	5261
0	7935
0	7108
0	7107
0	5031
1	8192
1	8192
0	7538
0	6129
0	4547
1	8192
0	7277
0	6722
0	6428
0	6396
0	6380
1	8192
0	5071
0	5862
0	7201
1	8192
0	6004
0	5281
0	6047
0	6495
1	8192
0	6084
1	8192
0	5041
0	7200
0	5530
0	5029
0	5154
0	4990
0	4688
1	8192
0	6586
2	8192
0	6073
0	8038
0	8116
0	5778
0	5792
0	7880
0	7406
0	5476
0	4946
0	5032
2	8192
0	5491
2	8192
0	5631
1	8192
1	8192
0	5778
1	8192
0	4649
0	7842
0	6053
0	7256
0	6046
1	8192
0	7615
1	8192
0	4857
0	4951
0	5523
0	5707
0	5120
0	6664
0	6640
2	8192
2	8192
1	8192
1	8192
0	7735
0	5788
0	6033
1	8192
0	5000
0	5909
0	5379
0	7234
1	8192
0	6523
0	5981
0	6664
0	5969
0	4964
0	7556
0	6040
1	8192
0	5731
1	8192
0	5986
0	7948
0	5636
0	6282
1	8192
0	6472
2	8192
1	8192
2	8192
1	8192
0	7721
0	6609
0	6474
0	4903
0	5094
0	6574
1	8192
0	5106
0	8061
0	6069
0	7206
0	7595
1	8192
0	5268
1	8192
1	8192
0	5402
0	5576
0	6011
1	8192
0	6012
0	6532
0	7211
0	7246
0	5841
0	7632
2	8192
0	5897
2	8192
0	5950
0	7551
0	5061
1	8192
0	5212
1	8192
0	5482
0	5300
0	6791
2	8192
0	7864
0	5153
0	6694
1	8192
0	6062
1	8192
0	5285
0	6771
0	5480
0	6586
0	4766
1	8192
0	8106
1	8192
0	7679
1	8192
1	8192
2	8192
0	7002
0	7977
0	6514
0	7203
0	5697
0	7584
0	5846
0	5395
2	8192
1	8192
1	8192
0	7098
0	4819
1	8192
0	6691
0	5324
1	8192
0	5837
0	8024
0	5331
0	5401
0	5292
1	8192
0	7547
0	7416
0	6209
0	5248
0	7117
1	8192
1	8192
0	4738
0	5433
0	4986
0	6400
0	5855
1	8192
0	7085
0	6977
2	8192
0	6323
0	6997
0	8001
2	8192
0	4914
0	7111
0	5039
0	4710
0	5813
0	7561
0	7827
0	5870
0	6122
0	6122
1	8192
0	7229
1	8192
0	6747
0	6267
0	5103
0	7545
3	8192
1	8192
0	6626
1	8192
0	5000
0	7856
0	5567
0	5794
0	6863
0	5192
0	5775
0	6653
0	5201
1	8192
0	7648
0	7011
0	5502
0	6204
0	6037
0	5002
0	6751
0	5365
0	5548
1	8192
0	6913
0	6344
0	5876
0	7143
0	8111
0	5302
0	4586
0	5493
0	7587
1	8192
0	5574
1	8192
2	8192
0	7431
0	4943
0	5504
0	6996
0	6258
1	8192
0	5542
0	4962
0	5424
0	7518
1	8192
1	8192
1	8192
1	8192
0	7629
0	7209
0	5096
0	7189
2	8192
0	5645
1	8192
1	8192
0	7800
0	4495
0	6437
0	5467
1	8192
0	6524
2	8192
1	8192
0	5351
0	6498
0	5821
0	6364
0	7887
1	8192
1	8192
1	8192
0	4886
0	6457
1	8192
0	4555
0	6165
0	5003
2	8192
0	4840
0	6708
0	5297
1	8192
1	8192
0	5094
0	6775
0	6333
0	5458
0	6990
0	5446
0	5003
0	6303
0	7694
1	8192
0	5607
0	6318
3	8192
0	4935
0	5308
1	8192
0	6398
1	8192
1	8192
0	7099
0	7089
0	7238
1	8192
0	5535
0	6491
0	6043
0	6129
0	7583
0	6386
0	5456
0	6553
0	5942
1	8192
1	8192
0	5830
1	8192
0	6345
1	8192
0	4794
0	6350
1	8192
0	5469
0	6616
1	8192
0	5620
1	8192
1	8192
2	8192
0	4635
0	5853
0	5897
1	8192
0	5645
0	6434
0	5007
0	5743
0	5282
0	5903
0	5514
0	6809
1	8192
1	8192
0	5912
0	5413
0	5601
0	6520
0	5363
0	8188
1	8192
0	5312
0	7927
0	6693
0	7282
1	8192
1	8192
0	5645
2	8192
1	8192
0	5856
0	5661
0	4968
1	8192
0	6916
1	8192
0	7128
0	7319
0	6208
0	5389
0	6297
0	5876
0	8100
1	8192
0	6542
1	8192
0	5889
0	5590
0	6478
0	7899
0	4684
0	6536
0	5665
1	8192
0	5362
0	5572
2	8192
1	8192
0	6478
1	8192
0	6502
0	6407
0	7503
0	6044
1	8192
0	5717
0	5973
1	8192
1	8192
0	7016
1	8192
1	8192
0	5090
0	6652
0	4912
2	8192
0	5635
0	5335
1	8192
0	6720
0	7510
0	7091
1	8192
0	7182
0	5509
0	5958
0	5135
0	4925
0	5118
1	8192
0	7335
0	6185
1	8192
0	7851
0	4617
0	5855
0	5398
0	5854
1	8192
0	5874
1	8192
0	4748
0	5925
0	5346
0	6537
0	6374
0	6500
0	4948
1	8192
0	6370
0	6217
0	6291
0	6576
0	7005
0	5177
0	7054
0	5119
0	5255
0	7403
0	5790
1	8192
0	4763
1	8192
0	6515
0	5584
1	8192
0	5936
0	5235
0	4842
0	5011
1	8192
1	8192
0	7016
0	6874
0	5272
0	6132
0	5170
0	5921
0	5821
0	7506
0	5419
0	6828
0	5891
1	8192
0	4579
0	5305
0	6174
0	6162
0	5049
1	8192
0	7474
0	6871
1	8192
0	7916
1	8192
0	7365
0	5169
0	4969
0	4877
0	5767
0	5188
0	7637
0	8099
1	8192
1	8192
1	8192
0	6710
1	8192
1	8192
1	8192
0	6372
0	5751
0	5793
1	8192
0	4879
1	8192
2	8192
0	5744
0	5438
1	8192
1	8192
0	5078
0	6653
0	4588
0	5060
0	5408
1	8192
0	6340
0	4812
0	5567
1	8192
1	8192
0	4652
0	6306
0	7034
0	6983
0	7823
2	8192
2	8192
0	4982
0	6788
0	4754
0	4747
1	8192
1	8192
0	6457
0	5916
0	5236
0	6477
0	7898
1	8192
0	5971
1	8192
0	5570
0	5859
1	8192
0	5558
0	5679
1	8192
0	6107
1	8192
1	8192
0	5405
0	6381
0	6721
0	6682
1	8192
0	5369
2	8192
1	8192
1	8192
1	8192
0	5849
1	8192
1	8192
0	6838
1	8192
0	5897
1	8192
0	5194
3	8192
0	7573
0	7306
0	7386
0	6373
0	4847
1	8192
0	7663
0	5387
0	5467
0	5369
2	8192
1	8192
1	8192
0	6781
0	7800
1	8192
0	6602
2	8192
1	8192
1	8192
0	7430
0	5614
0	8037
0	6107
0	5634
0	5336
0	6445
0	6476
0	5255
0	4579
0	5451
0	7783
1	8192
0	4513
1	8192
0	6663
0	7384
0	5072
0	4942
0	7861
2	8192
1	8192
0	7241
1	8192
0	5479
0	6551
0	4702
1	8192
0	5021
0	6650
0	5284
0	5510
0	6679
0	5410
2	8192
0	4392
0	6758
0	7209
1	8192
1	8192
0	4640
0	5771
2	8192
0	5560
0	7940
2	8192
1	8192
0	5520
0	4639
2	8192
1	8192
0	5526
1	8192
0	4902
0	5877
1	8192
0	4834
0	5254
0	5819
1	8192
0	7648
0	7255
0	5549
1	8192
0	7975
1	8192
0	6884
0	5491
1	8192
0	5123
1	8192
0	7402
0	5906
1	8192
2	8192
0	5964
0	5524
1	8192
0	4760
0	6380
0	6039
0	5316
0	4583
1	8192
0	6663
0	7838
0	5340
0	7081
1	8192
0	5539
0	8035
0	5048
0	5167
0	5403
0	5401
0	5280
0	8140
0	5733
0	6347
0	5494
0	6314
0	6435
0	7463
0	4817
0	7381
1	8192
0	6442
1	8192
0	7237
0	5464
0	5711
1	8192
0	6056
0	5408
0	7191
0	6043
0	4735
0	4899
1	8192
0	4760
0	5921
0	6467
1	8192
0	7742
0	6803
1	8192
0	5852
0	6035
0	4768
1	8192
0	8163
1	8192
0	8029
0	5908
0	5272
0	5164
0	5169
1	8192
0	6399
0	6512
0	6583
0	7822
0	5715
1	8192
1	8192
0	5190
1	8192
0	4971
1	8192
0	6897
0	6875
0	6671
0	7740
0	7387
0	5937
0	6437
0	5930
1	8192
0	6038
1	8192
1	8192
1	8192
0	6699
0	7898
0	6042
0	6751
0	6522
1	8192
0	5581
1	8192
0	7929
1	8192
0	6791
1	8192
0	5319
0	8080
1	8192
0	5091
2	8192
1	8192
0	6360
0	5719
1	8192
0	5802
0	6289
0	8050
0	7328
1	8192
0	6297
0	7027
0	7578
0	5452
0	5913
1	8192
2	8192
0	5098
0	5787
1	8192
1	8192
1	8192
1	8192
0	6804
2	8192
0	5149
0	6414
0	4849
1	8192
0	5113
2	8192
1	8192
1	8192
0	4417
0	4895
0	4928
1	8192
1	8192
0	4555
0	5368
0	7363
0	5771
1	8192
0	6451
1	8192
0	6895
0	5130
1	8192
0	4991
1	8192
1	8192
0	6860
0	5205
0	6386
0	4884
2	8192
0	7390
1	8192
0	7120
1	8192
0	6556
0	6064
1	8192
0	6714
0	5089
0	5273
1	8192
0	4862
0	5872
1	8192
0	6378
0	4770
0	6362
0	5020
0	5620
0	5265
0	5827
0	5864
0	7039
0	6867
0	7731
0	5614
0	5496
0	7559
1	8192
1	8192
0	6174
1	8192
1	8192
0	5505
0	7678
0	5902
1	8192
0	5864
2	8192
0	7558
1	8192
1	8192
0	6227
0	4820
0	6101
1	8192
0	6148
0	5286
1	8192
2	8192
0	4573
1	8192
0	8088
1	8192
0	4630
0	6555
0	5438
0	6050
1	8192
0	5681
0	7500
0	5576
0	5925
0	5133
0	7395
0	7197
0	5493
1	8192
0	6639
1	8192
0	6585
0	7398
0	4904
0	6649
0	6741
0	5448
0	6561
0	5580
0	7861
0	6460
0	6339
2	8192
0	7573
0	4575
1	8192
0	7791
1	8192
0	5418
1	8192
0	6220
0	4790
0	5288
0	5195
0	6327
0	6055
0	5144
0	4857
0	6359
0	5489
0	5022
0	7012
1	8192
1	8192
0	5210
1	8192
1	8192
0	5943
1	8192
0	6626
0	7501
0	8008
0	4857
0	5105
1	8192
0	6609
1	8192
0	7775
1	8192
0	5019
1	8192
0	5893
0	5119
1	8192
0	4977
0	6620
0	7445
0	7553
0	6591
0	4631
0	7879
0	6963
1	8192
0	6439
0	4745
0	6146
0	8191
1	8192
0	6474
1	8192
2	8192
0	5803
0	7254
0	4823
1	8192
0	5876
1	8192
0	4872
0	5829
0	7691
0	4695
0	7361
1	8192
0	6332
0	6297
0	5625
2	8192
0	5376
0	6240
0	6605
0	5511
0	5645
0	7158
1	8192
0	6590
0	6101
0	8104
0	5398
0	8086
0	5207
0	5687
0	5024
1	8192
0	5662
1	8192
1	8192
1	8192
1	8192
1	8192
0	5558
0	7575
1	8192
0	4928
0	5199
0	7198
0	7389
0	6342
2	8192
0	6590
0	5232
0	5508
0	5175
0	5757
0	4799
0	4866
0	5080
0	4915
0	8185
0	6374
0	6117
0	4912
1	8192
0	4911
0	5053
1	8192
0	7346
0	4660
1	8192
0	5295
0	5323
1	8192
0	7447
0	5667
0	5480
0	5874
3	8192
0	5558
0	7581
0	6512
0	6985
1	8192
1	8192
0	6737
0	5225
0	6271
0	5251
0	5780
0	5442
1	8192
2	8192
0	6507
0	6000
0	6113
1	8192
0	5231
0	5373
0	7273
0	5730
0	7142
1	8192
0	5279
1	8192
0	7503
0	7436
0	5747
1	8192
0	7847
1	8192
0	5068
0	5059
0	7244
0	5308
1	8192
0	5293
0	7880
0	4797
0	5161
2	8192
0	5482
0	5648
0	6353
0	7688
0	6302
1	8192
0	6625
0	5790
1	8192
0	8099
0	4766
0	6221
0	5362
1	8192
0	5570
0	5461
0	6055
0	4441
1	8192
0	5288
0	7162
0	7941
0	5266
1	8192
0	6301
1	8192
1	8192
1	8192
0	5745
0	7844
1	8192
0	4525
1	8192
1	8192
1	8192
0	5240
1	8192
0	5633
0	7604
0	8108
1	8192
0	6422
0	5243
0	6157
1	8192
1	8192
0	7080
0	7314
0	5566
0	6721
0	6620
2	8192
0	6529
0	4867
0	4575
0	5392
1	8192
0	5551
0	6610
0	6732
0	6917
1	8192
0	6747
1	8192
0	5686
0	5997
0	6119
0	5978
0	6092
1	8192
0	4986
0	5199
0	6262
0	5842
0	5469
0	6211
0	6070
0	6191
0	6467
0	7681
0	4734
0	5930
0	5753
0	5888
1	8192
0	7527
0	5389
1	8192
0	6324
0	6466
0	7408
0	5240
1	8192
0	4817
0	5856
0	4931
1	8192
0	6414
0	6893
0	5193
1	8192
0	5239
0	6155
1	8192
1	8192
0	4938
0	4938
0	4732
0	8146
1	8192
1	8192
1	8192
0	5630
0	5578
1	8192
0	6136
0	5434
0	5592
0	6596
0	5378
0	7001
0	5450
1	8192
0	5430
0	6738
0	7369
1	8192
1	8192
0	5589
2	8192
0	5233
1	8192
0	6359
1	8192
1	8192
1	8192
0	5485
0	5608
0	6963
1	8192
2	8192
0	6805
1	8192
1	8192
0	4792
0	6957
0	5588
0	7960
0	7696
0	5052
0	5137
1	8192
2	8192
0	5497
0	6930
0	4888
1	8192
0	7521
1	8192
0	7600
0	7448
0	5729
0	8002
0	5523
1	8192
0	5025
0	4866
0	6848
0	5318
0	5548
0	5189
1	8192
1	8192
1	8192
0	5796
0	5276
0	5769
1	8192
0	4742
1	8192
1	8192
1	8192
0	5503
0	5311
0	5554
0	6351
1	8192
0	5484
0	7543
1	8192
1	8192
0	5344
0	5151
1	8192
0	4868
0	7379
1	8192
0	7101
0	5282
0	6083
1	8192
0	4587
0	6486
0	7855
1	8192
1	8192
1	8192
1	8192
0	5522
1	8192
0	7430
0	4734
1	8192
0	4982
1	8192
0	6027
0	5191
0	6318
0	5757
0	4877
0	5684
0	6838
0	4987
0	5645
0	4666
0	6443
0	6453
2	8192
0	5863
0	5969
1	8192
2	8192
1	8192
1	8192
0	5934
0	5170
0	5125
0	4805
0	7838
1	8192
1	8192
0	5632
0	6516
0	6997
0	7155
1	8192
0	5168
0	6409
0	5859
0	5721
0	7012
0	6120
0	6593
0	5868
0	6338
0	5326
0	5420
0	5366
0	5485
1	8192
0	5847
0	7492
0	6011
0	7056
0	5588
0	5284
0	5875
0	5950
1	8192
0	6616
0	5622
1	8192
0	6245
1	8192
0	4729
0	7095
1	8192
1	8192
0	5020
0	4980
1	8192
0	4715
0	5686
0	7105
0	5672
0	7850
0	5123
1	8192
0	6116
1	8192
1	8192
0	6643
1	8192
0	7988
1	8192
0	5041
0	6596
1	8192
0	5713
0	6280
1	8192
0	7213
0	5002
0	6117
0	5864
1	8192
0	6827
0	5130
0	6425
0	5959
0	5529
0	5043
0	5220
0	5528
0	4639
0	5170
0	4952
1	8192
0	5405
0	6725
0	6359
1	8192
0	6905
1	8192
1	8192
0	5952
1	8192
0	6698
0	5896
1	8192
1	8192
0	6056
1	8192
0	5394
0	7779
1	8192
0	6517
1	8192
1	8192
1	8192
0	5468
0	5283
0	6386
0	6408
0	5501
0	6346
1	8192
0	5200
0	5019
0	6649
0	6339
2	8192
0	5715
1	8192
0	4987
0	5065
0	7450
0	6035
0	5569
0	5807
0	7549
1	8192
0	5177
0	4665
0	7201
0	5657
0	6909
0	5553
1	8192
0	6235
1	8192
0	5776
0	5070
0	7914
0	6570
0	5662
1	8192
2	8192
0	5314
0	6449
0	7994
2	8192
0	4914
0	7965
0	7548
1	8192
0	6524
0	5729
1	8192
0	5469
0	4743
0	7358
0	5606
2	8192
1	8192
0	7096
0	7510
0	5191
0	5992
0	6136
1	8192
0	5654
1	8192
2	8192
0	6252
0	5562
0	5393
0	5692
0	5348
0	7071
1	8192
1	8192
1	8192
1	8192
0	6067
0	6395
0	4883
0	5165
0	7474
0	5984
0	6859
0	5084
0	4638
0	6578
0	5764
0	6696
0	6149
1	8192
0	6113
0	6154
0	6035
0	5639
0	7730
1	8192
1	8192
1	8192
0	7362
0	6551
0	5406
2	8192
0	8171
0	8146
0	6544
4	8192
1	8192
0	7874
0	7136
0	5988
0	8151
0	6887
1	8192
0	7956
0	4711
0	5246
0	7829
0	4870
0	8031
2	8192
0	5830
0	7422
0	6030
0	7176
0	6152
0	6505
0	7808
0	7452
0	4809
1	8192
0	5420
0	7013
0	7204
1	8192
0	5313
0	4964
2	8192
0	6380
0	4863
0	5632
0	4791
1	8192
0	7918
1	8192
0	6727
0	6595
0	6355
0	5960
1	8192
1	8192
1	8192
1	8192
0	6668
0	7375
2	8192
0	5821
0	7253
0	7579
0	5810
1	8192
0	5881
0	5468
1	8192
0	6364
0	5586
0	5999
0	4907
0	4898
0	7645
0	6549
0	5327
1	8192
2	8192
0	6587
0	7472
0	4715
1	8192
1	8192
0	7134
0	6393
0	7983
0	7532
2	8192
0	5620
1	8192
1	8192
2	8192
0	6168
0	5721
0	5831
0	5746
0	4918
0	4573
1	8192
0	5229
2	8192
0	7207
0	8098
0	7262
0	7339
2	8192
0	4921
1	8192
0	4622
1	8192
0	5280
1	8192
0	5194
1	8192
1	8192
1	8192
1	8192
0	6774
1	8192
0	6496
0	6294
2	8192
0	6583
0	6427
0	6128
1	8192
0	7426
0	5852
0	7531
1	8192
1	8192
0	5385
0	7332
0	5321
0	7716
0	6647
0	5891
0	5762
2	8192
2	8192
1	8192
0	5899
1	8192
0	4907
0	6000
0	5156
1	8192
0	4821
0	7579
1	8192
0	6401
1	8192
0	6237
0	5731
0	6096
0	6336
0	7055
1	8192
1	8192
0	5703
0	6021
0	6154
1	8192
1	8192
0	7939
0	5965
1	8192
0	7825
0	4681
0	5118
0	6622
0	5106
1	8192
0	5024
0	7111
0	7911
0	5356
1	8192
1	8192
0	5718
0	6457
0	6925
0	5470
0	8065
1	8192
0	7065
0	8067
0	6003
0	8061
0	7259
0	5257
0	6062
0	7176
0	5795
0	6857
0	5294
0	5230
0	6242
0	7683
1	8192
0	5394
0	4601
0	5006
1	8192
0	4659
0	5992
0	5398
1	8192
0	7639
0	6386
0	6286
0	7199
0	6598
0	5881
0	5129
0	7014
0	5419
0	7220
0	5682
1	8192
0	6444
0	7249
0	5445
0	5718
1	8192
0	6586
0	8057
1	8192
1	8192
0	4705
1	8192
1	8192
0	5713
0	5641
2	8192
0	6512
0	5054
1	8192
0	6808
0	8112
0	8170
0	7158
0	5378
1	8192
0	5347
1	8192
1	8192
0	5601
0	5724
1	8192
0	6277
1	8192
0	5232
0	6398
1	8192
0	7675
0	6009
1	8192
0	6859
0	5835
0	6767
1	8192
0	5990
0	7400
1	8192
0	5541
0	7995
0	6673
0	5021
0	5262
1	8192
0	6564
1	8192
0	4841
0	6970
0	6410
0	4696
0	7815
0	5633
2	8192
0	4922
0	5867
0	6759
0	7261
0	5981
1	8192
0	5791
0	6913
0	7914
0	6765
0	4874
0	7734
0	5358
0	5215
1	8192
0	6096
0	4767
0	5187
0	6399
1	8192
1	8192
0	6027
0	6278
2	8192
0	5151
1	8192
0	5915
0	5872
0	6449
0	5358
0	6435
0	5771
1	8192
0	5106
0	7203
1	8192
0	6187
1	8192
0	5046
0	4972
1	8192
0	6698
0	4773
0	7248
0	5260
0	6950
0	5545
0	5101
0	4403
0	8128
0	8003
2	8192
0	5465
0	6276
1	8192
0	5707
1	8192
0	6596
2	8192
0	5400
1	8192
0	5408
0	6749
0	5228
0	8064
0	5346
0	7950
0	6469
1	8192
0	7557
0	5470
0	6969
0	6416
0	5650
0	5551
0	5925
1	8192
0	5568
0	7510
0	7188
1	8192
0	5864
0	6788
0	5001
1	8192
1	8192
0	6481
0	7115
0	4976
0	5675
0	5770
0	7175
0	7863
0	6723
0	6300
0	5502
1	8192
0	5230
0	5271
0	5902
0	6331
1	8192
2	8192
0	6270
1	8192
0	5064
0	5255
1	8192
0	5664
0	6360
0	6464
1	8192
0	6517
0	6970
1	8192
0	6521
0	5072
0	4965
0	7946
0	7330
1	8192
0	6514
0	6891
1	8192
0	5346
0	5381
0	7194
0	6733
0	7803
1	8192
1	8192
0	7119
0	5826
0	5442
0	5476
0	6523
1	8192
1	8192
0	7815
1	8192
1	8192
0	5886
0	7881
0	6551
0	5524
0	5597
1	8192
0	7498
0	5428
0	5484
1	8192
0	4618
1	8192
0	5153
0	5287
0	6560
0	5146
0	6612
0	5836
1	8192
0	7287
0	6013
1	8192
1	8192
0	6113
0	6039
0	7574
0	6269
0	6595
0	6021
0	6707
0	6066
0	5268
0	7736
0	7039
0	7732
0	5435
0	7004
1	8192
0	5791
0	4780
0	6376
1	8192
0	5305
0	7898
0	7432
0	6373
0	5564
1	8192
0	4935
0	5404
1	8192
0	4968
0	7078
0	4817
0	6967
1	8192
0	4727
1	8192
1	8192
0	7279
0	5066
0	4798
0	4890
0	7800
1	8192
0	4890
0	6215
0	5202
0	7649
0	7332
0	5472
0	6068
1	8192
0	7517
0	7157
1	8192
1	8192
0	5400
0	6633
1	8192
1	8192
1	8192
0	6836
0	6156
0	6150
0	5455
1	8192
0	5136
0	5812
0	7489
0	5961
1	8192
0	7951
0	4642
0	5330
0	5631
1	8192
1	8192
1	8192
0	6534
0	6808
3	8192
1	8192
0	5612
0	5138
1	8192
0	5539
0	4669
0	5404
0	7088
