#SA random K-SAT
#N=131072  nIter=4096  alpha=3.85   NSamples=9996
#av(e)	0.8286314525810324
#std(e)	0.009219677062589157
1	4096
2	4096
0	3765
0	3955
0	2927
2	4096
0	3074
0	3530
1	4096
3	4096
2	4096
0	3568
0	3588
2	4096
0	2629
2	4096
3	4096
1	4096
2	4096
0	3361
0	3163
1	4096
0	3841
1	4096
4	4096
1	4096
0	3934
0	4031
0	2671
1	4096
0	3621
1	4096
1	4096
2	4096
0	2595
1	4096
0	3507
1	4096
0	2658
1	4096
2	4096
0	3505
0	3199
1	4096
0	3830
0	3232
1	4096
1	4096
2	4096
0	2828
2	4096
4	4096
1	4096
0	2729
2	4096
2	4096
1	4096
1	4096
0	3989
0	2563
1	4096
0	3863
0	4011
0	3236
0	3423
2	4096
1	4096
2	4096
2	4096
0	3241
2	4096
1	4096
1	4096
1	4096
2	4096
0	2963
0	3181
1	4096
2	4096
2	4096
0	3145
2	4096
0	3274
3	4096
2	4096
1	4096
0	4008
2	4096
1	4096
2	4096
2	4096
0	3449
3	4096
2	4096
0	3521
0	3774
0	3458
2	4096
0	3081
0	3725
0	3784
0	2659
0	3406
1	4096
1	4096
1	4096
0	3684
1	4096
1	4096
2	4096
1	4096
1	4096
0	2564
0	3008
0	2817
0	3765
0	3023
0	3211
1	4096
1	4096
0	2858
0	3615
0	3808
2	4096
1	4096
0	2890
0	3113
2	4096
0	3038
1	4096
1	4096
1	4096
2	4096
0	3793
3	4096
0	3063
0	3725
1	4096
1	4096
1	4096
1	4096
0	3740
1	4096
0	4085
0	3028
0	3124
0	3054
3	4096
0	3008
0	4057
0	2929
2	4096
0	3950
1	4096
1	4096
1	4096
1	4096
2	4096
1	4096
3	4096
0	3353
0	3913
0	3177
2	4096
2	4096
2	4096
1	4096
0	3359
2	4096
2	4096
1	4096
0	3535
0	3590
2	4096
1	4096
0	3062
0	3431
1	4096
0	3720
2	4096
2	4096
1	4096
0	3556
0	3626
1	4096
1	4096
2	4096
1	4096
1	4096
1	4096
0	3453
0	2875
1	4096
0	3847
2	4096
1	4096
1	4096
0	3581
1	4096
4	4096
0	3706
1	4096
0	3832
1	4096
2	4096
0	3302
0	3838
0	3555
0	3092
3	4096
0	3444
1	4096
1	4096
0	3531
1	4096
0	3243
2	4096
0	3136
2	4096
2	4096
0	2359
0	3649
0	2878
1	4096
0	3517
0	2588
1	4096
0	3866
0	3079
1	4096
1	4096
0	3601
1	4096
1	4096
1	4096
0	2512
0	3267
0	4030
2	4096
2	4096
1	4096
1	4096
0	2865
2	4096
0	3075
0	2977
0	3281
2	4096
1	4096
1	4096
0	3980
0	3012
0	2682
0	3219
1	4096
0	3396
2	4096
1	4096
1	4096
0	3708
0	3909
0	4042
0	3143
1	4096
1	4096
2	4096
0	2861
0	4086
1	4096
1	4096
1	4096
1	4096
1	4096
0	3095
2	4096
1	4096
4	4096
1	4096
0	2735
2	4096
2	4096
0	3483
0	3448
1	4096
1	4096
1	4096
2	4096
1	4096
1	4096
0	3575
1	4096
0	3819
2	4096
0	3195
1	4096
2	4096
0	2916
0	3792
0	3171
1	4096
1	4096
1	4096
1	4096
3	4096
1	4096
1	4096
2	4096
1	4096
0	3439
1	4096
1	4096
1	4096
2	4096
0	3364
0	4076
1	4096
1	4096
2	4096
1	4096
0	3121
1	4096
2	4096
1	4096
0	3306
0	3198
2	4096
1	4096
1	4096
0	4001
1	4096
1	4096
1	4096
1	4096
1	4096
0	3595
0	3349
0	3059
2	4096
2	4096
0	2988
0	3339
0	3994
4	4096
0	2640
2	4096
0	4035
1	4096
0	3184
1	4096
1	4096
0	3700
0	3005
0	3985
1	4096
2	4096
1	4096
2	4096
0	3356
2	4096
1	4096
0	3538
0	2808
1	4096
1	4096
0	2735
0	3025
0	3405
1	4096
2	4096
0	2658
2	4096
0	3529
0	2879
2	4096
0	3026
0	3449
0	2721
1	4096
0	3460
0	3891
0	3013
0	3502
0	2836
1	4096
0	2958
0	3315
1	4096
0	3626
1	4096
1	4096
0	3782
1	4096
0	2967
1	4096
1	4096
1	4096
0	3753
1	4096
0	3716
0	3749
0	3799
0	3610
0	2667
0	3211
0	3291
2	4096
0	3175
3	4096
1	4096
0	3300
1	4096
0	3449
0	3205
0	4025
1	4096
1	4096
0	3078
0	3815
0	2933
0	3879
0	3389
1	4096
1	4096
0	3155
0	2779
0	3860
1	4096
0	3715
0	3619
2	4096
1	4096
0	3699
1	4096
0	3729
0	3770
3	4096
0	3133
0	3534
0	3177
1	4096
0	3347
0	3675
2	4096
0	3585
0	3097
1	4096
1	4096
1	4096
0	3264
1	4096
0	3204
1	4096
1	4096
0	4007
1	4096
2	4096
0	3734
1	4096
0	3631
0	3955
1	4096
0	4010
0	3620
0	3865
1	4096
0	3185
0	3048
0	3773
0	2741
1	4096
0	3403
1	4096
1	4096
0	2899
1	4096
1	4096
0	2827
0	2826
1	4096
0	3620
0	2859
2	4096
0	3184
1	4096
2	4096
1	4096
0	2772
2	4096
2	4096
1	4096
0	3719
0	3262
0	3322
0	2647
1	4096
0	3809
0	3055
0	3586
1	4096
1	4096
2	4096
2	4096
0	2985
1	4096
0	3798
0	4017
0	3192
1	4096
0	3224
0	3252
2	4096
0	3542
0	3127
2	4096
1	4096
3	4096
0	2811
3	4096
0	3877
1	4096
6	4096
2	4096
0	3737
1	4096
0	2936
0	2716
0	2670
2	4096
3	4096
0	3843
1	4096
1	4096
0	2951
0	3260
0	3279
0	3031
0	3440
0	3444
3	4096
0	2938
0	4076
1	4096
0	2752
1	4096
1	4096
1	4096
0	2948
1	4096
1	4096
2	4096
0	2550
1	4096
0	3647
0	3291
1	4096
1	4096
2	4096
0	3576
1	4096
0	3599
0	2727
0	3252
0	3354
1	4096
1	4096
2	4096
1	4096
0	2646
1	4096
0	3405
2	4096
0	3821
1	4096
1	4096
1	4096
0	2860
0	3085
0	3724
3	4096
2	4096
0	3341
1	4096
1	4096
3	4096
0	2283
0	4058
0	2955
1	4096
0	3526
1	4096
0	3080
0	3557
1	4096
2	4096
1	4096
0	2425
0	3154
1	4096
0	3555
0	3725
0	3687
0	3891
1	4096
1	4096
0	2852
0	3533
1	4096
1	4096
1	4096
1	4096
0	2912
1	4096
0	2579
0	3429
0	2805
0	2623
0	3706
3	4096
1	4096
1	4096
1	4096
1	4096
1	4096
0	3855
0	3636
2	4096
0	3402
0	3889
0	3721
0	3212
0	3816
1	4096
2	4096
2	4096
1	4096
2	4096
1	4096
0	2682
0	2918
1	4096
0	3221
0	3686
1	4096
0	3736
1	4096
0	3532
0	3972
0	3210
2	4096
1	4096
1	4096
1	4096
1	4096
2	4096
0	2931
3	4096
1	4096
0	3972
0	2875
1	4096
1	4096
1	4096
1	4096
0	4067
0	2716
0	3525
1	4096
0	3224
0	3987
2	4096
2	4096
1	4096
0	3669
0	3626
1	4096
1	4096
2	4096
1	4096
0	3593
1	4096
0	3996
0	3798
0	3246
2	4096
0	2820
1	4096
1	4096
1	4096
0	2979
0	3761
0	3021
1	4096
3	4096
1	4096
1	4096
0	2650
1	4096
0	2665
0	3742
1	4096
0	3537
1	4096
2	4096
1	4096
1	4096
0	3126
1	4096
0	3360
1	4096
0	2874
0	2820
0	3016
0	3906
2	4096
1	4096
0	2692
2	4096
2	4096
2	4096
0	2757
0	3201
1	4096
0	3324
0	2471
0	3341
1	4096
0	3515
0	3476
1	4096
1	4096
0	3437
1	4096
0	3624
0	3610
1	4096
2	4096
2	4096
1	4096
1	4096
3	4096
1	4096
2	4096
2	4096
0	3847
2	4096
0	3536
0	2910
2	4096
0	3147
1	4096
0	3254
0	3454
0	3219
0	2700
1	4096
0	2568
0	3311
0	3929
2	4096
1	4096
0	3672
0	3440
0	2770
2	4096
1	4096
3	4096
0	3777
1	4096
1	4096
0	3842
1	4096
1	4096
0	3829
1	4096
2	4096
1	4096
0	3593
1	4096
0	3457
2	4096
0	4085
0	3931
1	4096
2	4096
0	4056
1	4096
1	4096
5	4096
1	4096
0	3959
0	3916
1	4096
3	4096
0	3110
0	2507
1	4096
0	2952
0	3664
1	4096
0	2890
1	4096
0	4022
1	4096
1	4096
1	4096
1	4096
4	4096
1	4096
1	4096
1	4096
1	4096
0	3689
1	4096
0	3363
2	4096
0	3802
0	3977
0	3678
2	4096
1	4096
1	4096
0	3193
0	3159
2	4096
1	4096
3	4096
0	3748
1	4096
0	3779
1	4096
0	3324
0	2570
0	2730
0	3768
0	2990
0	4058
1	4096
0	2820
1	4096
1	4096
2	4096
3	4096
0	3690
1	4096
2	4096
1	4096
1	4096
1	4096
0	2747
1	4096
1	4096
1	4096
0	4006
0	3778
1	4096
0	3228
1	4096
1	4096
0	3228
0	3113
1	4096
0	3492
0	2921
1	4096
1	4096
0	3532
0	3519
2	4096
0	3383
0	3747
2	4096
1	4096
1	4096
0	3608
1	4096
1	4096
0	2750
1	4096
2	4096
2	4096
0	3759
3	4096
2	4096
0	2987
0	3724
0	2888
1	4096
0	3068
2	4096
0	4046
0	3357
1	4096
3	4096
0	3958
0	3668
1	4096
0	3206
1	4096
1	4096
1	4096
0	3759
0	3109
1	4096
0	2520
1	4096
1	4096
2	4096
0	4002
0	2763
0	3516
1	4096
0	3030
1	4096
0	3515
0	2722
1	4096
2	4096
0	3682
0	2854
0	3430
2	4096
1	4096
1	4096
0	3288
0	3551
1	4096
0	3583
0	3270
1	4096
0	3613
2	4096
2	4096
1	4096
1	4096
0	2453
1	4096
0	3723
1	4096
0	3594
1	4096
0	4083
1	4096
0	2884
0	3951
0	2845
1	4096
0	2544
0	2730
2	4096
0	2826
2	4096
1	4096
1	4096
0	2885
0	4086
1	4096
1	4096
0	2799
0	2528
0	2747
0	2505
1	4096
2	4096
0	2570
0	3198
0	3678
1	4096
1	4096
0	2790
1	4096
0	3586
2	4096
0	2318
1	4096
0	2311
1	4096
0	3551
3	4096
1	4096
0	3105
0	3627
2	4096
2	4096
0	2571
1	4096
0	3325
0	3784
0	2983
0	3493
0	3435
0	3382
0	2827
0	3912
1	4096
1	4096
0	3348
0	3857
0	3824
4	4096
2	4096
1	4096
0	3430
0	2641
0	3121
0	2846
1	4096
0	2990
3	4096
1	4096
0	3498
0	3420
0	3224
1	4096
1	4096
0	2866
0	3164
2	4096
0	3597
0	2553
3	4096
0	2699
0	3533
1	4096
1	4096
0	4052
1	4096
1	4096
1	4096
1	4096
0	3447
0	3160
1	4096
0	3504
1	4096
3	4096
2	4096
1	4096
3	4096
0	3617
2	4096
0	3218
2	4096
0	3127
0	3351
1	4096
1	4096
1	4096
0	2944
0	3506
0	3186
0	3057
0	3339
2	4096
0	3074
0	4027
1	4096
0	3212
1	4096
1	4096
2	4096
0	2774
2	4096
1	4096
0	2444
0	2659
1	4096
1	4096
2	4096
0	3902
1	4096
0	3738
1	4096
0	3393
2	4096
1	4096
1	4096
1	4096
2	4096
0	3604
1	4096
0	2939
1	4096
0	3697
0	2626
1	4096
2	4096
1	4096
0	2731
2	4096
1	4096
1	4096
0	2991
2	4096
2	4096
1	4096
1	4096
1	4096
2	4096
1	4096
0	3490
2	4096
0	3445
3	4096
0	3815
1	4096
0	3104
2	4096
1	4096
0	2369
1	4096
4	4096
2	4096
0	3019
0	2698
1	4096
0	3641
2	4096
1	4096
2	4096
1	4096
2	4096
1	4096
0	3154
2	4096
2	4096
0	3944
1	4096
1	4096
3	4096
0	3336
0	3226
0	3684
2	4096
2	4096
2	4096
0	3442
1	4096
1	4096
1	4096
0	3661
0	4036
2	4096
1	4096
1	4096
2	4096
0	3968
0	3804
3	4096
3	4096
0	3261
2	4096
0	3230
0	4027
1	4096
0	3003
0	3217
1	4096
2	4096
0	2794
1	4096
1	4096
0	2974
1	4096
0	3353
1	4096
0	2833
2	4096
0	3669
0	2306
1	4096
0	3121
0	4026
0	2742
1	4096
1	4096
0	3759
1	4096
1	4096
1	4096
2	4096
2	4096
0	3083
0	3592
1	4096
1	4096
0	2867
0	3979
0	3594
2	4096
0	2961
0	3450
0	3381
1	4096
0	3079
0	3856
2	4096
1	4096
2	4096
0	3460
0	2706
3	4096
0	3288
2	4096
1	4096
1	4096
2	4096
0	3077
1	4096
1	4096
0	4067
3	4096
0	2906
1	4096
0	3529
0	2841
1	4096
0	3706
0	3954
2	4096
0	2802
0	3040
0	2739
0	2897
0	3228
1	4096
2	4096
1	4096
0	3623
0	3661
0	2345
1	4096
1	4096
0	3209
0	2596
1	4096
1	4096
0	3390
0	3941
0	3821
0	2783
0	3276
1	4096
1	4096
0	2501
0	4077
2	4096
2	4096
1	4096
1	4096
0	3052
2	4096
1	4096
1	4096
0	3959
1	4096
0	3407
1	4096
0	3711
3	4096
0	3379
2	4096
0	2924
0	3651
1	4096
0	2492
0	4029
0	3049
0	3965
1	4096
1	4096
1	4096
0	3985
1	4096
2	4096
4	4096
1	4096
0	3011
2	4096
4	4096
0	2681
0	3700
1	4096
0	2660
3	4096
0	3122
1	4096
0	2447
0	3470
0	3547
2	4096
0	3134
2	4096
0	3077
2	4096
1	4096
1	4096
0	3582
3	4096
2	4096
0	2571
1	4096
0	3230
1	4096
2	4096
0	3172
0	3138
0	4013
1	4096
1	4096
1	4096
1	4096
0	2761
0	2656
0	2550
2	4096
1	4096
0	3031
1	4096
0	4070
2	4096
2	4096
1	4096
1	4096
2	4096
0	3134
0	3392
2	4096
1	4096
1	4096
0	2535
0	2592
1	4096
1	4096
1	4096
0	3050
2	4096
0	3915
1	4096
1	4096
1	4096
1	4096
0	3935
0	2821
1	4096
0	3300
0	3030
0	3667
1	4096
1	4096
0	2791
1	4096
0	3254
1	4096
1	4096
2	4096
0	3084
0	2786
1	4096
0	3372
1	4096
1	4096
1	4096
0	3669
1	4096
2	4096
0	2779
0	2466
1	4096
1	4096
0	3231
0	3826
1	4096
1	4096
2	4096
1	4096
0	3886
5	4096
2	4096
3	4096
1	4096
1	4096
1	4096
1	4096
1	4096
0	3885
0	2703
2	4096
2	4096
0	3655
0	2509
2	4096
0	2806
0	3857
0	3112
1	4096
1	4096
0	3981
0	3160
1	4096
0	2520
0	2363
3	4096
2	4096
0	2645
0	3744
2	4096
0	3144
0	3949
2	4096
0	3507
5	4096
0	3815
0	3870
1	4096
2	4096
0	3075
1	4096
1	4096
1	4096
3	4096
0	3040
2	4096
0	3199
2	4096
1	4096
1	4096
1	4096
0	3942
1	4096
1	4096
1	4096
0	3014
1	4096
2	4096
0	3416
0	3335
0	4002
1	4096
2	4096
2	4096
1	4096
1	4096
4	4096
1	4096
0	2665
0	4084
1	4096
2	4096
0	3366
1	4096
0	3874
0	2335
0	3844
0	3347
1	4096
1	4096
1	4096
1	4096
2	4096
0	3939
0	3374
0	3329
2	4096
0	3474
1	4096
2	4096
0	4071
0	3926
2	4096
2	4096
1	4096
1	4096
3	4096
0	3027
0	3312
2	4096
1	4096
2	4096
0	3160
0	2518
1	4096
1	4096
2	4096
0	3047
0	3737
3	4096
2	4096
1	4096
1	4096
1	4096
1	4096
1	4096
0	3849
1	4096
2	4096
2	4096
0	3755
0	3880
0	3513
2	4096
0	3358
1	4096
1	4096
1	4096
1	4096
1	4096
0	3444
1	4096
1	4096
2	4096
1	4096
0	3359
4	4096
5	4096
0	3566
1	4096
1	4096
1	4096
1	4096
4	4096
0	3360
1	4096
1	4096
1	4096
0	3692
0	2705
0	3587
2	4096
1	4096
2	4096
0	2758
1	4096
2	4096
0	2632
1	4096
1	4096
2	4096
0	2793
2	4096
2	4096
1	4096
1	4096
2	4096
1	4096
1	4096
0	2663
0	3778
2	4096
0	4095
0	2988
2	4096
0	4043
0	3385
0	3423
1	4096
2	4096
1	4096
0	3856
1	4096
2	4096
0	3396
3	4096
1	4096
0	3901
0	3439
2	4096
0	3540
2	4096
2	4096
3	4096
1	4096
1	4096
0	3508
0	3295
1	4096
0	3050
0	3364
0	3774
1	4096
1	4096
0	3155
0	4068
0	3704
2	4096
0	3242
1	4096
1	4096
2	4096
0	2671
0	3212
0	3197
1	4096
0	3299
2	4096
0	3463
0	2804
4	4096
2	4096
0	2940
2	4096
0	3705
1	4096
0	3183
0	3243
2	4096
1	4096
0	2948
1	4096
2	4096
0	3012
1	4096
1	4096
3	4096
0	3003
2	4096
0	2690
2	4096
1	4096
0	2708
1	4096
2	4096
2	4096
0	2569
2	4096
0	3119
0	2877
2	4096
0	3353
1	4096
1	4096
1	4096
1	4096
0	3665
2	4096
0	3291
0	3419
0	2909
0	3546
0	2721
1	4096
2	4096
2	4096
2	4096
0	3465
0	2985
0	3674
1	4096
2	4096
0	3920
1	4096
1	4096
5	4096
1	4096
0	3333
2	4096
2	4096
2	4096
0	3048
2	4096
2	4096
2	4096
0	4014
0	3593
1	4096
0	3747
1	4096
2	4096
0	3225
0	3268
1	4096
1	4096
0	2473
0	3336
1	4096
3	4096
1	4096
1	4096
1	4096
4	4096
0	3957
1	4096
0	3467
0	3348
1	4096
0	2751
1	4096
1	4096
2	4096
2	4096
0	2865
1	4096
2	4096
1	4096
1	4096
1	4096
0	3377
3	4096
0	3364
0	3549
1	4096
0	3285
2	4096
1	4096
2	4096
0	3994
0	3442
0	3317
2	4096
1	4096
1	4096
1	4096
0	3070
0	3460
1	4096
1	4096
1	4096
0	3626
0	4049
0	3500
0	3833
0	3375
1	4096
0	3481
2	4096
0	2526
2	4096
0	3376
2	4096
1	4096
1	4096
0	3598
0	3284
0	2625
1	4096
2	4096
0	2985
0	4007
2	4096
1	4096
1	4096
1	4096
1	4096
0	3956
1	4096
0	3661
1	4096
1	4096
0	3195
0	3195
1	4096
0	2673
1	4096
1	4096
2	4096
0	2526
1	4096
2	4096
1	4096
2	4096
0	3078
4	4096
1	4096
0	3076
2	4096
1	4096
0	4009
0	2807
2	4096
1	4096
0	3142
0	4067
0	3474
2	4096
0	3327
0	3498
0	2951
2	4096
0	3314
0	3864
0	3913
1	4096
0	3487
0	3135
2	4096
1	4096
0	3473
2	4096
0	2634
1	4096
1	4096
0	2987
1	4096
0	4080
1	4096
1	4096
3	4096
2	4096
2	4096
2	4096
1	4096
0	3489
0	3869
0	4095
1	4096
1	4096
1	4096
2	4096
1	4096
0	3932
3	4096
1	4096
0	3888
1	4096
0	3406
1	4096
0	3647
0	3519
1	4096
0	2937
1	4096
3	4096
0	3360
1	4096
0	3151
0	2956
0	2589
1	4096
1	4096
0	3854
0	3329
0	3199
1	4096
1	4096
3	4096
1	4096
1	4096
0	2959
0	3471
0	3315
0	3452
0	3586
1	4096
1	4096
1	4096
0	3849
1	4096
1	4096
0	3406
0	3483
3	4096
1	4096
1	4096
1	4096
4	4096
1	4096
1	4096
1	4096
1	4096
0	3914
0	2655
1	4096
1	4096
1	4096
6	4096
0	2813
1	4096
2	4096
2	4096
1	4096
1	4096
0	3914
1	4096
0	2800
0	3761
0	3432
1	4096
2	4096
1	4096
1	4096
1	4096
1	4096
0	3904
2	4096
1	4096
1	4096
0	2589
0	3111
1	4096
2	4096
0	2649
1	4096
2	4096
0	3217
0	3800
1	4096
0	3559
0	2581
1	4096
2	4096
1	4096
0	2647
0	3604
0	3845
0	3352
0	3483
0	3994
0	2405
0	2644
0	3521
3	4096
0	3138
1	4096
0	2771
0	3450
0	2895
0	3768
1	4096
1	4096
0	4006
0	4034
2	4096
2	4096
2	4096
0	3762
0	3510
2	4096
0	4006
1	4096
1	4096
1	4096
0	2561
2	4096
0	3855
0	3237
0	3279
0	2972
2	4096
1	4096
0	2934
3	4096
2	4096
3	4096
1	4096
1	4096
2	4096
1	4096
1	4096
1	4096
1	4096
1	4096
1	4096
0	3080
1	4096
1	4096
0	3545
2	4096
0	3502
0	3812
1	4096
2	4096
0	2600
0	3732
0	2852
2	4096
0	2582
2	4096
0	3932
2	4096
1	4096
0	3440
0	3777
1	4096
1	4096
0	3697
1	4096
0	2872
1	4096
4	4096
0	2790
0	4032
2	4096
0	3446
1	4096
0	3117
0	3140
1	4096
1	4096
1	4096
3	4096
0	3809
1	4096
1	4096
0	2810
0	3786
2	4096
1	4096
0	4042
1	4096
1	4096
1	4096
0	3341
0	4028
0	2421
0	3564
1	4096
1	4096
1	4096
0	3770
3	4096
2	4096
1	4096
1	4096
0	2881
3	4096
3	4096
1	4096
1	4096
2	4096
0	3065
2	4096
1	4096
3	4096
2	4096
0	3295
1	4096
1	4096
2	4096
1	4096
0	2710
1	4096
1	4096
0	3257
0	3119
1	4096
1	4096
1	4096
1	4096
2	4096
1	4096
1	4096
0	3394
1	4096
0	3470
0	3186
3	4096
0	3722
1	4096
1	4096
1	4096
0	3357
3	4096
1	4096
2	4096
1	4096
1	4096
0	2818
2	4096
0	2746
1	4096
0	3311
0	3179
0	3564
1	4096
1	4096
1	4096
0	2284
1	4096
1	4096
2	4096
0	2814
1	4096
0	3022
0	3788
0	3677
0	3568
0	4062
1	4096
0	3870
1	4096
0	3806
1	4096
0	3688
0	3990
1	4096
0	3889
0	2952
0	3533
0	3824
1	4096
1	4096
1	4096
1	4096
0	3288
0	3120
0	3489
0	2933
0	2874
1	4096
0	2999
0	2839
0	3615
1	4096
0	3314
0	3467
0	3466
0	3199
0	2718
1	4096
0	3738
1	4096
2	4096
0	2969
3	4096
0	3190
0	3444
1	4096
3	4096
1	4096
2	4096
1	4096
1	4096
0	3667
0	2906
0	3515
2	4096
0	2951
1	4096
1	4096
2	4096
0	3993
2	4096
0	2947
1	4096
1	4096
1	4096
0	3206
1	4096
0	4014
1	4096
2	4096
2	4096
0	3801
0	3402
0	3110
2	4096
0	4004
1	4096
1	4096
1	4096
3	4096
0	3483
0	3602
2	4096
1	4096
1	4096
0	3294
0	2494
0	3198
0	3351
1	4096
2	4096
3	4096
2	4096
1	4096
3	4096
0	3877
0	3931
0	2997
0	3523
0	3700
1	4096
0	3028
2	4096
1	4096
1	4096
0	2923
3	4096
0	3465
0	3947
2	4096
1	4096
0	3471
2	4096
0	3852
0	3849
1	4096
0	2605
1	4096
1	4096
0	3306
0	3364
0	3497
1	4096
1	4096
0	2890
1	4096
0	3885
1	4096
1	4096
0	2470
0	4060
0	3772
1	4096
0	2524
2	4096
1	4096
1	4096
1	4096
4	4096
1	4096
2	4096
0	3619
2	4096
2	4096
2	4096
1	4096
2	4096
0	2749
2	4096
2	4096
1	4096
2	4096
1	4096
0	2547
2	4096
4	4096
3	4096
2	4096
0	3291
1	4096
2	4096
0	3219
3	4096
1	4096
3	4096
0	4090
0	3137
0	2445
0	2864
0	3862
0	3613
1	4096
1	4096
0	3808
2	4096
0	2420
0	3287
0	3896
0	3162
0	2804
3	4096
0	3266
2	4096
0	2600
0	3840
1	4096
0	2466
1	4096
1	4096
0	2931
0	3429
0	3453
0	3769
1	4096
0	2442
1	4096
1	4096
1	4096
2	4096
1	4096
0	3555
0	3688
0	3607
2	4096
0	3963
1	4096
0	4082
1	4096
1	4096
0	3308
0	3090
0	4083
0	2858
2	4096
1	4096
2	4096
0	3961
0	3495
0	4077
1	4096
0	3008
1	4096
0	3698
0	3339
1	4096
0	2583
2	4096
1	4096
0	3287
2	4096
0	3191
0	2801
0	2946
3	4096
1	4096
0	3268
1	4096
0	2690
0	3535
0	3295
0	2677
1	4096
0	3265
0	2477
1	4096
1	4096
2	4096
1	4096
2	4096
1	4096
0	3655
1	4096
1	4096
1	4096
3	4096
1	4096
0	2691
0	3623
1	4096
0	2805
2	4096
0	3801
0	3474
1	4096
1	4096
1	4096
1	4096
1	4096
1	4096
0	3432
1	4096
0	3250
1	4096
1	4096
0	2860
0	3164
1	4096
3	4096
0	2937
2	4096
1	4096
0	3805
0	3055
3	4096
0	3822
2	4096
0	3991
1	4096
1	4096
0	3019
0	3868
0	3291
2	4096
0	3399
0	3538
1	4096
1	4096
1	4096
0	3581
2	4096
1	4096
4	4096
1	4096
1	4096
0	3942
1	4096
0	2989
1	4096
0	3545
1	4096
0	2243
1	4096
0	3405
0	4063
1	4096
0	2790
0	2794
0	2471
2	4096
1	4096
2	4096
0	2772
0	2967
1	4096
0	3501
1	4096
2	4096
1	4096
1	4096
2	4096
2	4096
2	4096
0	2939
0	3326
1	4096
1	4096
0	3451
2	4096
2	4096
1	4096
0	2859
1	4096
2	4096
0	2335
0	3587
2	4096
1	4096
0	2759
0	3095
0	3891
2	4096
1	4096
1	4096
0	3673
0	3271
0	3130
1	4096
0	3208
2	4096
1	4096
1	4096
1	4096
0	2495
0	3269
0	3965
1	4096
0	3116
1	4096
1	4096
2	4096
0	3267
1	4096
3	4096
2	4096
0	3252
1	4096
2	4096
0	3532
1	4096
0	3522
0	3835
0	3512
1	4096
1	4096
2	4096
1	4096
0	3492
2	4096
2	4096
0	3989
2	4096
0	3658
1	4096
1	4096
0	3082
0	2971
0	2539
0	3754
1	4096
1	4096
0	3669
0	3549
1	4096
3	4096
1	4096
0	3647
1	4096
3	4096
0	3984
0	4019
0	2975
0	2835
2	4096
1	4096
2	4096
1	4096
0	3659
0	3042
1	4096
1	4096
0	2554
0	2520
1	4096
1	4096
2	4096
0	3597
2	4096
0	3968
1	4096
2	4096
0	4092
3	4096
0	2698
0	2488
1	4096
0	2940
2	4096
1	4096
0	3879
0	3478
0	2387
1	4096
2	4096
1	4096
0	3488
2	4096
3	4096
2	4096
0	2773
0	3021
1	4096
1	4096
0	2470
0	2931
0	2848
0	3991
1	4096
1	4096
0	3359
0	3478
1	4096
2	4096
0	3524
0	3958
2	4096
0	3832
0	2459
2	4096
1	4096
1	4096
0	2588
0	3719
1	4096
2	4096
0	4017
1	4096
0	3519
1	4096
0	2952
0	3532
1	4096
0	3450
1	4096
0	3398
0	3306
0	3415
0	3242
0	3587
1	4096
4	4096
1	4096
1	4096
1	4096
0	4048
1	4096
1	4096
0	3615
0	3327
0	2675
1	4096
0	3773
2	4096
0	2614
4	4096
1	4096
2	4096
0	4037
0	3788
2	4096
0	2703
1	4096
2	4096
1	4096
1	4096
0	3354
0	3625
0	2993
1	4096
0	3045
0	3337
2	4096
1	4096
1	4096
2	4096
3	4096
2	4096
2	4096
1	4096
0	3164
0	3903
1	4096
0	3267
1	4096
3	4096
0	3970
0	3182
3	4096
1	4096
1	4096
1	4096
0	3574
1	4096
0	4080
1	4096
1	4096
1	4096
2	4096
1	4096
0	2783
1	4096
0	2843
0	3519
0	3440
0	3905
0	3399
0	3821
1	4096
0	3446
0	3834
2	4096
0	3804
1	4096
0	3670
0	3940
2	4096
2	4096
0	3778
1	4096
4	4096
1	4096
0	2814
3	4096
0	3990
0	3409
1	4096
0	4085
0	3532
1	4096
1	4096
1	4096
3	4096
1	4096
2	4096
1	4096
0	2515
1	4096
0	2626
1	4096
1	4096
1	4096
1	4096
0	2851
1	4096
0	3467
1	4096
3	4096
2	4096
0	2989
1	4096
1	4096
1	4096
0	3770
1	4096
1	4096
1	4096
1	4096
0	3248
0	3578
0	3388
2	4096
2	4096
1	4096
0	3537
0	2936
0	2610
2	4096
0	3365
2	4096
0	2801
1	4096
1	4096
1	4096
0	3341
1	4096
0	3226
2	4096
1	4096
0	2717
1	4096
0	3984
1	4096
0	3308
0	3257
0	3463
1	4096
0	2995
0	2620
1	4096
1	4096
2	4096
0	3204
2	4096
0	3577
1	4096
2	4096
2	4096
1	4096
2	4096
3	4096
1	4096
0	3614
1	4096
0	3006
1	4096
1	4096
1	4096
1	4096
0	2900
0	3077
1	4096
1	4096
4	4096
1	4096
0	3929
0	2285
0	3783
0	2863
1	4096
2	4096
0	3338
0	3212
0	4076
2	4096
1	4096
1	4096
4	4096
1	4096
0	2741
0	2833
1	4096
0	3113
1	4096
0	2511
3	4096
1	4096
0	3443
0	3792
0	2701
1	4096
0	3408
0	3609
1	4096
0	3799
2	4096
1	4096
0	3579
0	3972
2	4096
0	3627
1	4096
0	3262
1	4096
0	3491
2	4096
0	4009
2	4096
0	3899
0	4078
1	4096
0	3174
0	2809
0	3796
0	3375
0	3508
4	4096
3	4096
2	4096
1	4096
1	4096
0	3241
1	4096
1	4096
0	2999
0	2877
0	3298
0	3187
0	2942
1	4096
1	4096
0	4030
0	3079
1	4096
0	3649
1	4096
2	4096
0	3861
1	4096
1	4096
1	4096
0	3600
1	4096
2	4096
1	4096
1	4096
1	4096
2	4096
0	2463
0	3067
0	3782
0	3755
1	4096
1	4096
0	3896
2	4096
1	4096
1	4096
0	2929
2	4096
1	4096
2	4096
3	4096
0	3379
2	4096
2	4096
1	4096
2	4096
0	2758
3	4096
2	4096
2	4096
0	3923
0	2752
0	3042
0	2456
1	4096
2	4096
0	3188
0	3126
1	4096
4	4096
1	4096
0	3129
0	3810
1	4096
0	3090
0	3008
1	4096
1	4096
1	4096
0	3924
0	3588
1	4096
0	3335
0	4050
0	3881
2	4096
3	4096
1	4096
0	3478
1	4096
1	4096
2	4096
0	2874
1	4096
1	4096
0	3489
0	3524
2	4096
1	4096
1	4096
1	4096
0	3478
4	4096
0	2721
0	3589
3	4096
0	2959
1	4096
0	3735
1	4096
1	4096
0	2632
1	4096
1	4096
2	4096
0	3827
0	2494
0	3408
0	3148
1	4096
1	4096
1	4096
2	4096
0	3397
0	3340
1	4096
0	2909
0	3159
4	4096
0	3736
0	3327
0	2674
0	3303
0	3263
0	3389
0	3970
2	4096
0	3713
0	3349
1	4096
1	4096
1	4096
0	3987
3	4096
2	4096
1	4096
0	3701
2	4096
0	3721
2	4096
0	3837
1	4096
0	3495
1	4096
2	4096
1	4096
0	3093
1	4096
0	3391
0	3938
1	4096
2	4096
0	3273
0	3006
0	2691
2	4096
2	4096
0	3703
1	4096
0	3401
2	4096
1	4096
0	2910
1	4096
1	4096
0	3634
1	4096
1	4096
1	4096
1	4096
2	4096
0	3835
0	3789
1	4096
1	4096
0	2835
1	4096
1	4096
0	2967
1	4096
0	3016
1	4096
0	3322
1	4096
1	4096
1	4096
0	3092
1	4096
0	3444
2	4096
2	4096
1	4096
0	3436
1	4096
1	4096
2	4096
0	3103
1	4096
1	4096
2	4096
0	3759
0	3117
1	4096
1	4096
2	4096
0	3889
0	3465
1	4096
0	4045
0	3949
2	4096
0	3460
1	4096
0	3388
1	4096
1	4096
0	3038
0	3594
0	3599
0	3284
0	2667
0	3186
0	3273
0	3509
1	4096
0	3108
2	4096
0	3249
0	2840
0	3673
1	4096
0	2350
2	4096
1	4096
0	3434
0	3584
1	4096
0	3970
0	3028
0	2940
1	4096
1	4096
0	2964
1	4096
2	4096
1	4096
3	4096
3	4096
1	4096
0	3934
0	3680
0	3566
3	4096
1	4096
1	4096
0	3225
0	3186
2	4096
0	3942
1	4096
0	3784
1	4096
0	3244
0	3824
1	4096
1	4096
0	3709
1	4096
2	4096
1	4096
2	4096
0	2999
3	4096
0	3602
0	2412
0	3823
0	3540
0	3343
0	3668
0	3267
0	3056
0	2736
3	4096
1	4096
3	4096
2	4096
0	3516
2	4096
0	3589
0	3812
1	4096
0	3536
0	2896
1	4096
0	2437
0	3629
2	4096
0	2842
1	4096
3	4096
1	4096
1	4096
2	4096
0	3980
0	3579
0	3161
1	4096
0	3587
2	4096
2	4096
1	4096
0	3127
1	4096
0	2872
0	3166
2	4096
0	3175
0	3275
0	3949
1	4096
0	3583
1	4096
1	4096
0	3957
1	4096
0	2425
0	3203
0	4057
0	3958
2	4096
1	4096
0	3226
2	4096
0	3482
0	3155
0	3668
0	3593
1	4096
1	4096
0	3079
0	3322
1	4096
2	4096
0	3131
0	3939
0	3347
2	4096
1	4096
0	3781
0	2902
1	4096
1	4096
1	4096
0	4063
0	3612
0	3515
0	3145
1	4096
0	3273
2	4096
3	4096
2	4096
1	4096
1	4096
0	3251
0	2641
1	4096
0	3369
0	3703
0	3818
2	4096
1	4096
0	2925
1	4096
0	4045
1	4096
1	4096
1	4096
1	4096
0	3179
0	3878
1	4096
0	3017
2	4096
1	4096
1	4096
1	4096
0	3760
0	3052
1	4096
0	2751
1	4096
1	4096
0	3285
0	3468
1	4096
1	4096
1	4096
1	4096
1	4096
1	4096
0	3511
1	4096
0	3328
1	4096
0	2906
1	4096
1	4096
0	3000
0	3672
1	4096
0	2742
1	4096
0	2948
3	4096
2	4096
1	4096
1	4096
1	4096
1	4096
1	4096
0	3019
0	2753
0	3927
0	2878
0	3320
0	2449
0	3504
2	4096
0	2930
0	2559
1	4096
0	2772
3	4096
0	2843
0	3108
0	2757
1	4096
2	4096
1	4096
2	4096
1	4096
0	3074
0	2568
1	4096
0	3961
0	2866
1	4096
1	4096
2	4096
2	4096
0	3217
1	4096
2	4096
1	4096
0	3561
1	4096
0	3794
0	2641
0	3995
0	3629
4	4096
0	3566
1	4096
0	4003
0	2939
0	3890
1	4096
0	3942
1	4096
0	2709
1	4096
2	4096
3	4096
0	2858
0	2868
1	4096
0	3993
4	4096
0	2900
0	3357
1	4096
2	4096
0	3871
3	4096
1	4096
1	4096
1	4096
0	2758
1	4096
2	4096
0	2979
1	4096
1	4096
1	4096
0	4038
1	4096
0	2320
1	4096
0	2895
1	4096
1	4096
1	4096
2	4096
0	3993
0	3762
1	4096
0	2866
1	4096
0	4061
1	4096
0	3018
3	4096
0	2827
1	4096
1	4096
2	4096
3	4096
3	4096
1	4096
1	4096
0	3712
0	3713
0	2739
1	4096
0	2717
0	3165
0	3134
0	3457
3	4096
0	3444
1	4096
2	4096
1	4096
0	3569
2	4096
0	3852
3	4096
1	4096
2	4096
0	2973
1	4096
0	2977
1	4096
0	3287
1	4096
2	4096
2	4096
1	4096
1	4096
1	4096
3	4096
1	4096
1	4096
1	4096
1	4096
1	4096
1	4096
3	4096
0	3011
2	4096
0	3357
0	4046
1	4096
0	3964
1	4096
0	3718
1	4096
1	4096
2	4096
0	3012
2	4096
1	4096
1	4096
1	4096
1	4096
0	2885
0	3676
1	4096
2	4096
2	4096
0	2780
0	3626
1	4096
0	3784
1	4096
1	4096
1	4096
1	4096
1	4096
2	4096
0	2656
2	4096
0	3099
0	2452
3	4096
3	4096
0	3015
3	4096
0	3355
1	4096
1	4096
1	4096
0	3565
0	3881
1	4096
0	2810
0	2721
0	2296
1	4096
1	4096
1	4096
1	4096
1	4096
1	4096
0	3132
3	4096
0	3468
0	3225
0	4085
2	4096
2	4096
1	4096
0	3673
0	3929
0	2624
2	4096
1	4096
0	3347
0	3788
0	2360
1	4096
2	4096
0	3539
1	4096
1	4096
0	3421
0	3960
0	2828
0	3545
2	4096
2	4096
0	3944
1	4096
1	4096
0	3285
0	3440
1	4096
2	4096
0	3845
1	4096
1	4096
0	3381
0	3883
0	2377
1	4096
1	4096
1	4096
1	4096
1	4096
0	2941
1	4096
1	4096
0	3902
1	4096
0	3700
0	3131
0	2793
1	4096
1	4096
0	3756
1	4096
0	2871
0	2922
0	3589
1	4096
3	4096
3	4096
2	4096
0	3883
1	4096
1	4096
1	4096
1	4096
0	4054
2	4096
0	2788
2	4096
0	2311
1	4096
0	3349
2	4096
1	4096
2	4096
1	4096
0	2284
0	2830
0	3942
0	3906
0	3044
1	4096
0	3764
2	4096
0	3108
1	4096
1	4096
0	3810
2	4096
1	4096
1	4096
0	3322
0	3284
1	4096
2	4096
1	4096
1	4096
0	3476
0	3484
1	4096
0	3902
0	2663
1	4096
2	4096
0	3932
0	3668
0	3231
2	4096
1	4096
0	3105
4	4096
0	3140
0	3771
0	4037
1	4096
1	4096
1	4096
0	3233
0	3230
0	3570
0	2645
0	3077
4	4096
3	4096
0	2777
0	2980
0	3616
1	4096
1	4096
1	4096
0	3672
1	4096
2	4096
0	3745
0	2878
0	3043
0	3439
0	3007
1	4096
0	4078
0	3016
0	3020
1	4096
0	3353
2	4096
5	4096
1	4096
1	4096
1	4096
1	4096
1	4096
2	4096
0	3361
0	3971
1	4096
0	3921
0	4010
1	4096
0	3127
0	3215
0	2470
0	3721
0	3781
4	4096
1	4096
0	3249
0	4067
1	4096
1	4096
0	3043
1	4096
1	4096
1	4096
3	4096
1	4096
2	4096
2	4096
0	3480
0	3999
2	4096
2	4096
0	3437
0	4049
0	3346
0	3365
0	3776
0	3660
0	3143
1	4096
1	4096
1	4096
0	2753
1	4096
0	2791
0	3170
0	3218
2	4096
2	4096
0	3749
1	4096
0	3676
1	4096
0	3816
1	4096
2	4096
2	4096
0	3932
1	4096
2	4096
0	3629
0	4014
0	2728
0	3023
0	4091
0	2842
0	3098
0	3221
0	3226
0	3119
2	4096
1	4096
0	3565
0	2968
1	4096
0	2920
0	4023
0	2533
0	3178
2	4096
1	4096
1	4096
0	3043
2	4096
1	4096
1	4096
0	3013
0	3144
0	3912
0	3328
1	4096
1	4096
0	2479
0	3531
1	4096
0	2603
1	4096
0	3698
3	4096
0	3826
1	4096
1	4096
1	4096
1	4096
1	4096
1	4096
1	4096
1	4096
1	4096
1	4096
1	4096
0	2432
2	4096
1	4096
2	4096
1	4096
2	4096
0	3390
1	4096
1	4096
1	4096
1	4096
0	3489
0	3825
0	3213
0	2945
2	4096
0	3794
1	4096
1	4096
1	4096
0	2593
0	3064
2	4096
0	2747
2	4096
0	3980
0	4060
0	3921
5	4096
0	3157
1	4096
0	2808
1	4096
0	3485
1	4096
2	4096
1	4096
0	3216
0	3225
0	3622
1	4096
0	3313
2	4096
2	4096
0	3584
0	2344
0	2748
0	2892
2	4096
1	4096
0	2724
2	4096
0	2132
2	4096
1	4096
1	4096
0	3602
0	3516
0	3197
1	4096
0	2747
0	3959
2	4096
1	4096
0	3156
0	3203
0	3235
0	3922
0	3795
2	4096
1	4096
2	4096
0	2550
0	3689
2	4096
1	4096
1	4096
0	2916
1	4096
0	2939
1	4096
0	2843
0	2932
1	4096
0	3640
0	3070
1	4096
3	4096
0	2916
1	4096
2	4096
2	4096
2	4096
0	3952
0	3296
1	4096
1	4096
2	4096
0	2787
1	4096
0	3757
1	4096
0	3543
1	4096
0	3503
3	4096
0	2871
1	4096
0	3727
1	4096
0	3071
1	4096
1	4096
2	4096
2	4096
0	3369
0	2511
0	3373
4	4096
3	4096
0	2638
0	3004
0	3237
1	4096
0	2789
2	4096
1	4096
0	3654
0	2460
2	4096
2	4096
2	4096
0	3461
0	3728
0	2639
3	4096
1	4096
3	4096
0	3150
0	3601
1	4096
1	4096
1	4096
1	4096
0	3191
0	3010
0	3102
0	3588
0	2550
1	4096
1	4096
0	3946
0	2824
0	3428
3	4096
1	4096
1	4096
1	4096
1	4096
2	4096
1	4096
3	4096
1	4096
0	3501
4	4096
1	4096
0	4037
1	4096
2	4096
3	4096
0	2457
0	4071
2	4096
0	3107
4	4096
0	3629
1	4096
1	4096
1	4096
1	4096
0	2517
1	4096
1	4096
1	4096
1	4096
1	4096
0	3191
0	3033
2	4096
1	4096
1	4096
1	4096
0	3274
2	4096
1	4096
1	4096
1	4096
0	3617
1	4096
2	4096
1	4096
1	4096
1	4096
1	4096
0	4035
1	4096
0	4077
0	2801
2	4096
0	3034
0	3586
0	2961
0	3454
0	3313
0	3713
2	4096
2	4096
0	2903
0	2938
3	4096
1	4096
0	3674
1	4096
0	2438
0	3317
1	4096
0	3496
2	4096
1	4096
0	3273
0	3811
0	2510
0	3259
0	2621
1	4096
1	4096
0	3518
0	3900
0	3645
2	4096
0	3887
1	4096
0	3813
1	4096
0	3655
1	4096
0	3408
3	4096
1	4096
0	3202
1	4096
1	4096
0	3889
0	3445
0	2847
1	4096
0	4048
0	2476
0	3535
1	4096
1	4096
0	4064
0	4051
0	3257
0	3342
0	3509
1	4096
1	4096
0	3781
0	3931
1	4096
2	4096
0	3297
1	4096
1	4096
0	2877
0	3191
1	4096
0	3070
1	4096
0	2420
2	4096
1	4096
3	4096
0	3643
1	4096
3	4096
2	4096
2	4096
1	4096
1	4096
1	4096
1	4096
0	2420
0	2854
0	3798
1	4096
0	2945
1	4096
0	3709
2	4096
0	3065
1	4096
0	3445
2	4096
1	4096
1	4096
0	3684
0	3623
3	4096
1	4096
0	3861
2	4096
1	4096
1	4096
3	4096
2	4096
1	4096
0	3474
1	4096
1	4096
2	4096
1	4096
0	4024
1	4096
1	4096
1	4096
1	4096
0	3450
0	3875
3	4096
0	3032
0	3783
1	4096
1	4096
1	4096
3	4096
0	4008
2	4096
0	3667
0	3454
1	4096
0	3759
2	4096
0	2999
2	4096
1	4096
2	4096
0	2761
0	3978
3	4096
3	4096
1	4096
2	4096
0	3002
2	4096
2	4096
2	4096
1	4096
0	3819
1	4096
0	3407
1	4096
1	4096
0	3777
1	4096
0	3774
1	4096
0	4079
0	3918
0	3783
1	4096
2	4096
0	3805
1	4096
2	4096
0	3573
0	3425
2	4096
1	4096
0	3495
1	4096
2	4096
1	4096
3	4096
2	4096
0	3090
1	4096
0	3538
2	4096
2	4096
0	4057
0	3103
0	3430
1	4096
1	4096
0	3238
0	3622
1	4096
1	4096
2	4096
0	2548
2	4096
0	3534
2	4096
0	2559
0	2932
3	4096
0	3139
0	3346
1	4096
0	3117
1	4096
0	3793
0	2943
0	4044
1	4096
0	3933
1	4096
1	4096
0	3334
0	3306
0	3145
0	2638
0	3618
0	3435
0	2642
1	4096
1	4096
0	3228
2	4096
0	3107
0	4093
0	2146
0	3746
0	3080
0	3755
2	4096
2	4096
0	3219
4	4096
2	4096
0	2893
0	3218
1	4096
1	4096
0	3895
1	4096
2	4096
0	2615
2	4096
0	2587
0	3930
2	4096
1	4096
0	2730
2	4096
0	3162
1	4096
0	3124
0	3373
0	2904
1	4096
1	4096
0	4090
1	4096
5	4096
1	4096
2	4096
1	4096
1	4096
1	4096
1	4096
0	2739
1	4096
0	3035
1	4096
1	4096
0	2530
1	4096
1	4096
1	4096
0	3031
0	2867
2	4096
1	4096
1	4096
0	3303
1	4096
1	4096
1	4096
1	4096
1	4096
0	2762
1	4096
2	4096
1	4096
2	4096
0	3057
1	4096
0	2849
0	4002
1	4096
3	4096
0	2770
3	4096
0	3895
4	4096
0	2776
1	4096
1	4096
0	3217
0	2857
2	4096
2	4096
1	4096
1	4096
0	3466
0	2941
1	4096
2	4096
0	3926
3	4096
0	3821
0	2635
0	3928
0	3948
0	2656
0	3237
2	4096
1	4096
1	4096
0	3106
0	3876
1	4096
1	4096
4	4096
0	3884
0	3766
1	4096
1	4096
1	4096
0	3008
1	4096
0	3497
2	4096
2	4096
3	4096
1	4096
1	4096
1	4096
0	3193
0	3001
2	4096
0	3700
0	2763
0	3698
1	4096
1	4096
1	4096
0	4043
0	3124
0	3419
2	4096
0	3680
1	4096
1	4096
3	4096
0	3596
1	4096
0	3282
0	4070
0	2789
0	2932
0	3283
2	4096
1	4096
1	4096
1	4096
1	4096
1	4096
0	3559
2	4096
0	3338
0	2725
0	3686
1	4096
0	2911
0	3594
1	4096
0	3007
1	4096
1	4096
2	4096
1	4096
0	2817
1	4096
4	4096
1	4096
0	3179
0	2615
0	3353
1	4096
2	4096
2	4096
0	4072
1	4096
0	3222
2	4096
0	2902
2	4096
1	4096
3	4096
1	4096
0	4012
0	2967
1	4096
1	4096
0	3942
2	4096
0	3807
0	3766
1	4096
0	3294
2	4096
2	4096
0	2760
0	3604
2	4096
0	3651
0	2348
1	4096
2	4096
5	4096
0	4061
0	3089
0	2976
1	4096
1	4096
2	4096
2	4096
0	2197
1	4096
0	2840
2	4096
2	4096
2	4096
0	3175
1	4096
2	4096
0	2501
0	3218
2	4096
1	4096
1	4096
2	4096
2	4096
2	4096
0	3718
1	4096
0	3753
2	4096
0	3124
0	3292
2	4096
3	4096
2	4096
0	3146
0	3495
0	2689
2	4096
0	2832
0	3538
0	3609
0	3009
1	4096
0	3977
3	4096
0	3697
1	4096
0	2624
0	3426
0	3204
1	4096
1	4096
1	4096
0	3277
1	4096
0	3961
1	4096
0	3352
2	4096
2	4096
1	4096
0	3955
0	2804
1	4096
0	3446
3	4096
3	4096
0	4057
2	4096
4	4096
0	3376
3	4096
1	4096
1	4096
0	2892
1	4096
1	4096
1	4096
3	4096
1	4096
1	4096
0	2468
1	4096
0	3725
1	4096
0	2344
2	4096
1	4096
0	2421
0	2861
1	4096
1	4096
1	4096
2	4096
1	4096
1	4096
0	3860
1	4096
1	4096
1	4096
0	3740
2	4096
1	4096
0	2940
2	4096
1	4096
0	3068
0	3719
0	3121
1	4096
0	3534
2	4096
1	4096
0	3143
0	3514
0	3127
2	4096
0	3369
0	2651
2	4096
3	4096
0	3671
0	3323
0	3592
0	2695
0	2636
0	3031
0	3095
1	4096
0	2914
0	3151
2	4096
0	2860
3	4096
0	3140
0	2638
0	3828
1	4096
1	4096
0	3040
1	4096
1	4096
1	4096
0	3454
0	2816
0	2982
1	4096
2	4096
1	4096
0	3108
1	4096
1	4096
0	2904
0	3595
1	4096
0	2352
0	3145
2	4096
1	4096
0	2610
0	3961
0	3502
0	3220
1	4096
1	4096
0	3262
0	3157
1	4096
2	4096
1	4096
0	3061
1	4096
2	4096
0	3306
1	4096
0	2952
1	4096
0	2430
1	4096
1	4096
1	4096
1	4096
0	3603
1	4096
0	2759
0	2422
2	4096
2	4096
0	3773
0	3710
2	4096
2	4096
1	4096
1	4096
0	3648
1	4096
1	4096
0	3315
1	4096
1	4096
2	4096
0	3855
3	4096
2	4096
0	3319
1	4096
0	3944
1	4096
0	3067
2	4096
2	4096
1	4096
0	3566
1	4096
0	3279
2	4096
1	4096
0	3486
0	3573
0	2662
2	4096
1	4096
0	3782
1	4096
1	4096
0	3331
1	4096
1	4096
0	3085
0	2685
1	4096
0	3348
1	4096
1	4096
1	4096
0	3471
1	4096
1	4096
0	3951
0	3458
0	3488
1	4096
0	3239
0	3401
2	4096
0	2734
1	4096
1	4096
1	4096
1	4096
0	2911
2	4096
1	4096
0	3778
0	3726
0	2567
1	4096
1	4096
1	4096
1	4096
0	2882
0	3840
2	4096
1	4096
0	3338
2	4096
0	3658
0	3101
1	4096
1	4096
0	3733
1	4096
0	3600
1	4096
1	4096
0	3187
0	4014
0	2511
1	4096
1	4096
1	4096
4	4096
1	4096
1	4096
1	4096
1	4096
0	2822
0	3157
1	4096
3	4096
2	4096
1	4096
0	3312
0	2750
0	3328
3	4096
0	2909
0	2843
0	3476
1	4096
0	3153
2	4096
2	4096
2	4096
1	4096
1	4096
1	4096
1	4096
0	2905
0	3424
1	4096
2	4096
0	2823
0	3673
1	4096
1	4096
1	4096
1	4096
1	4096
0	2676
2	4096
0	2838
0	2784
0	3963
2	4096
1	4096
1	4096
1	4096
2	4096
1	4096
1	4096
1	4096
1	4096
0	2990
2	4096
0	3706
3	4096
2	4096
0	3074
0	2901
1	4096
2	4096
1	4096
0	2896
2	4096
1	4096
0	2454
1	4096
2	4096
1	4096
0	3521
1	4096
0	3955
3	4096
0	3018
0	3279
1	4096
1	4096
0	2935
2	4096
0	3065
1	4096
1	4096
0	3709
1	4096
1	4096
2	4096
1	4096
1	4096
0	3252
1	4096
1	4096
2	4096
0	3051
2	4096
3	4096
1	4096
2	4096
2	4096
2	4096
0	3659
1	4096
0	3068
1	4096
0	2755
1	4096
0	2966
2	4096
0	2788
0	3542
0	2761
0	3670
0	4050
3	4096
0	2731
1	4096
2	4096
2	4096
4	4096
1	4096
1	4096
2	4096
0	3038
0	2195
0	3774
0	2335
0	2850
0	3910
1	4096
2	4096
0	2725
1	4096
0	3957
3	4096
1	4096
0	3092
0	3771
1	4096
1	4096
0	2887
0	3278
0	3644
0	3664
0	4010
0	3188
0	2943
0	2915
0	3063
2	4096
0	3403
1	4096
0	2544
1	4096
2	4096
2	4096
0	2760
0	4029
3	4096
0	3227
1	4096
0	3311
0	3059
0	3145
1	4096
3	4096
1	4096
2	4096
1	4096
0	3070
1	4096
0	3823
2	4096
0	3571
0	3948
0	2730
0	3459
1	4096
0	3538
1	4096
2	4096
0	2929
1	4096
1	4096
0	2995
3	4096
0	2742
1	4096
0	2926
0	3990
0	3772
2	4096
0	2474
2	4096
0	4031
1	4096
0	3270
0	3712
0	2767
1	4096
2	4096
1	4096
4	4096
2	4096
0	3166
0	2754
1	4096
1	4096
1	4096
1	4096
1	4096
3	4096
0	3117
1	4096
3	4096
1	4096
1	4096
1	4096
0	3401
0	3634
1	4096
1	4096
3	4096
1	4096
1	4096
1	4096
1	4096
1	4096
3	4096
0	3769
0	2742
0	2874
1	4096
0	3493
1	4096
1	4096
0	3774
0	3000
1	4096
0	2992
2	4096
2	4096
1	4096
0	3949
3	4096
0	3449
0	3765
1	4096
3	4096
2	4096
0	3075
1	4096
0	2661
0	3164
1	4096
0	3213
0	3949
1	4096
1	4096
0	2677
0	2965
0	3336
0	2910
0	3326
1	4096
0	2825
0	3980
1	4096
1	4096
0	3230
0	3590
0	3537
1	4096
0	2624
2	4096
2	4096
1	4096
0	3624
2	4096
0	3191
2	4096
0	3848
0	3981
0	3292
0	3066
2	4096
2	4096
1	4096
1	4096
2	4096
1	4096
0	3312
1	4096
2	4096
2	4096
2	4096
0	2344
0	3780
1	4096
1	4096
1	4096
2	4096
0	3188
0	2884
1	4096
2	4096
0	3942
2	4096
0	2968
1	4096
2	4096
0	3816
0	2739
0	3878
1	4096
2	4096
1	4096
0	3538
0	3110
0	3175
1	4096
0	3680
0	3771
2	4096
0	3650
0	3350
2	4096
4	4096
0	3423
0	2386
0	3600
2	4096
0	3249
2	4096
0	3049
0	3327
0	3729
2	4096
2	4096
0	3105
1	4096
2	4096
1	4096
0	2934
0	3486
0	3562
0	2914
0	3687
3	4096
1	4096
0	3478
1	4096
3	4096
1	4096
1	4096
3	4096
4	4096
0	3507
0	3765
0	2892
0	2880
0	2233
0	3213
0	3470
2	4096
1	4096
1	4096
3	4096
1	4096
3	4096
0	2766
3	4096
0	2692
3	4096
0	3637
0	3674
0	3349
1	4096
0	2656
1	4096
0	2782
2	4096
1	4096
0	3586
1	4096
2	4096
0	3801
1	4096
2	4096
1	4096
0	3353
1	4096
2	4096
1	4096
1	4096
2	4096
0	3089
0	3932
1	4096
0	3972
0	2911
1	4096
1	4096
1	4096
0	3883
0	3467
1	4096
0	3655
3	4096
2	4096
1	4096
1	4096
1	4096
0	3141
2	4096
1	4096
1	4096
0	3572
0	3492
0	3913
1	4096
3	4096
2	4096
0	3573
1	4096
3	4096
0	3204
0	3335
0	3381
0	2565
0	2324
0	3142
0	3096
1	4096
0	3908
0	3587
0	2566
0	4056
0	3202
1	4096
1	4096
4	4096
3	4096
0	2591
1	4096
1	4096
1	4096
0	4044
2	4096
2	4096
2	4096
1	4096
3	4096
2	4096
1	4096
0	2966
1	4096
2	4096
0	3171
1	4096
0	2615
0	4001
0	3282
0	3557
1	4096
0	3341
1	4096
1	4096
0	3368
0	3506
2	4096
0	3960
0	2775
0	2997
1	4096
0	3167
1	4096
0	2706
1	4096
0	2847
0	3457
1	4096
2	4096
1	4096
1	4096
1	4096
3	4096
0	2616
0	3450
0	2964
0	3406
1	4096
0	2449
2	4096
2	4096
2	4096
1	4096
2	4096
1	4096
0	3322
0	2487
1	4096
1	4096
1	4096
0	2734
1	4096
1	4096
1	4096
0	3638
1	4096
2	4096
0	2821
1	4096
2	4096
0	3856
2	4096
0	3420
2	4096
1	4096
1	4096
0	2637
3	4096
0	2977
1	4096
0	3863
0	2890
1	4096
1	4096
3	4096
1	4096
1	4096
1	4096
0	3684
1	4096
2	4096
1	4096
1	4096
1	4096
2	4096
1	4096
0	2984
3	4096
0	2872
0	3725
2	4096
0	2644
2	4096
1	4096
0	3892
1	4096
0	4078
1	4096
2	4096
0	3740
4	4096
0	2626
1	4096
0	3094
1	4096
2	4096
2	4096
0	3837
0	3398
2	4096
2	4096
1	4096
2	4096
0	3004
1	4096
1	4096
1	4096
1	4096
1	4096
1	4096
0	2633
2	4096
1	4096
0	3748
0	3807
3	4096
1	4096
1	4096
1	4096
1	4096
0	3172
3	4096
1	4096
0	3398
0	2727
1	4096
0	2356
1	4096
0	3050
2	4096
3	4096
2	4096
3	4096
0	3843
1	4096
1	4096
1	4096
0	3599
0	3862
0	3538
1	4096
1	4096
2	4096
0	3134
3	4096
1	4096
0	3126
0	3750
0	3724
0	2514
0	4015
0	2517
1	4096
1	4096
0	3110
1	4096
1	4096
3	4096
1	4096
1	4096
1	4096
2	4096
0	2874
2	4096
2	4096
0	3396
0	3421
1	4096
1	4096
1	4096
1	4096
0	3866
0	3664
1	4096
3	4096
1	4096
0	2507
2	4096
0	3433
2	4096
2	4096
0	2784
1	4096
0	3960
2	4096
1	4096
0	3942
2	4096
1	4096
1	4096
0	3370
2	4096
1	4096
0	3817
0	3254
1	4096
0	3404
0	2494
0	3593
0	3544
2	4096
2	4096
0	3859
0	3288
0	3397
2	4096
0	4072
0	3169
1	4096
0	2823
2	4096
0	3308
0	2606
1	4096
0	3493
2	4096
2	4096
0	2843
0	3602
1	4096
1	4096
2	4096
0	2553
0	3491
2	4096
1	4096
1	4096
2	4096
2	4096
1	4096
0	3605
0	3102
0	2301
1	4096
2	4096
0	4054
3	4096
0	3729
0	3471
0	3275
1	4096
1	4096
0	3629
2	4096
0	3082
0	2826
0	2544
2	4096
0	3427
3	4096
2	4096
1	4096
2	4096
1	4096
1	4096
1	4096
0	3457
1	4096
0	3948
0	3442
0	3004
0	2752
0	3576
0	3789
0	3773
2	4096
2	4096
1	4096
0	3872
0	3530
1	4096
1	4096
0	3529
0	3751
0	2663
1	4096
0	3635
0	2635
1	4096
1	4096
1	4096
1	4096
2	4096
1	4096
2	4096
0	2955
1	4096
1	4096
0	3126
0	3041
1	4096
0	3601
0	2803
0	3998
2	4096
0	2726
0	3768
2	4096
2	4096
1	4096
0	3758
0	3089
0	3382
0	2651
0	2619
1	4096
0	2968
1	4096
0	3678
1	4096
0	2682
0	3005
1	4096
1	4096
2	4096
3	4096
1	4096
2	4096
1	4096
0	3972
2	4096
2	4096
2	4096
1	4096
2	4096
1	4096
2	4096
0	4025
1	4096
0	3834
1	4096
0	3931
2	4096
1	4096
0	2683
2	4096
0	2671
0	3545
0	2554
1	4096
0	3881
1	4096
2	4096
1	4096
0	3336
3	4096
1	4096
3	4096
0	3599
2	4096
0	3894
1	4096
1	4096
3	4096
0	3851
0	2748
1	4096
0	3799
0	3764
1	4096
3	4096
3	4096
3	4096
2	4096
2	4096
0	2887
0	3554
1	4096
2	4096
1	4096
2	4096
0	3866
1	4096
0	3800
1	4096
1	4096
2	4096
1	4096
1	4096
1	4096
0	3452
1	4096
1	4096
0	3273
0	3941
1	4096
1	4096
1	4096
0	3566
2	4096
3	4096
2	4096
0	3205
0	3129
2	4096
2	4096
2	4096
0	4021
0	3314
2	4096
1	4096
1	4096
0	2337
3	4096
1	4096
0	3357
0	2545
3	4096
2	4096
1	4096
2	4096
1	4096
2	4096
1	4096
0	2677
3	4096
2	4096
1	4096
2	4096
0	3305
0	3522
0	3337
2	4096
1	4096
1	4096
1	4096
2	4096
1	4096
1	4096
1	4096
1	4096
1	4096
0	3275
0	3664
0	3263
1	4096
1	4096
2	4096
0	3729
1	4096
1	4096
1	4096
0	3497
2	4096
1	4096
2	4096
0	3267
0	2812
1	4096
0	2550
0	3938
0	3665
1	4096
0	4025
1	4096
1	4096
1	4096
0	2699
0	3194
0	3531
1	4096
1	4096
1	4096
2	4096
1	4096
0	3784
0	4009
0	3872
2	4096
0	3461
0	2875
0	3681
0	2561
0	3899
0	3504
0	3544
2	4096
2	4096
1	4096
0	3864
0	3847
1	4096
0	2936
0	3426
1	4096
0	2706
1	4096
0	4006
1	4096
0	3978
1	4096
1	4096
0	3246
0	2557
2	4096
0	3256
1	4096
0	3227
0	3050
1	4096
1	4096
2	4096
1	4096
2	4096
3	4096
0	2841
0	3828
1	4096
2	4096
0	2888
1	4096
2	4096
0	3640
2	4096
1	4096
2	4096
1	4096
1	4096
4	4096
0	3665
1	4096
2	4096
1	4096
1	4096
0	3190
0	3189
0	4096
2	4096
0	3877
0	2846
1	4096
1	4096
0	3150
1	4096
1	4096
3	4096
1	4096
1	4096
0	2540
0	3265
1	4096
2	4096
1	4096
0	3630
0	2620
0	3026
0	3183
0	3226
0	3778
0	2799
1	4096
1	4096
4	4096
1	4096
2	4096
1	4096
1	4096
0	3530
1	4096
0	3220
1	4096
1	4096
0	3014
0	2686
1	4096
0	3599
0	3976
2	4096
0	2311
0	3509
4	4096
0	3174
0	3937
0	3040
1	4096
1	4096
0	2983
1	4096
0	3120
1	4096
0	3812
2	4096
1	4096
0	3113
0	3898
0	3046
2	4096
0	3548
3	4096
2	4096
0	3728
1	4096
0	2756
0	3471
0	4056
0	3213
1	4096
0	3983
1	4096
1	4096
1	4096
1	4096
0	2825
2	4096
0	3757
1	4096
3	4096
1	4096
2	4096
0	2491
2	4096
2	4096
0	3429
1	4096
1	4096
1	4096
1	4096
1	4096
1	4096
0	3608
1	4096
2	4096
2	4096
2	4096
0	2525
1	4096
3	4096
0	3903
2	4096
0	3431
0	3417
1	4096
2	4096
0	2613
0	3870
1	4096
1	4096
1	4096
0	3225
1	4096
2	4096
2	4096
1	4096
2	4096
0	3875
1	4096
1	4096
0	3594
0	3899
1	4096
1	4096
3	4096
2	4096
0	3130
1	4096
0	3891
0	3273
0	3844
0	3576
0	3032
1	4096
0	3967
0	3719
0	2955
0	4086
0	2952
1	4096
2	4096
0	3868
0	3374
2	4096
0	3985
0	3112
0	3661
0	3519
0	2970
1	4096
0	3520
1	4096
0	3432
0	3165
1	4096
2	4096
1	4096
0	3523
1	4096
2	4096
0	4084
0	4051
0	2755
1	4096
3	4096
0	3558
1	4096
0	3859
1	4096
0	4051
0	3291
2	4096
1	4096
2	4096
0	2768
2	4096
0	4007
0	3098
1	4096
0	3431
0	3857
1	4096
0	4077
0	4025
2	4096
1	4096
1	4096
2	4096
2	4096
0	3240
1	4096
2	4096
1	4096
1	4096
1	4096
0	3568
1	4096
2	4096
0	3819
0	3984
0	3997
0	3150
1	4096
3	4096
0	3492
1	4096
0	2568
0	3052
1	4096
0	3819
1	4096
0	3457
0	2602
3	4096
3	4096
1	4096
1	4096
0	3058
1	4096
0	3359
1	4096
2	4096
0	3887
0	2901
0	3848
2	4096
4	4096
2	4096
0	2608
0	3086
0	3257
1	4096
3	4096
3	4096
2	4096
0	3982
0	3311
1	4096
0	2555
0	2613
2	4096
2	4096
1	4096
0	3133
0	4024
2	4096
0	3765
0	2432
3	4096
1	4096
0	3560
3	4096
0	2926
1	4096
3	4096
3	4096
1	4096
0	2942
0	3970
1	4096
2	4096
1	4096
2	4096
1	4096
1	4096
3	4096
0	4007
3	4096
0	3652
4	4096
1	4096
0	3138
2	4096
0	3682
0	3609
3	4096
0	3316
1	4096
0	3272
0	2924
1	4096
0	3823
1	4096
0	3894
0	3205
1	4096
0	3403
2	4096
0	3491
1	4096
0	3360
0	3068
0	3292
0	2666
2	4096
0	3543
1	4096
2	4096
0	3773
1	4096
0	2638
0	3241
0	3968
1	4096
1	4096
3	4096
0	3918
2	4096
0	3577
1	4096
1	4096
0	3669
1	4096
3	4096
0	3100
0	3821
1	4096
1	4096
1	4096
0	2698
2	4096
0	3717
1	4096
0	3187
1	4096
0	3886
1	4096
1	4096
0	3721
1	4096
0	3492
3	4096
0	4094
0	2869
1	4096
2	4096
0	2444
0	3794
0	3566
1	4096
1	4096
0	3333
0	3620
0	3565
1	4096
2	4096
2	4096
0	2970
0	4060
1	4096
1	4096
0	2636
1	4096
3	4096
1	4096
0	2992
1	4096
0	2778
0	2582
1	4096
3	4096
2	4096
1	4096
0	3905
1	4096
2	4096
2	4096
1	4096
2	4096
0	3324
1	4096
0	3628
1	4096
0	3438
2	4096
2	4096
1	4096
1	4096
0	3456
1	4096
2	4096
2	4096
1	4096
1	4096
0	2946
0	3487
0	3666
0	3201
1	4096
1	4096
0	3448
3	4096
0	3442
1	4096
3	4096
1	4096
0	3674
0	3844
2	4096
1	4096
0	2367
1	4096
1	4096
0	4079
1	4096
1	4096
2	4096
2	4096
1	4096
0	3896
1	4096
0	3592
1	4096
0	4082
2	4096
3	4096
0	3169
2	4096
0	4072
0	3914
2	4096
1	4096
3	4096
0	3762
1	4096
0	3516
1	4096
3	4096
0	3272
2	4096
1	4096
1	4096
0	3967
0	3472
0	3231
0	2731
2	4096
0	3802
1	4096
0	3389
2	4096
0	3071
0	3913
1	4096
1	4096
0	3740
0	2769
1	4096
0	2565
0	2812
2	4096
1	4096
0	3633
0	3440
2	4096
1	4096
1	4096
1	4096
1	4096
0	3707
1	4096
1	4096
3	4096
0	3434
0	3847
1	4096
0	3950
1	4096
0	3395
1	4096
0	3736
1	4096
0	2788
0	3846
1	4096
0	2897
2	4096
0	3115
1	4096
1	4096
0	3083
0	3309
1	4096
0	3441
0	3745
2	4096
3	4096
1	4096
0	4014
2	4096
0	2826
1	4096
1	4096
0	3327
2	4096
1	4096
0	2650
0	3194
1	4096
1	4096
1	4096
1	4096
1	4096
0	3412
0	3386
1	4096
0	3588
1	4096
0	2694
1	4096
0	3586
3	4096
1	4096
0	2939
0	3233
1	4096
1	4096
0	3974
0	3361
0	3278
1	4096
2	4096
0	2915
1	4096
3	4096
1	4096
1	4096
1	4096
0	4032
3	4096
2	4096
0	3170
1	4096
0	3187
1	4096
1	4096
2	4096
1	4096
0	3904
0	2601
1	4096
1	4096
0	3931
0	3839
2	4096
2	4096
0	2497
1	4096
1	4096
1	4096
1	4096
0	3998
2	4096
1	4096
1	4096
1	4096
0	4064
0	2827
1	4096
1	4096
0	3849
2	4096
0	3882
1	4096
1	4096
0	2955
2	4096
1	4096
0	3874
1	4096
0	3121
0	3634
0	2697
2	4096
2	4096
0	3167
0	4082
1	4096
2	4096
1	4096
1	4096
0	2463
1	4096
0	3835
0	3852
1	4096
0	3090
3	4096
1	4096
0	3765
0	3560
1	4096
0	4070
0	3959
1	4096
0	3245
2	4096
3	4096
2	4096
2	4096
2	4096
1	4096
1	4096
0	3452
0	3257
2	4096
1	4096
1	4096
1	4096
0	2846
0	2945
0	3133
0	3046
2	4096
1	4096
0	3993
1	4096
0	3561
0	2680
0	2500
1	4096
1	4096
2	4096
0	3931
1	4096
0	3752
1	4096
1	4096
1	4096
0	2792
1	4096
1	4096
0	2841
0	3616
0	2331
0	2331
0	3589
1	4096
1	4096
1	4096
1	4096
4	4096
1	4096
0	3482
0	3169
2	4096
0	3391
1	4096
0	3110
3	4096
2	4096
0	2855
0	3431
1	4096
1	4096
2	4096
0	2689
0	3709
1	4096
0	3899
0	3429
1	4096
0	2606
1	4096
0	2830
1	4096
1	4096
0	3874
1	4096
0	2774
1	4096
2	4096
1	4096
0	3260
0	3633
0	3273
1	4096
1	4096
1	4096
0	2971
1	4096
0	3674
1	4096
1	4096
2	4096
1	4096
0	3865
1	4096
1	4096
0	2539
1	4096
1	4096
1	4096
3	4096
1	4096
0	2744
0	3896
2	4096
2	4096
1	4096
0	3607
0	3818
1	4096
1	4096
2	4096
0	3894
3	4096
0	3117
1	4096
1	4096
1	4096
1	4096
0	3099
1	4096
0	3223
1	4096
1	4096
1	4096
0	3087
1	4096
0	2845
1	4096
0	2836
1	4096
1	4096
0	2800
3	4096
1	4096
1	4096
1	4096
0	3875
0	3697
0	3660
0	3104
0	3405
1	4096
0	3273
1	4096
2	4096
1	4096
2	4096
1	4096
0	3574
0	3828
1	4096
1	4096
1	4096
3	4096
1	4096
1	4096
2	4096
2	4096
2	4096
0	2626
1	4096
0	2662
6	4096
0	3978
0	2815
1	4096
0	3046
2	4096
1	4096
1	4096
1	4096
1	4096
1	4096
0	3617
1	4096
1	4096
0	3555
2	4096
0	3588
0	2648
0	3981
1	4096
0	2893
0	2854
0	3603
2	4096
1	4096
1	4096
0	3759
2	4096
0	3018
0	3897
1	4096
3	4096
4	4096
2	4096
1	4096
1	4096
0	2978
1	4096
0	3889
1	4096
2	4096
1	4096
1	4096
0	3223
1	4096
0	3232
2	4096
0	3092
0	3956
3	4096
1	4096
1	4096
2	4096
1	4096
1	4096
0	2405
0	3517
1	4096
1	4096
0	2689
0	2448
0	2881
0	3868
2	4096
2	4096
3	4096
1	4096
0	3949
0	3651
0	3397
2	4096
1	4096
2	4096
0	2986
2	4096
0	3607
0	2855
1	4096
0	3373
1	4096
0	2555
3	4096
1	4096
0	3192
0	2187
0	2641
0	4068
0	3157
0	2875
1	4096
0	3867
1	4096
1	4096
2	4096
1	4096
1	4096
0	3453
1	4096
0	2427
0	2451
2	4096
1	4096
0	3680
1	4096
0	3594
3	4096
0	2190
1	4096
2	4096
1	4096
0	3118
0	3257
0	3791
0	3637
2	4096
1	4096
2	4096
1	4096
1	4096
1	4096
3	4096
0	3240
1	4096
1	4096
0	3163
0	3099
0	3642
0	3518
0	2519
1	4096
1	4096
0	3170
0	3192
0	3592
0	3466
0	3252
2	4096
0	3603
1	4096
2	4096
0	2874
0	3216
0	3413
1	4096
2	4096
1	4096
0	3457
2	4096
3	4096
0	3002
1	4096
0	2667
0	3049
2	4096
1	4096
0	2260
1	4096
2	4096
0	2415
4	4096
2	4096
0	3911
1	4096
0	3062
4	4096
2	4096
1	4096
1	4096
1	4096
1	4096
1	4096
1	4096
0	2966
0	2860
0	3825
0	3383
1	4096
1	4096
2	4096
0	4022
3	4096
1	4096
1	4096
0	2918
0	2986
1	4096
1	4096
0	3403
0	2676
0	4080
0	3451
2	4096
1	4096
0	3652
0	3398
0	3225
1	4096
0	3914
2	4096
0	3151
2	4096
0	3862
0	2898
2	4096
1	4096
0	3760
0	2797
0	3854
0	3899
1	4096
0	2663
1	4096
1	4096
1	4096
1	4096
2	4096
0	2511
0	3095
0	2894
1	4096
2	4096
1	4096
1	4096
0	4033
1	4096
2	4096
4	4096
0	2757
0	3639
2	4096
1	4096
1	4096
1	4096
1	4096
1	4096
0	3164
2	4096
2	4096
0	3639
0	3152
0	3839
1	4096
2	4096
0	2889
3	4096
1	4096
1	4096
0	3322
1	4096
1	4096
1	4096
2	4096
1	4096
0	3447
0	3698
0	3916
0	3464
3	4096
0	4084
0	3069
0	3685
1	4096
2	4096
1	4096
3	4096
0	3939
1	4096
0	3362
0	3455
1	4096
1	4096
1	4096
2	4096
0	3612
0	2655
1	4096
2	4096
0	3295
2	4096
2	4096
0	3155
1	4096
0	3870
1	4096
0	3341
2	4096
2	4096
0	2331
2	4096
2	4096
1	4096
0	3914
0	3071
0	3287
3	4096
2	4096
2	4096
0	3992
3	4096
1	4096
0	4032
2	4096
0	2997
0	3363
0	2643
1	4096
0	3130
0	2836
1	4096
0	3232
1	4096
1	4096
2	4096
1	4096
0	2984
1	4096
1	4096
0	3233
2	4096
1	4096
1	4096
0	3653
3	4096
0	3442
1	4096
1	4096
0	2719
0	2878
1	4096
1	4096
0	3331
3	4096
2	4096
2	4096
0	2577
0	3921
1	4096
1	4096
1	4096
3	4096
0	2655
2	4096
0	3680
1	4096
0	3966
2	4096
0	3437
3	4096
0	2417
0	2948
1	4096
1	4096
3	4096
0	3122
2	4096
2	4096
1	4096
3	4096
2	4096
2	4096
1	4096
2	4096
1	4096
3	4096
0	3050
1	4096
1	4096
1	4096
0	3746
1	4096
1	4096
1	4096
1	4096
2	4096
0	3820
1	4096
1	4096
4	4096
1	4096
0	2704
1	4096
0	3271
0	2915
1	4096
1	4096
0	3495
0	3493
0	3934
0	2608
1	4096
1	4096
1	4096
0	3930
2	4096
0	3123
1	4096
0	2952
1	4096
1	4096
0	3463
1	4096
0	3060
0	2837
0	3295
1	4096
0	3439
0	2746
2	4096
3	4096
0	3467
2	4096
1	4096
1	4096
2	4096
1	4096
0	4093
0	3334
1	4096
0	2374
0	2601
1	4096
0	3137
0	3125
3	4096
1	4096
0	3459
0	3433
1	4096
1	4096
1	4096
1	4096
3	4096
0	3621
1	4096
2	4096
0	2665
2	4096
0	3023
0	4037
1	4096
1	4096
0	2524
0	3377
0	2820
2	4096
0	3106
1	4096
1	4096
1	4096
0	3529
1	4096
2	4096
0	3503
1	4096
0	3845
0	3570
1	4096
1	4096
0	3528
0	3574
1	4096
0	3006
0	2644
1	4096
0	3683
0	2780
0	2857
0	2915
1	4096
1	4096
1	4096
1	4096
0	3107
0	4000
2	4096
1	4096
1	4096
0	2978
1	4096
0	3043
0	3929
0	3783
1	4096
1	4096
1	4096
1	4096
1	4096
1	4096
1	4096
1	4096
0	3298
0	3543
2	4096
0	2918
1	4096
1	4096
0	3577
0	3447
2	4096
0	3375
0	3136
0	2977
1	4096
0	3748
0	2824
0	3338
0	3518
2	4096
1	4096
1	4096
0	3264
0	3246
1	4096
1	4096
0	2982
2	4096
1	4096
5	4096
2	4096
0	3812
0	2890
0	3878
0	2830
0	4038
0	2864
0	3077
0	3351
2	4096
0	3545
1	4096
1	4096
3	4096
1	4096
2	4096
0	3223
0	2751
2	4096
0	3418
0	3250
1	4096
1	4096
0	3081
1	4096
0	2831
0	3786
2	4096
2	4096
0	2964
1	4096
0	2870
1	4096
1	4096
1	4096
2	4096
2	4096
1	4096
0	3195
1	4096
0	3668
2	4096
1	4096
0	3097
0	3362
1	4096
0	4004
0	3826
4	4096
0	4021
0	3833
0	4027
0	2755
1	4096
0	3520
0	3774
2	4096
0	3965
0	2487
0	3896
3	4096
1	4096
0	3992
0	3689
0	3760
0	3892
0	3234
0	3848
2	4096
2	4096
1	4096
0	3157
2	4096
2	4096
1	4096
1	4096
0	3018
0	3628
0	3831
0	2801
0	3499
0	3404
1	4096
0	3791
0	2727
2	4096
1	4096
2	4096
0	4058
2	4096
0	3191
0	3921
2	4096
1	4096
4	4096
0	3703
3	4096
0	3755
1	4096
2	4096
0	2791
0	3034
0	2646
1	4096
1	4096
3	4096
2	4096
1	4096
0	3162
1	4096
0	3376
0	2330
0	3831
0	2484
2	4096
0	2957
1	4096
1	4096
2	4096
2	4096
0	3624
1	4096
1	4096
2	4096
1	4096
2	4096
1	4096
1	4096
3	4096
0	3477
2	4096
0	3535
1	4096
0	3841
0	3819
3	4096
1	4096
0	2649
1	4096
1	4096
0	4063
0	2917
1	4096
1	4096
0	3676
1	4096
3	4096
1	4096
1	4096
0	3346
4	4096
0	2704
2	4096
1	4096
0	3077
0	3104
2	4096
0	3708
2	4096
1	4096
1	4096
3	4096
1	4096
0	3588
1	4096
1	4096
0	3576
0	4084
0	3640
0	2670
1	4096
1	4096
2	4096
1	4096
0	3407
0	2471
0	3606
1	4096
1	4096
0	3654
1	4096
1	4096
0	3440
0	3583
1	4096
0	3318
1	4096
1	4096
1	4096
0	3292
1	4096
1	4096
2	4096
1	4096
0	3809
0	3605
0	3407
0	3313
1	4096
1	4096
1	4096
1	4096
2	4096
0	3457
1	4096
1	4096
2	4096
0	2823
0	3159
0	3110
1	4096
2	4096
1	4096
3	4096
1	4096
0	2588
0	3486
1	4096
1	4096
0	3137
0	3696
0	3231
0	3689
0	3243
1	4096
1	4096
0	3985
0	3722
0	2960
1	4096
1	4096
2	4096
0	3961
1	4096
0	3632
1	4096
0	3442
1	4096
0	2409
1	4096
2	4096
1	4096
0	3038
3	4096
0	3577
0	3684
0	3669
1	4096
1	4096
1	4096
0	2962
1	4096
2	4096
2	4096
0	3063
1	4096
2	4096
4	4096
1	4096
3	4096
1	4096
0	3316
0	3635
2	4096
1	4096
0	3786
2	4096
1	4096
0	2964
1	4096
0	3217
0	3960
2	4096
0	2776
0	3640
0	3938
1	4096
1	4096
0	3312
0	3094
2	4096
1	4096
0	3302
1	4096
1	4096
1	4096
0	3241
1	4096
1	4096
0	2788
1	4096
1	4096
1	4096
3	4096
1	4096
0	3603
0	3385
2	4096
0	2706
0	3240
0	2681
0	3805
0	2677
1	4096
0	3401
0	3768
0	2972
0	3702
1	4096
0	3386
0	4026
4	4096
1	4096
1	4096
1	4096
0	3429
1	4096
2	4096
0	3798
1	4096
4	4096
0	3367
2	4096
1	4096
0	3251
0	3770
0	3611
1	4096
1	4096
1	4096
1	4096
5	4096
2	4096
1	4096
2	4096
0	3184
0	3960
1	4096
2	4096
0	3568
0	3141
1	4096
0	3064
2	4096
0	3371
1	4096
2	4096
2	4096
0	3579
2	4096
2	4096
2	4096
1	4096
2	4096
1	4096
1	4096
0	3608
0	3907
2	4096
0	3280
1	4096
1	4096
2	4096
1	4096
0	3356
0	3200
1	4096
1	4096
0	4021
1	4096
0	3675
2	4096
0	3402
1	4096
0	3569
1	4096
0	3651
1	4096
0	2912
0	3051
1	4096
4	4096
2	4096
1	4096
0	3121
0	3926
1	4096
3	4096
0	3638
1	4096
1	4096
1	4096
0	2499
0	3339
0	3476
0	3372
1	4096
0	2947
0	3468
0	2733
2	4096
0	3034
1	4096
1	4096
2	4096
0	2797
0	4012
1	4096
1	4096
3	4096
3	4096
0	3116
1	4096
2	4096
2	4096
5	4096
0	3305
0	3335
3	4096
2	4096
1	4096
1	4096
1	4096
1	4096
0	3284
0	3866
1	4096
0	3708
1	4096
0	3683
1	4096
1	4096
0	3373
0	3862
0	3339
0	2918
0	2966
0	3270
1	4096
4	4096
1	4096
3	4096
1	4096
0	3151
3	4096
0	3280
1	4096
1	4096
0	4078
0	3515
1	4096
1	4096
1	4096
1	4096
1	4096
2	4096
1	4096
0	2998
1	4096
0	2583
0	3149
1	4096
2	4096
1	4096
0	3774
0	2954
1	4096
0	2392
1	4096
1	4096
2	4096
1	4096
0	2830
1	4096
1	4096
1	4096
0	3619
1	4096
2	4096
1	4096
2	4096
2	4096
1	4096
0	2673
0	3497
1	4096
0	3324
3	4096
0	4036
0	3412
1	4096
0	3949
1	4096
0	3656
1	4096
1	4096
0	3746
2	4096
1	4096
1	4096
0	3593
1	4096
0	2582
0	3651
0	3113
1	4096
0	3368
1	4096
2	4096
2	4096
0	3093
0	2782
2	4096
1	4096
1	4096
1	4096
0	3175
1	4096
0	3076
1	4096
1	4096
0	3373
1	4096
3	4096
0	3028
0	2711
4	4096
1	4096
0	3557
2	4096
2	4096
1	4096
0	3268
1	4096
0	2781
2	4096
1	4096
0	3636
0	3656
0	3796
0	4034
0	3330
2	4096
1	4096
0	3743
0	3495
1	4096
0	3813
1	4096
2	4096
1	4096
0	3873
2	4096
1	4096
3	4096
1	4096
2	4096
1	4096
2	4096
3	4096
0	3121
1	4096
1	4096
1	4096
1	4096
0	3108
0	3671
3	4096
0	4083
2	4096
3	4096
1	4096
1	4096
1	4096
1	4096
0	2601
0	4026
1	4096
1	4096
1	4096
1	4096
1	4096
1	4096
1	4096
1	4096
0	3025
0	2965
2	4096
1	4096
0	2996
0	2529
4	4096
0	3775
2	4096
0	3084
2	4096
0	3401
0	3268
1	4096
2	4096
2	4096
0	2935
1	4096
0	2848
1	4096
0	3995
1	4096
1	4096
0	2769
1	4096
0	3302
0	2974
1	4096
3	4096
3	4096
0	3682
0	4056
2	4096
1	4096
0	3711
1	4096
1	4096
2	4096
2	4096
3	4096
1	4096
0	2767
2	4096
2	4096
1	4096
1	4096
1	4096
0	3295
1	4096
2	4096
0	3463
2	4096
1	4096
0	2473
1	4096
0	2615
1	4096
2	4096
0	3641
2	4096
0	2670
3	4096
0	2965
0	3787
0	2671
0	2518
3	4096
1	4096
0	3018
0	3324
0	3677
0	3168
1	4096
0	3562
1	4096
0	3731
0	3433
0	3506
1	4096
0	3829
2	4096
1	4096
1	4096
0	3223
0	4066
1	4096
0	3575
0	3163
0	3824
1	4096
1	4096
1	4096
2	4096
0	3282
0	4090
0	3545
0	3534
0	3757
3	4096
0	4076
0	3614
0	3657
0	3840
0	3371
1	4096
0	3502
1	4096
0	3580
1	4096
1	4096
1	4096
1	4096
0	2549
2	4096
2	4096
2	4096
0	4036
0	2935
0	3211
0	4003
0	3954
0	3727
1	4096
0	3589
1	4096
0	2666
0	3776
0	3403
0	3460
2	4096
0	3445
1	4096
0	2694
1	4096
0	3538
1	4096
0	2668
1	4096
1	4096
2	4096
0	3639
0	2712
2	4096
0	3082
1	4096
0	3850
1	4096
1	4096
2	4096
2	4096
1	4096
0	3738
1	4096
1	4096
1	4096
1	4096
2	4096
1	4096
0	3061
1	4096
0	3221
2	4096
0	2905
1	4096
0	3800
2	4096
3	4096
1	4096
0	3200
0	3580
0	3958
0	3347
1	4096
1	4096
1	4096
0	2994
1	4096
0	4033
0	2620
1	4096
0	3957
2	4096
0	3412
2	4096
0	3667
1	4096
0	3293
0	3700
0	3874
0	3828
0	3252
2	4096
2	4096
0	3773
0	3764
0	3246
1	4096
1	4096
1	4096
0	3934
0	3729
2	4096
0	2899
0	3711
0	3276
2	4096
0	3474
0	3916
2	4096
1	4096
5	4096
0	3461
0	3873
0	3992
0	3552
1	4096
2	4096
0	3378
1	4096
1	4096
2	4096
1	4096
1	4096
0	3808
2	4096
2	4096
1	4096
0	2897
1	4096
0	3089
2	4096
1	4096
1	4096
0	2976
0	3589
4	4096
0	3220
0	2407
2	4096
2	4096
1	4096
2	4096
1	4096
1	4096
2	4096
0	3028
1	4096
3	4096
1	4096
2	4096
0	3119
0	3800
0	3416
1	4096
0	3574
0	2527
0	2913
1	4096
0	3296
0	2573
0	3828
0	3273
0	3109
3	4096
0	2513
1	4096
1	4096
3	4096
1	4096
2	4096
0	2844
0	3646
0	2394
2	4096
0	2593
0	3458
1	4096
2	4096
0	2878
0	3400
0	3329
3	4096
0	2860
2	4096
1	4096
1	4096
0	4084
2	4096
0	2487
0	3530
0	3888
0	4042
2	4096
1	4096
0	3873
1	4096
0	3193
1	4096
0	3687
0	2272
0	3139
0	3817
0	4011
1	4096
3	4096
0	4041
2	4096
2	4096
2	4096
2	4096
0	3902
2	4096
2	4096
1	4096
0	3930
2	4096
1	4096
3	4096
1	4096
1	4096
1	4096
0	3993
4	4096
0	3524
1	4096
0	3533
0	2556
1	4096
0	2821
1	4096
1	4096
0	2529
2	4096
0	3939
2	4096
0	3970
1	4096
1	4096
3	4096
1	4096
1	4096
1	4096
2	4096
0	2752
2	4096
0	3545
0	2824
2	4096
2	4096
0	3596
1	4096
1	4096
0	3031
0	3030
1	4096
1	4096
0	2716
0	3783
1	4096
0	3399
0	3695
0	3442
1	4096
4	4096
0	3664
0	4050
2	4096
2	4096
1	4096
2	4096
2	4096
1	4096
1	4096
1	4096
1	4096
3	4096
0	3023
2	4096
1	4096
2	4096
1	4096
0	2969
2	4096
0	3454
0	2987
0	3904
0	3759
0	3492
0	3163
0	4070
0	3238
0	3183
0	2567
0	3094
0	3611
2	4096
1	4096
0	3840
0	3574
0	3541
2	4096
1	4096
3	4096
0	3600
0	3584
2	4096
0	2711
1	4096
0	3788
0	3286
1	4096
1	4096
0	3280
0	3414
0	2320
0	3875
1	4096
0	3397
1	4096
0	2809
2	4096
1	4096
4	4096
0	3645
0	3532
0	3064
3	4096
0	3935
1	4096
1	4096
0	3492
1	4096
0	3701
0	3068
1	4096
0	2279
2	4096
0	3002
0	3956
2	4096
0	3982
0	3371
1	4096
2	4096
0	3768
1	4096
2	4096
3	4096
2	4096
0	3299
2	4096
1	4096
0	3502
2	4096
1	4096
0	3716
2	4096
1	4096
0	2657
1	4096
1	4096
2	4096
1	4096
0	3233
0	3414
2	4096
0	3361
4	4096
1	4096
2	4096
0	2911
2	4096
0	3276
1	4096
1	4096
2	4096
2	4096
3	4096
2	4096
0	3470
0	2941
2	4096
0	3081
0	2573
2	4096
1	4096
1	4096
0	2437
4	4096
1	4096
2	4096
0	3141
3	4096
0	3695
1	4096
0	4042
0	4080
1	4096
0	2713
0	3819
1	4096
0	3450
1	4096
0	3618
0	2973
0	3676
0	2947
0	3364
1	4096
0	2599
1	4096
1	4096
0	2546
0	3582
1	4096
1	4096
1	4096
0	3432
0	2608
2	4096
1	4096
3	4096
3	4096
0	3425
0	2964
2	4096
1	4096
1	4096
2	4096
1	4096
1	4096
0	3403
1	4096
1	4096
0	3829
1	4096
0	3647
2	4096
0	3885
0	3854
0	3297
0	3498
0	2545
2	4096
1	4096
0	2699
1	4096
0	3203
1	4096
0	4013
1	4096
0	3912
0	3741
3	4096
2	4096
0	3897
0	2583
1	4096
1	4096
0	3977
1	4096
1	4096
1	4096
1	4096
0	3116
1	4096
0	3600
2	4096
0	3856
1	4096
0	3691
1	4096
1	4096
1	4096
0	2887
3	4096
1	4096
0	3158
0	2845
1	4096
1	4096
1	4096
0	3095
0	2851
1	4096
3	4096
0	3818
1	4096
1	4096
1	4096
2	4096
0	3453
1	4096
3	4096
2	4096
0	2957
0	3039
0	2935
2	4096
1	4096
0	2926
2	4096
0	3590
1	4096
2	4096
0	4041
0	3001
1	4096
0	3887
1	4096
1	4096
1	4096
0	3170
3	4096
2	4096
0	2933
0	3912
0	3514
0	3340
1	4096
2	4096
0	3972
2	4096
0	3142
1	4096
2	4096
1	4096
0	3982
0	4006
2	4096
0	3625
1	4096
1	4096
0	2813
0	2933
2	4096
0	2861
0	3276
0	3729
1	4096
1	4096
2	4096
3	4096
0	3633
1	4096
2	4096
1	4096
1	4096
0	3661
1	4096
0	3625
1	4096
5	4096
0	3222
1	4096
0	3015
0	3255
0	3892
1	4096
1	4096
2	4096
2	4096
1	4096
2	4096
0	2386
2	4096
2	4096
1	4096
2	4096
0	3205
0	3141
0	3199
0	3374
0	2664
0	3036
1	4096
0	3456
2	4096
4	4096
0	3535
2	4096
1	4096
1	4096
1	4096
1	4096
0	2933
1	4096
0	3859
2	4096
1	4096
1	4096
0	3416
1	4096
0	3336
2	4096
1	4096
3	4096
0	3544
0	3872
2	4096
1	4096
1	4096
0	2827
1	4096
0	3377
1	4096
1	4096
0	3773
3	4096
1	4096
0	4083
0	3767
0	2989
0	3834
1	4096
2	4096
1	4096
0	2780
0	3843
0	3280
0	3006
0	3162
1	4096
2	4096
2	4096
1	4096
1	4096
1	4096
2	4096
0	2831
2	4096
0	3737
1	4096
1	4096
1	4096
2	4096
1	4096
1	4096
2	4096
0	2826
0	2927
0	2835
2	4096
0	3890
2	4096
0	3789
0	3425
0	3555
2	4096
2	4096
0	3305
1	4096
4	4096
0	3217
1	4096
1	4096
2	4096
3	4096
0	3452
0	2539
2	4096
0	3213
1	4096
1	4096
0	3331
1	4096
1	4096
1	4096
0	3877
2	4096
0	3583
0	3734
1	4096
2	4096
0	3419
1	4096
0	3039
0	3846
0	3798
0	3287
0	3201
1	4096
0	3923
1	4096
0	2887
1	4096
0	3960
0	3861
1	4096
1	4096
2	4096
0	3888
2	4096
0	3678
1	4096
1	4096
0	3071
1	4096
0	3910
0	3599
0	3638
0	3098
0	3836
2	4096
1	4096
0	2907
1	4096
1	4096
1	4096
1	4096
0	4077
1	4096
1	4096
1	4096
0	3254
1	4096
0	3979
3	4096
1	4096
0	3763
3	4096
2	4096
1	4096
1	4096
1	4096
0	2436
1	4096
2	4096
0	3823
0	2787
0	3681
0	2747
1	4096
1	4096
0	4075
1	4096
0	3911
0	3922
1	4096
0	3852
1	4096
1	4096
0	3540
1	4096
0	2721
1	4096
0	3302
0	2907
0	3426
0	3523
2	4096
1	4096
1	4096
1	4096
1	4096
0	2522
2	4096
0	3628
0	2404
1	4096
3	4096
0	2628
0	3229
1	4096
0	2537
0	3590
0	2825
2	4096
2	4096
0	2728
1	4096
0	2377
1	4096
0	3414
0	3028
3	4096
4	4096
0	3521
1	4096
0	3902
1	4096
1	4096
2	4096
0	3769
1	4096
1	4096
0	3302
2	4096
1	4096
2	4096
0	3263
0	2936
0	3399
0	2686
4	4096
0	3909
1	4096
2	4096
1	4096
1	4096
2	4096
1	4096
1	4096
3	4096
4	4096
0	2703
0	3677
0	3985
0	3275
1	4096
1	4096
1	4096
0	2987
1	4096
1	4096
1	4096
0	3240
0	3257
1	4096
0	3984
0	3235
0	3677
3	4096
1	4096
0	2317
0	3341
0	3321
2	4096
1	4096
0	4077
0	2875
1	4096
0	3233
2	4096
1	4096
1	4096
3	4096
0	3939
0	3884
1	4096
0	2899
0	4038
2	4096
0	3482
1	4096
2	4096
1	4096
0	3148
2	4096
0	3651
1	4096
0	2529
2	4096
1	4096
0	2887
2	4096
0	3897
0	3193
0	3655
0	2804
4	4096
1	4096
1	4096
2	4096
0	2770
0	3925
1	4096
4	4096
0	2418
1	4096
1	4096
1	4096
1	4096
2	4096
1	4096
1	4096
0	2938
0	3877
0	2464
1	4096
1	4096
0	3577
2	4096
2	4096
1	4096
0	2638
0	2889
2	4096
4	4096
2	4096
2	4096
0	3269
0	4025
1	4096
0	3202
0	3444
1	4096
0	4047
2	4096
2	4096
1	4096
1	4096
1	4096
1	4096
1	4096
4	4096
2	4096
1	4096
0	2781
1	4096
0	3737
0	3262
0	3883
2	4096
0	2781
1	4096
2	4096
1	4096
0	3638
1	4096
2	4096
0	3406
1	4096
0	2870
1	4096
2	4096
0	3864
2	4096
1	4096
0	3072
0	3417
2	4096
1	4096
1	4096
0	3261
1	4096
0	2368
1	4096
1	4096
2	4096
2	4096
0	3211
1	4096
1	4096
0	4091
1	4096
1	4096
1	4096
0	3346
0	3464
0	2636
0	3934
0	4079
0	2798
1	4096
0	3779
2	4096
1	4096
1	4096
1	4096
1	4096
1	4096
2	4096
0	2700
1	4096
0	2906
0	2455
0	3026
0	3541
1	4096
1	4096
2	4096
0	3129
1	4096
0	3072
0	3026
2	4096
0	2650
2	4096
0	3197
0	3832
3	4096
1	4096
2	4096
0	2995
0	3935
0	3143
1	4096
0	4036
0	2474
1	4096
0	3439
0	2712
0	3712
2	4096
1	4096
1	4096
1	4096
1	4096
0	3422
1	4096
1	4096
0	3518
0	3055
0	3610
0	3379
0	3845
1	4096
0	3193
1	4096
1	4096
0	2651
1	4096
1	4096
1	4096
0	3250
0	3526
0	2377
1	4096
0	2543
1	4096
1	4096
0	3811
1	4096
1	4096
1	4096
0	3636
0	2978
1	4096
0	2395
0	2992
2	4096
0	3269
2	4096
2	4096
2	4096
0	2897
1	4096
2	4096
1	4096
2	4096
2	4096
1	4096
4	4096
0	3792
0	4054
1	4096
0	2874
0	3511
1	4096
1	4096
1	4096
0	3775
1	4096
1	4096
2	4096
0	3740
1	4096
3	4096
0	3548
2	4096
0	3865
0	4004
0	2973
1	4096
2	4096
0	2485
0	3709
0	3934
0	3006
0	3552
1	4096
0	2566
1	4096
0	3599
0	3225
0	3768
2	4096
2	4096
0	2710
1	4096
1	4096
1	4096
1	4096
0	2888
1	4096
0	4073
0	4083
0	3749
2	4096
1	4096
2	4096
2	4096
1	4096
0	3258
1	4096
1	4096
2	4096
0	4005
2	4096
1	4096
0	3914
1	4096
1	4096
0	2952
2	4096
0	3870
0	3209
0	3577
0	3586
1	4096
0	3212
0	4007
0	3037
2	4096
0	2624
2	4096
1	4096
0	3822
2	4096
1	4096
3	4096
0	3762
1	4096
0	2762
0	3982
1	4096
1	4096
1	4096
1	4096
0	2804
0	2979
2	4096
0	3327
1	4096
1	4096
1	4096
0	3975
0	3558
1	4096
0	3414
1	4096
3	4096
1	4096
1	4096
3	4096
0	3961
0	3689
0	3304
1	4096
3	4096
2	4096
1	4096
0	3138
2	4096
1	4096
0	3977
3	4096
0	4049
0	3082
1	4096
2	4096
1	4096
2	4096
0	2697
1	4096
1	4096
1	4096
1	4096
0	3805
0	3694
0	3886
0	3744
1	4096
1	4096
2	4096
0	3456
1	4096
1	4096
0	3245
1	4096
2	4096
1	4096
1	4096
1	4096
0	2428
2	4096
0	4015
2	4096
0	3735
2	4096
0	2823
0	3873
0	3820
0	4071
0	4054
2	4096
0	3519
1	4096
1	4096
0	3303
2	4096
0	3722
1	4096
0	2550
0	3335
0	3856
0	3761
0	3863
0	3660
0	3085
0	3496
0	3000
0	4038
0	3469
1	4096
2	4096
0	3711
0	3881
2	4096
1	4096
0	3661
0	3248
0	3026
3	4096
2	4096
0	4062
1	4096
1	4096
1	4096
0	3891
1	4096
2	4096
0	4022
0	3679
1	4096
0	2975
0	3049
1	4096
3	4096
0	3180
0	3942
0	3173
1	4096
0	3714
0	3341
1	4096
0	2659
1	4096
2	4096
0	3359
1	4096
2	4096
1	4096
1	4096
0	3532
0	4045
1	4096
1	4096
0	2800
1	4096
1	4096
1	4096
0	3987
0	3845
0	3624
2	4096
0	3302
1	4096
0	2849
1	4096
1	4096
0	3029
1	4096
2	4096
3	4096
0	3845
2	4096
0	4026
3	4096
2	4096
1	4096
2	4096
1	4096
0	2866
1	4096
0	3270
2	4096
1	4096
2	4096
0	3530
0	3021
1	4096
0	2446
0	3807
0	3701
2	4096
0	2547
1	4096
1	4096
0	3751
2	4096
3	4096
0	2597
1	4096
0	3761
1	4096
0	2715
2	4096
1	4096
1	4096
1	4096
1	4096
0	3817
1	4096
0	4062
2	4096
1	4096
2	4096
3	4096
2	4096
0	2713
0	3312
0	2829
2	4096
1	4096
1	4096
1	4096
0	3234
0	3276
0	3933
0	3610
0	3531
3	4096
1	4096
0	3232
1	4096
0	2585
0	3930
0	3331
1	4096
1	4096
0	3934
1	4096
1	4096
0	3935
0	3190
1	4096
0	2726
2	4096
2	4096
3	4096
1	4096
1	4096
0	3440
0	3600
1	4096
0	3279
0	3198
1	4096
0	3904
0	3502
3	4096
0	3047
0	3901
2	4096
2	4096
1	4096
1	4096
0	2816
0	2688
1	4096
2	4096
0	3466
0	3078
0	3257
0	3147
0	3695
1	4096
1	4096
2	4096
3	4096
0	3926
0	3431
0	2953
0	3663
0	3124
0	2963
1	4096
1	4096
1	4096
1	4096
1	4096
0	3914
0	3259
0	3679
0	3273
0	4066
1	4096
0	3683
1	4096
0	3632
1	4096
1	4096
1	4096
0	3278
0	3281
4	4096
0	4032
2	4096
0	3016
1	4096
0	3405
0	3949
3	4096
1	4096
0	4001
0	3852
1	4096
1	4096
0	3288
0	2978
0	2938
1	4096
1	4096
1	4096
2	4096
0	3742
1	4096
1	4096
2	4096
0	3035
0	4079
2	4096
0	2496
0	2600
3	4096
0	2861
3	4096
1	4096
0	2536
0	3326
1	4096
1	4096
2	4096
0	3030
2	4096
0	3533
0	2887
1	4096
2	4096
1	4096
0	3460
0	3987
4	4096
2	4096
0	4031
0	3275
1	4096
0	3364
2	4096
0	3030
4	4096
0	3931
0	3666
1	4096
0	3467
0	3708
2	4096
2	4096
1	4096
1	4096
1	4096
1	4096
1	4096
0	3072
0	2602
3	4096
2	4096
0	3593
0	3105
1	4096
0	3683
3	4096
0	2755
2	4096
1	4096
0	4084
2	4096
1	4096
1	4096
2	4096
1	4096
2	4096
1	4096
1	4096
1	4096
0	2781
0	3306
0	2784
0	3913
1	4096
2	4096
0	3132
3	4096
3	4096
0	4028
4	4096
2	4096
1	4096
0	3620
0	3001
1	4096
1	4096
0	2844
1	4096
0	3850
2	4096
0	3294
1	4096
4	4096
0	3326
1	4096
1	4096
1	4096
1	4096
0	3371
0	2944
1	4096
0	2666
2	4096
0	3119
0	3972
2	4096
1	4096
1	4096
1	4096
1	4096
2	4096
1	4096
1	4096
0	3583
0	2800
0	3296
1	4096
1	4096
1	4096
1	4096
0	3112
0	4040
1	4096
2	4096
0	3130
0	2776
1	4096
1	4096
0	2513
0	3372
0	2919
0	3272
0	2702
1	4096
2	4096
0	3720
1	4096
1	4096
0	3944
2	4096
1	4096
0	2990
1	4096
2	4096
1	4096
0	3521
1	4096
0	2383
1	4096
1	4096
0	3218
0	2745
4	4096
0	2928
2	4096
3	4096
0	4024
1	4096
2	4096
0	2909
0	3708
0	2491
2	4096
0	2899
0	3974
2	4096
2	4096
1	4096
0	4006
1	4096
0	3090
1	4096
1	4096
1	4096
0	3485
0	3061
0	3118
1	4096
2	4096
0	3833
0	2720
0	2954
1	4096
0	3837
0	2511
1	4096
1	4096
2	4096
1	4096
0	3098
0	3147
3	4096
1	4096
2	4096
0	3057
0	4048
0	3525
1	4096
1	4096
0	3349
2	4096
0	3745
0	3511
0	3015
0	3120
1	4096
1	4096
1	4096
3	4096
1	4096
0	3561
4	4096
0	4073
1	4096
0	3115
0	2527
1	4096
1	4096
2	4096
0	2946
1	4096
3	4096
2	4096
0	3555
0	2279
1	4096
0	2950
1	4096
2	4096
0	2526
1	4096
2	4096
0	3314
3	4096
0	4037
0	3055
0	3617
0	3554
0	3317
0	3347
0	3399
1	4096
0	2939
2	4096
0	3149
2	4096
0	3401
0	4079
1	4096
2	4096
1	4096
2	4096
1	4096
3	4096
1	4096
0	3399
0	3245
1	4096
3	4096
0	3872
1	4096
2	4096
1	4096
0	4041
0	2951
1	4096
1	4096
1	4096
2	4096
0	3678
1	4096
0	2477
0	3879
1	4096
0	3653
0	3021
0	3013
0	3474
0	4094
0	3628
0	3538
1	4096
0	2915
0	2598
1	4096
0	3654
1	4096
0	3510
1	4096
1	4096
1	4096
0	2691
0	3365
1	4096
0	3242
0	3938
1	4096
1	4096
2	4096
0	2920
0	3005
0	2536
0	3016
0	3061
1	4096
1	4096
0	3494
0	3810
2	4096
2	4096
1	4096
4	4096
0	3535
0	2981
1	4096
0	3216
0	3189
0	3761
0	3542
2	4096
0	3071
2	4096
0	3192
1	4096
4	4096
1	4096
1	4096
1	4096
0	3419
1	4096
2	4096
0	2919
0	3802
0	3125
1	4096
1	4096
0	3614
2	4096
2	4096
1	4096
1	4096
2	4096
1	4096
0	3602
0	2978
0	3337
3	4096
1	4096
1	4096
0	2911
0	3584
0	2520
0	3910
0	2976
1	4096
0	3239
0	2964
0	2760
0	2739
2	4096
0	3835
0	3121
0	3249
3	4096
1	4096
2	4096
3	4096
0	2860
1	4096
4	4096
1	4096
1	4096
0	3543
0	3376
0	3114
1	4096
0	2784
0	3794
1	4096
1	4096
0	2970
1	4096
2	4096
1	4096
1	4096
2	4096
0	2882
0	2899
1	4096
0	3211
0	3616
0	3296
1	4096
0	3466
0	3078
2	4096
1	4096
4	4096
1	4096
1	4096
0	2584
1	4096
0	2637
0	3742
1	4096
1	4096
2	4096
1	4096
0	3681
0	3337
0	3361
2	4096
1	4096
0	3574
0	3009
1	4096
1	4096
1	4096
1	4096
1	4096
0	3246
1	4096
1	4096
1	4096
1	4096
1	4096
0	3468
1	4096
0	2524
0	3212
1	4096
0	2829
3	4096
1	4096
1	4096
0	3769
1	4096
2	4096
2	4096
2	4096
0	3552
0	3481
4	4096
3	4096
2	4096
1	4096
2	4096
0	3964
0	3261
1	4096
0	2600
1	4096
1	4096
0	3943
0	3387
1	4096
1	4096
1	4096
1	4096
1	4096
0	3830
1	4096
1	4096
1	4096
0	3946
1	4096
2	4096
2	4096
1	4096
0	3434
1	4096
0	3255
0	3150
0	2077
0	2514
2	4096
1	4096
0	2985
1	4096
0	3585
2	4096
2	4096
1	4096
0	3854
1	4096
0	3439
2	4096
0	3185
0	3649
0	3850
3	4096
1	4096
0	3579
0	3104
0	3189
1	4096
2	4096
0	3249
2	4096
1	4096
2	4096
0	3470
0	3762
2	4096
0	4050
1	4096
1	4096
0	3170
0	3673
0	3992
1	4096
0	3503
1	4096
0	3283
2	4096
1	4096
1	4096
0	3373
1	4096
1	4096
0	3181
1	4096
1	4096
0	3045
0	3294
1	4096
3	4096
0	3425
0	3250
0	2787
0	3365
1	4096
0	3989
0	3226
1	4096
1	4096
2	4096
0	3625
2	4096
2	4096
2	4096
1	4096
0	3016
1	4096
0	3999
1	4096
0	3251
1	4096
0	2534
1	4096
0	3072
2	4096
0	3163
1	4096
2	4096
2	4096
0	3776
0	2908
0	3274
0	4073
0	3611
1	4096
1	4096
1	4096
4	4096
0	3432
0	3947
0	3678
0	3522
0	3445
2	4096
0	3031
3	4096
0	2661
1	4096
0	3314
0	3355
1	4096
1	4096
1	4096
1	4096
1	4096
1	4096
1	4096
1	4096
0	3575
1	4096
1	4096
1	4096
3	4096
1	4096
1	4096
1	4096
0	3516
1	4096
1	4096
0	3694
0	2863
0	3263
1	4096
0	3283
2	4096
1	4096
0	3664
0	2712
1	4096
0	3680
1	4096
0	3751
1	4096
0	3458
1	4096
0	3756
2	4096
1	4096
1	4096
0	3203
2	4096
0	3551
0	2887
1	4096
1	4096
1	4096
0	4087
1	4096
1	4096
1	4096
2	4096
1	4096
0	4004
0	4016
1	4096
2	4096
1	4096
1	4096
0	2899
0	2922
2	4096
0	2389
1	4096
2	4096
1	4096
2	4096
0	2598
1	4096
0	3448
0	2881
1	4096
2	4096
1	4096
1	4096
3	4096
1	4096
1	4096
3	4096
1	4096
3	4096
1	4096
0	2408
3	4096
0	3699
2	4096
0	3580
0	3453
1	4096
0	2634
1	4096
0	3204
1	4096
0	2731
0	4065
1	4096
2	4096
2	4096
2	4096
0	3620
0	4024
0	3675
3	4096
0	3949
0	3732
1	4096
1	4096
0	3473
2	4096
0	2983
0	3078
5	4096
0	3459
0	3744
0	3075
0	3501
3	4096
0	3181
3	4096
0	3060
2	4096
1	4096
1	4096
0	4063
0	2604
1	4096
4	4096
1	4096
0	2976
2	4096
2	4096
0	3636
1	4096
1	4096
1	4096
0	2848
3	4096
2	4096
1	4096
0	3297
1	4096
0	3582
0	2905
0	2434
2	4096
0	3825
1	4096
0	3703
1	4096
0	3277
0	3427
1	4096
0	2777
0	2768
3	4096
0	3403
1	4096
0	3200
2	4096
0	3625
2	4096
2	4096
3	4096
0	3918
0	3436
1	4096
1	4096
1	4096
0	2958
0	2715
3	4096
1	4096
1	4096
0	3537
1	4096
4	4096
0	3239
0	2511
1	4096
1	4096
0	3609
1	4096
0	2505
1	4096
1	4096
0	3305
1	4096
0	3431
2	4096
2	4096
2	4096
0	3471
0	3929
0	3098
1	4096
1	4096
2	4096
1	4096
1	4096
0	3733
0	2881
1	4096
4	4096
0	3104
1	4096
0	3690
1	4096
0	2310
1	4096
0	4003
0	3528
1	4096
1	4096
0	3128
2	4096
0	2535
0	3214
1	4096
1	4096
3	4096
0	3631
0	2639
1	4096
1	4096
1	4096
1	4096
3	4096
1	4096
0	3990
1	4096
1	4096
2	4096
0	2830
1	4096
0	3441
3	4096
1	4096
0	2727
0	3827
1	4096
2	4096
1	4096
1	4096
0	3066
3	4096
1	4096
0	2831
0	3376
2	4096
2	4096
1	4096
1	4096
0	3945
1	4096
1	4096
0	3246
1	4096
4	4096
0	3982
1	4096
1	4096
0	3992
0	3624
0	2781
0	3070
1	4096
1	4096
0	3136
0	2982
1	4096
1	4096
2	4096
1	4096
3	4096
0	3882
2	4096
1	4096
1	4096
1	4096
0	2761
0	2953
1	4096
1	4096
1	4096
1	4096
1	4096
0	3350
0	3439
1	4096
0	3601
0	2711
2	4096
2	4096
0	4053
0	3749
1	4096
2	4096
1	4096
1	4096
0	3973
0	3039
2	4096
2	4096
0	2538
1	4096
0	3981
0	4051
1	4096
1	4096
0	2569
1	4096
1	4096
1	4096
1	4096
1	4096
1	4096
3	4096
2	4096
1	4096
1	4096
0	3090
0	3470
0	3145
0	3405
0	3191
3	4096
1	4096
5	4096
1	4096
0	2626
1	4096
0	3661
1	4096
1	4096
1	4096
0	3293
1	4096
1	4096
1	4096
0	3367
0	3327
1	4096
1	4096
1	4096
2	4096
2	4096
2	4096
3	4096
1	4096
1	4096
1	4096
0	3973
1	4096
3	4096
1	4096
0	2864
0	3600
0	3549
2	4096
1	4096
1	4096
0	4020
1	4096
0	3689
1	4096
1	4096
0	4006
2	4096
2	4096
1	4096
0	3672
0	3299
1	4096
0	2767
0	3763
2	4096
0	2890
0	3703
1	4096
0	4043
0	2691
2	4096
0	3046
1	4096
3	4096
0	3761
1	4096
0	4012
1	4096
0	3983
2	4096
3	4096
0	3315
0	2627
0	4071
2	4096
1	4096
0	3218
2	4096
0	3835
1	4096
2	4096
2	4096
0	3767
1	4096
1	4096
1	4096
1	4096
0	3381
2	4096
1	4096
0	2666
1	4096
0	4048
0	3047
1	4096
0	3815
1	4096
0	3213
0	2403
0	3928
1	4096
0	4090
1	4096
0	3234
3	4096
1	4096
1	4096
1	4096
0	3328
2	4096
0	3895
0	3861
0	3103
0	3658
0	3468
0	3169
0	2938
2	4096
0	3358
1	4096
1	4096
0	3326
0	2533
1	4096
0	3598
0	3154
0	3894
0	2651
2	4096
0	2900
1	4096
0	3686
2	4096
1	4096
0	2801
2	4096
1	4096
0	4016
1	4096
2	4096
