#SA random K-SAT
#N=65536  nIter=2048  alpha=3.83   NSamples=10000
#av(e)	1.1323
#std(e)	0.010791648205904414
1	2048
1	2048
0	1866
1	2048
0	1071
1	2048
2	2048
1	2048
0	1494
2	2048
2	2048
0	1681
1	2048
1	2048
2	2048
2	2048
0	1193
2	2048
1	2048
3	2048
0	2022
1	2048
3	2048
1	2048
2	2048
2	2048
0	1684
0	1537
3	2048
0	1758
1	2048
0	1828
2	2048
1	2048
1	2048
1	2048
0	1787
1	2048
1	2048
0	1219
2	2048
2	2048
0	1976
1	2048
3	2048
1	2048
2	2048
2	2048
1	2048
0	1699
0	1381
1	2048
2	2048
0	1578
0	1582
1	2048
1	2048
1	2048
0	1688
1	2048
0	1936
1	2048
1	2048
2	2048
4	2048
1	2048
4	2048
0	1795
5	2048
1	2048
0	2030
1	2048
1	2048
0	1545
1	2048
1	2048
3	2048
0	2026
2	2048
1	2048
1	2048
0	1401
0	1444
0	1593
2	2048
0	1511
1	2048
0	1890
2	2048
1	2048
0	1378
5	2048
1	2048
0	1863
2	2048
0	1926
1	2048
2	2048
1	2048
0	1451
0	2000
0	1895
1	2048
1	2048
1	2048
0	1823
0	1800
3	2048
2	2048
1	2048
1	2048
1	2048
0	1923
0	1657
3	2048
2	2048
3	2048
0	1831
1	2048
3	2048
1	2048
2	2048
1	2048
1	2048
0	1620
1	2048
0	1854
0	1735
0	2029
1	2048
0	1530
1	2048
0	1988
2	2048
3	2048
1	2048
3	2048
0	1910
0	1459
2	2048
2	2048
3	2048
0	1885
0	1825
3	2048
2	2048
0	1959
0	1649
1	2048
0	1765
0	1664
0	1715
1	2048
1	2048
2	2048
1	2048
1	2048
0	1723
0	1527
0	1732
3	2048
0	1841
1	2048
0	1507
0	1878
3	2048
1	2048
1	2048
0	1824
0	1289
1	2048
2	2048
0	1927
2	2048
1	2048
3	2048
0	1499
1	2048
2	2048
0	2038
1	2048
1	2048
2	2048
1	2048
0	1845
0	1685
0	1315
0	1932
0	1479
2	2048
2	2048
2	2048
0	1580
0	1312
0	2039
1	2048
0	1284
1	2048
1	2048
0	2015
2	2048
3	2048
1	2048
3	2048
0	1792
1	2048
1	2048
1	2048
1	2048
2	2048
0	1996
2	2048
1	2048
1	2048
1	2048
1	2048
2	2048
2	2048
1	2048
1	2048
2	2048
0	1564
1	2048
1	2048
1	2048
1	2048
0	1511
0	1599
0	2011
2	2048
0	1822
4	2048
1	2048
3	2048
1	2048
1	2048
0	1832
0	1194
1	2048
3	2048
1	2048
1	2048
1	2048
1	2048
2	2048
0	1647
0	1880
3	2048
0	1921
2	2048
1	2048
0	2033
3	2048
2	2048
1	2048
1	2048
1	2048
1	2048
0	1464
2	2048
0	1984
3	2048
0	1378
0	1594
0	1576
2	2048
1	2048
0	1553
1	2048
2	2048
3	2048
3	2048
1	2048
2	2048
0	1832
3	2048
1	2048
0	1394
0	1585
1	2048
0	1727
2	2048
0	1968
1	2048
0	1709
3	2048
4	2048
0	1981
4	2048
0	1648
1	2048
1	2048
2	2048
3	2048
1	2048
2	2048
0	1480
1	2048
1	2048
0	1933
1	2048
4	2048
0	1274
1	2048
2	2048
1	2048
0	1667
0	1880
0	2041
0	1616
1	2048
1	2048
1	2048
0	1425
1	2048
1	2048
2	2048
0	1456
0	1678
3	2048
0	1369
1	2048
2	2048
2	2048
2	2048
0	1442
0	1948
1	2048
1	2048
2	2048
3	2048
2	2048
0	1471
0	2041
0	1549
2	2048
1	2048
3	2048
1	2048
2	2048
0	2021
0	1742
1	2048
2	2048
2	2048
0	2013
5	2048
0	1923
2	2048
0	1344
3	2048
0	1721
0	1690
0	1868
2	2048
1	2048
1	2048
1	2048
1	2048
0	1550
1	2048
3	2048
1	2048
1	2048
3	2048
0	1244
0	1664
3	2048
0	1572
1	2048
0	1678
1	2048
0	1589
0	1679
0	1395
2	2048
0	1562
1	2048
5	2048
3	2048
2	2048
1	2048
0	1699
0	1703
1	2048
1	2048
1	2048
1	2048
1	2048
0	1543
1	2048
0	1923
1	2048
1	2048
0	1491
3	2048
0	1887
0	1652
2	2048
2	2048
0	1801
0	2007
1	2048
0	1636
1	2048
0	1247
0	1722
2	2048
3	2048
5	2048
0	2045
0	1685
1	2048
1	2048
1	2048
1	2048
1	2048
1	2048
3	2048
3	2048
2	2048
1	2048
1	2048
1	2048
1	2048
1	2048
0	1922
2	2048
0	1446
1	2048
0	1876
2	2048
1	2048
2	2048
4	2048
1	2048
0	1226
2	2048
0	1328
1	2048
1	2048
1	2048
2	2048
1	2048
1	2048
1	2048
0	1238
2	2048
1	2048
1	2048
0	1232
0	1364
0	1493
1	2048
1	2048
0	1335
0	1989
0	1690
1	2048
2	2048
0	1388
2	2048
2	2048
3	2048
2	2048
2	2048
0	1444
2	2048
1	2048
1	2048
1	2048
4	2048
0	1610
1	2048
1	2048
1	2048
0	1931
0	1775
5	2048
0	1917
2	2048
1	2048
1	2048
0	1769
2	2048
2	2048
1	2048
0	1411
0	1374
1	2048
1	2048
1	2048
1	2048
2	2048
0	1404
1	2048
1	2048
1	2048
3	2048
1	2048
2	2048
1	2048
0	1664
1	2048
1	2048
0	1414
4	2048
0	1834
1	2048
1	2048
0	1967
0	1809
0	1750
1	2048
0	1350
2	2048
2	2048
3	2048
2	2048
1	2048
0	1779
2	2048
1	2048
0	1473
1	2048
3	2048
3	2048
1	2048
1	2048
3	2048
0	1824
1	2048
0	1465
0	1358
3	2048
1	2048
1	2048
1	2048
0	1339
0	1541
2	2048
1	2048
1	2048
2	2048
1	2048
0	1742
1	2048
1	2048
1	2048
1	2048
0	1579
1	2048
0	1992
0	1432
1	2048
3	2048
2	2048
3	2048
2	2048
2	2048
1	2048
0	1879
4	2048
0	1373
0	1963
1	2048
0	1909
0	1451
5	2048
3	2048
0	1582
0	1561
1	2048
1	2048
2	2048
0	1985
0	1541
1	2048
1	2048
2	2048
3	2048
0	1735
1	2048
1	2048
0	1626
0	1444
0	1312
0	1271
0	1608
2	2048
0	1394
0	1514
0	1864
0	1708
1	2048
0	1363
1	2048
0	1299
0	1758
1	2048
1	2048
2	2048
0	1946
3	2048
1	2048
0	2008
1	2048
2	2048
0	1762
4	2048
2	2048
0	1513
0	1770
1	2048
0	1561
1	2048
0	1399
4	2048
1	2048
2	2048
0	1614
1	2048
0	1443
0	1368
0	1867
1	2048
2	2048
2	2048
1	2048
1	2048
1	2048
1	2048
1	2048
0	1407
1	2048
2	2048
1	2048
0	1402
1	2048
0	1722
2	2048
0	1869
1	2048
1	2048
1	2048
3	2048
0	1805
1	2048
1	2048
0	1181
1	2048
2	2048
0	1812
2	2048
2	2048
2	2048
0	1926
1	2048
3	2048
1	2048
2	2048
1	2048
1	2048
2	2048
1	2048
2	2048
0	2015
1	2048
0	1802
1	2048
0	1813
0	1313
0	2001
1	2048
0	1660
1	2048
2	2048
1	2048
3	2048
1	2048
0	1608
2	2048
0	1708
0	1374
0	1313
1	2048
5	2048
0	1734
3	2048
1	2048
1	2048
0	1887
3	2048
0	1582
0	1382
0	1978
2	2048
1	2048
2	2048
3	2048
0	1588
0	1494
2	2048
3	2048
1	2048
2	2048
0	1623
1	2048
2	2048
1	2048
0	1977
0	1357
1	2048
3	2048
0	1661
1	2048
0	1420
0	1925
3	2048
3	2048
1	2048
0	1637
1	2048
0	1816
0	1973
1	2048
0	1812
1	2048
2	2048
1	2048
1	2048
1	2048
1	2048
1	2048
0	1563
2	2048
0	1466
0	1652
2	2048
1	2048
0	1676
5	2048
0	1814
0	1686
0	1903
2	2048
0	1687
2	2048
0	1998
1	2048
0	1501
2	2048
0	1824
0	1964
0	1611
0	1329
0	1547
1	2048
2	2048
2	2048
1	2048
0	1446
2	2048
3	2048
0	1761
0	1485
0	1508
1	2048
2	2048
2	2048
0	1890
0	1636
1	2048
1	2048
0	1679
1	2048
0	1869
1	2048
1	2048
1	2048
3	2048
3	2048
2	2048
0	1167
2	2048
0	2016
2	2048
2	2048
0	1789
0	1895
3	2048
2	2048
1	2048
1	2048
1	2048
1	2048
0	1428
1	2048
3	2048
2	2048
0	1926
2	2048
0	1485
1	2048
1	2048
1	2048
2	2048
1	2048
2	2048
0	1907
0	1332
2	2048
3	2048
3	2048
1	2048
0	1614
1	2048
1	2048
0	1343
0	1611
1	2048
1	2048
1	2048
3	2048
2	2048
0	1700
1	2048
1	2048
0	1545
1	2048
0	1253
2	2048
1	2048
2	2048
1	2048
0	1671
1	2048
1	2048
1	2048
1	2048
2	2048
1	2048
0	1423
1	2048
1	2048
0	1599
1	2048
1	2048
1	2048
0	1625
0	1910
1	2048
1	2048
0	1582
1	2048
1	2048
0	1846
2	2048
0	1969
0	1478
1	2048
1	2048
1	2048
2	2048
0	1537
2	2048
2	2048
0	1472
1	2048
2	2048
0	1826
2	2048
0	1349
2	2048
2	2048
3	2048
1	2048
3	2048
0	1471
1	2048
1	2048
0	1447
0	1840
2	2048
1	2048
1	2048
0	1741
1	2048
2	2048
0	1636
1	2048
2	2048
1	2048
2	2048
0	1528
0	1286
0	1330
1	2048
0	1815
1	2048
1	2048
3	2048
3	2048
0	1948
1	2048
2	2048
1	2048
1	2048
0	1855
0	1524
1	2048
2	2048
0	2010
0	1722
0	1471
0	1876
3	2048
1	2048
3	2048
2	2048
1	2048
1	2048
1	2048
1	2048
5	2048
0	1891
1	2048
1	2048
2	2048
1	2048
3	2048
1	2048
0	1447
1	2048
1	2048
1	2048
2	2048
0	1766
0	1506
0	1770
3	2048
2	2048
2	2048
2	2048
2	2048
1	2048
1	2048
2	2048
0	1787
0	2021
0	1588
0	1942
0	1457
0	2011
2	2048
0	1964
1	2048
1	2048
2	2048
0	1213
0	1580
1	2048
0	1957
2	2048
1	2048
0	1466
2	2048
0	1275
2	2048
0	1991
0	1890
2	2048
2	2048
2	2048
1	2048
2	2048
1	2048
0	2031
0	2012
1	2048
1	2048
2	2048
0	1777
0	1846
1	2048
1	2048
2	2048
3	2048
2	2048
0	1925
1	2048
0	1991
1	2048
0	1464
1	2048
0	1452
1	2048
3	2048
0	1409
0	1754
3	2048
0	1946
2	2048
1	2048
5	2048
2	2048
0	1593
0	1792
2	2048
2	2048
2	2048
0	1736
2	2048
2	2048
0	1777
3	2048
1	2048
3	2048
1	2048
2	2048
1	2048
2	2048
0	1670
4	2048
2	2048
1	2048
0	1607
0	1723
0	1460
3	2048
2	2048
1	2048
1	2048
1	2048
0	1859
0	1378
0	1608
0	1918
2	2048
0	2037
1	2048
0	1787
2	2048
1	2048
1	2048
0	1482
1	2048
1	2048
0	1747
0	1389
1	2048
0	2012
1	2048
3	2048
3	2048
1	2048
2	2048
3	2048
1	2048
0	1637
0	1985
2	2048
3	2048
0	1590
1	2048
3	2048
2	2048
1	2048
0	1726
2	2048
2	2048
2	2048
1	2048
1	2048
2	2048
1	2048
2	2048
0	1551
0	1938
0	1325
2	2048
1	2048
1	2048
2	2048
2	2048
2	2048
4	2048
4	2048
2	2048
3	2048
0	1333
1	2048
1	2048
0	1987
1	2048
0	1661
0	1688
2	2048
0	1824
0	1594
1	2048
0	1372
0	1878
2	2048
2	2048
0	1849
0	1587
1	2048
0	2006
1	2048
1	2048
2	2048
1	2048
3	2048
1	2048
1	2048
2	2048
1	2048
1	2048
1	2048
1	2048
4	2048
1	2048
1	2048
1	2048
1	2048
1	2048
2	2048
1	2048
2	2048
0	1794
0	1670
2	2048
0	1288
1	2048
2	2048
1	2048
1	2048
3	2048
2	2048
2	2048
0	1453
1	2048
0	2032
2	2048
0	1351
0	1704
3	2048
2	2048
3	2048
0	1907
1	2048
0	1302
1	2048
1	2048
2	2048
1	2048
2	2048
2	2048
2	2048
4	2048
1	2048
2	2048
1	2048
3	2048
1	2048
1	2048
1	2048
1	2048
1	2048
1	2048
1	2048
1	2048
0	1646
2	2048
5	2048
0	1780
1	2048
0	1729
1	2048
1	2048
0	1589
0	1415
1	2048
0	1625
0	1584
2	2048
1	2048
0	1845
2	2048
2	2048
1	2048
1	2048
0	2033
0	1775
2	2048
3	2048
1	2048
1	2048
2	2048
2	2048
0	1991
3	2048
1	2048
0	1535
2	2048
1	2048
4	2048
1	2048
0	1194
0	1804
3	2048
1	2048
1	2048
4	2048
3	2048
2	2048
0	1522
1	2048
2	2048
1	2048
1	2048
1	2048
1	2048
0	1994
2	2048
1	2048
0	1857
1	2048
4	2048
3	2048
2	2048
2	2048
0	1617
0	1815
0	1976
3	2048
2	2048
3	2048
3	2048
0	1520
0	1627
0	1326
0	1953
0	1886
3	2048
2	2048
1	2048
4	2048
2	2048
1	2048
0	1326
4	2048
2	2048
4	2048
1	2048
0	1537
1	2048
1	2048
1	2048
1	2048
1	2048
1	2048
1	2048
0	1587
0	1756
1	2048
2	2048
0	1661
0	1530
0	1615
2	2048
1	2048
2	2048
3	2048
2	2048
2	2048
0	1562
1	2048
0	1649
1	2048
2	2048
2	2048
1	2048
2	2048
0	1839
1	2048
1	2048
1	2048
0	1376
0	1510
0	1845
0	1496
0	1731
0	2011
3	2048
0	1803
2	2048
0	1466
1	2048
0	1452
0	1694
1	2048
3	2048
1	2048
4	2048
0	1377
3	2048
1	2048
6	2048
2	2048
1	2048
1	2048
1	2048
3	2048
1	2048
2	2048
0	1755
1	2048
2	2048
1	2048
5	2048
1	2048
0	1729
0	1997
2	2048
1	2048
1	2048
1	2048
0	1277
0	1495
0	1603
5	2048
0	1908
1	2048
2	2048
1	2048
1	2048
3	2048
0	1929
0	1928
0	1700
1	2048
2	2048
1	2048
0	1903
2	2048
0	1908
0	1950
3	2048
0	1216
0	1426
1	2048
0	1482
3	2048
1	2048
2	2048
0	2035
2	2048
2	2048
1	2048
1	2048
2	2048
0	1710
3	2048
1	2048
4	2048
1	2048
3	2048
1	2048
1	2048
1	2048
1	2048
1	2048
2	2048
2	2048
4	2048
0	1504
1	2048
1	2048
0	2007
1	2048
1	2048
0	1410
1	2048
3	2048
2	2048
1	2048
2	2048
3	2048
2	2048
2	2048
0	1797
2	2048
1	2048
1	2048
0	1668
3	2048
1	2048
0	1518
1	2048
0	1276
1	2048
1	2048
1	2048
1	2048
0	1878
0	1454
2	2048
0	1978
3	2048
0	1708
1	2048
0	1749
1	2048
3	2048
0	1478
1	2048
0	1822
3	2048
1	2048
1	2048
1	2048
0	1632
2	2048
0	1383
0	1824
1	2048
0	1983
1	2048
2	2048
0	2032
1	2048
1	2048
2	2048
3	2048
1	2048
3	2048
0	1759
2	2048
0	1939
2	2048
1	2048
0	1716
2	2048
2	2048
0	1630
2	2048
2	2048
0	1764
2	2048
4	2048
1	2048
0	1370
1	2048
0	2015
1	2048
2	2048
1	2048
0	1920
1	2048
2	2048
1	2048
2	2048
1	2048
2	2048
2	2048
0	1780
1	2048
3	2048
2	2048
3	2048
0	1561
0	1655
1	2048
0	2012
0	1341
0	1920
1	2048
2	2048
1	2048
0	1781
2	2048
1	2048
1	2048
0	1695
1	2048
1	2048
1	2048
1	2048
1	2048
2	2048
0	2048
2	2048
5	2048
0	1591
5	2048
1	2048
0	1962
2	2048
3	2048
0	1595
0	1274
0	1869
1	2048
2	2048
1	2048
1	2048
1	2048
1	2048
1	2048
0	2016
1	2048
3	2048
1	2048
1	2048
0	2046
1	2048
0	1677
0	1790
0	1777
1	2048
3	2048
0	1960
2	2048
0	1439
2	2048
0	1791
1	2048
0	1828
0	1550
2	2048
1	2048
1	2048
0	1938
2	2048
0	1951
1	2048
0	1709
2	2048
0	1940
1	2048
1	2048
1	2048
1	2048
1	2048
1	2048
1	2048
1	2048
1	2048
0	1454
0	1727
1	2048
0	1581
2	2048
2	2048
1	2048
0	1474
0	1772
2	2048
1	2048
1	2048
4	2048
3	2048
1	2048
5	2048
1	2048
2	2048
1	2048
3	2048
2	2048
0	1816
2	2048
0	1661
3	2048
2	2048
2	2048
4	2048
0	1705
1	2048
0	2041
0	2014
0	2030
0	1818
3	2048
1	2048
1	2048
1	2048
1	2048
2	2048
2	2048
1	2048
1	2048
3	2048
0	1905
2	2048
1	2048
3	2048
1	2048
1	2048
1	2048
2	2048
2	2048
1	2048
1	2048
0	1891
1	2048
2	2048
2	2048
0	1681
1	2048
2	2048
1	2048
1	2048
1	2048
0	1444
0	1915
2	2048
1	2048
1	2048
1	2048
2	2048
3	2048
2	2048
1	2048
1	2048
1	2048
3	2048
3	2048
4	2048
3	2048
1	2048
1	2048
1	2048
2	2048
1	2048
3	2048
1	2048
6	2048
1	2048
2	2048
0	1450
4	2048
0	1523
1	2048
1	2048
5	2048
0	1996
2	2048
1	2048
0	1469
1	2048
1	2048
1	2048
0	1767
3	2048
3	2048
1	2048
1	2048
0	1632
2	2048
1	2048
0	1554
3	2048
2	2048
1	2048
1	2048
2	2048
2	2048
0	1777
1	2048
2	2048
1	2048
2	2048
2	2048
2	2048
0	1922
0	1166
0	1944
1	2048
3	2048
0	1277
1	2048
2	2048
2	2048
3	2048
0	1654
0	1996
0	1565
2	2048
1	2048
0	2006
1	2048
1	2048
4	2048
1	2048
2	2048
1	2048
1	2048
1	2048
0	1894
0	1408
1	2048
1	2048
1	2048
0	1705
1	2048
0	1217
2	2048
1	2048
3	2048
1	2048
2	2048
2	2048
1	2048
1	2048
1	2048
0	1319
0	1878
1	2048
1	2048
0	1714
0	1790
1	2048
0	1977
2	2048
0	1403
3	2048
2	2048
0	1885
1	2048
3	2048
1	2048
2	2048
2	2048
2	2048
0	2037
2	2048
1	2048
1	2048
5	2048
1	2048
1	2048
2	2048
1	2048
0	1345
0	1845
2	2048
1	2048
2	2048
1	2048
1	2048
1	2048
0	1767
0	1278
1	2048
1	2048
1	2048
0	2020
1	2048
0	1850
1	2048
2	2048
2	2048
1	2048
0	1499
1	2048
0	1665
2	2048
0	1886
1	2048
3	2048
4	2048
0	1725
0	1866
2	2048
1	2048
3	2048
0	1855
0	1654
1	2048
2	2048
0	2033
1	2048
1	2048
1	2048
1	2048
1	2048
3	2048
1	2048
1	2048
1	2048
1	2048
1	2048
4	2048
0	1458
0	1978
0	1418
0	1702
0	1705
0	1248
1	2048
0	1766
3	2048
1	2048
0	1310
1	2048
2	2048
0	1878
0	1309
1	2048
3	2048
4	2048
2	2048
3	2048
4	2048
1	2048
1	2048
2	2048
1	2048
1	2048
1	2048
1	2048
2	2048
0	1657
1	2048
1	2048
0	1885
0	1997
1	2048
0	1524
2	2048
0	1930
1	2048
1	2048
1	2048
0	1414
0	1841
4	2048
2	2048
1	2048
0	1851
0	1225
0	1286
1	2048
4	2048
0	1341
3	2048
0	1556
4	2048
3	2048
0	1846
1	2048
0	1737
2	2048
1	2048
2	2048
3	2048
3	2048
0	1695
2	2048
1	2048
2	2048
0	1601
0	1916
1	2048
1	2048
1	2048
1	2048
1	2048
4	2048
0	1549
2	2048
1	2048
0	1717
1	2048
0	1782
1	2048
1	2048
1	2048
1	2048
1	2048
1	2048
2	2048
1	2048
2	2048
0	1600
1	2048
1	2048
1	2048
2	2048
0	1568
3	2048
0	1738
0	1610
1	2048
0	1361
1	2048
2	2048
0	2005
0	1422
1	2048
4	2048
1	2048
1	2048
3	2048
0	1618
0	1756
0	1444
2	2048
1	2048
1	2048
1	2048
2	2048
0	1243
2	2048
4	2048
2	2048
3	2048
0	2030
1	2048
1	2048
1	2048
2	2048
1	2048
0	1967
1	2048
0	1303
0	1268
1	2048
2	2048
1	2048
5	2048
1	2048
1	2048
1	2048
1	2048
0	2047
0	1774
2	2048
0	1609
0	1547
1	2048
1	2048
3	2048
3	2048
2	2048
3	2048
0	1643
0	1974
2	2048
2	2048
0	2017
2	2048
0	1346
0	2007
2	2048
0	1984
2	2048
1	2048
3	2048
2	2048
0	1440
0	1942
1	2048
2	2048
3	2048
1	2048
0	1634
2	2048
4	2048
5	2048
2	2048
0	1918
1	2048
2	2048
0	1964
3	2048
2	2048
2	2048
1	2048
2	2048
1	2048
2	2048
0	1499
0	1886
0	1837
4	2048
3	2048
0	1614
1	2048
2	2048
2	2048
2	2048
0	1334
0	1325
3	2048
2	2048
1	2048
1	2048
2	2048
1	2048
1	2048
1	2048
2	2048
0	1623
2	2048
2	2048
3	2048
0	1871
2	2048
1	2048
0	1520
1	2048
2	2048
1	2048
1	2048
1	2048
1	2048
1	2048
1	2048
1	2048
0	1888
0	1483
1	2048
0	1462
2	2048
0	1756
0	1978
2	2048
0	2037
0	1490
3	2048
0	1840
0	1633
1	2048
0	1892
1	2048
1	2048
1	2048
0	1361
3	2048
1	2048
0	1746
1	2048
4	2048
0	1375
0	1791
0	2035
0	1943
1	2048
1	2048
0	1877
0	1880
1	2048
1	2048
0	1268
0	1938
0	1953
1	2048
1	2048
3	2048
0	1788
0	1528
4	2048
2	2048
1	2048
2	2048
2	2048
1	2048
0	1683
1	2048
4	2048
2	2048
1	2048
2	2048
3	2048
1	2048
0	1947
1	2048
1	2048
2	2048
1	2048
0	1376
3	2048
1	2048
2	2048
1	2048
2	2048
2	2048
2	2048
1	2048
0	2014
0	1313
1	2048
0	1807
1	2048
1	2048
1	2048
1	2048
2	2048
2	2048
2	2048
0	1436
1	2048
0	1355
0	1954
0	1589
0	1412
0	2035
2	2048
1	2048
2	2048
0	1712
0	1987
1	2048
2	2048
1	2048
3	2048
1	2048
1	2048
0	1665
0	1798
0	1661
1	2048
3	2048
1	2048
2	2048
1	2048
0	1810
0	1731
1	2048
1	2048
0	1596
2	2048
2	2048
3	2048
2	2048
2	2048
1	2048
1	2048
3	2048
1	2048
1	2048
1	2048
3	2048
0	1275
3	2048
2	2048
0	1763
1	2048
0	1770
1	2048
1	2048
3	2048
2	2048
1	2048
0	1718
2	2048
1	2048
1	2048
3	2048
3	2048
0	1349
0	1668
1	2048
0	1510
1	2048
0	2035
0	1842
1	2048
0	1761
1	2048
3	2048
0	1925
1	2048
1	2048
2	2048
1	2048
0	1672
0	1609
0	1295
3	2048
2	2048
0	1240
2	2048
1	2048
2	2048
0	1916
0	1954
2	2048
0	1646
3	2048
0	1549
3	2048
1	2048
0	1590
0	1741
0	1936
0	1567
1	2048
0	1860
1	2048
1	2048
1	2048
2	2048
2	2048
2	2048
0	1548
1	2048
0	2041
0	1650
1	2048
3	2048
2	2048
3	2048
0	2028
3	2048
1	2048
2	2048
1	2048
2	2048
2	2048
1	2048
2	2048
2	2048
1	2048
0	1840
0	2002
4	2048
1	2048
1	2048
0	1631
2	2048
0	1427
1	2048
2	2048
0	1436
3	2048
0	1853
3	2048
1	2048
0	1968
0	1538
2	2048
1	2048
1	2048
1	2048
0	1585
1	2048
2	2048
1	2048
0	1830
1	2048
0	1901
1	2048
0	1884
1	2048
0	1337
0	1837
0	1286
1	2048
1	2048
2	2048
1	2048
3	2048
1	2048
0	1608
0	1419
2	2048
0	1734
1	2048
0	1875
0	1808
3	2048
2	2048
2	2048
4	2048
0	1695
1	2048
1	2048
1	2048
0	1869
1	2048
0	1673
3	2048
1	2048
3	2048
0	1964
2	2048
3	2048
5	2048
0	1940
2	2048
1	2048
1	2048
1	2048
1	2048
0	1987
0	1815
1	2048
1	2048
2	2048
1	2048
0	1752
0	1675
2	2048
0	1342
0	1470
2	2048
1	2048
0	1864
1	2048
0	1372
2	2048
2	2048
0	1841
1	2048
1	2048
0	2048
1	2048
1	2048
1	2048
1	2048
3	2048
0	2009
0	1672
2	2048
0	1930
1	2048
1	2048
2	2048
1	2048
0	1890
0	1710
0	1926
2	2048
3	2048
1	2048
2	2048
4	2048
1	2048
0	1832
3	2048
1	2048
1	2048
0	1235
1	2048
0	1265
0	1399
1	2048
1	2048
2	2048
2	2048
1	2048
0	1802
0	1372
0	1603
1	2048
1	2048
0	1898
5	2048
2	2048
2	2048
0	1274
1	2048
0	1914
0	1792
2	2048
3	2048
1	2048
2	2048
3	2048
1	2048
1	2048
1	2048
1	2048
2	2048
1	2048
1	2048
1	2048
1	2048
2	2048
3	2048
0	1656
0	1232
0	1957
2	2048
1	2048
0	1390
1	2048
1	2048
2	2048
0	1885
0	1922
1	2048
1	2048
0	1402
2	2048
1	2048
2	2048
0	1485
2	2048
2	2048
0	2006
1	2048
1	2048
0	2036
1	2048
0	1538
0	1695
1	2048
1	2048
2	2048
1	2048
1	2048
0	1931
0	1643
1	2048
1	2048
2	2048
2	2048
0	1879
1	2048
0	1446
3	2048
0	1526
2	2048
1	2048
2	2048
0	1375
1	2048
0	2047
2	2048
1	2048
0	1652
2	2048
0	1729
2	2048
2	2048
2	2048
1	2048
0	1573
2	2048
0	1688
1	2048
1	2048
0	1380
2	2048
0	1615
0	1949
1	2048
1	2048
0	1481
0	1964
1	2048
1	2048
2	2048
1	2048
4	2048
0	1378
0	1693
2	2048
0	1365
2	2048
4	2048
2	2048
0	1619
1	2048
2	2048
2	2048
5	2048
0	1264
3	2048
1	2048
0	1693
2	2048
2	2048
3	2048
2	2048
2	2048
2	2048
0	1697
1	2048
1	2048
2	2048
1	2048
0	1633
0	1766
0	1751
2	2048
0	1513
5	2048
0	1431
1	2048
2	2048
1	2048
0	1739
1	2048
2	2048
1	2048
0	1412
1	2048
0	1772
1	2048
1	2048
0	1515
2	2048
1	2048
0	2033
2	2048
0	1501
3	2048
1	2048
0	1916
1	2048
1	2048
1	2048
2	2048
2	2048
0	1350
1	2048
3	2048
2	2048
1	2048
3	2048
2	2048
1	2048
1	2048
1	2048
0	1510
1	2048
1	2048
1	2048
2	2048
1	2048
2	2048
0	1806
0	1931
0	1906
1	2048
2	2048
1	2048
0	1225
2	2048
0	1941
2	2048
1	2048
2	2048
0	1375
1	2048
1	2048
0	1936
0	1774
2	2048
1	2048
0	1831
1	2048
0	1492
2	2048
0	1266
1	2048
1	2048
0	1356
2	2048
2	2048
1	2048
1	2048
2	2048
2	2048
1	2048
1	2048
0	1874
0	1964
0	1914
1	2048
1	2048
2	2048
1	2048
1	2048
2	2048
0	1989
0	1724
1	2048
0	1560
0	1610
0	1957
2	2048
4	2048
1	2048
1	2048
2	2048
0	1816
1	2048
1	2048
0	1786
0	1968
2	2048
4	2048
1	2048
1	2048
2	2048
2	2048
1	2048
1	2048
1	2048
1	2048
0	1634
1	2048
4	2048
2	2048
0	1911
1	2048
2	2048
0	1757
0	1927
0	1252
0	1479
2	2048
2	2048
1	2048
4	2048
1	2048
1	2048
2	2048
1	2048
2	2048
1	2048
1	2048
1	2048
0	1671
2	2048
1	2048
3	2048
2	2048
2	2048
0	1879
2	2048
0	1332
1	2048
0	1942
0	1821
2	2048
1	2048
2	2048
1	2048
0	1665
0	1677
0	1223
1	2048
1	2048
2	2048
2	2048
3	2048
0	1627
2	2048
3	2048
1	2048
1	2048
1	2048
3	2048
1	2048
2	2048
3	2048
3	2048
0	1781
0	1317
0	1663
2	2048
2	2048
1	2048
2	2048
1	2048
3	2048
0	1249
1	2048
2	2048
3	2048
2	2048
2	2048
1	2048
2	2048
1	2048
1	2048
1	2048
1	2048
1	2048
3	2048
4	2048
1	2048
1	2048
0	1848
1	2048
3	2048
1	2048
1	2048
0	1795
0	1833
1	2048
2	2048
3	2048
1	2048
2	2048
1	2048
2	2048
0	1519
4	2048
1	2048
3	2048
1	2048
0	1405
0	1975
2	2048
0	1715
1	2048
0	1813
0	1462
1	2048
0	1881
0	1867
0	1669
0	1941
0	1726
0	1427
2	2048
1	2048
2	2048
2	2048
1	2048
0	1900
1	2048
1	2048
2	2048
0	1738
4	2048
1	2048
1	2048
1	2048
1	2048
1	2048
1	2048
1	2048
1	2048
1	2048
0	1607
2	2048
2	2048
1	2048
2	2048
2	2048
0	1952
2	2048
1	2048
0	1550
1	2048
1	2048
6	2048
2	2048
2	2048
0	1870
0	1745
1	2048
1	2048
1	2048
0	1310
1	2048
1	2048
1	2048
0	1707
0	1885
0	2000
2	2048
2	2048
0	1811
0	1503
0	1830
1	2048
2	2048
0	1745
0	1720
1	2048
0	1423
0	2011
0	1738
1	2048
2	2048
2	2048
0	1767
3	2048
3	2048
1	2048
1	2048
1	2048
1	2048
0	1191
1	2048
0	1733
0	1845
1	2048
1	2048
3	2048
0	1893
0	1450
3	2048
1	2048
2	2048
0	1590
0	1828
3	2048
0	1693
2	2048
0	1970
0	1659
0	1630
1	2048
1	2048
1	2048
4	2048
1	2048
3	2048
0	1428
2	2048
1	2048
1	2048
2	2048
0	1590
0	1816
1	2048
0	1525
1	2048
1	2048
1	2048
2	2048
0	1781
1	2048
2	2048
1	2048
1	2048
3	2048
0	1532
0	1484
1	2048
0	1491
4	2048
1	2048
2	2048
2	2048
0	1539
1	2048
4	2048
0	1883
0	1357
1	2048
0	1707
0	1471
2	2048
0	1503
2	2048
1	2048
1	2048
0	1728
1	2048
0	1411
0	1813
1	2048
1	2048
1	2048
1	2048
1	2048
1	2048
0	1636
0	1659
2	2048
3	2048
2	2048
1	2048
0	1702
5	2048
0	1669
0	1274
3	2048
0	1849
1	2048
1	2048
3	2048
0	1842
1	2048
0	1781
1	2048
1	2048
1	2048
3	2048
1	2048
3	2048
0	1367
1	2048
2	2048
0	1864
1	2048
0	2001
0	1339
0	1967
0	1720
0	1513
0	1787
0	1946
1	2048
1	2048
2	2048
0	1556
0	1524
0	1883
0	1690
1	2048
1	2048
0	1738
0	1900
0	1686
2	2048
1	2048
0	1235
0	1671
1	2048
3	2048
0	1903
0	1922
0	1894
4	2048
3	2048
0	1873
1	2048
0	1906
0	1366
0	1934
1	2048
0	1198
2	2048
1	2048
1	2048
0	1772
1	2048
1	2048
1	2048
0	1953
3	2048
0	2047
1	2048
1	2048
1	2048
3	2048
1	2048
1	2048
0	1650
0	1419
0	1949
1	2048
0	1515
0	1380
1	2048
0	1855
3	2048
1	2048
2	2048
1	2048
0	1785
1	2048
1	2048
0	1634
4	2048
3	2048
0	1936
2	2048
0	1894
1	2048
3	2048
0	1422
0	1604
0	1609
1	2048
5	2048
1	2048
1	2048
1	2048
1	2048
1	2048
1	2048
0	1996
1	2048
1	2048
2	2048
0	1971
2	2048
0	1429
1	2048
1	2048
2	2048
0	1886
1	2048
2	2048
1	2048
0	1604
1	2048
2	2048
1	2048
2	2048
2	2048
0	1805
0	1699
0	1812
0	1354
0	1208
2	2048
0	1663
2	2048
0	1840
1	2048
0	1356
0	1499
0	1367
1	2048
0	1379
1	2048
1	2048
1	2048
1	2048
2	2048
2	2048
1	2048
1	2048
3	2048
2	2048
0	1891
2	2048
2	2048
2	2048
0	1768
1	2048
1	2048
1	2048
3	2048
2	2048
0	1511
3	2048
0	1175
0	1932
0	1859
1	2048
1	2048
2	2048
1	2048
0	1428
0	1389
2	2048
0	1687
0	1731
0	1414
0	1843
1	2048
1	2048
2	2048
1	2048
1	2048
1	2048
1	2048
0	1794
3	2048
3	2048
2	2048
1	2048
0	1442
2	2048
2	2048
3	2048
2	2048
0	1424
0	2003
1	2048
1	2048
2	2048
1	2048
2	2048
1	2048
0	1543
2	2048
1	2048
1	2048
5	2048
1	2048
1	2048
0	2008
2	2048
3	2048
0	1843
3	2048
1	2048
1	2048
0	1381
0	1468
2	2048
1	2048
0	1560
1	2048
1	2048
2	2048
2	2048
2	2048
1	2048
3	2048
2	2048
1	2048
1	2048
2	2048
0	1206
4	2048
0	1820
0	1314
2	2048
0	1758
0	1528
1	2048
0	1504
3	2048
1	2048
1	2048
0	1653
1	2048
0	1554
1	2048
1	2048
1	2048
1	2048
3	2048
0	1459
0	1362
0	1282
2	2048
1	2048
3	2048
1	2048
0	2036
4	2048
1	2048
1	2048
1	2048
1	2048
1	2048
0	1415
2	2048
2	2048
3	2048
1	2048
0	1703
1	2048
0	1841
1	2048
1	2048
1	2048
0	2043
1	2048
1	2048
0	1452
2	2048
2	2048
0	1693
2	2048
1	2048
0	1988
1	2048
3	2048
2	2048
1	2048
0	2011
2	2048
1	2048
1	2048
1	2048
0	1618
0	1994
1	2048
1	2048
1	2048
3	2048
0	1500
0	1729
1	2048
1	2048
0	1856
1	2048
2	2048
1	2048
1	2048
0	1967
1	2048
4	2048
0	1823
1	2048
3	2048
1	2048
4	2048
0	1963
0	1469
0	1828
1	2048
1	2048
2	2048
0	1919
0	1983
2	2048
0	1424
3	2048
3	2048
1	2048
0	1587
0	1844
2	2048
0	1667
0	1843
1	2048
2	2048
2	2048
2	2048
2	2048
1	2048
0	1434
2	2048
1	2048
0	1535
0	1756
1	2048
2	2048
2	2048
4	2048
0	1895
3	2048
4	2048
0	1738
0	1786
3	2048
1	2048
2	2048
3	2048
1	2048
0	1779
1	2048
2	2048
1	2048
0	1597
0	1624
1	2048
0	1232
0	1622
2	2048
1	2048
0	1818
0	1987
1	2048
6	2048
2	2048
1	2048
4	2048
1	2048
0	1672
2	2048
3	2048
0	1955
0	1665
0	1370
1	2048
0	1580
2	2048
1	2048
0	1699
0	1930
4	2048
0	1916
1	2048
1	2048
0	1847
2	2048
2	2048
1	2048
0	1216
0	1687
1	2048
2	2048
1	2048
0	1716
2	2048
2	2048
3	2048
0	1363
2	2048
1	2048
1	2048
2	2048
0	1347
1	2048
0	1202
1	2048
2	2048
1	2048
0	1980
4	2048
1	2048
4	2048
1	2048
0	1390
3	2048
0	1621
1	2048
3	2048
1	2048
0	1297
0	1942
0	2030
0	1917
0	1871
3	2048
1	2048
1	2048
0	1774
0	1506
1	2048
1	2048
0	1415
3	2048
2	2048
1	2048
0	1490
4	2048
0	1839
1	2048
2	2048
1	2048
1	2048
1	2048
1	2048
1	2048
2	2048
2	2048
2	2048
2	2048
0	1195
0	1743
0	1383
1	2048
0	1629
1	2048
0	2026
2	2048
1	2048
2	2048
0	1432
2	2048
1	2048
2	2048
2	2048
2	2048
1	2048
1	2048
0	1128
4	2048
2	2048
0	1708
1	2048
1	2048
0	1365
1	2048
0	1888
4	2048
0	2036
0	1520
0	1319
0	1632
1	2048
1	2048
1	2048
0	1449
1	2048
0	1551
1	2048
2	2048
0	1444
2	2048
1	2048
1	2048
0	1429
3	2048
0	1534
1	2048
2	2048
1	2048
1	2048
1	2048
0	1856
0	1804
0	1864
3	2048
0	1980
1	2048
0	1996
0	1757
1	2048
0	1317
1	2048
0	1814
1	2048
1	2048
0	2003
1	2048
3	2048
0	1707
1	2048
2	2048
0	1804
2	2048
1	2048
2	2048
0	1629
1	2048
2	2048
2	2048
0	1726
1	2048
2	2048
2	2048
2	2048
2	2048
1	2048
1	2048
1	2048
1	2048
0	1349
1	2048
1	2048
2	2048
0	1540
1	2048
2	2048
0	1675
0	1902
2	2048
1	2048
0	1308
2	2048
0	1643
1	2048
1	2048
0	1689
1	2048
1	2048
1	2048
1	2048
1	2048
2	2048
0	1780
1	2048
1	2048
4	2048
2	2048
1	2048
0	1590
1	2048
0	1860
0	1381
0	1326
1	2048
1	2048
1	2048
1	2048
5	2048
2	2048
1	2048
1	2048
2	2048
0	1862
1	2048
2	2048
1	2048
2	2048
2	2048
0	1512
1	2048
3	2048
0	2000
0	1867
0	1682
0	1912
1	2048
0	1882
0	1630
1	2048
0	1678
0	1456
2	2048
0	1888
0	1600
0	1511
3	2048
1	2048
0	1338
1	2048
0	1961
1	2048
2	2048
2	2048
0	1860
1	2048
0	1503
1	2048
3	2048
0	1533
1	2048
1	2048
4	2048
2	2048
2	2048
1	2048
4	2048
1	2048
3	2048
0	1705
1	2048
1	2048
1	2048
1	2048
1	2048
2	2048
0	1770
0	1749
3	2048
0	1830
0	2006
1	2048
1	2048
2	2048
0	1586
1	2048
0	1228
0	1942
2	2048
2	2048
1	2048
0	1537
0	1905
1	2048
0	2004
2	2048
0	1850
1	2048
1	2048
2	2048
0	1632
2	2048
0	1375
0	1803
2	2048
1	2048
1	2048
1	2048
0	1691
1	2048
1	2048
2	2048
0	1624
3	2048
5	2048
1	2048
3	2048
1	2048
1	2048
1	2048
1	2048
1	2048
1	2048
4	2048
0	1746
1	2048
2	2048
0	1899
1	2048
2	2048
0	1424
1	2048
2	2048
1	2048
1	2048
0	1454
2	2048
0	1549
2	2048
0	1831
2	2048
1	2048
2	2048
0	1484
1	2048
3	2048
0	2036
2	2048
0	1683
0	1821
2	2048
1	2048
2	2048
0	1919
1	2048
1	2048
1	2048
1	2048
0	1888
2	2048
2	2048
6	2048
0	1418
1	2048
2	2048
0	1858
4	2048
0	1889
3	2048
0	1640
0	1729
1	2048
0	1411
1	2048
2	2048
1	2048
1	2048
0	1401
1	2048
3	2048
1	2048
2	2048
0	1751
0	1962
2	2048
1	2048
0	1821
0	1278
1	2048
1	2048
1	2048
1	2048
0	2000
1	2048
0	1628
2	2048
1	2048
1	2048
1	2048
2	2048
1	2048
0	1161
0	1916
0	1212
1	2048
0	1919
2	2048
3	2048
0	1716
3	2048
2	2048
1	2048
0	1829
3	2048
0	1784
0	2044
5	2048
2	2048
1	2048
0	2012
0	1865
1	2048
0	1603
0	1583
0	2027
1	2048
2	2048
0	1933
0	1272
0	1699
2	2048
2	2048
0	1365
2	2048
1	2048
0	1618
0	1949
0	1788
1	2048
1	2048
0	1691
0	1559
3	2048
1	2048
0	1843
4	2048
0	1590
1	2048
1	2048
0	2023
2	2048
0	1468
0	1704
0	1945
0	1826
0	1713
2	2048
2	2048
0	1341
2	2048
2	2048
0	1799
0	1578
0	1586
0	2048
0	1628
2	2048
0	1541
1	2048
0	2016
1	2048
2	2048
1	2048
1	2048
2	2048
1	2048
1	2048
1	2048
2	2048
1	2048
0	1527
1	2048
3	2048
0	1796
1	2048
2	2048
0	1822
1	2048
0	1964
0	1558
1	2048
2	2048
0	1597
1	2048
0	1766
1	2048
2	2048
0	2017
2	2048
1	2048
0	1440
2	2048
0	1635
0	1815
1	2048
1	2048
1	2048
3	2048
3	2048
1	2048
0	1507
0	1711
0	2042
2	2048
2	2048
1	2048
1	2048
0	1472
0	1810
3	2048
2	2048
1	2048
1	2048
0	1800
1	2048
3	2048
2	2048
1	2048
2	2048
1	2048
0	1547
2	2048
3	2048
1	2048
1	2048
1	2048
1	2048
2	2048
1	2048
0	1530
0	1223
3	2048
2	2048
1	2048
1	2048
3	2048
5	2048
1	2048
0	1717
2	2048
0	1883
3	2048
0	1099
2	2048
1	2048
2	2048
1	2048
1	2048
1	2048
0	1831
0	1596
1	2048
1	2048
0	1887
0	1476
0	1758
2	2048
1	2048
0	1773
0	1890
2	2048
1	2048
3	2048
2	2048
0	1428
1	2048
0	1830
1	2048
0	1661
1	2048
2	2048
2	2048
3	2048
4	2048
3	2048
1	2048
3	2048
3	2048
1	2048
1	2048
1	2048
3	2048
0	1783
2	2048
1	2048
3	2048
0	1458
1	2048
0	1556
1	2048
2	2048
3	2048
1	2048
2	2048
2	2048
0	1799
0	1456
1	2048
2	2048
1	2048
2	2048
0	1920
0	1651
2	2048
0	1924
1	2048
2	2048
1	2048
1	2048
0	1957
0	1856
2	2048
3	2048
1	2048
0	1883
1	2048
1	2048
2	2048
0	1495
3	2048
1	2048
0	2039
0	1149
0	1416
0	1759
1	2048
5	2048
1	2048
0	1891
1	2048
1	2048
0	1634
1	2048
1	2048
0	1372
3	2048
1	2048
1	2048
0	1464
2	2048
1	2048
0	1854
1	2048
1	2048
1	2048
3	2048
0	1626
0	1973
1	2048
0	1764
0	1786
1	2048
0	1990
0	1714
1	2048
4	2048
0	1861
0	1281
0	1458
2	2048
1	2048
1	2048
0	1310
3	2048
1	2048
0	1471
3	2048
0	1690
0	2047
0	1591
0	1106
1	2048
1	2048
0	1697
0	1631
1	2048
0	1907
3	2048
1	2048
1	2048
3	2048
1	2048
2	2048
1	2048
2	2048
1	2048
2	2048
0	1825
2	2048
3	2048
2	2048
0	1529
2	2048
0	1902
2	2048
0	1772
0	1508
0	1334
0	1951
3	2048
1	2048
0	1619
0	1514
0	1761
1	2048
1	2048
1	2048
1	2048
1	2048
0	1717
0	1812
1	2048
2	2048
2	2048
3	2048
2	2048
2	2048
0	1821
0	1645
0	1587
2	2048
1	2048
0	1744
0	1611
3	2048
0	1778
2	2048
1	2048
2	2048
0	1962
0	1556
2	2048
2	2048
4	2048
1	2048
0	1784
2	2048
2	2048
1	2048
2	2048
1	2048
0	1617
0	1738
3	2048
0	1750
0	2022
0	1831
3	2048
0	1481
1	2048
1	2048
2	2048
0	1886
1	2048
0	1622
0	1612
1	2048
0	1645
1	2048
2	2048
0	1592
1	2048
0	2007
0	1812
0	1215
1	2048
1	2048
1	2048
2	2048
1	2048
4	2048
0	1726
1	2048
2	2048
0	1451
0	1394
0	1731
0	1713
1	2048
2	2048
1	2048
0	1506
0	1878
1	2048
1	2048
0	1880
0	1831
3	2048
2	2048
1	2048
0	1308
0	1771
1	2048
1	2048
0	1828
0	1139
0	1758
1	2048
1	2048
1	2048
3	2048
2	2048
1	2048
0	1504
2	2048
1	2048
0	1714
3	2048
0	1572
3	2048
1	2048
0	1686
1	2048
1	2048
1	2048
3	2048
1	2048
2	2048
0	1859
0	1551
1	2048
2	2048
1	2048
1	2048
1	2048
1	2048
0	1841
0	1644
1	2048
1	2048
0	1952
3	2048
2	2048
3	2048
1	2048
2	2048
2	2048
1	2048
1	2048
0	1998
0	1768
3	2048
0	1916
1	2048
2	2048
1	2048
0	1365
0	1711
2	2048
1	2048
0	1918
0	1981
0	1400
0	1570
3	2048
0	1465
1	2048
2	2048
2	2048
1	2048
2	2048
4	2048
1	2048
0	1404
1	2048
2	2048
3	2048
0	1425
0	1996
2	2048
1	2048
0	1739
1	2048
1	2048
0	1211
1	2048
0	1323
2	2048
0	2024
2	2048
2	2048
0	1744
1	2048
0	1616
1	2048
1	2048
1	2048
1	2048
0	2025
0	1895
1	2048
0	1958
1	2048
2	2048
0	1378
1	2048
1	2048
1	2048
1	2048
2	2048
2	2048
1	2048
0	1970
1	2048
1	2048
2	2048
1	2048
3	2048
2	2048
0	1480
1	2048
0	1513
1	2048
2	2048
0	1894
2	2048
2	2048
0	1655
0	1192
3	2048
2	2048
3	2048
2	2048
1	2048
1	2048
1	2048
2	2048
2	2048
0	1569
2	2048
1	2048
1	2048
2	2048
1	2048
0	1749
0	1627
2	2048
2	2048
0	1604
0	1443
1	2048
2	2048
0	1503
1	2048
2	2048
2	2048
1	2048
1	2048
1	2048
1	2048
0	1947
2	2048
2	2048
1	2048
2	2048
1	2048
2	2048
1	2048
0	2033
0	1706
0	2032
1	2048
2	2048
0	1323
2	2048
0	1696
3	2048
4	2048
1	2048
2	2048
0	1377
0	1503
1	2048
1	2048
1	2048
0	1673
0	1708
2	2048
0	1544
2	2048
2	2048
1	2048
4	2048
0	1424
1	2048
3	2048
1	2048
0	1748
1	2048
3	2048
3	2048
0	1931
2	2048
0	1410
0	1418
0	1192
0	1778
1	2048
1	2048
1	2048
1	2048
0	1898
3	2048
1	2048
0	1598
1	2048
0	1705
0	2035
0	1950
2	2048
1	2048
1	2048
1	2048
0	1430
0	1250
0	1845
1	2048
0	1637
1	2048
2	2048
1	2048
0	1863
2	2048
0	1973
0	1602
2	2048
2	2048
0	2017
0	1325
0	1963
2	2048
0	1781
2	2048
1	2048
0	1481
3	2048
0	1568
2	2048
0	1936
2	2048
1	2048
2	2048
1	2048
3	2048
1	2048
1	2048
0	1599
1	2048
1	2048
2	2048
2	2048
1	2048
2	2048
2	2048
1	2048
1	2048
1	2048
0	2013
0	1727
1	2048
0	1634
3	2048
1	2048
3	2048
2	2048
1	2048
3	2048
0	1322
2	2048
1	2048
1	2048
3	2048
2	2048
3	2048
3	2048
1	2048
0	1759
3	2048
2	2048
0	1603
2	2048
1	2048
0	1733
2	2048
1	2048
1	2048
0	1806
1	2048
2	2048
2	2048
0	1668
2	2048
2	2048
2	2048
3	2048
1	2048
1	2048
1	2048
1	2048
0	1749
1	2048
0	1969
2	2048
1	2048
0	1875
1	2048
1	2048
0	1687
3	2048
0	1865
1	2048
2	2048
3	2048
1	2048
0	1317
2	2048
1	2048
0	1686
1	2048
0	2022
2	2048
1	2048
2	2048
1	2048
1	2048
1	2048
1	2048
2	2048
0	1911
0	1931
3	2048
3	2048
2	2048
1	2048
3	2048
6	2048
0	2022
2	2048
1	2048
2	2048
0	1834
2	2048
2	2048
3	2048
0	1887
0	1721
1	2048
1	2048
1	2048
1	2048
1	2048
2	2048
0	1542
2	2048
1	2048
1	2048
1	2048
2	2048
3	2048
1	2048
0	1625
1	2048
1	2048
1	2048
2	2048
0	1403
0	1756
0	1809
0	1845
1	2048
2	2048
0	1767
1	2048
1	2048
1	2048
1	2048
3	2048
0	1608
1	2048
1	2048
0	1551
0	2004
3	2048
0	1441
3	2048
3	2048
2	2048
0	1676
1	2048
2	2048
2	2048
1	2048
1	2048
2	2048
1	2048
0	1853
1	2048
2	2048
0	1449
3	2048
1	2048
2	2048
0	1862
0	1835
2	2048
2	2048
1	2048
0	1727
3	2048
2	2048
0	1878
0	1231
0	1889
0	1862
1	2048
1	2048
1	2048
3	2048
1	2048
1	2048
0	1460
2	2048
3	2048
1	2048
1	2048
0	1572
3	2048
0	2030
2	2048
2	2048
1	2048
1	2048
0	1628
0	1901
1	2048
1	2048
2	2048
1	2048
0	1583
2	2048
1	2048
0	1834
2	2048
1	2048
2	2048
1	2048
2	2048
0	1541
2	2048
0	1595
1	2048
1	2048
0	1666
0	1971
2	2048
0	1906
1	2048
2	2048
4	2048
4	2048
1	2048
1	2048
0	1329
1	2048
3	2048
2	2048
2	2048
4	2048
1	2048
0	2001
0	1941
3	2048
1	2048
0	1378
1	2048
2	2048
2	2048
0	1596
0	1985
0	1844
0	1482
1	2048
0	1249
0	1516
0	1619
0	1834
2	2048
0	1902
1	2048
0	1705
1	2048
0	1651
2	2048
0	1477
1	2048
3	2048
1	2048
2	2048
1	2048
2	2048
2	2048
1	2048
1	2048
1	2048
2	2048
2	2048
1	2048
1	2048
3	2048
1	2048
1	2048
0	1660
0	2020
1	2048
2	2048
2	2048
0	1900
3	2048
3	2048
1	2048
0	1613
0	1680
2	2048
1	2048
1	2048
2	2048
1	2048
1	2048
1	2048
0	1669
1	2048
2	2048
1	2048
0	1493
1	2048
1	2048
1	2048
4	2048
0	1660
1	2048
0	1748
2	2048
1	2048
0	1494
3	2048
0	1328
2	2048
0	1556
1	2048
1	2048
1	2048
4	2048
0	1654
3	2048
0	1690
0	1287
2	2048
2	2048
2	2048
1	2048
0	1768
0	1512
2	2048
0	1998
0	1539
2	2048
1	2048
0	1234
0	1369
3	2048
0	1304
1	2048
2	2048
2	2048
2	2048
2	2048
2	2048
4	2048
3	2048
1	2048
1	2048
1	2048
0	1469
1	2048
2	2048
1	2048
2	2048
1	2048
0	1572
3	2048
1	2048
1	2048
2	2048
2	2048
2	2048
0	1369
0	1917
2	2048
1	2048
0	1391
2	2048
1	2048
0	2016
2	2048
0	1596
2	2048
0	2019
0	1725
2	2048
1	2048
2	2048
1	2048
0	1374
0	1700
1	2048
1	2048
0	1217
0	1381
0	1320
2	2048
3	2048
0	2012
0	1777
1	2048
3	2048
2	2048
2	2048
5	2048
3	2048
1	2048
1	2048
1	2048
2	2048
3	2048
1	2048
1	2048
2	2048
1	2048
1	2048
0	1216
1	2048
3	2048
2	2048
2	2048
0	1950
0	1802
1	2048
1	2048
1	2048
1	2048
0	1540
3	2048
1	2048
1	2048
0	1699
0	1548
1	2048
1	2048
2	2048
0	1314
1	2048
0	1734
1	2048
2	2048
2	2048
0	1366
0	1626
2	2048
3	2048
0	1545
0	1889
3	2048
2	2048
0	1756
0	1750
2	2048
1	2048
0	1802
0	1573
0	1747
1	2048
1	2048
2	2048
1	2048
1	2048
3	2048
0	1383
0	1819
1	2048
2	2048
1	2048
0	1893
1	2048
0	1568
0	1975
1	2048
1	2048
1	2048
3	2048
1	2048
1	2048
2	2048
1	2048
0	1979
2	2048
2	2048
2	2048
0	1581
2	2048
1	2048
1	2048
0	1479
0	1891
1	2048
0	2007
1	2048
1	2048
0	1941
1	2048
2	2048
0	1810
1	2048
0	1328
1	2048
1	2048
0	1672
1	2048
0	1918
0	1990
2	2048
2	2048
0	1930
1	2048
2	2048
1	2048
0	1815
1	2048
2	2048
0	1722
1	2048
1	2048
1	2048
1	2048
2	2048
0	1704
1	2048
0	1746
2	2048
2	2048
0	1688
4	2048
1	2048
3	2048
0	1213
0	1524
2	2048
2	2048
0	1895
1	2048
0	1600
0	1708
2	2048
1	2048
1	2048
1	2048
1	2048
0	1860
1	2048
1	2048
1	2048
0	1492
2	2048
3	2048
0	1424
1	2048
3	2048
1	2048
1	2048
0	1862
3	2048
4	2048
1	2048
1	2048
1	2048
3	2048
2	2048
3	2048
0	1290
5	2048
1	2048
0	1800
4	2048
1	2048
1	2048
0	1559
1	2048
1	2048
1	2048
1	2048
0	1860
2	2048
0	1667
2	2048
0	1568
3	2048
1	2048
2	2048
2	2048
3	2048
0	1831
1	2048
1	2048
2	2048
0	1877
1	2048
0	1987
2	2048
0	1898
0	1447
1	2048
0	1638
1	2048
0	1350
0	1231
1	2048
1	2048
2	2048
0	1632
2	2048
0	1656
2	2048
2	2048
0	1995
2	2048
1	2048
1	2048
0	1427
2	2048
0	1928
2	2048
1	2048
1	2048
2	2048
2	2048
1	2048
2	2048
2	2048
0	1475
0	1511
2	2048
2	2048
0	2033
2	2048
0	1911
0	1492
1	2048
2	2048
4	2048
2	2048
0	1449
3	2048
1	2048
3	2048
0	1998
0	2018
2	2048
3	2048
2	2048
1	2048
1	2048
2	2048
2	2048
2	2048
1	2048
1	2048
1	2048
0	2048
2	2048
1	2048
2	2048
1	2048
1	2048
2	2048
1	2048
0	1764
0	1815
0	1664
1	2048
0	1545
3	2048
2	2048
1	2048
3	2048
1	2048
0	1708
0	1752
0	2020
2	2048
1	2048
1	2048
4	2048
3	2048
3	2048
1	2048
0	1418
0	1377
0	1778
0	1166
0	1716
1	2048
2	2048
1	2048
3	2048
0	1881
1	2048
4	2048
2	2048
1	2048
3	2048
0	1506
1	2048
1	2048
0	1999
2	2048
0	1864
2	2048
3	2048
0	1981
2	2048
1	2048
0	1839
1	2048
0	1433
1	2048
0	1722
1	2048
0	1816
1	2048
2	2048
0	1617
0	1595
2	2048
0	1360
0	1619
4	2048
0	1930
1	2048
4	2048
1	2048
2	2048
1	2048
2	2048
0	1335
2	2048
0	1840
2	2048
1	2048
2	2048
2	2048
2	2048
1	2048
1	2048
2	2048
0	1699
1	2048
2	2048
1	2048
2	2048
0	2006
2	2048
2	2048
2	2048
0	1797
3	2048
1	2048
1	2048
0	2039
1	2048
0	2035
1	2048
0	1204
4	2048
1	2048
0	1847
0	2040
0	1971
2	2048
1	2048
2	2048
2	2048
2	2048
0	1460
2	2048
1	2048
2	2048
1	2048
1	2048
0	1499
0	1627
0	1683
4	2048
0	1595
2	2048
4	2048
0	1680
1	2048
1	2048
2	2048
2	2048
0	1752
0	2005
1	2048
0	1389
3	2048
1	2048
1	2048
1	2048
0	1667
2	2048
1	2048
0	2039
1	2048
3	2048
4	2048
2	2048
1	2048
0	1633
1	2048
3	2048
2	2048
0	1942
1	2048
2	2048
1	2048
2	2048
2	2048
0	1596
0	1647
1	2048
3	2048
0	1367
2	2048
1	2048
3	2048
0	1810
0	1590
1	2048
0	1893
1	2048
1	2048
2	2048
2	2048
1	2048
0	1513
1	2048
1	2048
1	2048
1	2048
1	2048
1	2048
1	2048
1	2048
1	2048
1	2048
1	2048
0	1722
0	1183
3	2048
2	2048
0	1497
2	2048
1	2048
2	2048
0	1429
2	2048
0	1637
5	2048
0	1423
0	1854
1	2048
0	1852
0	1432
1	2048
3	2048
2	2048
2	2048
2	2048
1	2048
1	2048
2	2048
2	2048
1	2048
0	1288
2	2048
0	1717
1	2048
1	2048
1	2048
1	2048
1	2048
1	2048
1	2048
0	1741
1	2048
1	2048
0	1956
1	2048
0	1970
0	1977
2	2048
0	1438
1	2048
0	1614
1	2048
0	1725
0	1745
1	2048
2	2048
1	2048
0	2047
2	2048
0	2020
0	1350
1	2048
4	2048
1	2048
0	2034
2	2048
3	2048
1	2048
1	2048
1	2048
3	2048
0	2009
1	2048
2	2048
1	2048
1	2048
2	2048
2	2048
3	2048
1	2048
0	1944
1	2048
1	2048
1	2048
4	2048
1	2048
0	1457
2	2048
0	1643
3	2048
2	2048
2	2048
2	2048
3	2048
0	1934
2	2048
2	2048
1	2048
1	2048
2	2048
0	1901
3	2048
0	1430
0	2023
2	2048
1	2048
1	2048
0	1613
2	2048
0	1794
0	1886
3	2048
2	2048
2	2048
1	2048
0	1458
3	2048
1	2048
3	2048
1	2048
1	2048
2	2048
1	2048
0	1868
0	1811
1	2048
2	2048
0	1453
1	2048
0	1370
1	2048
0	1584
0	1895
2	2048
2	2048
1	2048
2	2048
0	1678
1	2048
1	2048
0	1733
1	2048
0	1833
1	2048
1	2048
1	2048
3	2048
3	2048
0	1667
2	2048
1	2048
0	1805
1	2048
2	2048
2	2048
0	1770
1	2048
1	2048
1	2048
0	1315
0	1382
2	2048
1	2048
0	1783
2	2048
1	2048
1	2048
3	2048
2	2048
2	2048
0	1729
1	2048
0	1655
0	1283
1	2048
2	2048
1	2048
0	1670
1	2048
1	2048
0	1670
1	2048
0	1485
1	2048
1	2048
1	2048
2	2048
1	2048
0	1900
0	1971
0	1673
2	2048
1	2048
1	2048
0	1910
2	2048
0	1902
0	1587
0	2039
1	2048
5	2048
0	1889
0	1884
0	1680
1	2048
0	1638
0	1783
1	2048
0	1942
2	2048
1	2048
0	1369
1	2048
0	1769
1	2048
1	2048
4	2048
1	2048
0	1548
1	2048
0	1932
1	2048
1	2048
0	1878
1	2048
2	2048
1	2048
0	1430
4	2048
1	2048
0	1870
3	2048
0	1329
0	1514
0	1755
0	1279
0	1982
3	2048
1	2048
3	2048
1	2048
1	2048
1	2048
0	1782
1	2048
0	2041
1	2048
0	1738
2	2048
2	2048
1	2048
2	2048
1	2048
0	1788
4	2048
0	1708
2	2048
2	2048
1	2048
0	1926
0	1440
0	1916
1	2048
1	2048
2	2048
0	1424
0	1759
2	2048
3	2048
0	1720
2	2048
1	2048
1	2048
0	1615
2	2048
0	1722
1	2048
0	1659
0	1990
1	2048
0	1485
1	2048
1	2048
1	2048
0	1589
1	2048
1	2048
2	2048
0	1939
1	2048
1	2048
0	1464
2	2048
1	2048
0	1756
1	2048
3	2048
0	1494
0	1282
0	1736
4	2048
1	2048
2	2048
0	1772
2	2048
0	1746
2	2048
1	2048
2	2048
2	2048
0	1551
0	1829
1	2048
0	1233
2	2048
0	1742
2	2048
2	2048
2	2048
0	1316
0	1141
2	2048
0	1617
1	2048
3	2048
3	2048
1	2048
0	1908
1	2048
0	2035
1	2048
4	2048
0	1720
0	1803
0	1407
1	2048
0	1342
1	2048
0	1668
5	2048
1	2048
1	2048
1	2048
1	2048
1	2048
1	2048
1	2048
1	2048
0	1779
2	2048
3	2048
0	1271
2	2048
0	1693
1	2048
2	2048
2	2048
2	2048
4	2048
2	2048
2	2048
3	2048
1	2048
1	2048
0	1822
2	2048
0	1507
0	1932
1	2048
1	2048
3	2048
1	2048
1	2048
1	2048
2	2048
1	2048
3	2048
1	2048
1	2048
2	2048
1	2048
2	2048
2	2048
1	2048
1	2048
1	2048
1	2048
1	2048
2	2048
0	1715
1	2048
1	2048
0	1938
1	2048
0	1900
1	2048
4	2048
0	1279
0	1925
0	1723
0	1815
5	2048
1	2048
0	1729
1	2048
1	2048
0	1645
1	2048
0	1768
0	1659
0	1909
0	1397
1	2048
1	2048
1	2048
1	2048
1	2048
2	2048
2	2048
1	2048
1	2048
0	1761
4	2048
1	2048
1	2048
2	2048
1	2048
0	2018
3	2048
3	2048
0	1500
3	2048
2	2048
1	2048
0	1599
0	1615
0	1892
4	2048
2	2048
0	1446
2	2048
2	2048
0	1377
2	2048
2	2048
1	2048
0	1901
0	1353
2	2048
4	2048
0	1527
1	2048
2	2048
0	1511
0	1905
2	2048
1	2048
1	2048
2	2048
2	2048
0	1449
2	2048
0	1636
1	2048
2	2048
1	2048
1	2048
1	2048
1	2048
1	2048
0	1772
0	1874
3	2048
0	1729
1	2048
0	1614
0	1659
0	1970
1	2048
2	2048
0	1499
1	2048
0	1783
2	2048
3	2048
1	2048
3	2048
0	1299
0	1599
0	1708
1	2048
3	2048
0	1833
2	2048
2	2048
1	2048
2	2048
0	1755
1	2048
2	2048
0	1972
1	2048
1	2048
2	2048
2	2048
0	1699
0	1517
0	1782
1	2048
0	1911
0	1482
1	2048
1	2048
0	1853
1	2048
1	2048
0	1904
2	2048
1	2048
2	2048
0	1762
0	1877
1	2048
1	2048
1	2048
0	1994
2	2048
1	2048
0	1708
1	2048
2	2048
3	2048
1	2048
2	2048
1	2048
1	2048
0	1618
0	1530
0	1924
0	1931
2	2048
0	1947
0	1815
0	1451
0	1529
1	2048
1	2048
0	1104
2	2048
0	1476
2	2048
1	2048
0	1382
0	1812
0	1887
1	2048
1	2048
0	1313
0	1789
2	2048
2	2048
0	1599
2	2048
0	1410
1	2048
3	2048
2	2048
1	2048
0	1957
1	2048
1	2048
2	2048
1	2048
3	2048
2	2048
3	2048
1	2048
1	2048
2	2048
2	2048
0	1741
0	1511
2	2048
0	1288
1	2048
1	2048
0	1637
2	2048
1	2048
1	2048
3	2048
2	2048
0	1931
0	1426
1	2048
1	2048
0	1753
0	1960
0	1563
1	2048
1	2048
2	2048
1	2048
0	1931
2	2048
1	2048
0	1905
1	2048
2	2048
0	1393
1	2048
0	2040
0	1400
0	1438
3	2048
0	1612
1	2048
2	2048
3	2048
0	1478
0	1812
3	2048
1	2048
0	1722
1	2048
1	2048
1	2048
2	2048
1	2048
4	2048
0	1860
0	1543
1	2048
0	1792
1	2048
3	2048
2	2048
1	2048
0	1367
1	2048
2	2048
1	2048
1	2048
2	2048
0	1740
0	1740
2	2048
1	2048
2	2048
3	2048
2	2048
0	1634
1	2048
4	2048
1	2048
0	2025
1	2048
2	2048
0	1895
0	1983
1	2048
0	1907
2	2048
1	2048
0	1724
0	1642
3	2048
2	2048
2	2048
1	2048
1	2048
2	2048
2	2048
2	2048
1	2048
0	1913
1	2048
0	1410
2	2048
5	2048
0	1810
2	2048
1	2048
1	2048
2	2048
0	2004
0	1647
1	2048
0	1949
3	2048
1	2048
2	2048
1	2048
4	2048
0	1574
1	2048
1	2048
1	2048
1	2048
0	1803
1	2048
0	1784
2	2048
2	2048
0	1704
0	1866
5	2048
1	2048
1	2048
2	2048
0	1354
2	2048
1	2048
1	2048
1	2048
3	2048
1	2048
2	2048
1	2048
2	2048
2	2048
0	1515
1	2048
0	1969
2	2048
0	1587
3	2048
2	2048
1	2048
0	2022
0	1260
0	1908
3	2048
1	2048
3	2048
1	2048
1	2048
0	1635
1	2048
0	1630
1	2048
0	1643
0	1447
0	1397
0	1846
0	1844
1	2048
2	2048
1	2048
0	1645
0	1985
0	1289
0	1873
1	2048
0	1928
1	2048
0	1609
2	2048
1	2048
3	2048
0	1987
1	2048
0	1645
0	1858
2	2048
1	2048
0	1674
0	1840
0	1171
1	2048
2	2048
1	2048
0	1936
0	1946
1	2048
1	2048
0	1879
1	2048
1	2048
2	2048
1	2048
0	1916
1	2048
0	1929
0	1688
0	1583
2	2048
1	2048
0	1942
1	2048
1	2048
1	2048
1	2048
3	2048
1	2048
0	1566
3	2048
0	1546
0	1582
0	1958
1	2048
1	2048
3	2048
0	1980
0	1508
1	2048
1	2048
2	2048
0	1320
1	2048
2	2048
2	2048
2	2048
1	2048
1	2048
0	1848
0	1495
1	2048
0	1480
1	2048
0	1684
2	2048
1	2048
2	2048
0	1615
1	2048
1	2048
3	2048
2	2048
0	1685
1	2048
0	2003
0	1428
1	2048
4	2048
4	2048
1	2048
1	2048
0	1599
1	2048
1	2048
0	1415
2	2048
1	2048
0	1869
1	2048
0	1947
0	1587
2	2048
1	2048
0	1794
2	2048
1	2048
0	1766
0	1910
0	1942
2	2048
1	2048
1	2048
3	2048
2	2048
1	2048
0	1812
1	2048
3	2048
2	2048
5	2048
3	2048
1	2048
1	2048
5	2048
2	2048
1	2048
3	2048
2	2048
2	2048
2	2048
0	1397
1	2048
0	1864
2	2048
1	2048
2	2048
2	2048
0	1632
0	2029
1	2048
2	2048
2	2048
0	1563
0	1901
1	2048
2	2048
1	2048
4	2048
0	1551
1	2048
1	2048
3	2048
2	2048
2	2048
1	2048
0	1943
3	2048
1	2048
0	1748
0	1475
1	2048
0	1726
0	1382
1	2048
2	2048
2	2048
0	1905
0	1512
1	2048
0	1589
2	2048
2	2048
0	1963
2	2048
1	2048
3	2048
1	2048
2	2048
1	2048
1	2048
0	1342
1	2048
2	2048
4	2048
1	2048
0	1969
0	2026
1	2048
1	2048
1	2048
1	2048
3	2048
0	1476
1	2048
0	2009
1	2048
2	2048
1	2048
2	2048
2	2048
1	2048
0	1593
1	2048
1	2048
1	2048
1	2048
2	2048
3	2048
0	1454
3	2048
1	2048
1	2048
1	2048
1	2048
1	2048
4	2048
0	1898
0	1357
0	1760
0	1617
0	1785
0	1490
1	2048
1	2048
2	2048
0	1343
2	2048
1	2048
0	1892
0	1386
2	2048
0	1595
1	2048
1	2048
1	2048
2	2048
1	2048
0	1384
2	2048
0	1818
1	2048
1	2048
1	2048
1	2048
0	1782
0	1965
3	2048
2	2048
1	2048
0	1717
1	2048
1	2048
2	2048
1	2048
1	2048
3	2048
0	1648
1	2048
1	2048
1	2048
0	1866
0	2042
0	1986
1	2048
0	1944
0	1981
1	2048
0	1950
0	2032
1	2048
1	2048
2	2048
0	1592
0	1691
0	1748
2	2048
3	2048
4	2048
0	1831
2	2048
3	2048
0	1419
1	2048
3	2048
1	2048
1	2048
0	1720
4	2048
0	1373
0	2029
3	2048
1	2048
1	2048
2	2048
0	1665
0	1923
2	2048
3	2048
2	2048
3	2048
0	1994
1	2048
0	2015
0	1412
1	2048
1	2048
2	2048
1	2048
0	1959
0	1650
1	2048
1	2048
1	2048
1	2048
2	2048
1	2048
0	1759
1	2048
2	2048
1	2048
0	1780
1	2048
1	2048
1	2048
1	2048
0	1705
1	2048
0	2003
0	1987
3	2048
2	2048
1	2048
2	2048
0	1452
1	2048
4	2048
0	1939
0	1735
2	2048
0	1530
2	2048
1	2048
0	1446
0	1943
2	2048
2	2048
0	1811
0	1976
3	2048
2	2048
1	2048
4	2048
1	2048
1	2048
4	2048
2	2048
0	1750
0	1874
1	2048
0	1817
1	2048
1	2048
0	1517
2	2048
2	2048
1	2048
2	2048
2	2048
1	2048
0	1317
1	2048
1	2048
1	2048
0	1533
4	2048
0	1768
1	2048
1	2048
1	2048
0	1528
0	1983
1	2048
2	2048
0	1534
2	2048
0	1454
2	2048
0	1832
1	2048
0	1948
2	2048
3	2048
0	1512
2	2048
1	2048
1	2048
4	2048
0	2032
2	2048
0	1481
1	2048
2	2048
1	2048
0	2045
1	2048
0	1865
2	2048
2	2048
0	1726
2	2048
0	1691
0	1795
2	2048
0	1788
0	1977
0	1990
0	1607
1	2048
1	2048
0	1719
0	2002
2	2048
2	2048
1	2048
0	1724
2	2048
1	2048
0	1967
0	1475
1	2048
1	2048
2	2048
4	2048
0	1458
0	1670
1	2048
1	2048
2	2048
2	2048
0	1915
1	2048
0	1746
0	1864
2	2048
0	1896
2	2048
1	2048
0	1461
1	2048
3	2048
1	2048
0	1374
1	2048
0	1875
0	1783
1	2048
0	1835
1	2048
1	2048
1	2048
0	1980
0	1274
0	1192
1	2048
1	2048
2	2048
0	1839
2	2048
1	2048
0	1857
0	1504
2	2048
1	2048
3	2048
2	2048
1	2048
6	2048
1	2048
0	1780
4	2048
2	2048
1	2048
1	2048
1	2048
0	1546
0	1239
1	2048
0	1713
1	2048
0	1375
0	1258
3	2048
2	2048
3	2048
0	1538
1	2048
0	1866
0	1701
0	2014
1	2048
0	1452
0	1684
1	2048
2	2048
1	2048
2	2048
0	1937
0	1576
2	2048
3	2048
2	2048
0	1684
0	1647
1	2048
2	2048
0	1911
0	1813
1	2048
1	2048
0	1720
2	2048
1	2048
0	1763
2	2048
2	2048
1	2048
0	1627
0	1925
2	2048
1	2048
2	2048
0	1463
2	2048
1	2048
0	1887
0	1893
1	2048
1	2048
0	1835
1	2048
1	2048
3	2048
1	2048
0	1321
4	2048
1	2048
3	2048
0	1626
4	2048
0	1755
0	1687
2	2048
0	1722
0	1473
3	2048
3	2048
0	1901
1	2048
1	2048
2	2048
2	2048
0	1583
1	2048
1	2048
4	2048
1	2048
0	1530
1	2048
1	2048
1	2048
1	2048
2	2048
1	2048
3	2048
1	2048
1	2048
0	1913
0	1653
0	1730
1	2048
1	2048
2	2048
1	2048
1	2048
2	2048
1	2048
1	2048
1	2048
1	2048
0	1515
0	1953
1	2048
0	1831
0	1869
2	2048
0	1662
0	1609
2	2048
1	2048
2	2048
2	2048
1	2048
1	2048
0	1584
0	1929
2	2048
1	2048
1	2048
0	1583
1	2048
1	2048
0	1904
1	2048
0	1943
0	1830
1	2048
2	2048
3	2048
1	2048
1	2048
1	2048
0	1775
0	1899
1	2048
0	1182
0	1454
1	2048
1	2048
3	2048
0	1368
2	2048
4	2048
1	2048
0	1575
1	2048
0	1603
4	2048
4	2048
0	1886
1	2048
2	2048
1	2048
2	2048
2	2048
0	1876
0	1791
0	1354
2	2048
1	2048
1	2048
1	2048
2	2048
0	1798
2	2048
1	2048
1	2048
3	2048
3	2048
0	1421
0	1638
1	2048
3	2048
0	1597
1	2048
0	1400
1	2048
2	2048
0	1319
2	2048
2	2048
0	2027
0	1604
2	2048
1	2048
0	1720
1	2048
3	2048
1	2048
1	2048
1	2048
0	2048
3	2048
0	1830
1	2048
0	1973
1	2048
4	2048
2	2048
0	1851
1	2048
1	2048
2	2048
2	2048
1	2048
0	1558
0	1729
0	1868
1	2048
2	2048
0	1994
3	2048
1	2048
0	1572
4	2048
3	2048
0	1969
2	2048
0	1733
0	2023
1	2048
1	2048
1	2048
1	2048
1	2048
2	2048
3	2048
3	2048
2	2048
2	2048
1	2048
1	2048
3	2048
0	1893
0	1710
1	2048
3	2048
1	2048
1	2048
1	2048
0	1689
2	2048
2	2048
0	1561
0	1791
3	2048
1	2048
3	2048
2	2048
3	2048
1	2048
0	1841
3	2048
1	2048
0	1613
3	2048
2	2048
1	2048
0	1806
1	2048
0	1528
0	1666
2	2048
0	1718
2	2048
0	1472
0	1477
0	1225
0	1713
0	2007
1	2048
0	1435
2	2048
1	2048
0	1865
0	1428
1	2048
3	2048
1	2048
2	2048
1	2048
0	1818
3	2048
2	2048
1	2048
0	1941
2	2048
0	1724
1	2048
2	2048
0	1908
1	2048
0	1695
2	2048
2	2048
0	1767
2	2048
5	2048
0	1399
3	2048
2	2048
1	2048
2	2048
1	2048
1	2048
0	1874
1	2048
0	1636
1	2048
3	2048
3	2048
2	2048
3	2048
0	1745
2	2048
2	2048
0	1255
0	1641
1	2048
1	2048
2	2048
0	2006
1	2048
1	2048
2	2048
2	2048
2	2048
1	2048
3	2048
2	2048
2	2048
0	2015
0	1295
1	2048
1	2048
3	2048
2	2048
0	1737
0	1514
2	2048
0	1803
2	2048
2	2048
2	2048
1	2048
1	2048
1	2048
1	2048
2	2048
0	1355
0	1742
0	1675
3	2048
1	2048
1	2048
0	1648
0	1925
2	2048
4	2048
3	2048
1	2048
0	1431
2	2048
2	2048
2	2048
0	1995
2	2048
3	2048
2	2048
2	2048
2	2048
1	2048
0	1465
1	2048
0	2047
0	1849
1	2048
1	2048
1	2048
0	1876
0	1804
0	1584
3	2048
1	2048
1	2048
1	2048
0	1654
2	2048
0	1379
0	1444
1	2048
2	2048
1	2048
0	1854
1	2048
0	1149
1	2048
0	2023
2	2048
1	2048
2	2048
0	1504
4	2048
1	2048
2	2048
3	2048
1	2048
1	2048
2	2048
0	1786
0	1584
3	2048
0	1331
0	1398
2	2048
1	2048
2	2048
0	1982
3	2048
0	1498
2	2048
0	1561
1	2048
2	2048
2	2048
1	2048
3	2048
0	1610
1	2048
0	1836
0	1849
0	1888
2	2048
2	2048
3	2048
1	2048
2	2048
0	1779
0	1512
3	2048
1	2048
0	1967
1	2048
1	2048
0	1726
2	2048
1	2048
0	1418
2	2048
2	2048
2	2048
1	2048
0	1875
1	2048
0	1489
2	2048
1	2048
0	1481
3	2048
1	2048
0	1367
1	2048
1	2048
0	1699
1	2048
2	2048
1	2048
0	1923
3	2048
0	1728
0	1976
0	1655
0	1747
2	2048
0	1722
0	1769
1	2048
0	1341
1	2048
1	2048
1	2048
2	2048
0	1642
2	2048
1	2048
2	2048
1	2048
1	2048
2	2048
1	2048
1	2048
1	2048
3	2048
0	1852
1	2048
0	1387
1	2048
2	2048
2	2048
1	2048
0	1658
1	2048
2	2048
3	2048
1	2048
1	2048
0	1360
1	2048
0	1852
3	2048
2	2048
1	2048
2	2048
0	1385
0	1780
0	1898
0	2044
0	1882
4	2048
2	2048
1	2048
3	2048
0	1819
2	2048
0	1270
1	2048
3	2048
1	2048
4	2048
1	2048
2	2048
0	1273
0	1842
2	2048
3	2048
1	2048
2	2048
0	1377
0	1811
2	2048
0	1806
0	1514
0	1534
0	1275
2	2048
1	2048
0	1583
0	1537
1	2048
1	2048
2	2048
3	2048
3	2048
2	2048
0	1779
3	2048
0	1920
2	2048
0	1699
1	2048
2	2048
2	2048
2	2048
0	1941
2	2048
0	1274
0	1896
1	2048
0	1738
1	2048
0	1814
5	2048
2	2048
0	1915
0	1835
1	2048
1	2048
2	2048
1	2048
3	2048
2	2048
2	2048
0	1695
0	1885
1	2048
1	2048
0	1472
1	2048
2	2048
2	2048
0	1697
0	1905
1	2048
0	1845
1	2048
0	1847
1	2048
2	2048
1	2048
2	2048
0	1447
1	2048
1	2048
0	1720
1	2048
1	2048
1	2048
0	1959
2	2048
2	2048
1	2048
1	2048
1	2048
0	1526
0	1297
3	2048
0	2012
1	2048
0	1964
0	1518
1	2048
1	2048
1	2048
1	2048
1	2048
1	2048
0	1746
2	2048
0	1792
4	2048
1	2048
0	1618
1	2048
5	2048
0	1812
1	2048
0	2037
1	2048
2	2048
1	2048
2	2048
1	2048
1	2048
1	2048
0	1458
1	2048
0	1837
2	2048
1	2048
1	2048
0	1314
2	2048
0	1960
0	1448
1	2048
0	1838
0	2044
0	1626
0	1730
0	1894
1	2048
0	1852
0	1454
0	1633
1	2048
2	2048
0	1954
1	2048
2	2048
2	2048
0	1799
1	2048
1	2048
1	2048
1	2048
0	1961
0	2018
0	1941
1	2048
2	2048
0	2000
2	2048
1	2048
0	1935
1	2048
2	2048
2	2048
0	1790
2	2048
0	1724
2	2048
3	2048
0	1889
1	2048
0	1709
0	1681
0	1855
0	1441
0	1987
3	2048
2	2048
2	2048
2	2048
3	2048
0	1745
0	1429
0	1769
2	2048
1	2048
1	2048
2	2048
2	2048
1	2048
2	2048
3	2048
1	2048
2	2048
2	2048
0	1997
0	1651
1	2048
1	2048
0	1516
0	1572
0	2034
1	2048
2	2048
1	2048
2	2048
2	2048
0	1474
2	2048
1	2048
3	2048
1	2048
1	2048
2	2048
2	2048
3	2048
4	2048
1	2048
4	2048
1	2048
2	2048
1	2048
1	2048
0	1656
1	2048
2	2048
0	2015
1	2048
1	2048
4	2048
1	2048
3	2048
0	1456
1	2048
1	2048
1	2048
4	2048
1	2048
2	2048
2	2048
0	1550
0	1178
2	2048
3	2048
1	2048
2	2048
3	2048
0	1884
1	2048
1	2048
2	2048
4	2048
2	2048
1	2048
1	2048
2	2048
0	1628
0	1809
1	2048
0	2022
4	2048
4	2048
2	2048
3	2048
1	2048
0	2047
0	2019
3	2048
4	2048
2	2048
1	2048
0	1932
0	1907
3	2048
0	1258
1	2048
2	2048
1	2048
0	1866
0	1858
0	1377
2	2048
1	2048
0	1471
2	2048
0	1593
1	2048
0	1979
2	2048
0	1563
2	2048
0	1573
0	1923
3	2048
2	2048
2	2048
2	2048
0	1790
1	2048
2	2048
3	2048
1	2048
3	2048
2	2048
0	1420
2	2048
0	1855
0	1841
4	2048
1	2048
0	1510
1	2048
0	1734
1	2048
0	1814
0	1335
1	2048
2	2048
3	2048
1	2048
1	2048
0	1455
1	2048
1	2048
0	2006
2	2048
0	1950
1	2048
0	1573
1	2048
3	2048
1	2048
1	2048
1	2048
1	2048
1	2048
0	1875
2	2048
0	1688
0	1543
5	2048
4	2048
0	1350
1	2048
0	1844
0	1939
1	2048
2	2048
2	2048
1	2048
0	1500
3	2048
1	2048
1	2048
0	1579
3	2048
1	2048
0	1965
1	2048
0	1344
1	2048
1	2048
1	2048
2	2048
3	2048
0	1343
0	1618
1	2048
4	2048
0	1301
1	2048
0	1873
2	2048
0	1361
1	2048
0	1891
1	2048
0	1378
1	2048
0	2022
3	2048
0	1921
2	2048
1	2048
2	2048
2	2048
2	2048
0	2002
0	1824
1	2048
0	1345
1	2048
0	1649
0	1629
0	1931
2	2048
0	1908
2	2048
2	2048
4	2048
1	2048
0	1477
2	2048
2	2048
3	2048
1	2048
1	2048
0	1713
2	2048
1	2048
0	2003
0	1258
4	2048
3	2048
2	2048
1	2048
0	1300
3	2048
0	1620
1	2048
0	1546
1	2048
0	1648
1	2048
2	2048
3	2048
0	1854
0	1810
1	2048
1	2048
0	1736
1	2048
1	2048
2	2048
4	2048
1	2048
3	2048
1	2048
1	2048
3	2048
1	2048
8	2048
1	2048
2	2048
3	2048
0	1680
1	2048
4	2048
1	2048
3	2048
3	2048
1	2048
1	2048
0	1597
2	2048
1	2048
3	2048
1	2048
1	2048
4	2048
1	2048
2	2048
2	2048
1	2048
1	2048
3	2048
2	2048
1	2048
0	1816
1	2048
1	2048
0	1286
1	2048
0	1807
1	2048
1	2048
0	1770
1	2048
1	2048
1	2048
2	2048
0	1708
2	2048
0	1795
0	1814
0	1865
1	2048
1	2048
1	2048
1	2048
0	1674
4	2048
0	1876
0	1668
0	1708
2	2048
1	2048
0	1794
0	1729
1	2048
1	2048
1	2048
0	1545
1	2048
1	2048
1	2048
2	2048
1	2048
2	2048
1	2048
0	1081
3	2048
0	1587
4	2048
2	2048
1	2048
2	2048
2	2048
1	2048
0	1823
0	1723
2	2048
1	2048
1	2048
0	1469
1	2048
1	2048
0	1671
4	2048
1	2048
2	2048
1	2048
2	2048
2	2048
4	2048
3	2048
2	2048
0	1544
0	1495
3	2048
2	2048
4	2048
1	2048
1	2048
0	2007
3	2048
2	2048
3	2048
3	2048
0	1430
1	2048
0	1630
0	2014
2	2048
0	1769
1	2048
1	2048
3	2048
1	2048
1	2048
2	2048
3	2048
2	2048
0	1659
0	1839
3	2048
1	2048
1	2048
0	1326
0	1875
2	2048
2	2048
1	2048
0	1933
0	2033
0	1305
0	1631
1	2048
1	2048
0	1296
1	2048
1	2048
2	2048
2	2048
0	1335
2	2048
2	2048
1	2048
1	2048
0	1555
2	2048
1	2048
3	2048
1	2048
0	1387
0	2042
0	1585
1	2048
1	2048
0	2040
2	2048
0	1926
1	2048
0	1929
1	2048
0	1310
3	2048
1	2048
2	2048
1	2048
1	2048
1	2048
2	2048
1	2048
4	2048
4	2048
0	1831
0	1632
1	2048
2	2048
1	2048
0	1178
2	2048
2	2048
3	2048
0	1799
1	2048
0	1255
1	2048
4	2048
3	2048
0	1860
2	2048
0	1908
2	2048
0	1355
0	1582
0	1878
2	2048
3	2048
1	2048
2	2048
0	1644
2	2048
0	1524
0	1325
1	2048
1	2048
4	2048
3	2048
0	1963
0	2036
0	1717
1	2048
1	2048
1	2048
1	2048
1	2048
4	2048
1	2048
3	2048
0	1508
1	2048
3	2048
2	2048
2	2048
2	2048
1	2048
1	2048
0	1245
1	2048
1	2048
0	1996
3	2048
3	2048
1	2048
0	1630
3	2048
0	1867
0	1942
0	1829
1	2048
0	1617
1	2048
1	2048
1	2048
2	2048
2	2048
0	1771
1	2048
1	2048
1	2048
1	2048
0	1527
0	1952
0	1829
0	1429
1	2048
1	2048
0	1736
1	2048
1	2048
2	2048
0	1870
2	2048
3	2048
1	2048
3	2048
0	1420
0	2033
3	2048
1	2048
1	2048
3	2048
0	1356
2	2048
0	1758
1	2048
2	2048
2	2048
1	2048
0	1803
1	2048
2	2048
1	2048
4	2048
2	2048
0	1543
1	2048
0	1602
1	2048
3	2048
2	2048
1	2048
1	2048
2	2048
2	2048
1	2048
0	1854
3	2048
1	2048
0	1371
2	2048
2	2048
1	2048
0	1325
2	2048
1	2048
2	2048
2	2048
1	2048
0	2041
0	1787
2	2048
0	1652
0	1371
0	1639
2	2048
2	2048
0	2032
2	2048
0	1756
0	1615
1	2048
1	2048
0	1988
0	1916
1	2048
3	2048
1	2048
3	2048
1	2048
2	2048
4	2048
2	2048
1	2048
1	2048
1	2048
2	2048
1	2048
1	2048
0	1861
0	1801
2	2048
2	2048
2	2048
0	1634
0	1737
1	2048
1	2048
0	1870
5	2048
3	2048
0	1874
2	2048
1	2048
3	2048
2	2048
1	2048
2	2048
1	2048
1	2048
2	2048
2	2048
1	2048
1	2048
1	2048
0	1126
2	2048
1	2048
0	1881
0	1765
0	1873
2	2048
1	2048
1	2048
1	2048
2	2048
0	1943
1	2048
0	1955
1	2048
0	1585
0	1650
2	2048
1	2048
1	2048
3	2048
2	2048
1	2048
2	2048
1	2048
1	2048
2	2048
0	1714
2	2048
0	1301
2	2048
2	2048
1	2048
2	2048
0	1353
0	1646
0	1173
0	1981
0	1849
1	2048
1	2048
3	2048
4	2048
0	1956
1	2048
0	1331
2	2048
1	2048
0	1648
0	1864
0	1421
2	2048
0	1806
0	1673
2	2048
4	2048
1	2048
1	2048
0	1608
1	2048
0	1485
0	1461
0	1826
1	2048
1	2048
0	1673
0	1675
1	2048
2	2048
1	2048
3	2048
2	2048
1	2048
3	2048
1	2048
2	2048
1	2048
1	2048
2	2048
2	2048
4	2048
2	2048
0	1797
1	2048
1	2048
2	2048
2	2048
2	2048
2	2048
1	2048
1	2048
3	2048
5	2048
1	2048
1	2048
2	2048
3	2048
1	2048
1	2048
0	1838
3	2048
2	2048
0	1785
1	2048
1	2048
2	2048
2	2048
1	2048
2	2048
2	2048
1	2048
2	2048
0	1533
0	1223
2	2048
2	2048
0	1986
0	1402
0	1719
2	2048
1	2048
1	2048
0	1410
2	2048
0	1519
0	1774
2	2048
0	1925
2	2048
1	2048
1	2048
2	2048
0	1638
1	2048
0	1539
2	2048
2	2048
2	2048
0	1966
0	1351
1	2048
2	2048
0	1492
0	1480
4	2048
1	2048
1	2048
1	2048
2	2048
1	2048
0	1621
3	2048
2	2048
2	2048
0	2011
0	1548
0	1921
1	2048
2	2048
2	2048
0	1882
1	2048
0	1419
0	1818
2	2048
1	2048
1	2048
1	2048
0	1162
1	2048
0	1875
0	1759
2	2048
2	2048
3	2048
1	2048
0	1695
1	2048
1	2048
2	2048
0	1614
3	2048
1	2048
1	2048
1	2048
2	2048
0	1984
0	1857
4	2048
1	2048
0	1773
0	1693
1	2048
0	1809
0	2019
0	1922
0	1721
2	2048
0	1587
2	2048
2	2048
2	2048
1	2048
1	2048
3	2048
0	1637
1	2048
0	2012
1	2048
0	1658
1	2048
0	1838
3	2048
1	2048
2	2048
1	2048
1	2048
0	1477
1	2048
0	1418
2	2048
2	2048
0	1495
0	1669
2	2048
2	2048
1	2048
2	2048
0	1868
1	2048
0	1258
2	2048
2	2048
2	2048
2	2048
2	2048
0	1789
1	2048
0	1487
1	2048
1	2048
2	2048
1	2048
1	2048
2	2048
0	1303
0	1477
2	2048
0	1843
0	1941
0	2016
2	2048
0	1625
2	2048
1	2048
0	1497
0	1487
2	2048
1	2048
2	2048
0	1359
2	2048
0	1937
1	2048
4	2048
1	2048
1	2048
0	2021
0	1895
1	2048
0	1574
3	2048
1	2048
0	1808
2	2048
1	2048
4	2048
1	2048
1	2048
1	2048
1	2048
0	1817
0	1548
2	2048
0	1741
1	2048
1	2048
0	1436
4	2048
0	1144
0	1798
1	2048
3	2048
1	2048
2	2048
1	2048
1	2048
0	1299
1	2048
1	2048
0	1871
2	2048
2	2048
0	1293
0	1807
1	2048
1	2048
0	1492
2	2048
0	1241
0	1877
0	2023
2	2048
2	2048
1	2048
2	2048
1	2048
2	2048
0	1835
0	2019
1	2048
1	2048
2	2048
0	1744
0	1674
1	2048
2	2048
2	2048
1	2048
1	2048
1	2048
2	2048
0	1886
2	2048
1	2048
1	2048
0	1652
1	2048
2	2048
1	2048
2	2048
0	1197
1	2048
2	2048
0	1896
3	2048
1	2048
0	1789
1	2048
2	2048
2	2048
2	2048
0	1965
0	1708
1	2048
1	2048
2	2048
0	1498
0	1607
2	2048
1	2048
0	1368
1	2048
0	1767
0	1753
1	2048
2	2048
3	2048
1	2048
1	2048
0	1470
1	2048
0	1656
2	2048
1	2048
1	2048
1	2048
0	1332
0	1870
4	2048
1	2048
0	1815
1	2048
0	1750
0	1166
2	2048
0	1319
1	2048
0	1746
1	2048
1	2048
0	1901
1	2048
2	2048
0	1799
1	2048
2	2048
0	1488
0	1711
1	2048
2	2048
3	2048
0	1717
2	2048
2	2048
0	1534
2	2048
0	1787
1	2048
1	2048
1	2048
0	1472
1	2048
0	1667
3	2048
0	1960
0	1927
2	2048
2	2048
1	2048
0	1614
1	2048
0	1585
1	2048
1	2048
0	1607
0	1271
0	2043
3	2048
3	2048
0	1517
1	2048
1	2048
3	2048
1	2048
0	1990
3	2048
0	2025
2	2048
1	2048
3	2048
1	2048
2	2048
1	2048
1	2048
2	2048
1	2048
1	2048
1	2048
0	1547
2	2048
1	2048
4	2048
1	2048
1	2048
0	1591
0	1917
1	2048
2	2048
2	2048
2	2048
0	1543
0	1440
0	1929
2	2048
1	2048
1	2048
3	2048
0	1282
0	1801
0	1484
1	2048
2	2048
1	2048
0	1151
1	2048
0	2023
1	2048
3	2048
1	2048
0	1795
0	1424
1	2048
3	2048
0	1696
0	1996
1	2048
3	2048
1	2048
2	2048
0	1325
0	1564
1	2048
4	2048
3	2048
2	2048
3	2048
1	2048
1	2048
2	2048
3	2048
0	1995
0	1548
2	2048
0	2022
3	2048
0	2047
2	2048
2	2048
3	2048
1	2048
2	2048
1	2048
1	2048
0	1453
1	2048
2	2048
0	1964
0	1730
2	2048
2	2048
1	2048
0	1831
3	2048
0	1326
2	2048
1	2048
0	1851
2	2048
0	1720
0	1806
0	1926
1	2048
2	2048
2	2048
1	2048
1	2048
3	2048
0	1637
1	2048
1	2048
0	1618
1	2048
1	2048
1	2048
3	2048
1	2048
0	1740
0	1374
0	1843
1	2048
0	1928
2	2048
2	2048
1	2048
2	2048
2	2048
1	2048
3	2048
1	2048
2	2048
3	2048
0	1620
1	2048
0	1465
0	1724
2	2048
0	1814
0	1824
3	2048
0	1509
1	2048
1	2048
3	2048
1	2048
2	2048
1	2048
0	1682
0	1416
2	2048
1	2048
1	2048
1	2048
2	2048
1	2048
0	1722
1	2048
1	2048
1	2048
1	2048
1	2048
0	1791
1	2048
0	1852
0	2046
0	1422
1	2048
1	2048
3	2048
0	2000
0	2033
0	1435
1	2048
2	2048
1	2048
1	2048
2	2048
0	1971
0	1698
0	1680
3	2048
3	2048
1	2048
1	2048
2	2048
0	1428
1	2048
0	1651
0	1926
0	1882
2	2048
0	1452
0	1554
1	2048
1	2048
2	2048
2	2048
1	2048
1	2048
2	2048
1	2048
2	2048
1	2048
1	2048
1	2048
2	2048
0	1830
1	2048
4	2048
1	2048
0	1787
1	2048
0	1688
0	1931
0	1768
2	2048
0	1770
3	2048
1	2048
1	2048
3	2048
1	2048
3	2048
0	1398
0	1428
3	2048
1	2048
1	2048
1	2048
0	1838
2	2048
3	2048
0	1711
1	2048
1	2048
3	2048
4	2048
0	1496
1	2048
1	2048
2	2048
6	2048
2	2048
1	2048
2	2048
1	2048
0	1588
2	2048
1	2048
2	2048
0	1737
0	1633
2	2048
1	2048
1	2048
1	2048
1	2048
2	2048
1	2048
0	2025
1	2048
1	2048
4	2048
1	2048
0	1976
2	2048
2	2048
3	2048
0	1575
0	1623
1	2048
1	2048
1	2048
0	2035
0	1769
2	2048
1	2048
0	1593
2	2048
0	1694
0	1550
0	1756
2	2048
4	2048
0	1559
1	2048
1	2048
0	1446
0	1902
1	2048
1	2048
1	2048
0	1694
2	2048
1	2048
1	2048
1	2048
4	2048
1	2048
1	2048
0	1625
3	2048
0	1659
1	2048
0	1843
3	2048
2	2048
2	2048
1	2048
0	1999
0	1173
1	2048
1	2048
1	2048
2	2048
0	1408
0	1254
0	1691
1	2048
1	2048
1	2048
0	1443
0	1669
0	1396
2	2048
2	2048
2	2048
0	1783
2	2048
1	2048
0	1425
1	2048
2	2048
1	2048
1	2048
1	2048
1	2048
0	1497
0	1827
1	2048
1	2048
1	2048
1	2048
0	1587
1	2048
2	2048
1	2048
3	2048
1	2048
1	2048
0	1435
0	2038
0	1242
0	1835
2	2048
4	2048
1	2048
3	2048
2	2048
2	2048
2	2048
2	2048
2	2048
1	2048
2	2048
1	2048
3	2048
1	2048
2	2048
0	1780
1	2048
1	2048
3	2048
1	2048
1	2048
0	1439
1	2048
0	1645
2	2048
2	2048
1	2048
2	2048
1	2048
2	2048
3	2048
0	1352
1	2048
1	2048
2	2048
1	2048
0	1361
1	2048
1	2048
0	1500
1	2048
1	2048
0	1919
0	1735
0	1475
2	2048
2	2048
1	2048
1	2048
0	1896
0	1563
0	1807
2	2048
4	2048
0	1838
2	2048
2	2048
2	2048
2	2048
0	1751
0	1918
2	2048
1	2048
1	2048
1	2048
2	2048
2	2048
2	2048
2	2048
2	2048
1	2048
3	2048
2	2048
1	2048
0	1690
4	2048
3	2048
1	2048
1	2048
0	1905
0	1576
1	2048
3	2048
1	2048
3	2048
0	1686
1	2048
1	2048
1	2048
1	2048
1	2048
1	2048
0	1425
2	2048
1	2048
0	1719
1	2048
1	2048
0	1735
2	2048
3	2048
0	1197
2	2048
0	1569
0	1905
0	1899
2	2048
1	2048
2	2048
0	1758
1	2048
2	2048
7	2048
1	2048
0	1852
2	2048
1	2048
2	2048
0	1510
2	2048
0	1433
3	2048
1	2048
1	2048
2	2048
0	1585
0	1778
0	1507
1	2048
1	2048
3	2048
0	1789
0	1884
0	1956
2	2048
0	1798
2	2048
1	2048
2	2048
1	2048
0	1972
3	2048
2	2048
1	2048
0	1635
0	1889
1	2048
0	1882
0	1738
3	2048
2	2048
2	2048
0	1533
1	2048
0	1775
0	1194
1	2048
3	2048
1	2048
1	2048
1	2048
0	1502
0	1654
0	1287
1	2048
2	2048
2	2048
0	1263
0	1804
1	2048
5	2048
1	2048
2	2048
0	1909
0	1527
3	2048
2	2048
2	2048
1	2048
0	1859
2	2048
2	2048
2	2048
1	2048
0	1779
0	1720
1	2048
0	1915
1	2048
2	2048
0	1994
0	1613
0	1881
1	2048
1	2048
2	2048
1	2048
2	2048
1	2048
2	2048
1	2048
0	1776
2	2048
2	2048
0	1358
1	2048
0	1347
1	2048
2	2048
2	2048
0	1330
3	2048
1	2048
2	2048
0	1598
1	2048
1	2048
2	2048
2	2048
1	2048
1	2048
1	2048
1	2048
0	1675
0	1749
0	2025
2	2048
0	1955
4	2048
0	1885
2	2048
0	1644
0	2005
1	2048
1	2048
0	1821
1	2048
2	2048
0	1429
2	2048
2	2048
2	2048
2	2048
0	1744
1	2048
2	2048
0	1725
1	2048
3	2048
2	2048
0	1419
3	2048
2	2048
1	2048
0	1347
0	1386
1	2048
1	2048
1	2048
2	2048
2	2048
1	2048
3	2048
1	2048
2	2048
1	2048
1	2048
3	2048
4	2048
0	1905
1	2048
1	2048
1	2048
1	2048
0	1616
1	2048
1	2048
2	2048
0	1753
2	2048
2	2048
2	2048
1	2048
1	2048
1	2048
2	2048
1	2048
1	2048
3	2048
2	2048
0	1635
1	2048
0	2036
2	2048
0	1727
0	1796
0	1877
1	2048
0	1481
1	2048
2	2048
2	2048
0	1477
1	2048
1	2048
0	1267
0	1486
4	2048
0	1558
3	2048
3	2048
1	2048
4	2048
3	2048
0	1503
0	1340
2	2048
2	2048
1	2048
0	1873
2	2048
1	2048
1	2048
1	2048
1	2048
0	1391
0	1421
1	2048
1	2048
2	2048
0	1510
2	2048
3	2048
2	2048
1	2048
0	1658
2	2048
3	2048
0	1501
1	2048
2	2048
0	1627
0	1641
1	2048
0	1985
1	2048
0	1944
0	1403
0	2031
1	2048
1	2048
1	2048
1	2048
0	1915
2	2048
0	1522
2	2048
2	2048
1	2048
1	2048
4	2048
1	2048
0	1853
1	2048
0	1364
1	2048
2	2048
1	2048
2	2048
2	2048
1	2048
1	2048
1	2048
0	1580
1	2048
2	2048
0	2042
2	2048
1	2048
0	1564
4	2048
1	2048
1	2048
1	2048
1	2048
0	1765
0	1626
1	2048
1	2048
1	2048
1	2048
1	2048
0	1431
2	2048
0	1465
1	2048
1	2048
0	1687
2	2048
2	2048
1	2048
0	1651
2	2048
1	2048
2	2048
2	2048
0	1850
0	1688
1	2048
0	1779
2	2048
1	2048
0	2048
1	2048
1	2048
2	2048
3	2048
1	2048
0	1966
3	2048
4	2048
2	2048
1	2048
0	1919
2	2048
0	1682
0	1936
2	2048
1	2048
1	2048
3	2048
1	2048
2	2048
1	2048
3	2048
2	2048
1	2048
1	2048
1	2048
0	1951
1	2048
1	2048
2	2048
0	1615
1	2048
0	1694
0	1692
0	1251
1	2048
0	1709
2	2048
0	1180
0	1704
0	1315
1	2048
1	2048
1	2048
0	1776
0	2044
0	1823
3	2048
0	1601
3	2048
2	2048
0	1656
0	1145
0	1483
2	2048
2	2048
0	1615
2	2048
1	2048
3	2048
2	2048
2	2048
1	2048
1	2048
2	2048
1	2048
1	2048
4	2048
1	2048
3	2048
1	2048
2	2048
0	1752
2	2048
0	1537
0	1888
2	2048
0	1839
1	2048
0	1314
2	2048
1	2048
1	2048
0	1680
2	2048
1	2048
0	2009
0	1952
1	2048
0	1832
3	2048
0	1635
3	2048
1	2048
0	1302
1	2048
0	1561
1	2048
1	2048
1	2048
1	2048
0	1313
1	2048
0	1743
0	1344
0	1591
2	2048
0	1426
1	2048
0	1928
2	2048
0	2007
1	2048
1	2048
2	2048
0	1981
2	2048
2	2048
2	2048
2	2048
0	1727
1	2048
1	2048
0	1556
1	2048
0	1889
1	2048
3	2048
3	2048
0	1643
0	2034
0	1711
2	2048
0	1501
0	1718
3	2048
3	2048
1	2048
2	2048
0	1529
2	2048
0	1957
0	1485
2	2048
1	2048
3	2048
0	1934
3	2048
2	2048
0	1972
0	1542
2	2048
2	2048
2	2048
1	2048
2	2048
0	1331
0	1294
0	1567
0	1889
0	1280
2	2048
0	1367
2	2048
1	2048
1	2048
2	2048
4	2048
2	2048
2	2048
1	2048
0	1370
2	2048
2	2048
1	2048
0	1546
1	2048
4	2048
1	2048
0	1894
0	1931
1	2048
1	2048
3	2048
3	2048
0	2047
1	2048
1	2048
0	1626
0	1430
1	2048
0	2029
2	2048
1	2048
0	2022
2	2048
1	2048
1	2048
2	2048
2	2048
2	2048
0	1298
0	1839
0	1674
2	2048
0	1737
0	1367
4	2048
1	2048
0	1624
2	2048
0	1891
1	2048
4	2048
0	1922
1	2048
0	1819
1	2048
1	2048
2	2048
4	2048
0	1891
0	1708
1	2048
0	1970
2	2048
1	2048
0	1624
1	2048
1	2048
0	1372
2	2048
2	2048
1	2048
0	2012
2	2048
2	2048
1	2048
1	2048
1	2048
1	2048
0	1488
0	2022
0	1553
0	1702
0	2015
2	2048
0	1415
0	1191
4	2048
0	1601
1	2048
2	2048
1	2048
0	1416
0	1848
1	2048
0	1989
1	2048
0	1827
2	2048
0	1683
0	1513
2	2048
1	2048
0	1547
0	1989
1	2048
1	2048
0	1513
0	1568
0	1738
2	2048
0	1890
0	1588
1	2048
0	1816
1	2048
2	2048
2	2048
3	2048
1	2048
3	2048
2	2048
1	2048
0	1512
0	1851
1	2048
1	2048
4	2048
1	2048
0	1678
0	1696
0	2024
2	2048
1	2048
3	2048
3	2048
3	2048
1	2048
1	2048
0	2002
1	2048
3	2048
2	2048
0	1839
0	1862
0	1923
0	1646
1	2048
3	2048
1	2048
1	2048
1	2048
2	2048
0	1842
0	1918
1	2048
0	1559
4	2048
1	2048
3	2048
3	2048
1	2048
2	2048
0	1289
2	2048
2	2048
2	2048
3	2048
0	1338
0	1939
1	2048
3	2048
1	2048
1	2048
1	2048
1	2048
0	1532
0	1480
1	2048
3	2048
4	2048
3	2048
2	2048
1	2048
3	2048
0	1879
0	1550
2	2048
2	2048
0	1434
1	2048
2	2048
0	1634
3	2048
1	2048
1	2048
0	1858
2	2048
1	2048
0	1515
0	1636
3	2048
0	1389
0	1598
1	2048
0	1586
0	1718
1	2048
0	1703
4	2048
2	2048
2	2048
0	1145
2	2048
1	2048
2	2048
1	2048
2	2048
4	2048
0	1626
0	1823
4	2048
0	1505
0	2017
2	2048
0	1709
0	2040
0	1323
2	2048
0	1849
1	2048
1	2048
0	1683
1	2048
3	2048
1	2048
4	2048
1	2048
1	2048
2	2048
1	2048
1	2048
1	2048
1	2048
0	1369
1	2048
0	1937
0	1902
0	1275
1	2048
1	2048
0	1579
1	2048
2	2048
1	2048
3	2048
2	2048
3	2048
0	1708
1	2048
2	2048
4	2048
2	2048
1	2048
2	2048
2	2048
1	2048
2	2048
0	1761
1	2048
0	1920
0	1542
1	2048
4	2048
1	2048
0	1956
1	2048
4	2048
1	2048
2	2048
1	2048
3	2048
0	1625
0	1920
0	1624
0	1431
1	2048
0	1831
1	2048
1	2048
1	2048
2	2048
2	2048
1	2048
0	1649
2	2048
0	1746
2	2048
0	1775
5	2048
1	2048
1	2048
1	2048
0	1796
2	2048
3	2048
1	2048
0	1870
0	1763
2	2048
0	2010
2	2048
0	2023
0	1930
1	2048
1	2048
0	1988
1	2048
0	1914
0	1266
1	2048
2	2048
2	2048
4	2048
0	1212
3	2048
0	1379
1	2048
1	2048
0	1496
3	2048
1	2048
4	2048
1	2048
0	2032
0	1811
1	2048
0	1529
0	1503
0	1716
0	1790
0	1961
2	2048
5	2048
2	2048
1	2048
1	2048
1	2048
2	2048
1	2048
0	1628
0	1771
1	2048
0	1501
3	2048
2	2048
1	2048
1	2048
3	2048
1	2048
0	1955
3	2048
1	2048
1	2048
1	2048
3	2048
1	2048
0	1801
2	2048
0	1598
0	1769
2	2048
2	2048
3	2048
2	2048
2	2048
1	2048
1	2048
1	2048
2	2048
6	2048
1	2048
2	2048
2	2048
1	2048
4	2048
1	2048
2	2048
1	2048
0	1613
2	2048
1	2048
1	2048
0	1196
0	2006
2	2048
0	1910
0	1886
0	1684
0	1663
3	2048
0	1692
0	1312
2	2048
1	2048
1	2048
0	1920
3	2048
0	2030
1	2048
1	2048
4	2048
1	2048
0	1358
4	2048
0	1876
0	1771
1	2048
4	2048
6	2048
1	2048
0	1658
1	2048
1	2048
2	2048
2	2048
0	1549
2	2048
1	2048
0	1418
2	2048
2	2048
0	1638
1	2048
2	2048
0	1845
0	1670
3	2048
1	2048
1	2048
2	2048
0	1917
1	2048
2	2048
1	2048
1	2048
1	2048
5	2048
3	2048
3	2048
1	2048
1	2048
1	2048
4	2048
1	2048
2	2048
1	2048
1	2048
1	2048
1	2048
1	2048
1	2048
1	2048
0	1913
1	2048
0	1954
1	2048
0	1988
2	2048
1	2048
2	2048
1	2048
0	1906
1	2048
3	2048
1	2048
1	2048
1	2048
2	2048
1	2048
3	2048
0	1915
0	1933
1	2048
3	2048
1	2048
0	1631
0	1921
0	1668
2	2048
2	2048
0	1703
3	2048
2	2048
0	1584
1	2048
1	2048
0	1903
0	1800
1	2048
3	2048
0	1567
1	2048
2	2048
2	2048
3	2048
1	2048
2	2048
1	2048
0	1159
0	1810
1	2048
0	1679
4	2048
3	2048
0	1839
1	2048
2	2048
3	2048
1	2048
1	2048
1	2048
0	1926
1	2048
0	1661
0	1717
0	1758
1	2048
2	2048
2	2048
2	2048
2	2048
0	1917
0	1894
2	2048
1	2048
0	1957
3	2048
1	2048
1	2048
1	2048
0	1909
3	2048
1	2048
1	2048
0	1884
2	2048
2	2048
2	2048
0	1837
3	2048
0	1520
0	1731
1	2048
0	1566
0	1496
0	1406
2	2048
0	1332
1	2048
2	2048
1	2048
2	2048
2	2048
1	2048
0	1994
0	1963
0	1890
0	1369
0	1941
1	2048
1	2048
2	2048
2	2048
2	2048
0	1406
0	1914
1	2048
2	2048
1	2048
0	1431
2	2048
0	1614
1	2048
1	2048
1	2048
2	2048
1	2048
2	2048
0	1682
0	1870
1	2048
0	1964
0	1504
3	2048
0	1588
3	2048
1	2048
1	2048
1	2048
4	2048
1	2048
0	1371
0	1653
0	1490
1	2048
0	1997
1	2048
1	2048
0	1260
0	1489
1	2048
0	1505
2	2048
2	2048
4	2048
3	2048
0	1413
1	2048
2	2048
0	1894
2	2048
1	2048
1	2048
2	2048
0	1894
1	2048
3	2048
3	2048
0	1535
0	1946
0	1253
0	1201
1	2048
0	2021
1	2048
1	2048
1	2048
0	1849
2	2048
0	1694
1	2048
2	2048
0	1599
1	2048
0	1694
1	2048
0	1791
1	2048
0	1648
0	1549
2	2048
0	1992
2	2048
0	1509
3	2048
1	2048
0	1699
2	2048
0	1898
2	2048
1	2048
2	2048
1	2048
1	2048
0	1304
1	2048
2	2048
1	2048
1	2048
0	1389
2	2048
0	1449
0	2004
2	2048
0	1429
2	2048
2	2048
3	2048
1	2048
2	2048
0	1613
0	1975
2	2048
1	2048
1	2048
0	1850
1	2048
0	1347
3	2048
4	2048
1	2048
1	2048
2	2048
0	1549
1	2048
0	1996
0	1243
3	2048
1	2048
0	1737
1	2048
1	2048
2	2048
2	2048
0	1877
2	2048
3	2048
0	1747
0	1687
2	2048
0	1974
0	1884
0	1940
3	2048
1	2048
0	1708
1	2048
1	2048
3	2048
2	2048
0	1347
0	1600
3	2048
0	1344
0	1747
2	2048
2	2048
1	2048
2	2048
0	1703
3	2048
1	2048
1	2048
1	2048
4	2048
2	2048
0	1751
0	1505
0	1256
4	2048
0	1617
1	2048
0	1965
1	2048
1	2048
2	2048
2	2048
0	1799
0	1593
3	2048
2	2048
2	2048
1	2048
1	2048
1	2048
1	2048
2	2048
1	2048
0	2015
1	2048
0	2008
2	2048
3	2048
0	1932
3	2048
0	1675
0	1481
1	2048
0	1641
1	2048
0	1738
0	2039
0	1561
1	2048
2	2048
2	2048
1	2048
1	2048
0	2040
1	2048
0	1296
2	2048
3	2048
1	2048
0	1439
3	2048
0	1913
0	1883
2	2048
1	2048
3	2048
0	1976
2	2048
1	2048
0	2012
0	1390
0	1952
1	2048
5	2048
0	1765
0	1618
0	1890
3	2048
0	1728
0	2021
2	2048
1	2048
2	2048
0	1564
1	2048
0	1904
0	1784
0	1991
1	2048
2	2048
2	2048
0	1846
2	2048
0	1548
2	2048
1	2048
1	2048
5	2048
1	2048
1	2048
0	1398
2	2048
3	2048
3	2048
3	2048
2	2048
1	2048
1	2048
0	1817
4	2048
1	2048
1	2048
1	2048
3	2048
0	1571
1	2048
1	2048
2	2048
0	1990
1	2048
0	1731
0	1386
1	2048
1	2048
3	2048
1	2048
1	2048
1	2048
3	2048
1	2048
1	2048
2	2048
1	2048
1	2048
1	2048
1	2048
1	2048
0	1932
0	2045
2	2048
3	2048
2	2048
0	1753
0	1288
1	2048
1	2048
1	2048
0	1929
2	2048
2	2048
2	2048
0	1991
0	1831
1	2048
0	1319
1	2048
3	2048
1	2048
3	2048
4	2048
1	2048
1	2048
2	2048
2	2048
0	1645
2	2048
0	1922
0	2032
1	2048
1	2048
1	2048
0	1414
0	1954
1	2048
2	2048
0	1895
1	2048
1	2048
0	1599
0	2044
2	2048
1	2048
1	2048
0	1800
0	1659
0	1713
2	2048
0	1796
4	2048
0	1877
3	2048
1	2048
1	2048
0	1643
0	1513
2	2048
2	2048
3	2048
3	2048
1	2048
1	2048
2	2048
1	2048
0	1841
1	2048
3	2048
2	2048
1	2048
0	1916
1	2048
2	2048
0	1992
4	2048
1	2048
1	2048
2	2048
2	2048
0	1545
0	1600
1	2048
0	1575
1	2048
2	2048
3	2048
1	2048
