#SA random K-SAT
#N=32768  nIter=1024  alpha=3.83   NSamples=10000
#av(e)	2.497
#std(e)	0.016281249952015353
4	1024
1	1024
4	1024
2	1024
2	1024
4	1024
2	1024
3	1024
2	1024
4	1024
0	981
4	1024
1	1024
1	1024
3	1024
3	1024
3	1024
3	1024
4	1024
4	1024
6	1024
4	1024
6	1024
5	1024
2	1024
3	1024
0	1000
4	1024
5	1024
2	1024
3	1024
2	1024
0	884
4	1024
2	1024
11	1024
4	1024
1	1024
3	1024
2	1024
4	1024
2	1024
2	1024
5	1024
1	1024
3	1024
3	1024
3	1024
3	1024
3	1024
2	1024
5	1024
7	1024
3	1024
1	1024
4	1024
4	1024
2	1024
4	1024
2	1024
5	1024
2	1024
3	1024
2	1024
3	1024
2	1024
4	1024
1	1024
1	1024
5	1024
3	1024
2	1024
4	1024
4	1024
3	1024
1	1024
4	1024
2	1024
6	1024
5	1024
2	1024
1	1024
3	1024
4	1024
3	1024
2	1024
3	1024
1	1024
7	1024
1	1024
5	1024
1	1024
4	1024
2	1024
2	1024
2	1024
2	1024
6	1024
3	1024
1	1024
4	1024
4	1024
3	1024
3	1024
1	1024
5	1024
3	1024
4	1024
3	1024
4	1024
3	1024
3	1024
3	1024
0	775
0	813
3	1024
0	1000
0	841
3	1024
1	1024
3	1024
1	1024
4	1024
3	1024
0	1007
7	1024
3	1024
3	1024
2	1024
1	1024
3	1024
2	1024
4	1024
0	879
2	1024
2	1024
1	1024
1	1024
5	1024
2	1024
2	1024
1	1024
3	1024
4	1024
2	1024
4	1024
2	1024
3	1024
7	1024
3	1024
4	1024
1	1024
2	1024
1	1024
2	1024
6	1024
4	1024
2	1024
2	1024
5	1024
0	952
3	1024
4	1024
3	1024
2	1024
2	1024
2	1024
0	727
1	1024
1	1024
1	1024
0	953
2	1024
1	1024
3	1024
1	1024
3	1024
4	1024
3	1024
1	1024
1	1024
2	1024
5	1024
1	1024
3	1024
2	1024
0	689
2	1024
4	1024
4	1024
5	1024
5	1024
0	651
1	1024
1	1024
2	1024
2	1024
2	1024
1	1024
2	1024
4	1024
3	1024
1	1024
2	1024
2	1024
7	1024
1	1024
1	1024
2	1024
3	1024
2	1024
4	1024
1	1024
3	1024
5	1024
2	1024
0	935
5	1024
3	1024
1	1024
3	1024
1	1024
1	1024
2	1024
1	1024
3	1024
1	1024
1	1024
2	1024
2	1024
0	826
4	1024
5	1024
1	1024
2	1024
1	1024
0	991
1	1024
4	1024
1	1024
4	1024
2	1024
1	1024
3	1024
3	1024
2	1024
1	1024
1	1024
1	1024
6	1024
3	1024
6	1024
1	1024
3	1024
2	1024
2	1024
1	1024
5	1024
4	1024
2	1024
1	1024
4	1024
2	1024
1	1024
3	1024
2	1024
6	1024
2	1024
3	1024
0	752
2	1024
5	1024
2	1024
6	1024
5	1024
3	1024
1	1024
4	1024
2	1024
1	1024
1	1024
3	1024
2	1024
2	1024
2	1024
5	1024
1	1024
0	793
2	1024
6	1024
3	1024
4	1024
2	1024
4	1024
2	1024
1	1024
3	1024
1	1024
1	1024
1	1024
2	1024
0	988
0	856
1	1024
1	1024
3	1024
0	907
3	1024
2	1024
2	1024
1	1024
4	1024
5	1024
3	1024
3	1024
2	1024
3	1024
0	956
0	877
2	1024
6	1024
2	1024
6	1024
2	1024
6	1024
1	1024
1	1024
3	1024
2	1024
1	1024
3	1024
1	1024
2	1024
1	1024
1	1024
6	1024
4	1024
1	1024
0	647
1	1024
3	1024
1	1024
4	1024
2	1024
1	1024
2	1024
3	1024
2	1024
2	1024
1	1024
3	1024
0	870
3	1024
3	1024
0	986
4	1024
2	1024
3	1024
3	1024
6	1024
0	858
3	1024
4	1024
2	1024
8	1024
2	1024
2	1024
3	1024
2	1024
1	1024
0	937
1	1024
4	1024
2	1024
2	1024
4	1024
4	1024
1	1024
4	1024
3	1024
1	1024
2	1024
3	1024
2	1024
0	992
2	1024
4	1024
3	1024
2	1024
2	1024
3	1024
2	1024
1	1024
2	1024
3	1024
3	1024
2	1024
0	921
2	1024
4	1024
1	1024
2	1024
1	1024
3	1024
2	1024
2	1024
5	1024
2	1024
1	1024
1	1024
0	992
4	1024
0	779
4	1024
0	814
2	1024
5	1024
1	1024
1	1024
2	1024
1	1024
2	1024
4	1024
1	1024
0	982
1	1024
3	1024
1	1024
3	1024
1	1024
2	1024
3	1024
4	1024
4	1024
5	1024
1	1024
1	1024
2	1024
2	1024
2	1024
4	1024
2	1024
5	1024
1	1024
2	1024
3	1024
2	1024
5	1024
2	1024
5	1024
1	1024
1	1024
2	1024
1	1024
7	1024
3	1024
4	1024
3	1024
1	1024
0	981
5	1024
2	1024
2	1024
0	1004
2	1024
3	1024
3	1024
1	1024
5	1024
1	1024
2	1024
3	1024
2	1024
2	1024
1	1024
2	1024
2	1024
1	1024
4	1024
2	1024
3	1024
8	1024
5	1024
1	1024
2	1024
1	1024
4	1024
1	1024
0	1020
5	1024
5	1024
2	1024
3	1024
2	1024
2	1024
3	1024
1	1024
3	1024
0	997
1	1024
2	1024
2	1024
6	1024
0	746
1	1024
6	1024
2	1024
2	1024
4	1024
0	699
5	1024
2	1024
2	1024
1	1024
3	1024
2	1024
5	1024
4	1024
3	1024
1	1024
2	1024
2	1024
0	1013
3	1024
4	1024
0	776
3	1024
4	1024
4	1024
5	1024
3	1024
4	1024
3	1024
1	1024
3	1024
1	1024
1	1024
1	1024
0	1013
2	1024
1	1024
5	1024
0	847
3	1024
3	1024
4	1024
3	1024
2	1024
3	1024
1	1024
3	1024
3	1024
5	1024
2	1024
1	1024
1	1024
2	1024
4	1024
3	1024
0	874
1	1024
4	1024
2	1024
4	1024
4	1024
5	1024
2	1024
1	1024
4	1024
1	1024
1	1024
4	1024
2	1024
6	1024
1	1024
6	1024
1	1024
1	1024
3	1024
1	1024
5	1024
4	1024
6	1024
3	1024
3	1024
4	1024
4	1024
3	1024
3	1024
4	1024
4	1024
1	1024
4	1024
3	1024
1	1024
4	1024
6	1024
1	1024
1	1024
5	1024
4	1024
3	1024
4	1024
1	1024
1	1024
4	1024
0	754
4	1024
3	1024
3	1024
1	1024
4	1024
1	1024
2	1024
1	1024
2	1024
1	1024
1	1024
3	1024
2	1024
2	1024
1	1024
2	1024
3	1024
2	1024
1	1024
0	815
3	1024
4	1024
1	1024
5	1024
3	1024
0	920
1	1024
3	1024
4	1024
1	1024
1	1024
3	1024
5	1024
1	1024
1	1024
1	1024
3	1024
5	1024
4	1024
1	1024
0	764
1	1024
2	1024
4	1024
4	1024
1	1024
2	1024
4	1024
4	1024
5	1024
1	1024
4	1024
5	1024
4	1024
2	1024
6	1024
1	1024
4	1024
3	1024
4	1024
1	1024
3	1024
4	1024
3	1024
0	913
1	1024
3	1024
3	1024
4	1024
2	1024
3	1024
6	1024
3	1024
2	1024
4	1024
3	1024
3	1024
7	1024
2	1024
4	1024
5	1024
1	1024
1	1024
2	1024
3	1024
5	1024
1	1024
2	1024
2	1024
3	1024
2	1024
4	1024
3	1024
3	1024
3	1024
1	1024
1	1024
2	1024
3	1024
1	1024
1	1024
1	1024
7	1024
2	1024
3	1024
6	1024
0	661
1	1024
5	1024
0	997
3	1024
0	998
2	1024
3	1024
0	908
1	1024
1	1024
2	1024
3	1024
2	1024
0	780
4	1024
3	1024
3	1024
2	1024
5	1024
6	1024
1	1024
3	1024
0	984
2	1024
1	1024
4	1024
2	1024
4	1024
6	1024
4	1024
2	1024
3	1024
5	1024
2	1024
1	1024
2	1024
3	1024
0	796
4	1024
1	1024
1	1024
2	1024
0	793
1	1024
0	954
4	1024
3	1024
2	1024
3	1024
0	838
3	1024
6	1024
4	1024
3	1024
4	1024
1	1024
1	1024
6	1024
1	1024
2	1024
3	1024
3	1024
2	1024
3	1024
1	1024
2	1024
5	1024
4	1024
3	1024
1	1024
2	1024
2	1024
2	1024
9	1024
2	1024
3	1024
3	1024
1	1024
7	1024
2	1024
2	1024
5	1024
2	1024
1	1024
0	979
4	1024
1	1024
2	1024
1	1024
3	1024
6	1024
1	1024
2	1024
3	1024
5	1024
5	1024
2	1024
0	888
0	836
2	1024
2	1024
1	1024
3	1024
3	1024
3	1024
2	1024
1	1024
3	1024
2	1024
0	711
0	957
1	1024
4	1024
1	1024
2	1024
2	1024
0	896
1	1024
2	1024
3	1024
0	719
2	1024
3	1024
6	1024
3	1024
2	1024
4	1024
6	1024
5	1024
5	1024
5	1024
3	1024
1	1024
1	1024
4	1024
2	1024
1	1024
3	1024
1	1024
3	1024
4	1024
3	1024
1	1024
4	1024
0	714
3	1024
6	1024
0	787
6	1024
2	1024
4	1024
3	1024
3	1024
3	1024
0	928
3	1024
0	1012
0	936
5	1024
3	1024
0	1007
0	876
3	1024
2	1024
1	1024
4	1024
3	1024
3	1024
4	1024
1	1024
2	1024
8	1024
3	1024
1	1024
1	1024
3	1024
3	1024
1	1024
0	903
2	1024
2	1024
4	1024
3	1024
6	1024
5	1024
2	1024
1	1024
2	1024
1	1024
4	1024
7	1024
4	1024
2	1024
4	1024
3	1024
2	1024
5	1024
2	1024
1	1024
5	1024
2	1024
3	1024
3	1024
3	1024
1	1024
1	1024
1	1024
3	1024
1	1024
2	1024
0	732
0	995
1	1024
3	1024
1	1024
0	554
4	1024
4	1024
2	1024
1	1024
3	1024
3	1024
1	1024
1	1024
1	1024
5	1024
3	1024
2	1024
0	1004
2	1024
0	824
1	1024
3	1024
2	1024
4	1024
2	1024
4	1024
1	1024
2	1024
4	1024
1	1024
3	1024
3	1024
2	1024
3	1024
5	1024
5	1024
2	1024
3	1024
8	1024
2	1024
1	1024
4	1024
1	1024
2	1024
3	1024
3	1024
2	1024
2	1024
7	1024
2	1024
3	1024
3	1024
6	1024
1	1024
3	1024
1	1024
1	1024
2	1024
2	1024
2	1024
5	1024
1	1024
2	1024
2	1024
2	1024
4	1024
4	1024
1	1024
2	1024
4	1024
1	1024
3	1024
1	1024
1	1024
0	976
1	1024
1	1024
2	1024
2	1024
3	1024
2	1024
1	1024
5	1024
2	1024
1	1024
3	1024
0	1016
6	1024
1	1024
1	1024
2	1024
2	1024
5	1024
3	1024
2	1024
1	1024
3	1024
2	1024
6	1024
2	1024
2	1024
3	1024
2	1024
3	1024
3	1024
2	1024
1	1024
2	1024
1	1024
3	1024
3	1024
2	1024
1	1024
2	1024
2	1024
3	1024
4	1024
5	1024
2	1024
2	1024
5	1024
0	895
2	1024
2	1024
0	916
4	1024
3	1024
2	1024
1	1024
5	1024
1	1024
3	1024
1	1024
2	1024
0	833
0	958
1	1024
4	1024
2	1024
2	1024
1	1024
2	1024
3	1024
3	1024
1	1024
2	1024
0	799
5	1024
1	1024
3	1024
3	1024
3	1024
1	1024
1	1024
3	1024
2	1024
3	1024
3	1024
3	1024
5	1024
2	1024
2	1024
1	1024
1	1024
6	1024
1	1024
4	1024
5	1024
3	1024
4	1024
4	1024
3	1024
4	1024
5	1024
0	665
3	1024
2	1024
0	1002
4	1024
2	1024
3	1024
1	1024
1	1024
2	1024
2	1024
2	1024
4	1024
0	706
5	1024
1	1024
5	1024
1	1024
4	1024
1	1024
3	1024
2	1024
1	1024
0	886
3	1024
4	1024
1	1024
1	1024
1	1024
3	1024
2	1024
1	1024
2	1024
6	1024
3	1024
4	1024
2	1024
2	1024
1	1024
4	1024
0	748
2	1024
1	1024
5	1024
0	903
3	1024
1	1024
2	1024
1	1024
3	1024
1	1024
3	1024
1	1024
3	1024
1	1024
1	1024
1	1024
3	1024
0	889
2	1024
3	1024
3	1024
2	1024
3	1024
2	1024
1	1024
1	1024
2	1024
3	1024
0	926
2	1024
1	1024
4	1024
5	1024
4	1024
2	1024
2	1024
2	1024
1	1024
3	1024
2	1024
3	1024
1	1024
0	877
1	1024
1	1024
3	1024
3	1024
2	1024
1	1024
0	938
0	743
3	1024
1	1024
3	1024
1	1024
2	1024
3	1024
4	1024
3	1024
1	1024
4	1024
6	1024
5	1024
1	1024
0	896
5	1024
0	858
0	808
3	1024
1	1024
1	1024
4	1024
3	1024
3	1024
1	1024
5	1024
2	1024
0	933
4	1024
1	1024
1	1024
3	1024
2	1024
3	1024
2	1024
6	1024
2	1024
2	1024
2	1024
1	1024
4	1024
2	1024
3	1024
4	1024
2	1024
2	1024
3	1024
1	1024
4	1024
7	1024
3	1024
2	1024
3	1024
2	1024
1	1024
1	1024
3	1024
2	1024
3	1024
5	1024
0	975
3	1024
0	888
4	1024
2	1024
5	1024
2	1024
0	789
3	1024
3	1024
2	1024
2	1024
2	1024
2	1024
0	812
0	992
1	1024
2	1024
8	1024
4	1024
2	1024
1	1024
4	1024
3	1024
3	1024
1	1024
8	1024
5	1024
3	1024
1	1024
2	1024
1	1024
2	1024
3	1024
0	1005
2	1024
7	1024
3	1024
4	1024
3	1024
3	1024
3	1024
5	1024
5	1024
4	1024
1	1024
2	1024
1	1024
2	1024
4	1024
4	1024
3	1024
2	1024
4	1024
0	946
3	1024
1	1024
1	1024
5	1024
2	1024
3	1024
2	1024
4	1024
3	1024
3	1024
3	1024
1	1024
4	1024
2	1024
5	1024
4	1024
3	1024
5	1024
4	1024
5	1024
1	1024
1	1024
4	1024
2	1024
3	1024
3	1024
3	1024
0	862
3	1024
2	1024
1	1024
2	1024
3	1024
2	1024
1	1024
3	1024
3	1024
2	1024
5	1024
2	1024
4	1024
2	1024
1	1024
2	1024
4	1024
4	1024
1	1024
1	1024
2	1024
2	1024
1	1024
0	939
5	1024
0	969
4	1024
3	1024
3	1024
4	1024
4	1024
2	1024
3	1024
4	1024
1	1024
1	1024
2	1024
1	1024
1	1024
5	1024
5	1024
2	1024
1	1024
1	1024
3	1024
7	1024
3	1024
3	1024
3	1024
1	1024
2	1024
2	1024
2	1024
1	1024
2	1024
2	1024
6	1024
2	1024
2	1024
2	1024
0	779
4	1024
2	1024
0	807
3	1024
2	1024
0	998
3	1024
3	1024
2	1024
3	1024
6	1024
3	1024
3	1024
1	1024
3	1024
1	1024
1	1024
2	1024
3	1024
0	964
2	1024
2	1024
4	1024
4	1024
7	1024
2	1024
3	1024
3	1024
2	1024
3	1024
1	1024
2	1024
2	1024
3	1024
4	1024
3	1024
3	1024
1	1024
1	1024
5	1024
5	1024
2	1024
3	1024
3	1024
0	736
3	1024
1	1024
4	1024
4	1024
1	1024
2	1024
1	1024
4	1024
5	1024
3	1024
2	1024
5	1024
2	1024
3	1024
0	828
0	982
2	1024
1	1024
4	1024
2	1024
8	1024
1	1024
6	1024
2	1024
3	1024
5	1024
3	1024
2	1024
1	1024
2	1024
4	1024
5	1024
2	1024
3	1024
2	1024
1	1024
1	1024
1	1024
2	1024
2	1024
3	1024
2	1024
3	1024
3	1024
2	1024
1	1024
3	1024
3	1024
1	1024
2	1024
5	1024
0	969
7	1024
7	1024
1	1024
0	930
1	1024
1	1024
3	1024
4	1024
0	940
1	1024
2	1024
5	1024
3	1024
5	1024
1	1024
3	1024
1	1024
3	1024
5	1024
3	1024
2	1024
2	1024
3	1024
1	1024
3	1024
2	1024
3	1024
4	1024
0	876
1	1024
2	1024
3	1024
1	1024
4	1024
6	1024
3	1024
3	1024
1	1024
3	1024
1	1024
4	1024
3	1024
1	1024
2	1024
2	1024
2	1024
6	1024
5	1024
0	953
3	1024
2	1024
1	1024
3	1024
4	1024
4	1024
1	1024
1	1024
3	1024
3	1024
2	1024
3	1024
1	1024
3	1024
3	1024
3	1024
1	1024
2	1024
0	948
4	1024
3	1024
3	1024
0	926
2	1024
2	1024
1	1024
2	1024
3	1024
5	1024
1	1024
4	1024
2	1024
3	1024
1	1024
3	1024
1	1024
3	1024
0	853
4	1024
2	1024
2	1024
2	1024
3	1024
5	1024
0	837
3	1024
1	1024
5	1024
2	1024
4	1024
1	1024
1	1024
3	1024
0	885
2	1024
0	851
0	849
5	1024
0	847
1	1024
5	1024
4	1024
3	1024
2	1024
3	1024
2	1024
5	1024
1	1024
1	1024
4	1024
3	1024
3	1024
4	1024
4	1024
4	1024
0	988
2	1024
2	1024
2	1024
2	1024
1	1024
5	1024
8	1024
2	1024
2	1024
4	1024
3	1024
0	999
4	1024
3	1024
1	1024
1	1024
2	1024
4	1024
0	944
1	1024
3	1024
2	1024
3	1024
4	1024
1	1024
0	889
1	1024
1	1024
2	1024
0	758
4	1024
3	1024
0	969
2	1024
2	1024
2	1024
2	1024
2	1024
1	1024
6	1024
1	1024
0	938
2	1024
3	1024
2	1024
4	1024
1	1024
2	1024
1	1024
2	1024
4	1024
1	1024
1	1024
2	1024
3	1024
0	679
3	1024
2	1024
3	1024
2	1024
0	939
2	1024
4	1024
0	841
3	1024
1	1024
4	1024
4	1024
2	1024
3	1024
2	1024
4	1024
0	1000
2	1024
4	1024
0	913
4	1024
0	870
0	913
3	1024
0	820
2	1024
3	1024
4	1024
1	1024
4	1024
0	641
6	1024
2	1024
6	1024
1	1024
1	1024
2	1024
0	1024
5	1024
2	1024
1	1024
2	1024
0	999
1	1024
1	1024
4	1024
2	1024
3	1024
0	989
2	1024
6	1024
2	1024
2	1024
2	1024
1	1024
2	1024
1	1024
4	1024
3	1024
1	1024
3	1024
2	1024
2	1024
4	1024
4	1024
3	1024
3	1024
3	1024
3	1024
0	904
4	1024
2	1024
2	1024
3	1024
0	891
1	1024
4	1024
2	1024
2	1024
2	1024
2	1024
2	1024
4	1024
0	823
2	1024
1	1024
1	1024
2	1024
0	880
1	1024
2	1024
2	1024
3	1024
0	955
3	1024
1	1024
1	1024
2	1024
3	1024
1	1024
6	1024
1	1024
4	1024
3	1024
2	1024
4	1024
0	906
2	1024
6	1024
2	1024
3	1024
4	1024
4	1024
4	1024
1	1024
0	827
1	1024
2	1024
2	1024
0	758
3	1024
3	1024
3	1024
3	1024
3	1024
3	1024
3	1024
1	1024
4	1024
3	1024
3	1024
3	1024
3	1024
2	1024
3	1024
5	1024
6	1024
3	1024
1	1024
4	1024
3	1024
2	1024
4	1024
2	1024
3	1024
4	1024
3	1024
1	1024
3	1024
0	863
1	1024
3	1024
2	1024
1	1024
1	1024
4	1024
4	1024
2	1024
3	1024
4	1024
2	1024
3	1024
6	1024
1	1024
2	1024
1	1024
1	1024
1	1024
3	1024
1	1024
2	1024
3	1024
2	1024
7	1024
2	1024
4	1024
3	1024
1	1024
3	1024
4	1024
3	1024
5	1024
4	1024
2	1024
3	1024
2	1024
2	1024
4	1024
4	1024
2	1024
4	1024
3	1024
2	1024
1	1024
7	1024
2	1024
0	854
2	1024
4	1024
2	1024
1	1024
3	1024
2	1024
0	946
0	869
4	1024
2	1024
5	1024
1	1024
0	967
2	1024
5	1024
2	1024
2	1024
3	1024
2	1024
2	1024
1	1024
0	970
1	1024
2	1024
3	1024
1	1024
2	1024
1	1024
0	991
0	992
2	1024
2	1024
0	810
3	1024
1	1024
0	818
5	1024
5	1024
0	970
6	1024
3	1024
2	1024
3	1024
1	1024
3	1024
6	1024
3	1024
1	1024
3	1024
3	1024
5	1024
0	932
7	1024
3	1024
4	1024
4	1024
3	1024
2	1024
4	1024
3	1024
1	1024
3	1024
2	1024
0	887
3	1024
2	1024
1	1024
2	1024
0	794
0	949
1	1024
4	1024
2	1024
0	786
3	1024
5	1024
0	984
2	1024
2	1024
1	1024
0	1010
1	1024
6	1024
1	1024
1	1024
1	1024
3	1024
2	1024
1	1024
1	1024
3	1024
4	1024
0	802
2	1024
4	1024
6	1024
3	1024
4	1024
3	1024
2	1024
0	785
1	1024
2	1024
3	1024
1	1024
3	1024
1	1024
0	674
2	1024
3	1024
3	1024
3	1024
3	1024
5	1024
2	1024
2	1024
1	1024
3	1024
0	893
3	1024
3	1024
3	1024
0	854
4	1024
2	1024
3	1024
1	1024
1	1024
3	1024
1	1024
1	1024
2	1024
1	1024
2	1024
3	1024
3	1024
4	1024
2	1024
4	1024
8	1024
2	1024
2	1024
2	1024
2	1024
1	1024
1	1024
2	1024
3	1024
2	1024
0	634
2	1024
4	1024
2	1024
1	1024
2	1024
0	820
1	1024
0	964
1	1024
5	1024
3	1024
2	1024
4	1024
0	949
2	1024
2	1024
1	1024
3	1024
2	1024
2	1024
1	1024
1	1024
7	1024
1	1024
4	1024
5	1024
2	1024
1	1024
2	1024
3	1024
3	1024
1	1024
2	1024
0	1002
1	1024
2	1024
2	1024
4	1024
6	1024
3	1024
3	1024
3	1024
5	1024
6	1024
3	1024
4	1024
3	1024
2	1024
3	1024
4	1024
4	1024
4	1024
1	1024
0	902
0	1012
5	1024
1	1024
4	1024
3	1024
1	1024
4	1024
4	1024
2	1024
4	1024
0	828
2	1024
2	1024
1	1024
2	1024
5	1024
4	1024
2	1024
4	1024
1	1024
4	1024
3	1024
4	1024
4	1024
0	1011
1	1024
0	790
3	1024
6	1024
5	1024
4	1024
0	819
0	1021
1	1024
6	1024
5	1024
4	1024
3	1024
3	1024
3	1024
6	1024
2	1024
6	1024
3	1024
3	1024
2	1024
1	1024
1	1024
2	1024
4	1024
2	1024
1	1024
1	1024
2	1024
2	1024
1	1024
5	1024
1	1024
5	1024
3	1024
5	1024
4	1024
1	1024
3	1024
1	1024
3	1024
4	1024
3	1024
2	1024
5	1024
1	1024
6	1024
3	1024
2	1024
0	978
2	1024
3	1024
1	1024
2	1024
0	697
4	1024
5	1024
2	1024
1	1024
4	1024
3	1024
1	1024
6	1024
1	1024
3	1024
5	1024
4	1024
4	1024
1	1024
3	1024
5	1024
0	996
6	1024
1	1024
2	1024
3	1024
4	1024
1	1024
3	1024
2	1024
3	1024
6	1024
1	1024
2	1024
1	1024
1	1024
2	1024
2	1024
2	1024
1	1024
1	1024
1	1024
3	1024
2	1024
0	693
7	1024
2	1024
2	1024
1	1024
0	990
4	1024
2	1024
4	1024
2	1024
4	1024
2	1024
0	866
1	1024
3	1024
2	1024
7	1024
3	1024
4	1024
2	1024
2	1024
4	1024
1	1024
2	1024
0	863
5	1024
1	1024
0	1007
2	1024
4	1024
3	1024
2	1024
2	1024
2	1024
2	1024
3	1024
3	1024
1	1024
1	1024
1	1024
1	1024
2	1024
1	1024
2	1024
2	1024
1	1024
2	1024
4	1024
1	1024
2	1024
0	931
0	1013
0	974
2	1024
4	1024
1	1024
1	1024
7	1024
1	1024
3	1024
4	1024
2	1024
2	1024
5	1024
1	1024
1	1024
2	1024
1	1024
3	1024
2	1024
2	1024
0	785
4	1024
2	1024
2	1024
0	1020
2	1024
2	1024
1	1024
2	1024
2	1024
3	1024
7	1024
2	1024
2	1024
1	1024
2	1024
5	1024
4	1024
0	640
3	1024
2	1024
4	1024
3	1024
2	1024
1	1024
3	1024
3	1024
2	1024
4	1024
4	1024
5	1024
2	1024
3	1024
5	1024
1	1024
3	1024
2	1024
4	1024
1	1024
3	1024
0	808
1	1024
0	980
3	1024
4	1024
4	1024
2	1024
2	1024
2	1024
3	1024
5	1024
4	1024
3	1024
1	1024
5	1024
1	1024
3	1024
2	1024
3	1024
2	1024
3	1024
4	1024
4	1024
1	1024
2	1024
4	1024
4	1024
6	1024
1	1024
3	1024
2	1024
1	1024
2	1024
4	1024
2	1024
3	1024
1	1024
1	1024
3	1024
3	1024
2	1024
3	1024
2	1024
1	1024
3	1024
2	1024
2	1024
2	1024
3	1024
1	1024
4	1024
2	1024
0	971
4	1024
3	1024
5	1024
3	1024
1	1024
2	1024
1	1024
0	870
2	1024
3	1024
5	1024
2	1024
4	1024
3	1024
2	1024
3	1024
3	1024
3	1024
2	1024
3	1024
2	1024
4	1024
1	1024
3	1024
3	1024
2	1024
3	1024
3	1024
5	1024
4	1024
1	1024
1	1024
3	1024
2	1024
2	1024
3	1024
1	1024
0	956
3	1024
4	1024
1	1024
3	1024
4	1024
3	1024
4	1024
3	1024
3	1024
3	1024
5	1024
3	1024
1	1024
2	1024
2	1024
5	1024
3	1024
3	1024
2	1024
2	1024
2	1024
3	1024
3	1024
3	1024
0	961
1	1024
4	1024
0	817
3	1024
3	1024
9	1024
4	1024
2	1024
2	1024
1	1024
2	1024
4	1024
3	1024
4	1024
1	1024
4	1024
3	1024
6	1024
3	1024
4	1024
4	1024
0	746
3	1024
2	1024
4	1024
2	1024
2	1024
0	904
0	988
1	1024
4	1024
0	901
2	1024
1	1024
1	1024
2	1024
5	1024
3	1024
5	1024
4	1024
3	1024
2	1024
3	1024
2	1024
1	1024
4	1024
2	1024
2	1024
4	1024
5	1024
2	1024
1	1024
0	945
2	1024
1	1024
1	1024
0	879
1	1024
3	1024
1	1024
6	1024
3	1024
1	1024
1	1024
2	1024
4	1024
2	1024
2	1024
3	1024
0	859
0	978
4	1024
2	1024
0	1022
4	1024
2	1024
2	1024
1	1024
2	1024
4	1024
2	1024
6	1024
2	1024
5	1024
2	1024
0	680
7	1024
0	1000
1	1024
0	797
2	1024
3	1024
2	1024
1	1024
4	1024
1	1024
5	1024
2	1024
1	1024
2	1024
1	1024
3	1024
4	1024
3	1024
3	1024
6	1024
2	1024
1	1024
2	1024
1	1024
2	1024
5	1024
1	1024
3	1024
4	1024
1	1024
0	710
4	1024
4	1024
2	1024
3	1024
3	1024
3	1024
3	1024
4	1024
0	973
2	1024
3	1024
3	1024
4	1024
2	1024
1	1024
3	1024
2	1024
1	1024
3	1024
7	1024
4	1024
2	1024
1	1024
4	1024
2	1024
3	1024
3	1024
1	1024
6	1024
6	1024
2	1024
4	1024
1	1024
1	1024
1	1024
6	1024
5	1024
3	1024
5	1024
4	1024
4	1024
5	1024
3	1024
2	1024
2	1024
4	1024
2	1024
4	1024
4	1024
1	1024
2	1024
4	1024
2	1024
2	1024
2	1024
2	1024
1	1024
1	1024
4	1024
0	857
2	1024
2	1024
2	1024
2	1024
2	1024
3	1024
1	1024
1	1024
4	1024
0	808
0	794
3	1024
3	1024
4	1024
3	1024
3	1024
2	1024
3	1024
0	703
6	1024
2	1024
5	1024
2	1024
1	1024
3	1024
6	1024
3	1024
2	1024
2	1024
3	1024
3	1024
1	1024
3	1024
2	1024
1	1024
2	1024
2	1024
2	1024
3	1024
2	1024
1	1024
2	1024
4	1024
3	1024
2	1024
4	1024
1	1024
3	1024
3	1024
2	1024
1	1024
4	1024
4	1024
1	1024
4	1024
4	1024
3	1024
3	1024
0	849
5	1024
1	1024
5	1024
3	1024
2	1024
4	1024
2	1024
4	1024
3	1024
2	1024
2	1024
2	1024
5	1024
1	1024
2	1024
0	845
1	1024
3	1024
2	1024
4	1024
1	1024
4	1024
2	1024
2	1024
3	1024
3	1024
3	1024
3	1024
6	1024
2	1024
2	1024
5	1024
2	1024
1	1024
6	1024
1	1024
3	1024
4	1024
5	1024
3	1024
1	1024
4	1024
3	1024
3	1024
3	1024
5	1024
4	1024
5	1024
3	1024
5	1024
3	1024
4	1024
3	1024
1	1024
3	1024
6	1024
8	1024
3	1024
4	1024
2	1024
6	1024
3	1024
0	973
2	1024
0	961
3	1024
2	1024
3	1024
3	1024
4	1024
7	1024
1	1024
2	1024
2	1024
0	793
1	1024
7	1024
4	1024
3	1024
5	1024
3	1024
2	1024
4	1024
1	1024
3	1024
4	1024
3	1024
2	1024
6	1024
5	1024
0	889
2	1024
1	1024
5	1024
4	1024
1	1024
2	1024
2	1024
1	1024
1	1024
3	1024
2	1024
4	1024
2	1024
2	1024
1	1024
2	1024
2	1024
1	1024
3	1024
2	1024
2	1024
1	1024
5	1024
1	1024
4	1024
4	1024
2	1024
3	1024
3	1024
3	1024
1	1024
2	1024
2	1024
3	1024
0	984
3	1024
1	1024
4	1024
2	1024
4	1024
1	1024
1	1024
3	1024
2	1024
4	1024
3	1024
1	1024
3	1024
0	928
3	1024
4	1024
1	1024
1	1024
3	1024
1	1024
2	1024
2	1024
2	1024
0	954
2	1024
0	876
5	1024
3	1024
3	1024
5	1024
4	1024
7	1024
1	1024
2	1024
1	1024
1	1024
4	1024
1	1024
3	1024
4	1024
3	1024
3	1024
2	1024
4	1024
4	1024
0	948
3	1024
5	1024
1	1024
1	1024
2	1024
2	1024
1	1024
2	1024
2	1024
3	1024
4	1024
4	1024
2	1024
1	1024
1	1024
2	1024
3	1024
2	1024
2	1024
3	1024
1	1024
0	723
3	1024
5	1024
2	1024
1	1024
1	1024
6	1024
1	1024
4	1024
1	1024
3	1024
0	982
0	840
0	893
2	1024
3	1024
4	1024
0	570
3	1024
3	1024
3	1024
2	1024
2	1024
0	857
3	1024
2	1024
3	1024
1	1024
2	1024
4	1024
2	1024
0	820
4	1024
2	1024
2	1024
1	1024
3	1024
0	1014
3	1024
4	1024
2	1024
0	932
3	1024
1	1024
3	1024
1	1024
4	1024
6	1024
2	1024
2	1024
1	1024
1	1024
2	1024
6	1024
2	1024
5	1024
4	1024
3	1024
1	1024
4	1024
2	1024
2	1024
3	1024
2	1024
5	1024
1	1024
2	1024
0	788
2	1024
3	1024
3	1024
1	1024
0	996
3	1024
0	872
2	1024
4	1024
1	1024
7	1024
3	1024
2	1024
5	1024
2	1024
6	1024
1	1024
4	1024
3	1024
3	1024
2	1024
2	1024
0	848
0	947
2	1024
4	1024
2	1024
5	1024
4	1024
4	1024
3	1024
3	1024
1	1024
1	1024
3	1024
1	1024
4	1024
2	1024
1	1024
1	1024
4	1024
0	857
3	1024
1	1024
2	1024
3	1024
4	1024
1	1024
1	1024
3	1024
2	1024
0	1005
4	1024
1	1024
1	1024
1	1024
3	1024
2	1024
1	1024
3	1024
1	1024
1	1024
1	1024
3	1024
0	1000
2	1024
3	1024
4	1024
2	1024
6	1024
1	1024
4	1024
4	1024
0	925
6	1024
2	1024
2	1024
1	1024
2	1024
4	1024
1	1024
2	1024
2	1024
3	1024
3	1024
2	1024
0	971
5	1024
1	1024
1	1024
1	1024
7	1024
1	1024
2	1024
2	1024
3	1024
2	1024
2	1024
0	923
3	1024
0	866
0	942
1	1024
5	1024
3	1024
4	1024
4	1024
2	1024
2	1024
1	1024
2	1024
6	1024
6	1024
1	1024
2	1024
4	1024
2	1024
5	1024
1	1024
5	1024
4	1024
3	1024
2	1024
1	1024
5	1024
0	1009
2	1024
2	1024
1	1024
2	1024
6	1024
7	1024
1	1024
4	1024
5	1024
0	1010
4	1024
3	1024
4	1024
5	1024
4	1024
6	1024
5	1024
3	1024
2	1024
0	963
0	924
5	1024
4	1024
1	1024
4	1024
4	1024
3	1024
2	1024
6	1024
2	1024
3	1024
6	1024
2	1024
0	903
3	1024
2	1024
2	1024
2	1024
2	1024
2	1024
5	1024
3	1024
2	1024
2	1024
2	1024
3	1024
1	1024
2	1024
0	978
3	1024
2	1024
2	1024
4	1024
2	1024
8	1024
4	1024
1	1024
3	1024
1	1024
2	1024
2	1024
1	1024
5	1024
3	1024
1	1024
3	1024
1	1024
1	1024
5	1024
1	1024
3	1024
2	1024
4	1024
4	1024
2	1024
1	1024
0	754
1	1024
1	1024
3	1024
1	1024
1	1024
1	1024
2	1024
1	1024
6	1024
3	1024
4	1024
3	1024
0	972
4	1024
1	1024
3	1024
0	608
1	1024
2	1024
3	1024
0	769
5	1024
4	1024
2	1024
3	1024
2	1024
2	1024
5	1024
4	1024
1	1024
0	999
1	1024
4	1024
2	1024
1	1024
2	1024
1	1024
4	1024
3	1024
0	987
0	851
2	1024
4	1024
6	1024
1	1024
2	1024
3	1024
0	824
4	1024
3	1024
2	1024
1	1024
7	1024
3	1024
2	1024
3	1024
2	1024
4	1024
1	1024
1	1024
3	1024
5	1024
0	807
3	1024
4	1024
2	1024
0	856
3	1024
1	1024
2	1024
2	1024
2	1024
2	1024
2	1024
3	1024
1	1024
2	1024
2	1024
0	929
3	1024
2	1024
3	1024
1	1024
3	1024
0	940
0	965
1	1024
3	1024
3	1024
0	929
2	1024
1	1024
3	1024
3	1024
3	1024
2	1024
1	1024
2	1024
3	1024
5	1024
4	1024
7	1024
2	1024
5	1024
2	1024
3	1024
2	1024
3	1024
5	1024
3	1024
6	1024
0	945
2	1024
3	1024
4	1024
2	1024
1	1024
4	1024
3	1024
3	1024
3	1024
3	1024
2	1024
0	898
2	1024
5	1024
4	1024
3	1024
2	1024
4	1024
5	1024
1	1024
1	1024
2	1024
2	1024
3	1024
1	1024
4	1024
2	1024
1	1024
3	1024
4	1024
2	1024
2	1024
0	815
6	1024
2	1024
1	1024
1	1024
6	1024
2	1024
4	1024
1	1024
2	1024
2	1024
1	1024
3	1024
5	1024
2	1024
5	1024
2	1024
1	1024
2	1024
2	1024
1	1024
0	931
6	1024
2	1024
4	1024
2	1024
3	1024
2	1024
1	1024
3	1024
0	904
2	1024
1	1024
2	1024
1	1024
4	1024
4	1024
4	1024
4	1024
3	1024
4	1024
2	1024
2	1024
4	1024
1	1024
3	1024
2	1024
3	1024
0	851
2	1024
3	1024
0	958
2	1024
3	1024
1	1024
4	1024
2	1024
2	1024
2	1024
4	1024
6	1024
5	1024
5	1024
3	1024
5	1024
1	1024
3	1024
1	1024
3	1024
2	1024
5	1024
1	1024
0	936
3	1024
2	1024
2	1024
1	1024
2	1024
3	1024
0	818
6	1024
1	1024
6	1024
1	1024
4	1024
1	1024
3	1024
5	1024
2	1024
2	1024
3	1024
4	1024
0	745
6	1024
4	1024
1	1024
2	1024
4	1024
1	1024
6	1024
3	1024
1	1024
4	1024
1	1024
4	1024
2	1024
5	1024
4	1024
2	1024
1	1024
1	1024
3	1024
3	1024
3	1024
7	1024
5	1024
3	1024
3	1024
0	740
1	1024
2	1024
5	1024
4	1024
2	1024
5	1024
2	1024
3	1024
1	1024
2	1024
3	1024
3	1024
0	983
1	1024
2	1024
2	1024
2	1024
0	947
1	1024
4	1024
3	1024
0	702
3	1024
1	1024
3	1024
2	1024
0	626
2	1024
4	1024
4	1024
1	1024
1	1024
3	1024
3	1024
5	1024
0	919
5	1024
1	1024
0	757
5	1024
6	1024
2	1024
3	1024
0	861
3	1024
2	1024
6	1024
1	1024
4	1024
0	994
1	1024
2	1024
2	1024
1	1024
1	1024
1	1024
1	1024
1	1024
2	1024
1	1024
1	1024
1	1024
0	712
0	999
0	999
4	1024
0	957
6	1024
6	1024
0	531
3	1024
2	1024
0	755
4	1024
3	1024
5	1024
1	1024
0	1004
3	1024
2	1024
5	1024
4	1024
1	1024
2	1024
4	1024
2	1024
2	1024
5	1024
2	1024
1	1024
2	1024
6	1024
1	1024
1	1024
1	1024
2	1024
1	1024
2	1024
3	1024
2	1024
2	1024
4	1024
5	1024
2	1024
7	1024
2	1024
1	1024
3	1024
3	1024
3	1024
2	1024
3	1024
2	1024
4	1024
1	1024
3	1024
6	1024
1	1024
1	1024
1	1024
0	977
1	1024
3	1024
4	1024
2	1024
2	1024
3	1024
3	1024
5	1024
4	1024
3	1024
1	1024
6	1024
0	839
6	1024
1	1024
1	1024
0	857
2	1024
4	1024
0	1012
0	1021
2	1024
2	1024
2	1024
0	942
3	1024
2	1024
2	1024
0	883
4	1024
1	1024
1	1024
2	1024
5	1024
2	1024
3	1024
0	992
4	1024
5	1024
1	1024
3	1024
7	1024
0	817
1	1024
3	1024
1	1024
4	1024
2	1024
5	1024
2	1024
0	958
3	1024
1	1024
4	1024
1	1024
3	1024
3	1024
4	1024
2	1024
2	1024
1	1024
3	1024
4	1024
3	1024
3	1024
0	699
3	1024
2	1024
3	1024
2	1024
3	1024
1	1024
1	1024
5	1024
1	1024
1	1024
4	1024
2	1024
2	1024
5	1024
1	1024
2	1024
0	919
2	1024
0	886
2	1024
1	1024
6	1024
5	1024
3	1024
3	1024
2	1024
7	1024
5	1024
1	1024
3	1024
2	1024
3	1024
1	1024
2	1024
3	1024
3	1024
4	1024
5	1024
2	1024
2	1024
8	1024
6	1024
2	1024
2	1024
2	1024
1	1024
3	1024
4	1024
1	1024
5	1024
4	1024
0	707
2	1024
4	1024
4	1024
2	1024
1	1024
0	1019
0	875
1	1024
3	1024
2	1024
1	1024
1	1024
4	1024
1	1024
0	875
2	1024
2	1024
2	1024
6	1024
4	1024
5	1024
4	1024
2	1024
3	1024
4	1024
3	1024
1	1024
4	1024
4	1024
5	1024
0	709
2	1024
6	1024
4	1024
1	1024
1	1024
5	1024
4	1024
6	1024
0	950
2	1024
2	1024
6	1024
2	1024
5	1024
1	1024
5	1024
2	1024
6	1024
1	1024
1	1024
5	1024
1	1024
3	1024
0	790
4	1024
3	1024
0	924
0	821
2	1024
5	1024
2	1024
5	1024
3	1024
8	1024
5	1024
1	1024
6	1024
2	1024
3	1024
1	1024
1	1024
2	1024
5	1024
4	1024
3	1024
3	1024
2	1024
5	1024
1	1024
2	1024
1	1024
2	1024
1	1024
1	1024
2	1024
4	1024
3	1024
4	1024
0	873
2	1024
6	1024
3	1024
0	903
4	1024
2	1024
3	1024
5	1024
3	1024
5	1024
3	1024
3	1024
0	686
1	1024
2	1024
3	1024
1	1024
7	1024
3	1024
1	1024
0	875
2	1024
4	1024
1	1024
3	1024
0	836
4	1024
2	1024
4	1024
2	1024
1	1024
3	1024
0	984
4	1024
0	899
1	1024
2	1024
2	1024
4	1024
2	1024
4	1024
4	1024
1	1024
1	1024
2	1024
3	1024
2	1024
2	1024
2	1024
1	1024
1	1024
1	1024
2	1024
0	968
2	1024
4	1024
2	1024
2	1024
4	1024
1	1024
5	1024
6	1024
6	1024
1	1024
2	1024
1	1024
0	960
3	1024
4	1024
0	836
3	1024
5	1024
1	1024
2	1024
4	1024
4	1024
1	1024
3	1024
2	1024
5	1024
2	1024
1	1024
2	1024
2	1024
2	1024
1	1024
2	1024
3	1024
4	1024
1	1024
3	1024
0	915
3	1024
2	1024
0	950
6	1024
3	1024
2	1024
2	1024
6	1024
4	1024
6	1024
2	1024
1	1024
1	1024
4	1024
3	1024
3	1024
2	1024
4	1024
3	1024
4	1024
5	1024
4	1024
0	1007
3	1024
5	1024
3	1024
2	1024
7	1024
2	1024
1	1024
3	1024
0	761
1	1024
1	1024
6	1024
1	1024
2	1024
3	1024
2	1024
5	1024
2	1024
0	977
3	1024
1	1024
1	1024
1	1024
0	962
2	1024
2	1024
3	1024
4	1024
2	1024
3	1024
2	1024
4	1024
1	1024
1	1024
2	1024
0	845
3	1024
2	1024
2	1024
4	1024
2	1024
2	1024
5	1024
4	1024
2	1024
0	691
0	969
2	1024
1	1024
3	1024
3	1024
2	1024
1	1024
4	1024
2	1024
4	1024
5	1024
6	1024
2	1024
3	1024
1	1024
1	1024
2	1024
3	1024
1	1024
5	1024
2	1024
4	1024
5	1024
3	1024
4	1024
1	1024
5	1024
2	1024
1	1024
4	1024
1	1024
1	1024
0	917
3	1024
5	1024
2	1024
3	1024
3	1024
2	1024
3	1024
2	1024
2	1024
3	1024
0	982
1	1024
2	1024
2	1024
0	843
4	1024
6	1024
3	1024
1	1024
2	1024
4	1024
5	1024
4	1024
1	1024
0	766
5	1024
3	1024
5	1024
4	1024
3	1024
1	1024
2	1024
2	1024
4	1024
0	855
6	1024
7	1024
1	1024
2	1024
5	1024
5	1024
3	1024
3	1024
1	1024
5	1024
2	1024
5	1024
1	1024
1	1024
3	1024
0	1008
5	1024
1	1024
4	1024
4	1024
3	1024
2	1024
4	1024
1	1024
1	1024
1	1024
5	1024
3	1024
1	1024
1	1024
1	1024
4	1024
2	1024
1	1024
1	1024
0	977
4	1024
2	1024
1	1024
5	1024
2	1024
1	1024
6	1024
3	1024
2	1024
3	1024
3	1024
6	1024
3	1024
3	1024
0	941
4	1024
1	1024
3	1024
3	1024
1	1024
3	1024
3	1024
1	1024
3	1024
1	1024
1	1024
1	1024
0	1021
3	1024
4	1024
2	1024
2	1024
3	1024
3	1024
4	1024
4	1024
2	1024
1	1024
2	1024
0	926
3	1024
4	1024
5	1024
3	1024
1	1024
2	1024
3	1024
1	1024
3	1024
1	1024
0	977
3	1024
1	1024
0	831
1	1024
4	1024
1	1024
2	1024
2	1024
3	1024
8	1024
4	1024
4	1024
4	1024
1	1024
3	1024
1	1024
3	1024
2	1024
4	1024
1	1024
4	1024
2	1024
1	1024
0	861
3	1024
5	1024
2	1024
1	1024
2	1024
4	1024
3	1024
3	1024
4	1024
4	1024
1	1024
3	1024
1	1024
6	1024
3	1024
2	1024
2	1024
1	1024
0	887
1	1024
5	1024
2	1024
1	1024
1	1024
5	1024
4	1024
1	1024
1	1024
2	1024
1	1024
1	1024
0	976
3	1024
2	1024
4	1024
2	1024
4	1024
5	1024
3	1024
1	1024
3	1024
3	1024
5	1024
2	1024
3	1024
2	1024
2	1024
1	1024
2	1024
4	1024
1	1024
5	1024
3	1024
3	1024
2	1024
1	1024
2	1024
2	1024
4	1024
3	1024
3	1024
4	1024
4	1024
4	1024
2	1024
2	1024
4	1024
4	1024
2	1024
4	1024
2	1024
2	1024
1	1024
2	1024
3	1024
5	1024
2	1024
4	1024
3	1024
6	1024
3	1024
2	1024
3	1024
2	1024
1	1024
1	1024
4	1024
1	1024
2	1024
2	1024
4	1024
2	1024
2	1024
3	1024
2	1024
2	1024
1	1024
2	1024
3	1024
0	879
1	1024
2	1024
7	1024
5	1024
1	1024
1	1024
3	1024
1	1024
1	1024
5	1024
5	1024
5	1024
2	1024
7	1024
4	1024
3	1024
2	1024
3	1024
3	1024
2	1024
2	1024
5	1024
2	1024
2	1024
3	1024
4	1024
5	1024
2	1024
4	1024
0	938
2	1024
1	1024
5	1024
6	1024
6	1024
2	1024
5	1024
1	1024
4	1024
2	1024
2	1024
2	1024
1	1024
1	1024
2	1024
3	1024
5	1024
3	1024
4	1024
1	1024
2	1024
1	1024
1	1024
4	1024
2	1024
4	1024
1	1024
4	1024
0	947
5	1024
3	1024
4	1024
4	1024
2	1024
2	1024
2	1024
1	1024
2	1024
3	1024
2	1024
3	1024
1	1024
2	1024
2	1024
3	1024
6	1024
4	1024
0	1007
2	1024
1	1024
0	984
2	1024
5	1024
1	1024
4	1024
2	1024
4	1024
1	1024
1	1024
4	1024
2	1024
3	1024
2	1024
4	1024
1	1024
3	1024
1	1024
1	1024
5	1024
2	1024
1	1024
2	1024
5	1024
2	1024
2	1024
2	1024
4	1024
0	732
3	1024
3	1024
2	1024
2	1024
1	1024
2	1024
4	1024
2	1024
1	1024
3	1024
2	1024
2	1024
3	1024
0	963
2	1024
3	1024
2	1024
1	1024
3	1024
5	1024
2	1024
1	1024
4	1024
3	1024
6	1024
1	1024
3	1024
4	1024
4	1024
4	1024
4	1024
3	1024
3	1024
4	1024
2	1024
3	1024
1	1024
1	1024
2	1024
1	1024
3	1024
1	1024
2	1024
5	1024
2	1024
3	1024
2	1024
3	1024
1	1024
3	1024
4	1024
3	1024
1	1024
1	1024
2	1024
3	1024
3	1024
1	1024
1	1024
3	1024
7	1024
3	1024
1	1024
1	1024
2	1024
1	1024
3	1024
7	1024
3	1024
4	1024
2	1024
1	1024
2	1024
3	1024
0	813
3	1024
1	1024
2	1024
3	1024
0	895
0	841
3	1024
5	1024
2	1024
3	1024
1	1024
3	1024
2	1024
3	1024
5	1024
3	1024
6	1024
4	1024
5	1024
3	1024
2	1024
2	1024
3	1024
1	1024
2	1024
3	1024
2	1024
0	821
2	1024
5	1024
0	1012
1	1024
3	1024
3	1024
3	1024
1	1024
2	1024
2	1024
2	1024
1	1024
1	1024
2	1024
2	1024
3	1024
1	1024
1	1024
1	1024
0	847
3	1024
3	1024
1	1024
2	1024
2	1024
2	1024
2	1024
2	1024
5	1024
2	1024
0	662
3	1024
1	1024
2	1024
3	1024
4	1024
3	1024
2	1024
3	1024
3	1024
1	1024
3	1024
5	1024
3	1024
5	1024
3	1024
5	1024
2	1024
1	1024
3	1024
1	1024
4	1024
4	1024
4	1024
2	1024
3	1024
4	1024
2	1024
1	1024
3	1024
4	1024
3	1024
2	1024
4	1024
2	1024
4	1024
5	1024
0	1013
2	1024
2	1024
2	1024
5	1024
2	1024
3	1024
3	1024
5	1024
0	676
6	1024
3	1024
1	1024
2	1024
3	1024
0	773
5	1024
1	1024
1	1024
2	1024
6	1024
2	1024
1	1024
5	1024
1	1024
1	1024
1	1024
0	987
2	1024
6	1024
3	1024
2	1024
2	1024
1	1024
4	1024
3	1024
2	1024
4	1024
1	1024
1	1024
3	1024
1	1024
0	1017
3	1024
3	1024
1	1024
4	1024
4	1024
3	1024
3	1024
1	1024
2	1024
2	1024
1	1024
0	841
3	1024
0	1011
3	1024
1	1024
3	1024
0	947
2	1024
4	1024
3	1024
4	1024
2	1024
2	1024
1	1024
0	900
0	944
5	1024
3	1024
0	961
1	1024
2	1024
6	1024
6	1024
2	1024
4	1024
3	1024
2	1024
3	1024
4	1024
3	1024
3	1024
3	1024
2	1024
0	965
1	1024
1	1024
3	1024
0	821
2	1024
3	1024
4	1024
0	916
3	1024
2	1024
0	638
2	1024
0	1022
2	1024
1	1024
2	1024
3	1024
1	1024
1	1024
3	1024
0	762
5	1024
4	1024
2	1024
4	1024
1	1024
6	1024
1	1024
4	1024
1	1024
2	1024
3	1024
4	1024
2	1024
5	1024
5	1024
1	1024
4	1024
1	1024
3	1024
3	1024
3	1024
5	1024
4	1024
3	1024
5	1024
1	1024
2	1024
4	1024
0	749
1	1024
4	1024
2	1024
7	1024
4	1024
6	1024
2	1024
1	1024
0	910
4	1024
3	1024
4	1024
2	1024
1	1024
3	1024
2	1024
1	1024
5	1024
0	960
2	1024
4	1024
3	1024
2	1024
4	1024
3	1024
1	1024
8	1024
0	995
3	1024
0	1000
1	1024
1	1024
2	1024
2	1024
1	1024
3	1024
4	1024
1	1024
4	1024
2	1024
2	1024
1	1024
3	1024
2	1024
5	1024
2	1024
1	1024
4	1024
4	1024
1	1024
2	1024
4	1024
2	1024
3	1024
2	1024
3	1024
4	1024
2	1024
4	1024
4	1024
0	920
1	1024
1	1024
0	773
2	1024
3	1024
1	1024
4	1024
3	1024
5	1024
0	917
3	1024
6	1024
3	1024
3	1024
4	1024
4	1024
1	1024
2	1024
3	1024
2	1024
4	1024
1	1024
2	1024
3	1024
1	1024
2	1024
2	1024
5	1024
3	1024
5	1024
3	1024
1	1024
3	1024
4	1024
2	1024
4	1024
2	1024
3	1024
1	1024
2	1024
5	1024
3	1024
2	1024
7	1024
1	1024
6	1024
3	1024
1	1024
0	757
1	1024
5	1024
2	1024
0	759
1	1024
2	1024
3	1024
5	1024
4	1024
2	1024
4	1024
4	1024
1	1024
3	1024
3	1024
2	1024
3	1024
3	1024
3	1024
1	1024
4	1024
3	1024
1	1024
1	1024
7	1024
5	1024
1	1024
3	1024
1	1024
3	1024
2	1024
2	1024
3	1024
1	1024
1	1024
6	1024
0	909
3	1024
3	1024
2	1024
2	1024
1	1024
1	1024
1	1024
3	1024
0	976
5	1024
2	1024
3	1024
2	1024
1	1024
2	1024
3	1024
2	1024
1	1024
8	1024
2	1024
3	1024
1	1024
2	1024
0	774
2	1024
2	1024
0	742
2	1024
3	1024
5	1024
1	1024
2	1024
6	1024
0	583
2	1024
2	1024
0	962
5	1024
2	1024
3	1024
3	1024
3	1024
1	1024
1	1024
4	1024
1	1024
0	964
1	1024
3	1024
2	1024
2	1024
2	1024
4	1024
0	1008
4	1024
2	1024
3	1024
5	1024
0	976
2	1024
1	1024
2	1024
1	1024
0	772
3	1024
1	1024
5	1024
0	964
3	1024
2	1024
2	1024
0	828
4	1024
3	1024
5	1024
1	1024
0	902
3	1024
3	1024
1	1024
5	1024
1	1024
1	1024
3	1024
2	1024
2	1024
0	781
2	1024
0	692
2	1024
2	1024
0	922
0	934
4	1024
0	871
3	1024
0	1004
2	1024
3	1024
6	1024
3	1024
2	1024
3	1024
3	1024
0	857
1	1024
5	1024
3	1024
3	1024
1	1024
3	1024
3	1024
3	1024
8	1024
1	1024
5	1024
1	1024
2	1024
2	1024
1	1024
3	1024
1	1024
5	1024
2	1024
2	1024
3	1024
1	1024
3	1024
3	1024
2	1024
4	1024
1	1024
2	1024
1	1024
0	1013
4	1024
3	1024
3	1024
5	1024
7	1024
0	979
1	1024
2	1024
1	1024
7	1024
3	1024
3	1024
2	1024
2	1024
3	1024
0	1000
0	1021
6	1024
1	1024
5	1024
2	1024
1	1024
4	1024
0	906
6	1024
1	1024
5	1024
3	1024
0	1021
2	1024
4	1024
1	1024
5	1024
3	1024
2	1024
8	1024
1	1024
0	901
2	1024
3	1024
5	1024
3	1024
5	1024
0	707
1	1024
3	1024
6	1024
3	1024
1	1024
6	1024
4	1024
2	1024
5	1024
9	1024
4	1024
0	969
2	1024
1	1024
0	972
3	1024
1	1024
2	1024
0	834
3	1024
4	1024
1	1024
4	1024
1	1024
1	1024
0	946
1	1024
4	1024
1	1024
2	1024
1	1024
2	1024
1	1024
1	1024
4	1024
6	1024
1	1024
4	1024
4	1024
4	1024
3	1024
4	1024
6	1024
2	1024
1	1024
4	1024
2	1024
8	1024
3	1024
3	1024
4	1024
4	1024
2	1024
7	1024
2	1024
4	1024
1	1024
1	1024
1	1024
2	1024
2	1024
2	1024
2	1024
1	1024
2	1024
2	1024
2	1024
5	1024
1	1024
6	1024
3	1024
2	1024
4	1024
3	1024
4	1024
2	1024
2	1024
0	886
4	1024
0	986
4	1024
0	943
5	1024
1	1024
2	1024
3	1024
3	1024
0	857
2	1024
3	1024
5	1024
3	1024
5	1024
3	1024
1	1024
3	1024
5	1024
3	1024
1	1024
2	1024
2	1024
3	1024
2	1024
0	986
4	1024
2	1024
3	1024
5	1024
4	1024
2	1024
2	1024
4	1024
2	1024
2	1024
7	1024
2	1024
3	1024
0	1009
3	1024
1	1024
4	1024
2	1024
2	1024
3	1024
2	1024
3	1024
1	1024
3	1024
5	1024
1	1024
2	1024
3	1024
0	720
2	1024
8	1024
3	1024
2	1024
0	949
1	1024
1	1024
3	1024
5	1024
3	1024
2	1024
3	1024
5	1024
2	1024
4	1024
2	1024
3	1024
2	1024
5	1024
1	1024
1	1024
0	907
1	1024
4	1024
4	1024
5	1024
0	926
1	1024
3	1024
2	1024
5	1024
3	1024
5	1024
0	938
1	1024
3	1024
1	1024
2	1024
2	1024
1	1024
0	703
2	1024
2	1024
1	1024
2	1024
0	915
1	1024
5	1024
3	1024
4	1024
1	1024
4	1024
6	1024
3	1024
3	1024
2	1024
2	1024
3	1024
2	1024
0	823
3	1024
6	1024
2	1024
1	1024
4	1024
4	1024
0	867
2	1024
3	1024
4	1024
4	1024
3	1024
1	1024
3	1024
2	1024
5	1024
5	1024
1	1024
0	931
1	1024
1	1024
3	1024
0	1010
2	1024
2	1024
3	1024
1	1024
5	1024
4	1024
7	1024
2	1024
5	1024
2	1024
0	968
2	1024
3	1024
2	1024
1	1024
1	1024
0	816
1	1024
2	1024
3	1024
4	1024
2	1024
4	1024
1	1024
3	1024
3	1024
2	1024
1	1024
1	1024
4	1024
3	1024
2	1024
1	1024
4	1024
5	1024
2	1024
4	1024
0	827
3	1024
2	1024
1	1024
3	1024
2	1024
4	1024
5	1024
3	1024
4	1024
0	872
9	1024
4	1024
2	1024
3	1024
2	1024
3	1024
4	1024
1	1024
2	1024
3	1024
0	975
4	1024
2	1024
4	1024
6	1024
3	1024
4	1024
1	1024
3	1024
3	1024
1	1024
2	1024
3	1024
3	1024
3	1024
4	1024
2	1024
3	1024
2	1024
1	1024
4	1024
0	905
1	1024
1	1024
2	1024
2	1024
1	1024
2	1024
2	1024
4	1024
4	1024
3	1024
3	1024
1	1024
5	1024
4	1024
2	1024
0	650
1	1024
2	1024
1	1024
2	1024
2	1024
5	1024
1	1024
3	1024
2	1024
5	1024
2	1024
2	1024
2	1024
1	1024
0	793
1	1024
4	1024
1	1024
3	1024
0	618
2	1024
1	1024
2	1024
1	1024
5	1024
4	1024
2	1024
2	1024
2	1024
4	1024
3	1024
1	1024
3	1024
3	1024
2	1024
7	1024
1	1024
1	1024
2	1024
1	1024
1	1024
2	1024
3	1024
2	1024
2	1024
3	1024
3	1024
1	1024
1	1024
0	961
4	1024
3	1024
2	1024
5	1024
3	1024
4	1024
4	1024
2	1024
1	1024
6	1024
2	1024
3	1024
1	1024
2	1024
1	1024
2	1024
5	1024
2	1024
2	1024
2	1024
3	1024
2	1024
3	1024
2	1024
1	1024
5	1024
3	1024
5	1024
1	1024
5	1024
3	1024
1	1024
1	1024
3	1024
2	1024
2	1024
3	1024
3	1024
3	1024
11	1024
0	976
2	1024
2	1024
1	1024
1	1024
1	1024
4	1024
2	1024
1	1024
0	611
0	1002
5	1024
0	988
2	1024
4	1024
2	1024
3	1024
0	927
3	1024
5	1024
2	1024
2	1024
2	1024
3	1024
2	1024
1	1024
2	1024
2	1024
2	1024
1	1024
4	1024
3	1024
3	1024
5	1024
1	1024
3	1024
4	1024
4	1024
0	975
3	1024
3	1024
1	1024
1	1024
3	1024
3	1024
2	1024
5	1024
5	1024
3	1024
2	1024
2	1024
2	1024
2	1024
2	1024
3	1024
4	1024
3	1024
3	1024
0	973
4	1024
2	1024
5	1024
3	1024
1	1024
0	933
1	1024
5	1024
3	1024
0	1004
3	1024
4	1024
1	1024
2	1024
2	1024
7	1024
3	1024
5	1024
5	1024
2	1024
4	1024
4	1024
3	1024
3	1024
3	1024
1	1024
1	1024
2	1024
0	1017
3	1024
4	1024
0	973
1	1024
3	1024
3	1024
2	1024
7	1024
3	1024
2	1024
0	767
1	1024
4	1024
7	1024
3	1024
1	1024
2	1024
2	1024
1	1024
4	1024
0	796
3	1024
3	1024
1	1024
0	989
2	1024
6	1024
4	1024
2	1024
1	1024
2	1024
6	1024
0	937
2	1024
2	1024
2	1024
1	1024
1	1024
0	1019
2	1024
1	1024
4	1024
4	1024
3	1024
6	1024
2	1024
1	1024
2	1024
3	1024
4	1024
2	1024
2	1024
1	1024
0	973
5	1024
2	1024
3	1024
1	1024
2	1024
2	1024
3	1024
6	1024
2	1024
2	1024
3	1024
1	1024
3	1024
4	1024
0	848
3	1024
1	1024
0	778
1	1024
2	1024
5	1024
6	1024
2	1024
2	1024
2	1024
2	1024
1	1024
2	1024
5	1024
5	1024
5	1024
3	1024
3	1024
0	764
4	1024
0	855
1	1024
3	1024
5	1024
3	1024
1	1024
2	1024
5	1024
0	696
1	1024
1	1024
4	1024
4	1024
1	1024
5	1024
5	1024
5	1024
3	1024
2	1024
2	1024
1	1024
2	1024
0	859
1	1024
4	1024
1	1024
1	1024
2	1024
5	1024
2	1024
2	1024
2	1024
3	1024
3	1024
0	957
4	1024
1	1024
2	1024
3	1024
0	929
1	1024
1	1024
3	1024
1	1024
2	1024
4	1024
2	1024
2	1024
2	1024
2	1024
2	1024
2	1024
2	1024
4	1024
1	1024
2	1024
1	1024
3	1024
3	1024
1	1024
1	1024
1	1024
3	1024
4	1024
1	1024
0	685
2	1024
0	1005
2	1024
3	1024
1	1024
3	1024
5	1024
3	1024
4	1024
0	716
1	1024
1	1024
2	1024
0	980
3	1024
2	1024
4	1024
5	1024
5	1024
1	1024
1	1024
4	1024
3	1024
3	1024
1	1024
4	1024
1	1024
3	1024
4	1024
2	1024
3	1024
4	1024
3	1024
7	1024
3	1024
1	1024
1	1024
6	1024
2	1024
2	1024
1	1024
3	1024
2	1024
2	1024
3	1024
5	1024
4	1024
2	1024
3	1024
6	1024
3	1024
0	961
0	807
5	1024
1	1024
4	1024
1	1024
2	1024
5	1024
4	1024
3	1024
0	1007
3	1024
4	1024
1	1024
1	1024
2	1024
3	1024
2	1024
1	1024
3	1024
3	1024
4	1024
1	1024
1	1024
5	1024
2	1024
4	1024
4	1024
3	1024
2	1024
6	1024
4	1024
5	1024
4	1024
2	1024
2	1024
0	592
2	1024
4	1024
2	1024
0	856
5	1024
4	1024
1	1024
1	1024
3	1024
6	1024
2	1024
3	1024
2	1024
5	1024
0	998
0	996
1	1024
2	1024
3	1024
1	1024
0	934
5	1024
3	1024
2	1024
2	1024
1	1024
2	1024
4	1024
5	1024
2	1024
1	1024
3	1024
2	1024
0	906
3	1024
2	1024
2	1024
3	1024
1	1024
1	1024
2	1024
5	1024
5	1024
0	845
3	1024
2	1024
2	1024
1	1024
4	1024
2	1024
1	1024
2	1024
3	1024
4	1024
2	1024
2	1024
2	1024
1	1024
3	1024
3	1024
1	1024
2	1024
2	1024
2	1024
3	1024
5	1024
0	830
3	1024
0	759
5	1024
3	1024
6	1024
4	1024
4	1024
0	805
3	1024
1	1024
2	1024
3	1024
3	1024
3	1024
2	1024
2	1024
4	1024
1	1024
4	1024
2	1024
2	1024
0	714
0	1005
4	1024
1	1024
2	1024
1	1024
2	1024
2	1024
4	1024
3	1024
1	1024
1	1024
2	1024
2	1024
1	1024
2	1024
2	1024
2	1024
4	1024
4	1024
0	1003
1	1024
3	1024
1	1024
2	1024
2	1024
1	1024
4	1024
8	1024
0	785
4	1024
2	1024
4	1024
1	1024
3	1024
4	1024
3	1024
2	1024
4	1024
2	1024
2	1024
0	972
3	1024
1	1024
0	766
3	1024
2	1024
5	1024
1	1024
2	1024
2	1024
2	1024
3	1024
3	1024
2	1024
5	1024
4	1024
4	1024
1	1024
2	1024
2	1024
1	1024
1	1024
2	1024
1	1024
2	1024
3	1024
2	1024
3	1024
2	1024
3	1024
6	1024
3	1024
4	1024
3	1024
1	1024
0	787
3	1024
1	1024
2	1024
2	1024
2	1024
3	1024
3	1024
3	1024
0	942
4	1024
2	1024
2	1024
4	1024
3	1024
2	1024
3	1024
2	1024
3	1024
0	875
3	1024
0	810
2	1024
2	1024
1	1024
2	1024
4	1024
4	1024
3	1024
3	1024
0	972
3	1024
4	1024
4	1024
4	1024
2	1024
2	1024
0	1000
0	995
1	1024
3	1024
3	1024
7	1024
1	1024
2	1024
4	1024
0	723
1	1024
3	1024
6	1024
6	1024
1	1024
2	1024
1	1024
1	1024
3	1024
1	1024
1	1024
2	1024
3	1024
2	1024
4	1024
3	1024
3	1024
2	1024
6	1024
3	1024
2	1024
3	1024
3	1024
1	1024
3	1024
1	1024
1	1024
1	1024
2	1024
0	905
1	1024
1	1024
5	1024
2	1024
2	1024
3	1024
0	954
2	1024
3	1024
4	1024
1	1024
0	947
3	1024
1	1024
1	1024
1	1024
0	828
2	1024
1	1024
3	1024
2	1024
0	812
4	1024
4	1024
5	1024
3	1024
2	1024
1	1024
1	1024
0	696
0	817
0	1001
4	1024
3	1024
2	1024
3	1024
2	1024
0	940
6	1024
1	1024
2	1024
7	1024
2	1024
2	1024
0	1004
1	1024
1	1024
4	1024
2	1024
2	1024
1	1024
3	1024
2	1024
2	1024
2	1024
2	1024
1	1024
1	1024
1	1024
2	1024
1	1024
2	1024
0	853
5	1024
3	1024
0	767
0	969
3	1024
1	1024
4	1024
2	1024
0	808
4	1024
2	1024
2	1024
3	1024
3	1024
4	1024
4	1024
1	1024
3	1024
4	1024
2	1024
1	1024
1	1024
4	1024
1	1024
4	1024
1	1024
3	1024
2	1024
3	1024
3	1024
3	1024
2	1024
2	1024
2	1024
2	1024
3	1024
3	1024
8	1024
3	1024
2	1024
2	1024
6	1024
4	1024
3	1024
2	1024
3	1024
2	1024
4	1024
2	1024
1	1024
2	1024
4	1024
2	1024
7	1024
6	1024
2	1024
1	1024
1	1024
7	1024
3	1024
1	1024
4	1024
2	1024
3	1024
4	1024
3	1024
5	1024
0	897
6	1024
3	1024
2	1024
1	1024
3	1024
3	1024
2	1024
2	1024
2	1024
3	1024
1	1024
1	1024
1	1024
3	1024
3	1024
0	985
3	1024
3	1024
2	1024
1	1024
0	870
1	1024
3	1024
3	1024
5	1024
0	770
3	1024
4	1024
3	1024
4	1024
1	1024
0	1001
5	1024
1	1024
3	1024
1	1024
6	1024
1	1024
1	1024
4	1024
5	1024
3	1024
2	1024
4	1024
2	1024
3	1024
4	1024
1	1024
2	1024
5	1024
2	1024
0	850
1	1024
3	1024
2	1024
3	1024
1	1024
4	1024
2	1024
3	1024
3	1024
3	1024
6	1024
0	932
2	1024
2	1024
4	1024
2	1024
0	985
1	1024
3	1024
1	1024
1	1024
2	1024
3	1024
2	1024
0	913
4	1024
0	814
3	1024
2	1024
3	1024
2	1024
2	1024
1	1024
4	1024
0	947
6	1024
1	1024
0	915
2	1024
1	1024
3	1024
5	1024
2	1024
4	1024
3	1024
2	1024
3	1024
4	1024
2	1024
2	1024
2	1024
2	1024
2	1024
4	1024
4	1024
1	1024
3	1024
5	1024
2	1024
2	1024
5	1024
3	1024
2	1024
0	950
4	1024
3	1024
2	1024
1	1024
1	1024
3	1024
1	1024
1	1024
1	1024
4	1024
2	1024
3	1024
8	1024
6	1024
1	1024
3	1024
4	1024
0	937
3	1024
2	1024
3	1024
4	1024
4	1024
2	1024
1	1024
6	1024
0	977
3	1024
3	1024
3	1024
2	1024
2	1024
2	1024
0	904
1	1024
2	1024
3	1024
1	1024
2	1024
1	1024
3	1024
3	1024
3	1024
1	1024
3	1024
3	1024
3	1024
4	1024
3	1024
2	1024
2	1024
2	1024
5	1024
2	1024
3	1024
3	1024
1	1024
5	1024
4	1024
2	1024
5	1024
5	1024
2	1024
2	1024
1	1024
1	1024
4	1024
3	1024
7	1024
2	1024
2	1024
5	1024
1	1024
1	1024
2	1024
1	1024
3	1024
3	1024
1	1024
0	780
3	1024
3	1024
1	1024
2	1024
4	1024
2	1024
2	1024
4	1024
0	773
5	1024
3	1024
3	1024
4	1024
2	1024
5	1024
1	1024
3	1024
2	1024
1	1024
3	1024
0	810
3	1024
2	1024
1	1024
2	1024
2	1024
5	1024
2	1024
3	1024
2	1024
2	1024
3	1024
1	1024
1	1024
0	1018
4	1024
0	1010
5	1024
0	931
1	1024
3	1024
3	1024
0	815
2	1024
2	1024
0	827
2	1024
1	1024
4	1024
2	1024
3	1024
2	1024
1	1024
2	1024
5	1024
5	1024
1	1024
1	1024
5	1024
1	1024
0	938
1	1024
1	1024
2	1024
1	1024
5	1024
5	1024
5	1024
1	1024
0	928
3	1024
1	1024
5	1024
4	1024
2	1024
1	1024
4	1024
1	1024
5	1024
2	1024
3	1024
1	1024
1	1024
2	1024
3	1024
6	1024
0	952
1	1024
5	1024
2	1024
1	1024
0	940
4	1024
4	1024
1	1024
4	1024
2	1024
1	1024
3	1024
2	1024
2	1024
1	1024
3	1024
2	1024
2	1024
1	1024
1	1024
4	1024
4	1024
0	959
3	1024
3	1024
1	1024
6	1024
3	1024
2	1024
2	1024
2	1024
3	1024
4	1024
2	1024
2	1024
2	1024
1	1024
3	1024
4	1024
4	1024
3	1024
2	1024
2	1024
1	1024
3	1024
2	1024
0	926
1	1024
1	1024
3	1024
5	1024
6	1024
2	1024
1	1024
5	1024
4	1024
2	1024
1	1024
2	1024
2	1024
2	1024
2	1024
1	1024
4	1024
4	1024
2	1024
3	1024
5	1024
3	1024
4	1024
6	1024
2	1024
3	1024
5	1024
7	1024
2	1024
3	1024
1	1024
2	1024
2	1024
4	1024
0	750
5	1024
3	1024
2	1024
1	1024
5	1024
0	848
1	1024
1	1024
2	1024
2	1024
3	1024
8	1024
7	1024
3	1024
4	1024
3	1024
0	884
0	994
2	1024
2	1024
1	1024
2	1024
9	1024
1	1024
7	1024
1	1024
3	1024
3	1024
2	1024
2	1024
3	1024
4	1024
1	1024
4	1024
2	1024
1	1024
3	1024
1	1024
1	1024
1	1024
3	1024
1	1024
7	1024
4	1024
1	1024
1	1024
0	702
0	919
3	1024
2	1024
3	1024
1	1024
4	1024
5	1024
2	1024
0	953
3	1024
5	1024
1	1024
2	1024
3	1024
3	1024
3	1024
2	1024
3	1024
1	1024
3	1024
7	1024
0	1010
0	868
1	1024
6	1024
0	831
0	717
2	1024
1	1024
6	1024
5	1024
0	990
3	1024
5	1024
6	1024
5	1024
2	1024
1	1024
2	1024
1	1024
1	1024
0	941
4	1024
1	1024
2	1024
0	905
4	1024
5	1024
3	1024
4	1024
3	1024
3	1024
1	1024
3	1024
4	1024
1	1024
3	1024
2	1024
2	1024
2	1024
4	1024
2	1024
0	979
3	1024
1	1024
5	1024
3	1024
2	1024
2	1024
3	1024
0	823
3	1024
2	1024
3	1024
2	1024
4	1024
1	1024
3	1024
7	1024
4	1024
0	983
3	1024
1	1024
3	1024
3	1024
2	1024
0	850
3	1024
2	1024
2	1024
3	1024
1	1024
0	856
4	1024
4	1024
1	1024
4	1024
3	1024
1	1024
1	1024
1	1024
2	1024
2	1024
4	1024
1	1024
4	1024
4	1024
0	688
5	1024
2	1024
1	1024
3	1024
3	1024
3	1024
2	1024
1	1024
0	913
2	1024
1	1024
4	1024
3	1024
3	1024
1	1024
3	1024
2	1024
1	1024
1	1024
3	1024
3	1024
2	1024
1	1024
5	1024
2	1024
2	1024
3	1024
2	1024
1	1024
3	1024
1	1024
5	1024
0	881
2	1024
2	1024
4	1024
0	971
2	1024
2	1024
2	1024
0	968
3	1024
2	1024
2	1024
6	1024
4	1024
5	1024
5	1024
7	1024
3	1024
4	1024
0	775
2	1024
1	1024
5	1024
4	1024
0	917
4	1024
0	955
4	1024
2	1024
0	988
2	1024
1	1024
1	1024
1	1024
4	1024
3	1024
1	1024
2	1024
4	1024
2	1024
2	1024
1	1024
1	1024
1	1024
2	1024
0	837
3	1024
1	1024
2	1024
6	1024
2	1024
4	1024
2	1024
3	1024
2	1024
3	1024
0	836
4	1024
1	1024
1	1024
4	1024
4	1024
1	1024
1	1024
2	1024
1	1024
6	1024
4	1024
1	1024
3	1024
6	1024
1	1024
6	1024
4	1024
3	1024
1	1024
2	1024
1	1024
3	1024
3	1024
4	1024
3	1024
4	1024
2	1024
4	1024
5	1024
2	1024
4	1024
4	1024
3	1024
6	1024
1	1024
5	1024
1	1024
0	1008
7	1024
0	819
1	1024
1	1024
3	1024
0	740
3	1024
4	1024
0	925
4	1024
2	1024
2	1024
1	1024
4	1024
3	1024
3	1024
1	1024
0	1017
2	1024
1	1024
1	1024
1	1024
3	1024
2	1024
6	1024
3	1024
2	1024
0	837
1	1024
4	1024
5	1024
3	1024
1	1024
4	1024
0	1014
3	1024
2	1024
5	1024
3	1024
1	1024
3	1024
4	1024
5	1024
4	1024
3	1024
2	1024
0	916
7	1024
3	1024
1	1024
6	1024
2	1024
1	1024
2	1024
2	1024
0	903
4	1024
4	1024
2	1024
2	1024
6	1024
1	1024
1	1024
1	1024
5	1024
4	1024
4	1024
2	1024
2	1024
1	1024
1	1024
3	1024
2	1024
2	1024
3	1024
2	1024
4	1024
6	1024
3	1024
2	1024
4	1024
3	1024
3	1024
2	1024
0	1012
1	1024
3	1024
5	1024
1	1024
4	1024
1	1024
2	1024
1	1024
7	1024
3	1024
1	1024
2	1024
2	1024
4	1024
4	1024
0	931
2	1024
3	1024
2	1024
0	755
0	991
2	1024
1	1024
1	1024
8	1024
1	1024
2	1024
3	1024
4	1024
1	1024
1	1024
2	1024
1	1024
2	1024
3	1024
0	842
5	1024
0	931
2	1024
5	1024
4	1024
3	1024
0	792
2	1024
3	1024
1	1024
2	1024
3	1024
1	1024
3	1024
2	1024
2	1024
3	1024
1	1024
3	1024
1	1024
1	1024
2	1024
1	1024
0	953
3	1024
3	1024
2	1024
1	1024
7	1024
4	1024
1	1024
4	1024
5	1024
4	1024
2	1024
2	1024
2	1024
1	1024
2	1024
3	1024
5	1024
4	1024
3	1024
5	1024
6	1024
3	1024
1	1024
4	1024
2	1024
2	1024
2	1024
2	1024
3	1024
0	805
2	1024
7	1024
3	1024
7	1024
1	1024
2	1024
5	1024
2	1024
6	1024
2	1024
1	1024
6	1024
4	1024
6	1024
1	1024
2	1024
5	1024
2	1024
4	1024
3	1024
2	1024
2	1024
1	1024
4	1024
3	1024
1	1024
3	1024
3	1024
4	1024
1	1024
2	1024
1	1024
1	1024
0	826
0	988
2	1024
4	1024
2	1024
4	1024
3	1024
3	1024
2	1024
0	747
1	1024
2	1024
4	1024
7	1024
4	1024
3	1024
2	1024
3	1024
6	1024
3	1024
2	1024
3	1024
2	1024
3	1024
1	1024
5	1024
3	1024
2	1024
1	1024
7	1024
0	980
3	1024
1	1024
2	1024
2	1024
9	1024
3	1024
1	1024
3	1024
2	1024
3	1024
3	1024
4	1024
2	1024
0	840
3	1024
4	1024
3	1024
2	1024
1	1024
4	1024
2	1024
1	1024
4	1024
1	1024
2	1024
1	1024
3	1024
2	1024
3	1024
3	1024
1	1024
4	1024
4	1024
4	1024
6	1024
3	1024
2	1024
2	1024
2	1024
2	1024
1	1024
0	844
4	1024
2	1024
2	1024
5	1024
0	916
7	1024
2	1024
4	1024
5	1024
3	1024
5	1024
1	1024
3	1024
2	1024
5	1024
3	1024
3	1024
3	1024
3	1024
4	1024
4	1024
1	1024
2	1024
3	1024
4	1024
3	1024
3	1024
4	1024
4	1024
4	1024
3	1024
5	1024
1	1024
1	1024
0	758
1	1024
4	1024
2	1024
1	1024
2	1024
2	1024
2	1024
4	1024
5	1024
0	886
2	1024
1	1024
3	1024
1	1024
1	1024
3	1024
4	1024
3	1024
1	1024
2	1024
5	1024
2	1024
0	983
1	1024
2	1024
2	1024
4	1024
2	1024
2	1024
3	1024
4	1024
5	1024
1	1024
5	1024
1	1024
6	1024
3	1024
1	1024
6	1024
3	1024
2	1024
1	1024
2	1024
1	1024
1	1024
4	1024
4	1024
4	1024
3	1024
0	941
2	1024
3	1024
6	1024
3	1024
1	1024
1	1024
4	1024
2	1024
4	1024
3	1024
1	1024
0	948
1	1024
2	1024
1	1024
4	1024
3	1024
3	1024
2	1024
1	1024
1	1024
1	1024
6	1024
1	1024
7	1024
3	1024
2	1024
5	1024
1	1024
1	1024
2	1024
3	1024
0	736
5	1024
3	1024
3	1024
4	1024
1	1024
3	1024
3	1024
1	1024
3	1024
5	1024
2	1024
4	1024
2	1024
1	1024
3	1024
4	1024
2	1024
1	1024
3	1024
0	987
5	1024
1	1024
3	1024
2	1024
2	1024
1	1024
1	1024
3	1024
2	1024
4	1024
5	1024
4	1024
4	1024
2	1024
2	1024
5	1024
4	1024
5	1024
1	1024
0	781
2	1024
2	1024
2	1024
0	953
2	1024
1	1024
4	1024
3	1024
3	1024
2	1024
7	1024
5	1024
4	1024
4	1024
3	1024
3	1024
2	1024
0	986
1	1024
2	1024
1	1024
1	1024
1	1024
1	1024
1	1024
3	1024
1	1024
4	1024
7	1024
1	1024
4	1024
0	824
3	1024
1	1024
1	1024
5	1024
3	1024
3	1024
0	885
2	1024
5	1024
2	1024
6	1024
2	1024
0	947
0	976
2	1024
0	689
1	1024
2	1024
0	876
2	1024
2	1024
3	1024
3	1024
3	1024
5	1024
3	1024
1	1024
0	955
2	1024
6	1024
1	1024
1	1024
3	1024
1	1024
2	1024
2	1024
1	1024
4	1024
2	1024
2	1024
2	1024
2	1024
3	1024
3	1024
2	1024
1	1024
2	1024
1	1024
2	1024
0	1009
7	1024
4	1024
4	1024
3	1024
4	1024
2	1024
0	867
4	1024
7	1024
2	1024
2	1024
2	1024
3	1024
1	1024
0	1020
5	1024
3	1024
3	1024
0	807
1	1024
3	1024
1	1024
2	1024
4	1024
3	1024
3	1024
5	1024
4	1024
2	1024
2	1024
2	1024
0	884
4	1024
1	1024
5	1024
2	1024
1	1024
6	1024
2	1024
3	1024
5	1024
2	1024
3	1024
0	846
2	1024
1	1024
5	1024
4	1024
2	1024
3	1024
3	1024
1	1024
1	1024
3	1024
2	1024
3	1024
0	865
2	1024
2	1024
3	1024
2	1024
0	1018
0	930
1	1024
0	971
3	1024
0	1024
3	1024
10	1024
2	1024
2	1024
0	799
1	1024
1	1024
3	1024
2	1024
4	1024
2	1024
1	1024
1	1024
4	1024
2	1024
2	1024
6	1024
2	1024
3	1024
1	1024
3	1024
3	1024
2	1024
2	1024
3	1024
6	1024
1	1024
0	991
3	1024
3	1024
3	1024
1	1024
2	1024
3	1024
2	1024
4	1024
1	1024
4	1024
2	1024
5	1024
1	1024
5	1024
1	1024
4	1024
2	1024
6	1024
4	1024
1	1024
2	1024
2	1024
1	1024
1	1024
3	1024
3	1024
5	1024
4	1024
3	1024
3	1024
1	1024
3	1024
2	1024
1	1024
3	1024
0	716
6	1024
1	1024
1	1024
2	1024
1	1024
4	1024
2	1024
2	1024
5	1024
6	1024
1	1024
1	1024
1	1024
1	1024
3	1024
3	1024
2	1024
4	1024
1	1024
0	737
3	1024
2	1024
5	1024
4	1024
7	1024
5	1024
4	1024
6	1024
3	1024
9	1024
4	1024
2	1024
6	1024
3	1024
2	1024
3	1024
3	1024
5	1024
2	1024
2	1024
3	1024
5	1024
2	1024
5	1024
4	1024
2	1024
2	1024
1	1024
4	1024
4	1024
1	1024
0	914
1	1024
0	666
2	1024
0	875
3	1024
4	1024
2	1024
4	1024
1	1024
2	1024
1	1024
3	1024
2	1024
1	1024
4	1024
3	1024
0	995
4	1024
2	1024
4	1024
1	1024
5	1024
2	1024
0	1000
1	1024
4	1024
5	1024
3	1024
0	801
1	1024
0	977
0	749
1	1024
4	1024
3	1024
1	1024
5	1024
3	1024
4	1024
4	1024
6	1024
6	1024
5	1024
1	1024
3	1024
2	1024
1	1024
2	1024
1	1024
1	1024
1	1024
3	1024
3	1024
3	1024
3	1024
4	1024
5	1024
3	1024
3	1024
3	1024
5	1024
1	1024
4	1024
0	884
2	1024
2	1024
3	1024
3	1024
1	1024
3	1024
1	1024
2	1024
3	1024
1	1024
3	1024
3	1024
5	1024
2	1024
1	1024
5	1024
2	1024
3	1024
0	883
1	1024
3	1024
2	1024
4	1024
2	1024
2	1024
1	1024
5	1024
2	1024
1	1024
1	1024
2	1024
4	1024
2	1024
3	1024
2	1024
3	1024
1	1024
2	1024
1	1024
7	1024
0	856
3	1024
4	1024
4	1024
4	1024
1	1024
2	1024
3	1024
3	1024
3	1024
1	1024
5	1024
1	1024
3	1024
1	1024
3	1024
3	1024
3	1024
1	1024
1	1024
2	1024
6	1024
1	1024
1	1024
3	1024
2	1024
1	1024
6	1024
4	1024
1	1024
2	1024
1	1024
4	1024
2	1024
2	1024
4	1024
3	1024
2	1024
2	1024
5	1024
1	1024
1	1024
3	1024
0	985
5	1024
2	1024
4	1024
1	1024
4	1024
4	1024
4	1024
2	1024
2	1024
4	1024
0	695
2	1024
4	1024
6	1024
3	1024
1	1024
0	879
1	1024
3	1024
8	1024
6	1024
0	848
0	765
4	1024
7	1024
3	1024
3	1024
3	1024
4	1024
0	905
2	1024
2	1024
2	1024
3	1024
2	1024
4	1024
4	1024
1	1024
0	818
3	1024
0	933
1	1024
3	1024
0	1024
1	1024
1	1024
3	1024
2	1024
4	1024
1	1024
1	1024
1	1024
2	1024
1	1024
1	1024
0	976
7	1024
1	1024
2	1024
2	1024
10	1024
4	1024
2	1024
3	1024
3	1024
6	1024
2	1024
2	1024
3	1024
0	1017
5	1024
1	1024
0	1013
1	1024
2	1024
4	1024
2	1024
2	1024
0	986
3	1024
3	1024
4	1024
6	1024
2	1024
2	1024
3	1024
3	1024
4	1024
3	1024
2	1024
3	1024
2	1024
5	1024
0	757
4	1024
1	1024
1	1024
3	1024
0	989
3	1024
2	1024
8	1024
4	1024
3	1024
2	1024
0	666
3	1024
1	1024
3	1024
3	1024
5	1024
1	1024
5	1024
4	1024
1	1024
1	1024
2	1024
2	1024
3	1024
3	1024
2	1024
1	1024
2	1024
3	1024
1	1024
2	1024
1	1024
3	1024
1	1024
0	828
2	1024
1	1024
3	1024
4	1024
5	1024
3	1024
2	1024
2	1024
4	1024
2	1024
0	940
4	1024
1	1024
3	1024
5	1024
1	1024
1	1024
2	1024
3	1024
4	1024
3	1024
0	826
4	1024
4	1024
2	1024
3	1024
1	1024
3	1024
2	1024
3	1024
2	1024
5	1024
5	1024
1	1024
2	1024
1	1024
7	1024
2	1024
5	1024
2	1024
1	1024
0	1018
2	1024
4	1024
8	1024
1	1024
2	1024
2	1024
2	1024
5	1024
1	1024
4	1024
4	1024
2	1024
1	1024
1	1024
2	1024
3	1024
1	1024
3	1024
5	1024
3	1024
5	1024
2	1024
2	1024
1	1024
0	958
3	1024
0	970
2	1024
6	1024
1	1024
5	1024
2	1024
5	1024
2	1024
4	1024
2	1024
3	1024
1	1024
2	1024
5	1024
3	1024
2	1024
1	1024
3	1024
1	1024
2	1024
0	771
2	1024
2	1024
2	1024
2	1024
4	1024
5	1024
3	1024
2	1024
2	1024
1	1024
6	1024
3	1024
4	1024
2	1024
2	1024
4	1024
2	1024
1	1024
1	1024
2	1024
3	1024
0	570
3	1024
8	1024
1	1024
1	1024
1	1024
1	1024
7	1024
0	847
4	1024
0	1021
5	1024
2	1024
1	1024
2	1024
5	1024
1	1024
3	1024
1	1024
4	1024
3	1024
1	1024
6	1024
1	1024
2	1024
1	1024
3	1024
2	1024
2	1024
4	1024
0	867
1	1024
0	716
0	963
4	1024
2	1024
2	1024
3	1024
1	1024
4	1024
4	1024
3	1024
0	974
4	1024
0	813
1	1024
3	1024
2	1024
0	827
3	1024
0	971
3	1024
1	1024
1	1024
2	1024
3	1024
3	1024
1	1024
4	1024
7	1024
2	1024
4	1024
4	1024
2	1024
4	1024
2	1024
2	1024
3	1024
1	1024
4	1024
2	1024
5	1024
2	1024
1	1024
0	1023
1	1024
2	1024
4	1024
3	1024
2	1024
4	1024
6	1024
4	1024
3	1024
1	1024
3	1024
2	1024
3	1024
0	821
3	1024
1	1024
1	1024
2	1024
0	1020
4	1024
1	1024
3	1024
3	1024
3	1024
2	1024
2	1024
3	1024
3	1024
2	1024
5	1024
1	1024
0	940
3	1024
1	1024
1	1024
3	1024
2	1024
2	1024
0	1012
0	707
1	1024
3	1024
2	1024
3	1024
1	1024
2	1024
1	1024
1	1024
1	1024
1	1024
3	1024
2	1024
0	875
7	1024
2	1024
3	1024
0	849
4	1024
2	1024
1	1024
5	1024
1	1024
2	1024
3	1024
1	1024
2	1024
2	1024
0	858
4	1024
5	1024
6	1024
6	1024
2	1024
2	1024
0	787
1	1024
2	1024
4	1024
3	1024
0	966
2	1024
3	1024
1	1024
2	1024
2	1024
4	1024
2	1024
0	895
1	1024
2	1024
4	1024
4	1024
1	1024
1	1024
6	1024
4	1024
3	1024
4	1024
3	1024
2	1024
3	1024
2	1024
1	1024
1	1024
5	1024
4	1024
4	1024
6	1024
1	1024
3	1024
6	1024
3	1024
6	1024
2	1024
2	1024
3	1024
1	1024
3	1024
1	1024
4	1024
5	1024
3	1024
1	1024
1	1024
2	1024
4	1024
4	1024
2	1024
4	1024
2	1024
3	1024
0	964
1	1024
4	1024
2	1024
2	1024
4	1024
6	1024
2	1024
0	1019
3	1024
4	1024
4	1024
4	1024
1	1024
2	1024
3	1024
2	1024
0	763
2	1024
1	1024
2	1024
3	1024
4	1024
1	1024
3	1024
1	1024
2	1024
4	1024
4	1024
5	1024
1	1024
4	1024
3	1024
4	1024
1	1024
1	1024
1	1024
5	1024
1	1024
1	1024
3	1024
2	1024
1	1024
4	1024
2	1024
6	1024
4	1024
2	1024
2	1024
3	1024
1	1024
3	1024
2	1024
4	1024
3	1024
1	1024
1	1024
1	1024
2	1024
1	1024
3	1024
4	1024
1	1024
2	1024
0	999
5	1024
3	1024
0	998
2	1024
0	1014
3	1024
2	1024
4	1024
1	1024
2	1024
3	1024
3	1024
0	978
2	1024
2	1024
7	1024
5	1024
2	1024
2	1024
3	1024
4	1024
2	1024
0	1015
2	1024
2	1024
3	1024
4	1024
0	937
2	1024
2	1024
2	1024
5	1024
2	1024
2	1024
2	1024
3	1024
3	1024
2	1024
2	1024
5	1024
4	1024
3	1024
0	783
2	1024
2	1024
1	1024
1	1024
2	1024
1	1024
1	1024
1	1024
3	1024
4	1024
4	1024
3	1024
1	1024
2	1024
0	855
4	1024
2	1024
3	1024
2	1024
1	1024
3	1024
2	1024
1	1024
4	1024
2	1024
5	1024
2	1024
0	931
3	1024
5	1024
1	1024
8	1024
1	1024
0	931
2	1024
3	1024
2	1024
2	1024
0	991
4	1024
3	1024
2	1024
4	1024
4	1024
4	1024
5	1024
3	1024
1	1024
0	960
2	1024
4	1024
4	1024
2	1024
2	1024
4	1024
2	1024
2	1024
0	983
0	958
3	1024
5	1024
2	1024
5	1024
1	1024
3	1024
1	1024
2	1024
1	1024
1	1024
2	1024
3	1024
2	1024
3	1024
3	1024
3	1024
1	1024
3	1024
3	1024
3	1024
0	695
4	1024
8	1024
3	1024
3	1024
2	1024
0	822
0	995
1	1024
3	1024
2	1024
1	1024
4	1024
7	1024
7	1024
5	1024
2	1024
3	1024
1	1024
1	1024
1	1024
5	1024
2	1024
2	1024
3	1024
4	1024
3	1024
0	708
4	1024
3	1024
5	1024
1	1024
2	1024
3	1024
2	1024
4	1024
1	1024
4	1024
7	1024
2	1024
2	1024
2	1024
3	1024
2	1024
1	1024
4	1024
2	1024
3	1024
2	1024
2	1024
3	1024
3	1024
3	1024
2	1024
3	1024
2	1024
3	1024
5	1024
3	1024
3	1024
1	1024
2	1024
3	1024
3	1024
2	1024
5	1024
0	930
7	1024
5	1024
1	1024
3	1024
2	1024
2	1024
5	1024
3	1024
4	1024
2	1024
2	1024
1	1024
4	1024
3	1024
3	1024
0	918
2	1024
2	1024
2	1024
3	1024
4	1024
3	1024
0	970
7	1024
4	1024
0	1019
2	1024
2	1024
5	1024
7	1024
1	1024
4	1024
1	1024
3	1024
2	1024
1	1024
2	1024
2	1024
0	963
2	1024
0	957
3	1024
3	1024
3	1024
1	1024
0	971
1	1024
2	1024
3	1024
4	1024
1	1024
2	1024
3	1024
2	1024
3	1024
1	1024
3	1024
3	1024
1	1024
4	1024
2	1024
3	1024
3	1024
2	1024
1	1024
2	1024
7	1024
1	1024
3	1024
1	1024
2	1024
1	1024
2	1024
1	1024
3	1024
2	1024
1	1024
2	1024
2	1024
4	1024
2	1024
2	1024
3	1024
2	1024
3	1024
3	1024
0	992
3	1024
1	1024
2	1024
0	980
3	1024
5	1024
5	1024
1	1024
3	1024
1	1024
2	1024
2	1024
4	1024
1	1024
3	1024
3	1024
1	1024
1	1024
4	1024
5	1024
2	1024
3	1024
5	1024
4	1024
1	1024
2	1024
1	1024
2	1024
1	1024
1	1024
5	1024
5	1024
2	1024
2	1024
1	1024
1	1024
4	1024
2	1024
1	1024
2	1024
3	1024
5	1024
5	1024
3	1024
1	1024
3	1024
2	1024
5	1024
2	1024
5	1024
2	1024
1	1024
1	1024
5	1024
2	1024
2	1024
2	1024
1	1024
2	1024
5	1024
2	1024
1	1024
3	1024
4	1024
1	1024
1	1024
0	880
1	1024
2	1024
2	1024
5	1024
2	1024
1	1024
2	1024
0	775
3	1024
3	1024
2	1024
2	1024
4	1024
2	1024
2	1024
3	1024
1	1024
0	939
1	1024
2	1024
5	1024
2	1024
1	1024
2	1024
3	1024
2	1024
0	903
2	1024
3	1024
3	1024
1	1024
5	1024
3	1024
1	1024
3	1024
2	1024
1	1024
3	1024
4	1024
1	1024
0	852
2	1024
5	1024
1	1024
0	1019
6	1024
0	1017
6	1024
2	1024
5	1024
3	1024
2	1024
2	1024
3	1024
3	1024
2	1024
2	1024
3	1024
1	1024
6	1024
4	1024
3	1024
1	1024
2	1024
3	1024
4	1024
4	1024
1	1024
2	1024
5	1024
3	1024
1	1024
2	1024
2	1024
5	1024
2	1024
2	1024
0	847
1	1024
4	1024
1	1024
2	1024
1	1024
2	1024
5	1024
3	1024
2	1024
2	1024
5	1024
3	1024
1	1024
4	1024
2	1024
2	1024
0	916
3	1024
2	1024
5	1024
1	1024
0	940
3	1024
2	1024
6	1024
1	1024
2	1024
2	1024
3	1024
0	1002
2	1024
0	774
1	1024
5	1024
3	1024
2	1024
3	1024
1	1024
4	1024
0	934
1	1024
1	1024
1	1024
2	1024
4	1024
3	1024
0	907
5	1024
1	1024
1	1024
5	1024
2	1024
0	936
3	1024
0	988
1	1024
1	1024
1	1024
3	1024
5	1024
5	1024
1	1024
4	1024
1	1024
2	1024
3	1024
2	1024
6	1024
3	1024
1	1024
4	1024
3	1024
2	1024
2	1024
3	1024
1	1024
2	1024
1	1024
2	1024
2	1024
2	1024
4	1024
1	1024
3	1024
2	1024
4	1024
3	1024
1	1024
0	843
1	1024
2	1024
5	1024
2	1024
1	1024
2	1024
0	923
1	1024
7	1024
3	1024
3	1024
4	1024
7	1024
4	1024
2	1024
3	1024
4	1024
2	1024
4	1024
2	1024
3	1024
2	1024
3	1024
3	1024
3	1024
3	1024
0	1011
2	1024
3	1024
4	1024
4	1024
4	1024
0	874
3	1024
3	1024
4	1024
2	1024
0	883
0	1007
4	1024
3	1024
3	1024
1	1024
4	1024
2	1024
3	1024
2	1024
2	1024
0	762
1	1024
0	660
2	1024
1	1024
0	953
4	1024
3	1024
2	1024
4	1024
2	1024
6	1024
1	1024
4	1024
2	1024
1	1024
3	1024
3	1024
1	1024
2	1024
2	1024
5	1024
3	1024
2	1024
4	1024
2	1024
2	1024
2	1024
0	813
5	1024
4	1024
2	1024
3	1024
6	1024
0	959
0	925
3	1024
0	729
5	1024
1	1024
1	1024
2	1024
1	1024
7	1024
1	1024
2	1024
1	1024
0	952
0	778
6	1024
3	1024
2	1024
3	1024
1	1024
3	1024
2	1024
2	1024
1	1024
4	1024
1	1024
6	1024
2	1024
4	1024
3	1024
2	1024
1	1024
0	716
2	1024
2	1024
5	1024
3	1024
4	1024
3	1024
4	1024
2	1024
6	1024
1	1024
4	1024
3	1024
2	1024
3	1024
5	1024
4	1024
1	1024
2	1024
2	1024
1	1024
2	1024
2	1024
2	1024
0	622
3	1024
1	1024
1	1024
2	1024
4	1024
1	1024
4	1024
3	1024
4	1024
1	1024
4	1024
1	1024
1	1024
3	1024
4	1024
4	1024
1	1024
2	1024
3	1024
3	1024
2	1024
3	1024
1	1024
1	1024
5	1024
3	1024
3	1024
1	1024
4	1024
2	1024
4	1024
0	809
2	1024
2	1024
2	1024
3	1024
6	1024
1	1024
1	1024
3	1024
3	1024
2	1024
3	1024
1	1024
2	1024
3	1024
1	1024
0	992
3	1024
2	1024
3	1024
1	1024
1	1024
1	1024
4	1024
3	1024
5	1024
0	973
5	1024
3	1024
0	993
6	1024
2	1024
1	1024
3	1024
1	1024
1	1024
1	1024
5	1024
2	1024
0	962
1	1024
0	940
4	1024
2	1024
5	1024
3	1024
3	1024
0	843
0	999
2	1024
1	1024
3	1024
7	1024
3	1024
2	1024
1	1024
3	1024
6	1024
2	1024
1	1024
1	1024
2	1024
2	1024
3	1024
0	710
4	1024
1	1024
1	1024
0	937
2	1024
7	1024
3	1024
7	1024
2	1024
1	1024
0	750
3	1024
2	1024
2	1024
4	1024
1	1024
4	1024
4	1024
3	1024
2	1024
1	1024
2	1024
2	1024
1	1024
2	1024
3	1024
2	1024
1	1024
3	1024
3	1024
8	1024
5	1024
2	1024
0	917
3	1024
1	1024
2	1024
0	967
2	1024
1	1024
3	1024
5	1024
4	1024
1	1024
3	1024
4	1024
4	1024
3	1024
2	1024
1	1024
0	836
4	1024
3	1024
0	842
3	1024
2	1024
3	1024
3	1024
3	1024
0	742
2	1024
1	1024
1	1024
4	1024
2	1024
1	1024
3	1024
1	1024
5	1024
3	1024
1	1024
2	1024
2	1024
5	1024
1	1024
5	1024
2	1024
2	1024
5	1024
1	1024
2	1024
3	1024
5	1024
0	956
2	1024
2	1024
0	741
1	1024
3	1024
1	1024
2	1024
3	1024
5	1024
3	1024
1	1024
4	1024
3	1024
1	1024
3	1024
2	1024
1	1024
4	1024
1	1024
8	1024
3	1024
2	1024
4	1024
1	1024
2	1024
2	1024
1	1024
1	1024
0	929
1	1024
4	1024
4	1024
2	1024
4	1024
1	1024
1	1024
3	1024
1	1024
1	1024
3	1024
3	1024
2	1024
3	1024
3	1024
1	1024
4	1024
2	1024
2	1024
2	1024
2	1024
3	1024
6	1024
3	1024
6	1024
3	1024
2	1024
4	1024
1	1024
4	1024
2	1024
3	1024
0	629
2	1024
1	1024
0	948
7	1024
6	1024
3	1024
4	1024
3	1024
1	1024
1	1024
3	1024
1	1024
1	1024
2	1024
3	1024
1	1024
2	1024
2	1024
1	1024
0	862
0	870
2	1024
3	1024
1	1024
2	1024
3	1024
3	1024
5	1024
1	1024
4	1024
3	1024
3	1024
3	1024
1	1024
0	914
1	1024
3	1024
2	1024
5	1024
4	1024
3	1024
3	1024
2	1024
4	1024
1	1024
4	1024
2	1024
4	1024
2	1024
4	1024
0	985
1	1024
0	889
7	1024
6	1024
0	935
1	1024
3	1024
4	1024
2	1024
4	1024
4	1024
2	1024
2	1024
4	1024
2	1024
7	1024
1	1024
2	1024
3	1024
1	1024
5	1024
6	1024
1	1024
2	1024
1	1024
2	1024
3	1024
1	1024
2	1024
3	1024
4	1024
3	1024
0	804
2	1024
6	1024
2	1024
5	1024
3	1024
6	1024
2	1024
3	1024
5	1024
5	1024
5	1024
2	1024
0	939
3	1024
1	1024
1	1024
0	981
3	1024
3	1024
4	1024
5	1024
3	1024
2	1024
6	1024
3	1024
4	1024
4	1024
3	1024
2	1024
2	1024
2	1024
2	1024
2	1024
1	1024
2	1024
6	1024
1	1024
4	1024
7	1024
0	724
1	1024
0	881
3	1024
3	1024
3	1024
1	1024
2	1024
2	1024
2	1024
1	1024
0	981
6	1024
0	935
2	1024
3	1024
4	1024
1	1024
2	1024
2	1024
2	1024
2	1024
4	1024
2	1024
5	1024
1	1024
5	1024
3	1024
2	1024
0	635
1	1024
4	1024
1	1024
2	1024
4	1024
1	1024
7	1024
4	1024
5	1024
1	1024
3	1024
2	1024
1	1024
4	1024
5	1024
2	1024
3	1024
0	693
6	1024
3	1024
4	1024
1	1024
2	1024
4	1024
2	1024
4	1024
5	1024
1	1024
3	1024
2	1024
2	1024
2	1024
4	1024
0	939
1	1024
4	1024
3	1024
2	1024
3	1024
2	1024
1	1024
3	1024
0	713
3	1024
3	1024
5	1024
2	1024
0	622
3	1024
5	1024
2	1024
3	1024
3	1024
2	1024
3	1024
1	1024
3	1024
5	1024
4	1024
5	1024
6	1024
3	1024
5	1024
0	997
0	797
2	1024
3	1024
1	1024
3	1024
3	1024
2	1024
4	1024
1	1024
3	1024
1	1024
0	1014
3	1024
5	1024
2	1024
1	1024
2	1024
0	949
2	1024
2	1024
0	1003
2	1024
3	1024
0	819
3	1024
0	858
0	794
0	961
1	1024
3	1024
4	1024
2	1024
3	1024
0	910
0	782
6	1024
3	1024
5	1024
1	1024
3	1024
2	1024
6	1024
3	1024
1	1024
3	1024
2	1024
1	1024
1	1024
1	1024
7	1024
3	1024
2	1024
4	1024
0	768
2	1024
4	1024
1	1024
4	1024
5	1024
2	1024
1	1024
4	1024
1	1024
2	1024
3	1024
5	1024
2	1024
1	1024
0	766
2	1024
0	973
0	873
2	1024
1	1024
0	921
2	1024
4	1024
2	1024
2	1024
4	1024
4	1024
2	1024
1	1024
4	1024
3	1024
3	1024
2	1024
0	945
3	1024
0	965
4	1024
3	1024
3	1024
5	1024
1	1024
3	1024
1	1024
2	1024
3	1024
2	1024
2	1024
5	1024
4	1024
3	1024
4	1024
0	699
2	1024
6	1024
6	1024
4	1024
3	1024
5	1024
2	1024
4	1024
2	1024
4	1024
3	1024
2	1024
3	1024
2	1024
6	1024
2	1024
2	1024
5	1024
0	808
2	1024
3	1024
2	1024
2	1024
2	1024
1	1024
4	1024
2	1024
1	1024
0	826
3	1024
0	678
4	1024
4	1024
2	1024
3	1024
4	1024
2	1024
3	1024
1	1024
1	1024
4	1024
1	1024
3	1024
2	1024
3	1024
5	1024
1	1024
2	1024
1	1024
6	1024
3	1024
1	1024
5	1024
3	1024
2	1024
1	1024
3	1024
5	1024
2	1024
7	1024
1	1024
3	1024
2	1024
4	1024
2	1024
3	1024
2	1024
0	803
1	1024
1	1024
0	929
2	1024
2	1024
2	1024
4	1024
2	1024
2	1024
3	1024
1	1024
1	1024
2	1024
5	1024
3	1024
1	1024
4	1024
5	1024
1	1024
1	1024
4	1024
4	1024
4	1024
1	1024
1	1024
6	1024
3	1024
3	1024
1	1024
1	1024
1	1024
1	1024
3	1024
6	1024
3	1024
2	1024
6	1024
5	1024
1	1024
2	1024
2	1024
1	1024
1	1024
1	1024
2	1024
8	1024
5	1024
3	1024
2	1024
3	1024
6	1024
4	1024
3	1024
3	1024
1	1024
3	1024
5	1024
0	946
4	1024
2	1024
1	1024
2	1024
3	1024
1	1024
1	1024
3	1024
0	790
3	1024
2	1024
2	1024
4	1024
2	1024
5	1024
3	1024
3	1024
1	1024
1	1024
2	1024
6	1024
3	1024
1	1024
0	835
2	1024
2	1024
0	823
1	1024
0	854
1	1024
2	1024
0	947
1	1024
6	1024
2	1024
1	1024
1	1024
3	1024
3	1024
2	1024
5	1024
2	1024
1	1024
0	952
0	771
1	1024
5	1024
1	1024
0	796
2	1024
1	1024
2	1024
3	1024
5	1024
1	1024
2	1024
2	1024
0	977
5	1024
3	1024
4	1024
3	1024
2	1024
1	1024
2	1024
0	1024
2	1024
4	1024
3	1024
3	1024
1	1024
1	1024
1	1024
5	1024
2	1024
6	1024
6	1024
2	1024
2	1024
4	1024
2	1024
1	1024
1	1024
4	1024
1	1024
4	1024
2	1024
1	1024
5	1024
3	1024
6	1024
4	1024
1	1024
5	1024
1	1024
1	1024
1	1024
4	1024
2	1024
0	880
1	1024
1	1024
2	1024
3	1024
1	1024
2	1024
3	1024
3	1024
2	1024
3	1024
6	1024
0	909
3	1024
3	1024
6	1024
6	1024
2	1024
0	829
1	1024
2	1024
1	1024
0	735
6	1024
1	1024
4	1024
3	1024
2	1024
5	1024
4	1024
7	1024
6	1024
0	932
2	1024
0	798
5	1024
2	1024
2	1024
2	1024
4	1024
2	1024
1	1024
3	1024
3	1024
3	1024
4	1024
3	1024
1	1024
1	1024
1	1024
0	1004
3	1024
1	1024
7	1024
0	927
3	1024
2	1024
2	1024
2	1024
1	1024
1	1024
2	1024
3	1024
0	862
4	1024
3	1024
3	1024
1	1024
6	1024
1	1024
1	1024
4	1024
0	939
1	1024
5	1024
2	1024
2	1024
2	1024
2	1024
2	1024
4	1024
1	1024
2	1024
0	769
2	1024
4	1024
5	1024
1	1024
1	1024
3	1024
2	1024
4	1024
4	1024
2	1024
3	1024
2	1024
4	1024
1	1024
2	1024
2	1024
1	1024
1	1024
1	1024
5	1024
6	1024
0	991
2	1024
4	1024
5	1024
2	1024
3	1024
1	1024
3	1024
1	1024
3	1024
6	1024
2	1024
4	1024
5	1024
5	1024
2	1024
4	1024
1	1024
1	1024
3	1024
6	1024
3	1024
1	1024
2	1024
2	1024
6	1024
2	1024
5	1024
4	1024
2	1024
1	1024
3	1024
3	1024
3	1024
4	1024
2	1024
1	1024
3	1024
1	1024
3	1024
6	1024
1	1024
2	1024
2	1024
2	1024
4	1024
3	1024
3	1024
3	1024
3	1024
0	984
7	1024
3	1024
0	1010
3	1024
8	1024
4	1024
4	1024
6	1024
3	1024
2	1024
2	1024
0	779
5	1024
0	794
2	1024
3	1024
0	860
3	1024
0	883
1	1024
2	1024
0	740
2	1024
3	1024
4	1024
3	1024
2	1024
2	1024
3	1024
4	1024
3	1024
2	1024
1	1024
3	1024
8	1024
1	1024
3	1024
5	1024
1	1024
4	1024
0	911
0	751
2	1024
1	1024
2	1024
3	1024
8	1024
2	1024
4	1024
1	1024
2	1024
1	1024
3	1024
2	1024
7	1024
5	1024
1	1024
4	1024
0	743
2	1024
4	1024
2	1024
4	1024
1	1024
2	1024
2	1024
2	1024
0	876
2	1024
1	1024
3	1024
2	1024
1	1024
3	1024
2	1024
3	1024
1	1024
2	1024
1	1024
3	1024
1	1024
3	1024
8	1024
4	1024
3	1024
1	1024
5	1024
3	1024
2	1024
2	1024
0	993
3	1024
4	1024
4	1024
0	903
2	1024
1	1024
2	1024
2	1024
2	1024
4	1024
0	897
2	1024
4	1024
1	1024
2	1024
5	1024
3	1024
1	1024
0	1004
1	1024
2	1024
2	1024
1	1024
1	1024
5	1024
4	1024
3	1024
3	1024
2	1024
1	1024
2	1024
4	1024
2	1024
1	1024
0	694
3	1024
3	1024
0	980
4	1024
3	1024
4	1024
1	1024
2	1024
2	1024
3	1024
2	1024
3	1024
3	1024
1	1024
2	1024
2	1024
1	1024
6	1024
2	1024
1	1024
4	1024
1	1024
3	1024
5	1024
1	1024
3	1024
0	914
2	1024
3	1024
2	1024
0	860
4	1024
7	1024
5	1024
0	817
4	1024
3	1024
4	1024
2	1024
3	1024
1	1024
1	1024
2	1024
2	1024
2	1024
7	1024
2	1024
3	1024
2	1024
3	1024
2	1024
8	1024
3	1024
4	1024
1	1024
1	1024
5	1024
1	1024
1	1024
2	1024
1	1024
1	1024
4	1024
4	1024
4	1024
3	1024
2	1024
1	1024
1	1024
3	1024
5	1024
4	1024
2	1024
2	1024
3	1024
2	1024
2	1024
5	1024
3	1024
5	1024
3	1024
2	1024
4	1024
6	1024
3	1024
2	1024
2	1024
3	1024
1	1024
0	842
3	1024
3	1024
5	1024
5	1024
2	1024
2	1024
2	1024
2	1024
4	1024
4	1024
0	772
1	1024
2	1024
4	1024
0	922
4	1024
1	1024
4	1024
3	1024
2	1024
8	1024
2	1024
1	1024
5	1024
2	1024
4	1024
1	1024
1	1024
2	1024
5	1024
1	1024
1	1024
3	1024
7	1024
3	1024
2	1024
0	879
2	1024
3	1024
3	1024
7	1024
4	1024
2	1024
0	908
0	863
3	1024
3	1024
4	1024
0	733
3	1024
1	1024
0	947
4	1024
0	954
4	1024
3	1024
0	986
4	1024
3	1024
3	1024
1	1024
6	1024
3	1024
1	1024
1	1024
7	1024
6	1024
4	1024
3	1024
1	1024
7	1024
2	1024
2	1024
2	1024
4	1024
6	1024
5	1024
2	1024
2	1024
5	1024
0	804
1	1024
2	1024
3	1024
1	1024
3	1024
3	1024
3	1024
6	1024
1	1024
3	1024
2	1024
1	1024
2	1024
3	1024
1	1024
2	1024
4	1024
2	1024
3	1024
2	1024
1	1024
3	1024
2	1024
0	905
4	1024
2	1024
1	1024
2	1024
2	1024
2	1024
2	1024
1	1024
2	1024
5	1024
3	1024
2	1024
2	1024
4	1024
2	1024
4	1024
0	993
3	1024
3	1024
3	1024
2	1024
0	681
3	1024
4	1024
1	1024
1	1024
2	1024
2	1024
2	1024
1	1024
1	1024
3	1024
1	1024
5	1024
1	1024
2	1024
4	1024
8	1024
1	1024
5	1024
3	1024
3	1024
2	1024
0	985
4	1024
1	1024
0	612
3	1024
5	1024
2	1024
5	1024
1	1024
3	1024
6	1024
5	1024
2	1024
3	1024
1	1024
2	1024
3	1024
3	1024
3	1024
2	1024
5	1024
3	1024
2	1024
2	1024
3	1024
6	1024
6	1024
0	1017
2	1024
3	1024
3	1024
1	1024
4	1024
