#SA random K-SAT
#N=16384  nIter=131072  alpha=9.0   NSamples=6100
#av(e)	0.0
#std(e)	0.0
0.0	46340.0
0.0	43031.0
0.0	38757.0
0.0	45575.0
0.0	41782.0
0.0	43641.0
0.0	44361.0
0.0	42754.0
0.0	43004.0
0.0	43541.0
0.0	45230.0
0.0	41848.0
0.0	44175.0
0.0	43088.0
0.0	43756.0
0.0	42514.0
0.0	38096.0
0.0	43941.0
0.0	45897.0
0.0	43139.0
0.0	40147.0
0.0	43489.0
0.0	43758.0
0.0	42351.0
0.0	40350.0
0.0	41863.0
0.0	44390.0
0.0	41058.0
0.0	46893.0
0.0	45257.0
0.0	41905.0
0.0	41407.0
0.0	38711.0
0.0	38816.0
0.0	45157.0
0.0	45991.0
0.0	44463.0
0.0	41380.0
0.0	40452.0
0.0	44757.0
0.0	42271.0
0.0	39798.0
0.0	43057.0
0.0	44601.0
0.0	42431.0
0.0	44438.0
0.0	41780.0
0.0	42961.0
0.0	44627.0
0.0	43102.0
0.0	42396.0
0.0	40865.0
0.0	42784.0
0.0	47818.0
0.0	42385.0
0.0	41345.0
0.0	46071.0
0.0	47115.0
0.0	44993.0
0.0	42012.0
0.0	42296.0
0.0	41444.0
0.0	43817.0
0.0	44240.0
0.0	39161.0
0.0	43469.0
0.0	43101.0
0.0	39085.0
0.0	41665.0
0.0	45043.0
0.0	41778.0
0.0	42621.0
0.0	43462.0
0.0	43161.0
0.0	42260.0
0.0	43012.0
0.0	43520.0
0.0	45644.0
0.0	40370.0
0.0	44032.0
0.0	40271.0
0.0	39474.0
0.0	46920.0
0.0	44952.0
0.0	44173.0
0.0	42077.0
0.0	44635.0
0.0	43319.0
0.0	37479.0
0.0	41980.0
0.0	42861.0
0.0	43669.0
0.0	40706.0
0.0	35519.0
0.0	45759.0
0.0	45867.0
0.0	40803.0
0.0	42693.0
0.0	41675.0
0.0	45975.0
0.0	40255.0
0.0	43762.0
0.0	34993.0
0.0	44544.0
0.0	41904.0
0.0	42187.0
0.0	40308.0
0.0	46246.0
0.0	45950.0
0.0	42233.0
0.0	42776.0
0.0	40337.0
0.0	43412.0
0.0	42538.0
0.0	42388.0
0.0	41288.0
0.0	41698.0
0.0	42977.0
0.0	41658.0
0.0	42990.0
0.0	40017.0
0.0	42819.0
0.0	43984.0
0.0	39889.0
0.0	47771.0
0.0	38963.0
0.0	43302.0
0.0	43121.0
0.0	36988.0
0.0	40540.0
0.0	43695.0
0.0	33673.0
0.0	44459.0
0.0	43885.0
0.0	42294.0
0.0	36520.0
0.0	44081.0
0.0	40472.0
0.0	41229.0
0.0	39271.0
0.0	45781.0
0.0	40738.0
0.0	41853.0
0.0	39785.0
0.0	46522.0
0.0	47437.0
0.0	44957.0
0.0	44339.0
0.0	44246.0
0.0	43528.0
0.0	44431.0
0.0	42623.0
0.0	43614.0
0.0	43481.0
0.0	45875.0
0.0	47019.0
0.0	42993.0
0.0	43165.0
0.0	42053.0
0.0	41030.0
0.0	47896.0
0.0	42626.0
0.0	44197.0
0.0	41568.0
0.0	45505.0
0.0	39103.0
0.0	39604.0
0.0	42779.0
0.0	39868.0
0.0	40934.0
0.0	42192.0
0.0	44244.0
0.0	41936.0
0.0	41246.0
0.0	43515.0
0.0	43547.0
0.0	42672.0
0.0	43797.0
0.0	43694.0
0.0	42317.0
0.0	46356.0
0.0	44724.0
0.0	42036.0
0.0	39605.0
0.0	40881.0
0.0	46895.0
0.0	40850.0
0.0	43910.0
0.0	47000.0
0.0	43367.0
0.0	43104.0
0.0	42526.0
0.0	47780.0
0.0	41937.0
0.0	44094.0
0.0	36682.0
0.0	43212.0
0.0	45921.0
0.0	44020.0
0.0	43453.0
0.0	46022.0
0.0	43546.0
0.0	38778.0
0.0	40546.0
0.0	41380.0
0.0	40220.0
0.0	45436.0
0.0	47146.0
0.0	42930.0
0.0	43599.0
0.0	40595.0
0.0	41597.0
0.0	43157.0
0.0	42929.0
0.0	51586.0
0.0	46176.0
0.0	45371.0
0.0	42009.0
0.0	44618.0
0.0	46637.0
0.0	42596.0
0.0	41776.0
0.0	37387.0
0.0	46022.0
0.0	45734.0
0.0	45304.0
0.0	41832.0
0.0	41851.0
0.0	42260.0
0.0	40749.0
0.0	43167.0
0.0	42828.0
0.0	40182.0
0.0	38434.0
0.0	42580.0
0.0	48280.0
0.0	39213.0
0.0	48697.0
0.0	47453.0
0.0	45397.0
0.0	42998.0
0.0	41852.0
0.0	42240.0
0.0	43617.0
0.0	43076.0
0.0	41428.0
0.0	35131.0
0.0	43335.0
0.0	40540.0
0.0	35318.0
0.0	39961.0
0.0	42305.0
0.0	42563.0
0.0	40356.0
0.0	37443.0
0.0	41912.0
0.0	38704.0
0.0	42342.0
0.0	41299.0
0.0	44964.0
0.0	38091.0
0.0	43924.0
0.0	37502.0
0.0	43433.0
0.0	47208.0
0.0	42962.0
0.0	43182.0
0.0	41450.0
0.0	42744.0
0.0	44005.0
0.0	44581.0
0.0	39441.0
0.0	43957.0
0.0	43817.0
0.0	43705.0
0.0	42441.0
0.0	45180.0
0.0	45120.0
0.0	43219.0
0.0	44339.0
0.0	45249.0
0.0	46180.0
0.0	43615.0
0.0	41890.0
0.0	40941.0
0.0	43592.0
0.0	44633.0
0.0	39392.0
0.0	43854.0
0.0	55974.0
0.0	34809.0
0.0	42757.0
0.0	41776.0
0.0	42953.0
0.0	43077.0
0.0	41991.0
0.0	44267.0
0.0	42878.0
0.0	42804.0
0.0	42182.0
0.0	42675.0
0.0	42164.0
0.0	44358.0
0.0	43858.0
0.0	45506.0
0.0	44849.0
0.0	40367.0
0.0	38032.0
0.0	40453.0
0.0	45209.0
0.0	41127.0
0.0	44127.0
0.0	39272.0
0.0	44504.0
0.0	39977.0
0.0	40878.0
0.0	44611.0
0.0	46664.0
0.0	43006.0
0.0	45702.0
0.0	43025.0
0.0	40396.0
0.0	44963.0
0.0	42113.0
0.0	43229.0
0.0	45296.0
0.0	47357.0
0.0	43471.0
0.0	42102.0
0.0	41746.0
0.0	42764.0
0.0	43444.0
0.0	45198.0
0.0	45005.0
0.0	40088.0
0.0	48583.0
0.0	39380.0
0.0	45622.0
0.0	49747.0
0.0	42216.0
0.0	45396.0
0.0	44184.0
0.0	42299.0
0.0	44160.0
0.0	42064.0
0.0	48010.0
0.0	43251.0
0.0	42395.0
0.0	42957.0
0.0	48233.0
0.0	39912.0
0.0	41856.0
0.0	43719.0
0.0	43488.0
0.0	45726.0
0.0	46933.0
0.0	42719.0
0.0	44039.0
0.0	42983.0
0.0	39869.0
0.0	49528.0
0.0	44956.0
0.0	43099.0
0.0	43632.0
0.0	40212.0
0.0	42654.0
0.0	42402.0
0.0	44582.0
0.0	43984.0
0.0	44852.0
0.0	39732.0
0.0	37529.0
0.0	46463.0
0.0	37607.0
0.0	43896.0
0.0	42783.0
0.0	40649.0
0.0	42855.0
0.0	44963.0
0.0	44704.0
0.0	42274.0
0.0	49345.0
0.0	45321.0
0.0	39428.0
0.0	43686.0
0.0	42083.0
0.0	44568.0
0.0	42573.0
0.0	46527.0
0.0	41963.0
0.0	44726.0
0.0	41447.0
0.0	45156.0
0.0	45745.0
0.0	42370.0
0.0	40875.0
0.0	48147.0
0.0	36624.0
0.0	42266.0
0.0	44031.0
0.0	44079.0
0.0	44778.0
0.0	46405.0
0.0	44535.0
0.0	45722.0
0.0	42576.0
0.0	43738.0
0.0	34914.0
0.0	43549.0
0.0	43528.0
0.0	42138.0
0.0	43040.0
0.0	43899.0
0.0	45249.0
0.0	41630.0
0.0	45132.0
0.0	38292.0
0.0	43910.0
0.0	41213.0
0.0	40987.0
0.0	41660.0
0.0	44297.0
0.0	43783.0
0.0	45021.0
0.0	43118.0
0.0	44719.0
0.0	40736.0
0.0	43730.0
0.0	44153.0
0.0	38938.0
0.0	44404.0
0.0	38945.0
0.0	47333.0
0.0	44917.0
0.0	45404.0
0.0	41585.0
0.0	53978.0
0.0	42150.0
0.0	45272.0
0.0	46063.0
0.0	45780.0
0.0	42704.0
0.0	43488.0
0.0	44975.0
0.0	40989.0
0.0	46490.0
0.0	41443.0
0.0	49847.0
0.0	41645.0
0.0	41118.0
0.0	46865.0
0.0	44176.0
0.0	40853.0
0.0	42404.0
0.0	43832.0
0.0	43960.0
0.0	45247.0
0.0	46454.0
0.0	40905.0
0.0	39962.0
0.0	45753.0
0.0	41233.0
0.0	45654.0
0.0	44612.0
0.0	45551.0
0.0	44284.0
0.0	39766.0
0.0	40604.0
0.0	46992.0
0.0	42021.0
0.0	42783.0
0.0	43142.0
0.0	43822.0
0.0	46119.0
0.0	42147.0
0.0	39105.0
0.0	42795.0
0.0	49028.0
0.0	45824.0
0.0	42364.0
0.0	47114.0
0.0	49881.0
0.0	44620.0
0.0	40562.0
0.0	42143.0
0.0	42721.0
0.0	43735.0
0.0	43692.0
0.0	36688.0
0.0	40147.0
0.0	38542.0
0.0	43433.0
0.0	41172.0
0.0	41364.0
0.0	43871.0
0.0	37965.0
0.0	40129.0
0.0	45614.0
0.0	39957.0
0.0	43220.0
0.0	45824.0
0.0	36423.0
0.0	44132.0
0.0	45908.0
0.0	41508.0
0.0	37729.0
0.0	46114.0
0.0	45114.0
0.0	40180.0
0.0	44893.0
0.0	44268.0
0.0	40573.0
0.0	45377.0
0.0	45538.0
0.0	40544.0
0.0	46312.0
0.0	41308.0
0.0	49328.0
0.0	44186.0
0.0	41434.0
0.0	45253.0
0.0	41565.0
0.0	45143.0
0.0	47647.0
0.0	45778.0
0.0	42330.0
0.0	45772.0
0.0	41244.0
0.0	43740.0
0.0	42954.0
0.0	40302.0
0.0	44989.0
0.0	52163.0
0.0	45277.0
0.0	43692.0
0.0	43585.0
0.0	40293.0
0.0	47017.0
0.0	44253.0
0.0	40196.0
0.0	45935.0
0.0	45187.0
0.0	45040.0
0.0	44039.0
0.0	47475.0
0.0	47139.0
0.0	38586.0
0.0	38563.0
0.0	43445.0
0.0	37523.0
0.0	43392.0
0.0	42229.0
0.0	43628.0
0.0	47901.0
0.0	49495.0
0.0	41367.0
0.0	40770.0
0.0	40701.0
0.0	52338.0
0.0	44333.0
0.0	40447.0
0.0	51177.0
0.0	40386.0
0.0	45137.0
0.0	43123.0
0.0	46197.0
0.0	46921.0
0.0	42950.0
0.0	42928.0
0.0	44465.0
0.0	45646.0
0.0	44210.0
0.0	43576.0
0.0	42194.0
0.0	44996.0
0.0	44318.0
0.0	44113.0
0.0	43195.0
0.0	38663.0
0.0	37658.0
0.0	43231.0
0.0	46591.0
0.0	42545.0
0.0	43789.0
0.0	42469.0
0.0	46121.0
0.0	46796.0
0.0	40429.0
0.0	41846.0
0.0	39024.0
0.0	44194.0
0.0	42404.0
0.0	45353.0
0.0	43636.0
0.0	42406.0
0.0	41174.0
0.0	42957.0
0.0	44767.0
0.0	47342.0
0.0	36605.0
0.0	44718.0
0.0	45100.0
0.0	44316.0
0.0	44039.0
0.0	41837.0
0.0	45877.0
0.0	39885.0
0.0	42151.0
0.0	41363.0
0.0	40621.0
0.0	42121.0
0.0	40274.0
0.0	43728.0
0.0	45780.0
0.0	45802.0
0.0	43862.0
0.0	41657.0
0.0	42099.0
0.0	43999.0
0.0	45040.0
0.0	45412.0
0.0	39313.0
0.0	43197.0
0.0	39094.0
0.0	45703.0
0.0	42964.0
0.0	47319.0
0.0	45565.0
0.0	44460.0
0.0	44059.0
0.0	45688.0
0.0	40816.0
0.0	44978.0
0.0	46267.0
0.0	44553.0
0.0	42430.0
0.0	41465.0
0.0	42363.0
0.0	43539.0
0.0	44090.0
0.0	44175.0
0.0	40635.0
0.0	43205.0
0.0	45781.0
0.0	42120.0
0.0	42466.0
0.0	42822.0
0.0	43989.0
0.0	44575.0
0.0	46802.0
0.0	40107.0
0.0	45887.0
0.0	44919.0
0.0	50302.0
0.0	37607.0
0.0	42264.0
0.0	44509.0
0.0	39511.0
0.0	43634.0
0.0	43734.0
0.0	41948.0
0.0	47051.0
0.0	45046.0
0.0	42651.0
0.0	42977.0
0.0	43594.0
0.0	47001.0
0.0	40294.0
0.0	44697.0
0.0	40269.0
0.0	45422.0
0.0	42655.0
0.0	37453.0
0.0	42618.0
0.0	40295.0
0.0	42875.0
0.0	42288.0
0.0	44475.0
0.0	43362.0
0.0	39939.0
0.0	40745.0
0.0	47539.0
0.0	42405.0
0.0	42321.0
0.0	44826.0
0.0	43965.0
0.0	37652.0
0.0	43851.0
0.0	47366.0
0.0	39381.0
0.0	43732.0
0.0	44867.0
0.0	44394.0
0.0	41612.0
0.0	42271.0
0.0	45899.0
0.0	46934.0
0.0	36593.0
0.0	44545.0
0.0	43671.0
0.0	45171.0
0.0	39483.0
0.0	43984.0
0.0	44501.0
0.0	46847.0
0.0	41068.0
0.0	39132.0
0.0	43169.0
0.0	38371.0
0.0	42698.0
0.0	43792.0
0.0	44444.0
0.0	37388.0
0.0	42276.0
0.0	43384.0
0.0	44010.0
0.0	48957.0
0.0	46341.0
0.0	45932.0
0.0	43993.0
0.0	45191.0
0.0	47515.0
0.0	45595.0
0.0	43264.0
0.0	43195.0
0.0	44336.0
0.0	41280.0
0.0	46386.0
0.0	46409.0
0.0	44946.0
0.0	39300.0
0.0	40411.0
0.0	41944.0
0.0	44826.0
0.0	45305.0
0.0	42166.0
0.0	44897.0
0.0	38347.0
0.0	43066.0
0.0	42178.0
0.0	45551.0
0.0	44375.0
0.0	43141.0
0.0	41952.0
0.0	41128.0
0.0	49397.0
0.0	43083.0
0.0	41299.0
0.0	42625.0
0.0	43387.0
0.0	44602.0
0.0	43158.0
0.0	40655.0
0.0	42733.0
0.0	42221.0
0.0	46333.0
0.0	40251.0
0.0	44187.0
0.0	45207.0
0.0	45559.0
0.0	44296.0
0.0	42091.0
0.0	39201.0
0.0	38868.0
0.0	40982.0
0.0	41401.0
0.0	46723.0
0.0	45395.0
0.0	43307.0
0.0	40535.0
0.0	41678.0
0.0	46702.0
0.0	45860.0
0.0	40733.0
0.0	46170.0
0.0	39986.0
0.0	41321.0
0.0	43065.0
0.0	42419.0
0.0	44377.0
0.0	40155.0
0.0	48317.0
0.0	43016.0
0.0	40623.0
0.0	41011.0
0.0	44811.0
0.0	37163.0
0.0	46740.0
0.0	44570.0
0.0	46061.0
0.0	41762.0
0.0	43698.0
0.0	44756.0
0.0	39402.0
0.0	44600.0
0.0	39761.0
0.0	39216.0
0.0	45692.0
0.0	43872.0
0.0	41628.0
0.0	44234.0
0.0	44269.0
0.0	44819.0
0.0	44678.0
0.0	41784.0
0.0	42935.0
0.0	40715.0
0.0	42909.0
0.0	44613.0
0.0	43089.0
0.0	43220.0
0.0	44377.0
0.0	38032.0
0.0	44380.0
0.0	39775.0
0.0	44090.0
0.0	53979.0
0.0	43502.0
0.0	43197.0
0.0	46772.0
0.0	43531.0
0.0	43986.0
0.0	41968.0
0.0	46588.0
0.0	45195.0
0.0	43116.0
0.0	43269.0
0.0	43955.0
0.0	44383.0
0.0	43528.0
0.0	47846.0
0.0	40356.0
0.0	42809.0
0.0	42067.0
0.0	43575.0
0.0	48548.0
0.0	42256.0
0.0	44710.0
0.0	44785.0
0.0	42093.0
0.0	44536.0
0.0	44448.0
0.0	45868.0
0.0	42430.0
0.0	43442.0
0.0	40258.0
0.0	42018.0
0.0	42932.0
0.0	40653.0
0.0	42188.0
0.0	40986.0
0.0	40523.0
0.0	44331.0
0.0	41036.0
0.0	42172.0
0.0	44442.0
0.0	40954.0
0.0	45146.0
0.0	45717.0
0.0	42055.0
0.0	44427.0
0.0	40888.0
0.0	39093.0
0.0	41889.0
0.0	44970.0
0.0	39640.0
0.0	42325.0
0.0	46890.0
0.0	44309.0
0.0	41571.0
0.0	39638.0
0.0	41495.0
0.0	43498.0
0.0	46926.0
0.0	37375.0
0.0	40030.0
0.0	41579.0
0.0	42590.0
0.0	39881.0
0.0	40983.0
0.0	42417.0
0.0	43131.0
0.0	42469.0
0.0	41314.0
0.0	45194.0
0.0	46439.0
0.0	42290.0
0.0	43903.0
0.0	44152.0
0.0	38860.0
0.0	42169.0
0.0	39940.0
0.0	43013.0
0.0	42648.0
0.0	47032.0
0.0	45453.0
0.0	42790.0
0.0	42226.0
0.0	43256.0
0.0	47175.0
0.0	39221.0
0.0	44182.0
0.0	42179.0
0.0	44419.0
0.0	41301.0
0.0	42101.0
0.0	39049.0
0.0	38860.0
0.0	47421.0
0.0	40889.0
0.0	41090.0
0.0	50725.0
0.0	42266.0
0.0	45401.0
0.0	42271.0
0.0	43454.0
0.0	46814.0
0.0	42995.0
0.0	45575.0
0.0	43094.0
0.0	40614.0
0.0	43432.0
0.0	44893.0
0.0	43862.0
0.0	43799.0
0.0	39025.0
0.0	43115.0
0.0	42183.0
0.0	42619.0
0.0	44069.0
0.0	41369.0
0.0	47651.0
0.0	41019.0
0.0	42025.0
0.0	42843.0
0.0	41120.0
0.0	43236.0
0.0	41125.0
0.0	45342.0
0.0	37823.0
0.0	46191.0
0.0	43216.0
0.0	41632.0
0.0	45181.0
0.0	50438.0
0.0	42976.0
0.0	44834.0
0.0	45425.0
0.0	44220.0
0.0	42953.0
0.0	42826.0
0.0	43068.0
0.0	42152.0
0.0	45386.0
0.0	45820.0
0.0	41673.0
0.0	42661.0
0.0	48237.0
0.0	46154.0
0.0	43002.0
0.0	42912.0
0.0	45916.0
0.0	41948.0
0.0	43117.0
0.0	42544.0
0.0	42317.0
0.0	41632.0
0.0	45524.0
0.0	41887.0
0.0	41931.0
0.0	42659.0
0.0	42204.0
0.0	39841.0
0.0	34108.0
0.0	41191.0
0.0	40977.0
0.0	41642.0
0.0	41569.0
0.0	47108.0
0.0	47279.0
0.0	45058.0
0.0	42106.0
0.0	46297.0
0.0	46342.0
0.0	44723.0
0.0	41180.0
0.0	41535.0
0.0	41021.0
0.0	36653.0
0.0	48624.0
0.0	40915.0
0.0	41881.0
0.0	42493.0
0.0	42319.0
0.0	42837.0
0.0	44704.0
0.0	44825.0
0.0	45163.0
0.0	42492.0
0.0	41849.0
0.0	46065.0
0.0	42417.0
0.0	39225.0
0.0	37930.0
0.0	43676.0
0.0	45562.0
0.0	42315.0
0.0	45278.0
0.0	42088.0
0.0	40606.0
0.0	41931.0
0.0	43379.0
0.0	40744.0
0.0	38511.0
0.0	39320.0
0.0	39867.0
0.0	43959.0
0.0	39909.0
0.0	42685.0
0.0	44053.0
0.0	43129.0
0.0	42212.0
0.0	36440.0
0.0	42710.0
0.0	44382.0
0.0	46308.0
0.0	46456.0
0.0	40712.0
0.0	40207.0
0.0	40805.0
0.0	43931.0
0.0	42893.0
0.0	43907.0
0.0	44976.0
0.0	41156.0
0.0	42640.0
0.0	39972.0
0.0	40266.0
0.0	41205.0
0.0	45626.0
0.0	39782.0
0.0	43136.0
0.0	44979.0
0.0	45097.0
0.0	41504.0
0.0	44236.0
0.0	45860.0
0.0	43145.0
0.0	43175.0
0.0	44275.0
0.0	39702.0
0.0	45597.0
0.0	45734.0
0.0	44053.0
0.0	41208.0
0.0	47638.0
0.0	41957.0
0.0	42289.0
0.0	43056.0
0.0	43088.0
0.0	38602.0
0.0	43464.0
0.0	37385.0
0.0	43334.0
0.0	44216.0
0.0	37627.0
0.0	43196.0
0.0	45921.0
0.0	42426.0
0.0	44796.0
0.0	42582.0
0.0	41317.0
0.0	43147.0
0.0	41418.0
0.0	38245.0
0.0	43571.0
0.0	36876.0
0.0	44960.0
0.0	46479.0
0.0	44636.0
0.0	44602.0
0.0	42075.0
0.0	44616.0
0.0	41161.0
0.0	42398.0
0.0	42470.0
0.0	43933.0
0.0	44737.0
0.0	45112.0
0.0	44419.0
0.0	45055.0
0.0	40175.0
0.0	46138.0
0.0	46026.0
0.0	39750.0
0.0	39609.0
0.0	39064.0
0.0	41209.0
0.0	42414.0
0.0	43200.0
0.0	46048.0
0.0	42271.0
0.0	43542.0
0.0	42336.0
0.0	41301.0
0.0	43891.0
0.0	41644.0
0.0	42698.0
0.0	46410.0
0.0	41165.0
0.0	44650.0
0.0	40857.0
0.0	44716.0
0.0	44437.0
0.0	51561.0
0.0	42915.0
0.0	41460.0
0.0	40636.0
0.0	44377.0
0.0	43069.0
0.0	45174.0
0.0	54703.0
0.0	41979.0
0.0	44341.0
0.0	47023.0
0.0	45752.0
0.0	40123.0
0.0	42599.0
0.0	44183.0
0.0	44771.0
0.0	49623.0
0.0	44472.0
0.0	38568.0
0.0	50104.0
0.0	43684.0
0.0	44156.0
0.0	42252.0
0.0	48790.0
0.0	42889.0
0.0	44339.0
0.0	43803.0
0.0	50131.0
0.0	43205.0
0.0	43354.0
0.0	39110.0
0.0	42078.0
0.0	56664.0
0.0	41211.0
0.0	45821.0
0.0	42219.0
0.0	45853.0
0.0	45681.0
0.0	46056.0
0.0	43525.0
0.0	44790.0
0.0	48467.0
0.0	46421.0
0.0	45554.0
0.0	48428.0
0.0	43344.0
0.0	40395.0
0.0	45343.0
0.0	44242.0
0.0	41483.0
0.0	39370.0
0.0	45825.0
0.0	44224.0
0.0	41850.0
0.0	40906.0
0.0	44824.0
0.0	45630.0
0.0	43380.0
0.0	44803.0
0.0	42541.0
0.0	42405.0
0.0	45233.0
0.0	41455.0
0.0	42830.0
0.0	46747.0
0.0	42805.0
0.0	44329.0
0.0	40917.0
0.0	42714.0
0.0	45202.0
0.0	44619.0
0.0	42263.0
0.0	38115.0
0.0	43897.0
0.0	45427.0
0.0	38788.0
0.0	43236.0
0.0	41777.0
0.0	43397.0
0.0	40177.0
0.0	41116.0
0.0	44445.0
0.0	45072.0
0.0	46236.0
0.0	42026.0
0.0	43619.0
0.0	45617.0
0.0	42995.0
0.0	44713.0
0.0	41860.0
0.0	40291.0
0.0	44785.0
0.0	44671.0
0.0	40717.0
0.0	41823.0
0.0	48488.0
0.0	44271.0
0.0	44459.0
0.0	38508.0
0.0	42986.0
0.0	42145.0
0.0	40968.0
0.0	47174.0
0.0	39281.0
0.0	43447.0
0.0	43380.0
0.0	39880.0
0.0	39375.0
0.0	42295.0
0.0	43462.0
0.0	42077.0
0.0	44751.0
0.0	42889.0
0.0	42451.0
0.0	47673.0
0.0	43180.0
0.0	46870.0
0.0	45721.0
0.0	46649.0
0.0	45036.0
0.0	43884.0
0.0	45621.0
0.0	41774.0
0.0	44334.0
0.0	45642.0
0.0	44086.0
0.0	44042.0
0.0	41050.0
0.0	38045.0
0.0	40713.0
0.0	43598.0
0.0	44915.0
0.0	37983.0
0.0	41071.0
0.0	44399.0
0.0	41678.0
0.0	45523.0
0.0	41147.0
0.0	38456.0
0.0	41903.0
0.0	42631.0
0.0	43590.0
0.0	42264.0
0.0	44133.0
0.0	39972.0
0.0	43149.0
0.0	47587.0
0.0	43991.0
0.0	41812.0
0.0	43386.0
0.0	36152.0
0.0	48271.0
0.0	44652.0
0.0	45167.0
0.0	45677.0
0.0	41346.0
0.0	41328.0
0.0	45443.0
0.0	45994.0
0.0	42475.0
0.0	46210.0
0.0	48416.0
0.0	46934.0
0.0	44470.0
0.0	45608.0
0.0	41043.0
0.0	47206.0
0.0	45249.0
0.0	38771.0
0.0	41185.0
0.0	42425.0
0.0	44679.0
0.0	45595.0
0.0	44252.0
0.0	43846.0
0.0	45722.0
0.0	45434.0
0.0	39451.0
0.0	44464.0
0.0	45629.0
0.0	40678.0
0.0	47701.0
0.0	43115.0
0.0	43862.0
0.0	44398.0
0.0	42543.0
0.0	40477.0
0.0	43107.0
0.0	41668.0
0.0	43963.0
0.0	45619.0
0.0	44300.0
0.0	37167.0
0.0	43159.0
0.0	42728.0
0.0	39246.0
0.0	43643.0
0.0	45513.0
0.0	42608.0
0.0	46699.0
0.0	49630.0
0.0	49124.0
0.0	45698.0
0.0	40008.0
0.0	44240.0
0.0	43128.0
0.0	46767.0
0.0	40664.0
0.0	41380.0
0.0	40996.0
0.0	39705.0
0.0	40655.0
0.0	41528.0
0.0	37355.0
0.0	46209.0
0.0	44622.0
0.0	46706.0
0.0	42476.0
0.0	43434.0
0.0	41579.0
0.0	41314.0
0.0	41403.0
0.0	43054.0
0.0	40943.0
0.0	41961.0
0.0	42438.0
0.0	43528.0
0.0	43594.0
0.0	42222.0
0.0	42924.0
0.0	44464.0
0.0	43619.0
0.0	42232.0
0.0	37573.0
0.0	40880.0
0.0	44755.0
0.0	41601.0
0.0	42977.0
0.0	43392.0
0.0	41240.0
0.0	42947.0
0.0	43983.0
0.0	39760.0
0.0	42005.0
0.0	46912.0
0.0	42704.0
0.0	42077.0
0.0	42452.0
0.0	41850.0
0.0	38949.0
0.0	42465.0
0.0	40283.0
0.0	41640.0
0.0	44792.0
0.0	41674.0
0.0	42179.0
0.0	42757.0
0.0	45459.0
0.0	40010.0
0.0	43855.0
0.0	39237.0
0.0	45582.0
0.0	40248.0
0.0	44012.0
0.0	39627.0
0.0	46839.0
0.0	41269.0
0.0	43235.0
0.0	43926.0
0.0	42792.0
0.0	42230.0
0.0	44858.0
0.0	45642.0
0.0	43967.0
0.0	43370.0
0.0	45262.0
0.0	45216.0
0.0	44004.0
0.0	44569.0
0.0	46143.0
0.0	44703.0
0.0	41596.0
0.0	42734.0
0.0	41627.0
0.0	44537.0
0.0	45491.0
0.0	44042.0
0.0	43215.0
0.0	41791.0
0.0	45932.0
0.0	41713.0
0.0	38256.0
0.0	42573.0
0.0	40902.0
0.0	43691.0
0.0	42545.0
0.0	42771.0
0.0	36945.0
0.0	44238.0
0.0	40089.0
0.0	45784.0
0.0	39976.0
0.0	44844.0
0.0	43042.0
0.0	43035.0
0.0	46473.0
0.0	41961.0
0.0	44644.0
0.0	44300.0
0.0	44693.0
0.0	45167.0
0.0	40953.0
0.0	42990.0
0.0	43959.0
0.0	43056.0
0.0	42625.0
0.0	42483.0
0.0	45626.0
0.0	43255.0
0.0	39168.0
0.0	51006.0
0.0	46004.0
0.0	41663.0
0.0	43084.0
0.0	45033.0
0.0	48943.0
0.0	43607.0
0.0	42662.0
0.0	42702.0
0.0	41196.0
0.0	43995.0
0.0	45510.0
0.0	41361.0
0.0	41126.0
0.0	41021.0
0.0	42655.0
0.0	45259.0
0.0	43365.0
0.0	42157.0
0.0	40592.0
0.0	44180.0
0.0	43042.0
0.0	40158.0
0.0	47770.0
0.0	40301.0
0.0	43250.0
0.0	43399.0
0.0	42597.0
0.0	42047.0
0.0	42607.0
0.0	41619.0
0.0	43499.0
0.0	40175.0
0.0	39125.0
0.0	44293.0
0.0	46042.0
0.0	39739.0
0.0	46647.0
0.0	42912.0
0.0	47491.0
0.0	45319.0
0.0	45143.0
0.0	40312.0
0.0	43210.0
0.0	41944.0
0.0	41353.0
0.0	46020.0
0.0	43323.0
0.0	45672.0
0.0	42247.0
0.0	42310.0
0.0	47265.0
0.0	43533.0
0.0	43640.0
0.0	49248.0
0.0	44634.0
0.0	43590.0
0.0	39539.0
0.0	43668.0
0.0	42358.0
0.0	39153.0
0.0	44983.0
0.0	39761.0
0.0	44218.0
0.0	41828.0
0.0	45227.0
0.0	42520.0
0.0	42350.0
0.0	49701.0
0.0	37331.0
0.0	41461.0
0.0	42159.0
0.0	43543.0
0.0	41617.0
0.0	39760.0
0.0	44971.0
0.0	44611.0
0.0	48430.0
0.0	42109.0
0.0	45567.0
0.0	42867.0
0.0	43292.0
0.0	44000.0
0.0	44018.0
0.0	43551.0
0.0	43335.0
0.0	42076.0
0.0	44117.0
0.0	40681.0
0.0	42070.0
0.0	40370.0
0.0	40804.0
0.0	42021.0
0.0	40471.0
0.0	41037.0
0.0	41525.0
0.0	43019.0
0.0	43954.0
0.0	47683.0
0.0	42773.0
0.0	39277.0
0.0	41969.0
0.0	47788.0
0.0	49068.0
0.0	42171.0
0.0	44906.0
0.0	43991.0
0.0	41602.0
0.0	42078.0
0.0	45858.0
0.0	44365.0
0.0	46651.0
0.0	44985.0
0.0	39707.0
0.0	42172.0
0.0	43258.0
0.0	41673.0
0.0	40079.0
0.0	45658.0
0.0	42896.0
0.0	45500.0
0.0	40799.0
0.0	43671.0
0.0	46005.0
0.0	40408.0
0.0	43031.0
0.0	40871.0
0.0	37116.0
0.0	43003.0
0.0	45788.0
0.0	42726.0
0.0	45490.0
0.0	47383.0
0.0	44671.0
0.0	39428.0
0.0	44358.0
0.0	38828.0
0.0	46510.0
0.0	43234.0
0.0	43010.0
0.0	42269.0
0.0	43664.0
0.0	42007.0
0.0	42701.0
0.0	46158.0
0.0	40759.0
0.0	42669.0
0.0	42663.0
0.0	42543.0
0.0	43003.0
0.0	44411.0
0.0	40534.0
0.0	43126.0
0.0	39315.0
0.0	39620.0
0.0	42776.0
0.0	43359.0
0.0	41689.0
0.0	46291.0
0.0	40859.0
0.0	43912.0
0.0	44647.0
0.0	34458.0
0.0	40254.0
0.0	46115.0
0.0	47701.0
0.0	40862.0
0.0	42529.0
0.0	43783.0
0.0	41032.0
0.0	45007.0
0.0	40225.0
0.0	44851.0
0.0	42999.0
0.0	39775.0
0.0	47344.0
0.0	44190.0
0.0	44614.0
0.0	39836.0
0.0	40345.0
0.0	43302.0
0.0	41286.0
0.0	43440.0
0.0	47936.0
0.0	39270.0
0.0	44295.0
0.0	44977.0
0.0	47241.0
0.0	45824.0
0.0	43324.0
0.0	43625.0
0.0	42260.0
0.0	41921.0
0.0	46880.0
0.0	43225.0
0.0	36407.0
0.0	44275.0
0.0	42410.0
0.0	43000.0
0.0	39456.0
0.0	43139.0
0.0	44141.0
0.0	43982.0
0.0	41710.0
0.0	42636.0
0.0	41121.0
0.0	42797.0
0.0	41844.0
0.0	43152.0
0.0	42481.0
0.0	43398.0
0.0	42881.0
0.0	41369.0
0.0	41076.0
0.0	47817.0
0.0	34543.0
0.0	45468.0
0.0	43149.0
0.0	43051.0
0.0	40418.0
0.0	42939.0
0.0	45248.0
0.0	46620.0
0.0	37857.0
0.0	43528.0
0.0	41445.0
0.0	40660.0
0.0	45968.0
0.0	40952.0
0.0	43765.0
0.0	41862.0
0.0	39823.0
0.0	42141.0
0.0	41204.0
0.0	43369.0
0.0	42876.0
0.0	44781.0
0.0	42478.0
0.0	40093.0
0.0	43363.0
0.0	42401.0
0.0	39437.0
0.0	39150.0
0.0	46824.0
0.0	43199.0
0.0	45331.0
0.0	42949.0
0.0	40170.0
0.0	45279.0
0.0	41051.0
0.0	40914.0
0.0	41726.0
0.0	44946.0
0.0	43789.0
0.0	38130.0
0.0	44427.0
0.0	41733.0
0.0	41957.0
0.0	43787.0
0.0	41895.0
0.0	39382.0
0.0	44777.0
0.0	43072.0
0.0	41358.0
0.0	45627.0
0.0	35196.0
0.0	40965.0
0.0	37875.0
0.0	45779.0
0.0	38734.0
0.0	46171.0
0.0	44955.0
0.0	41999.0
0.0	42773.0
0.0	44474.0
0.0	42528.0
0.0	39267.0
0.0	49052.0
0.0	46275.0
0.0	44350.0
0.0	46330.0
0.0	40497.0
0.0	42146.0
0.0	44760.0
0.0	41836.0
0.0	40571.0
0.0	45584.0
0.0	40908.0
0.0	45141.0
0.0	39977.0
0.0	39459.0
0.0	49740.0
0.0	41854.0
0.0	45446.0
0.0	46888.0
0.0	43742.0
0.0	43996.0
0.0	44118.0
0.0	43885.0
0.0	45520.0
0.0	46166.0
0.0	42253.0
0.0	44134.0
0.0	49084.0
0.0	38585.0
0.0	40976.0
0.0	42807.0
0.0	37598.0
0.0	41556.0
0.0	41149.0
0.0	44213.0
0.0	41595.0
0.0	36848.0
0.0	43239.0
0.0	44390.0
0.0	39075.0
0.0	41295.0
0.0	37852.0
0.0	43024.0
0.0	43556.0
0.0	43033.0
0.0	41228.0
0.0	38670.0
0.0	45670.0
0.0	44368.0
0.0	43960.0
0.0	39967.0
0.0	38363.0
0.0	41211.0
0.0	40856.0
0.0	42530.0
0.0	43683.0
0.0	42405.0
0.0	45344.0
0.0	40916.0
0.0	40902.0
0.0	47785.0
0.0	43252.0
0.0	38148.0
0.0	43103.0
0.0	41793.0
0.0	45036.0
0.0	40846.0
0.0	43528.0
0.0	42600.0
0.0	43739.0
0.0	40828.0
0.0	41548.0
0.0	44714.0
0.0	44031.0
0.0	43517.0
0.0	42889.0
0.0	44419.0
0.0	40772.0
0.0	39809.0
0.0	39962.0
0.0	42209.0
0.0	44505.0
0.0	41556.0
0.0	43428.0
0.0	42886.0
0.0	41590.0
0.0	43480.0
0.0	43804.0
0.0	44807.0
0.0	39351.0
0.0	41982.0
0.0	41003.0
0.0	49693.0
0.0	43038.0
0.0	40704.0
0.0	41360.0
0.0	42433.0
0.0	45062.0
0.0	42086.0
0.0	42263.0
0.0	42724.0
0.0	46048.0
0.0	41267.0
0.0	45046.0
0.0	46281.0
0.0	39454.0
0.0	43427.0
0.0	38338.0
0.0	44323.0
0.0	41368.0
0.0	38703.0
0.0	41579.0
0.0	49290.0
0.0	39585.0
0.0	42888.0
0.0	39052.0
0.0	44193.0
0.0	45285.0
0.0	41735.0
0.0	39606.0
0.0	45046.0
0.0	44526.0
0.0	43772.0
0.0	43167.0
0.0	43984.0
0.0	46084.0
0.0	42372.0
0.0	41353.0
0.0	48267.0
0.0	43231.0
0.0	41929.0
0.0	41591.0
0.0	40537.0
0.0	43007.0
0.0	42717.0
0.0	41057.0
0.0	43605.0
0.0	42632.0
0.0	45101.0
0.0	39601.0
0.0	43193.0
0.0	37496.0
0.0	38011.0
0.0	46458.0
0.0	41967.0
0.0	49530.0
0.0	37474.0
0.0	43583.0
0.0	45576.0
0.0	43716.0
0.0	42203.0
0.0	43196.0
0.0	45970.0
0.0	43732.0
0.0	41958.0
0.0	39330.0
0.0	42803.0
0.0	42706.0
0.0	43955.0
0.0	44077.0
0.0	46584.0
0.0	42532.0
0.0	43891.0
0.0	43201.0
0.0	41604.0
0.0	45858.0
0.0	43772.0
0.0	47573.0
0.0	42923.0
0.0	40133.0
0.0	46850.0
0.0	37360.0
0.0	45348.0
0.0	38745.0
0.0	41416.0
0.0	38826.0
0.0	46388.0
0.0	41726.0
0.0	41024.0
0.0	48858.0
0.0	44275.0
0.0	42711.0
0.0	43932.0
0.0	36920.0
0.0	46976.0
0.0	43628.0
0.0	45445.0
0.0	43094.0
0.0	44588.0
0.0	40331.0
0.0	40339.0
0.0	42586.0
0.0	42006.0
0.0	45721.0
0.0	39853.0
0.0	42366.0
0.0	41318.0
0.0	42687.0
0.0	44871.0
0.0	44724.0
0.0	42730.0
0.0	42439.0
0.0	42946.0
0.0	44047.0
0.0	42156.0
0.0	44438.0
0.0	41042.0
0.0	49069.0
0.0	44757.0
0.0	47391.0
0.0	43374.0
0.0	44839.0
0.0	47880.0
0.0	43359.0
0.0	40357.0
0.0	43205.0
0.0	44118.0
0.0	45753.0
0.0	41193.0
0.0	42577.0
0.0	45606.0
0.0	37939.0
0.0	46630.0
0.0	47404.0
0.0	44305.0
0.0	58258.0
0.0	42450.0
0.0	49684.0
0.0	42478.0
0.0	42445.0
0.0	40865.0
0.0	36119.0
0.0	41454.0
0.0	41696.0
0.0	41959.0
0.0	42587.0
0.0	44360.0
0.0	46782.0
0.0	42058.0
0.0	45289.0
0.0	42714.0
0.0	41135.0
0.0	49838.0
0.0	41736.0
0.0	44253.0
0.0	45785.0
0.0	46159.0
0.0	42465.0
0.0	42334.0
0.0	44717.0
0.0	43155.0
0.0	43640.0
0.0	43886.0
0.0	42950.0
0.0	43350.0
0.0	44559.0
0.0	40703.0
0.0	48384.0
0.0	40679.0
0.0	44280.0
0.0	49783.0
0.0	40080.0
0.0	41325.0
0.0	43605.0
0.0	41627.0
0.0	42079.0
0.0	46707.0
0.0	37418.0
0.0	41370.0
0.0	44990.0
0.0	43077.0
0.0	39699.0
0.0	41794.0
0.0	41204.0
0.0	49396.0
0.0	43396.0
0.0	42334.0
0.0	39328.0
0.0	45016.0
0.0	44804.0
0.0	41802.0
0.0	42656.0
0.0	43059.0
0.0	44108.0
0.0	45206.0
0.0	42092.0
0.0	45347.0
0.0	41568.0
0.0	43350.0
0.0	44181.0
0.0	46762.0
0.0	43233.0
0.0	41661.0
0.0	43728.0
0.0	40571.0
0.0	47082.0
0.0	43573.0
0.0	40501.0
0.0	45138.0
0.0	42879.0
0.0	42195.0
0.0	41124.0
0.0	46882.0
0.0	38361.0
0.0	48345.0
0.0	42389.0
0.0	47062.0
0.0	46294.0
0.0	44260.0
0.0	41881.0
0.0	39273.0
0.0	43990.0
0.0	42596.0
0.0	39818.0
0.0	44322.0
0.0	38694.0
0.0	37298.0
0.0	45444.0
0.0	42976.0
0.0	45738.0
0.0	40159.0
0.0	43336.0
0.0	44449.0
0.0	44741.0
0.0	43361.0
0.0	49314.0
0.0	43021.0
0.0	47698.0
0.0	44371.0
0.0	46146.0
0.0	42600.0
0.0	34710.0
0.0	46590.0
0.0	44421.0
0.0	46388.0
0.0	41630.0
0.0	39996.0
0.0	45364.0
0.0	41294.0
0.0	41961.0
0.0	43017.0
0.0	38416.0
0.0	42962.0
0.0	41249.0
0.0	46136.0
0.0	42041.0
0.0	44803.0
0.0	38661.0
0.0	44041.0
0.0	46674.0
0.0	46699.0
0.0	41414.0
0.0	41942.0
0.0	42836.0
0.0	43555.0
0.0	40224.0
0.0	42963.0
0.0	40471.0
0.0	41233.0
0.0	46864.0
0.0	41628.0
0.0	42445.0
0.0	42786.0
0.0	44270.0
0.0	39959.0
0.0	41218.0
0.0	42281.0
0.0	46285.0
0.0	45063.0
0.0	41244.0
0.0	38713.0
0.0	47530.0
0.0	42103.0
0.0	45834.0
0.0	42233.0
0.0	45874.0
0.0	45132.0
0.0	44603.0
0.0	44456.0
0.0	43971.0
0.0	46876.0
0.0	41375.0
0.0	45536.0
0.0	46087.0
0.0	42003.0
0.0	42558.0
0.0	42474.0
0.0	39336.0
0.0	42619.0
0.0	39267.0
0.0	44798.0
0.0	43366.0
0.0	42081.0
0.0	44533.0
0.0	45285.0
0.0	51665.0
0.0	43771.0
0.0	47753.0
0.0	46019.0
0.0	48724.0
0.0	41745.0
0.0	40577.0
0.0	40847.0
0.0	42894.0
0.0	44040.0
0.0	41196.0
0.0	40781.0
0.0	43351.0
0.0	50552.0
0.0	42395.0
0.0	44213.0
0.0	40930.0
0.0	47791.0
0.0	43891.0
0.0	39164.0
0.0	43541.0
0.0	45671.0
0.0	48329.0
0.0	40015.0
0.0	41317.0
0.0	42488.0
0.0	41226.0
0.0	40424.0
0.0	41377.0
0.0	45317.0
0.0	40491.0
0.0	43795.0
0.0	43305.0
0.0	43228.0
0.0	40855.0
0.0	42693.0
0.0	49058.0
0.0	41776.0
0.0	41788.0
0.0	43078.0
0.0	41042.0
0.0	46157.0
0.0	44084.0
0.0	43437.0
0.0	42307.0
0.0	46316.0
0.0	44549.0
0.0	40595.0
0.0	44229.0
0.0	40021.0
0.0	42440.0
0.0	42022.0
0.0	41468.0
0.0	44548.0
0.0	44290.0
0.0	45055.0
0.0	44925.0
0.0	43048.0
0.0	40105.0
0.0	42968.0
0.0	39870.0
0.0	42282.0
0.0	45091.0
0.0	39890.0
0.0	44760.0
0.0	43186.0
0.0	41814.0
0.0	43020.0
0.0	41481.0
0.0	43002.0
0.0	40739.0
0.0	40852.0
0.0	42327.0
0.0	45081.0
0.0	37932.0
0.0	43364.0
0.0	44641.0
0.0	43823.0
0.0	50283.0
0.0	40702.0
0.0	47731.0
0.0	41771.0
0.0	47054.0
0.0	42106.0
0.0	40087.0
0.0	42488.0
0.0	43438.0
0.0	41022.0
0.0	44338.0
0.0	40853.0
0.0	45221.0
0.0	44012.0
0.0	41158.0
0.0	48177.0
0.0	41695.0
0.0	42053.0
0.0	42989.0
0.0	41957.0
0.0	43852.0
0.0	42248.0
0.0	43190.0
0.0	42059.0
0.0	43256.0
0.0	43432.0
0.0	45238.0
0.0	41976.0
0.0	42712.0
0.0	43641.0
0.0	41490.0
0.0	37969.0
0.0	46972.0
0.0	43600.0
0.0	46355.0
0.0	48218.0
0.0	46176.0
0.0	43954.0
0.0	40311.0
0.0	39864.0
0.0	42781.0
0.0	43012.0
0.0	42191.0
0.0	51318.0
0.0	42099.0
0.0	42361.0
0.0	50777.0
0.0	42581.0
0.0	46462.0
0.0	44167.0
0.0	45727.0
0.0	40040.0
0.0	43610.0
0.0	41137.0
0.0	44220.0
0.0	43091.0
0.0	42864.0
0.0	41230.0
0.0	45116.0
0.0	44358.0
0.0	43336.0
0.0	42106.0
0.0	42750.0
0.0	43060.0
0.0	40495.0
0.0	45340.0
0.0	42752.0
0.0	43346.0
0.0	45385.0
0.0	47506.0
0.0	41739.0
0.0	38923.0
0.0	43939.0
0.0	44418.0
0.0	43815.0
0.0	39266.0
0.0	43380.0
0.0	41709.0
0.0	39832.0
0.0	42136.0
0.0	38527.0
0.0	42712.0
0.0	44641.0
0.0	42220.0
0.0	41191.0
0.0	41231.0
0.0	42580.0
0.0	46354.0
0.0	40995.0
0.0	40900.0
0.0	43785.0
0.0	41744.0
0.0	43720.0
0.0	42048.0
0.0	46389.0
0.0	44392.0
0.0	46346.0
0.0	41223.0
0.0	40100.0
0.0	43046.0
0.0	40859.0
0.0	44039.0
0.0	43551.0
0.0	42318.0
0.0	46739.0
0.0	40434.0
0.0	40949.0
0.0	39138.0
0.0	45922.0
0.0	45756.0
0.0	44729.0
0.0	43500.0
0.0	38886.0
0.0	38377.0
0.0	40696.0
0.0	41821.0
0.0	40799.0
0.0	36049.0
0.0	47153.0
0.0	43524.0
0.0	46216.0
0.0	45036.0
0.0	40702.0
0.0	42572.0
0.0	44005.0
0.0	44836.0
0.0	41302.0
0.0	44261.0
0.0	45625.0
0.0	41457.0
0.0	39674.0
0.0	40684.0
0.0	42440.0
0.0	41343.0
0.0	43682.0
0.0	40813.0
0.0	39070.0
0.0	42758.0
0.0	43862.0
0.0	42178.0
0.0	45232.0
0.0	40893.0
0.0	37594.0
0.0	37019.0
0.0	46380.0
0.0	42435.0
0.0	41750.0
0.0	42550.0
0.0	41717.0
0.0	44675.0
0.0	42387.0
0.0	41360.0
0.0	42191.0
0.0	41927.0
0.0	41434.0
0.0	41529.0
0.0	44770.0
0.0	42187.0
0.0	48657.0
0.0	44204.0
0.0	36051.0
0.0	41753.0
0.0	44687.0
0.0	41419.0
0.0	42423.0
0.0	41386.0
0.0	39168.0
0.0	42821.0
0.0	41497.0
0.0	41815.0
0.0	44159.0
0.0	40231.0
0.0	41399.0
0.0	45447.0
0.0	44658.0
0.0	46489.0
0.0	46817.0
0.0	44505.0
0.0	47421.0
0.0	43240.0
0.0	46484.0
0.0	45651.0
0.0	37117.0
0.0	42537.0
0.0	40086.0
0.0	39250.0
0.0	43847.0
0.0	41575.0
0.0	45039.0
0.0	38841.0
0.0	46391.0
0.0	41384.0
0.0	39206.0
0.0	48687.0
0.0	44708.0
0.0	46578.0
0.0	42765.0
0.0	48082.0
0.0	44836.0
0.0	46922.0
0.0	39998.0
0.0	43597.0
0.0	43913.0
0.0	44244.0
0.0	39844.0
0.0	43121.0
0.0	45163.0
0.0	41155.0
0.0	45945.0
0.0	38025.0
0.0	46738.0
0.0	40950.0
0.0	43697.0
0.0	43747.0
0.0	44051.0
0.0	39163.0
0.0	44451.0
0.0	40365.0
0.0	42240.0
0.0	43403.0
0.0	46085.0
0.0	41476.0
0.0	43745.0
0.0	41102.0
0.0	41641.0
0.0	42777.0
0.0	42128.0
0.0	44302.0
0.0	41535.0
0.0	43826.0
0.0	41249.0
0.0	42328.0
0.0	45775.0
0.0	46849.0
0.0	46751.0
0.0	40372.0
0.0	41023.0
0.0	39709.0
0.0	40320.0
0.0	45419.0
0.0	44887.0
0.0	44169.0
0.0	43160.0
0.0	41951.0
0.0	45696.0
0.0	46140.0
0.0	43519.0
0.0	43366.0
0.0	46159.0
0.0	45307.0
0.0	44853.0
0.0	40829.0
0.0	42545.0
0.0	44212.0
0.0	40203.0
0.0	45331.0
0.0	43222.0
0.0	42590.0
0.0	46334.0
0.0	42897.0
0.0	43903.0
0.0	46448.0
0.0	40814.0
0.0	42471.0
0.0	41953.0
0.0	40948.0
0.0	42438.0
0.0	40690.0
0.0	40424.0
0.0	47491.0
0.0	46698.0
0.0	42168.0
0.0	42558.0
0.0	46084.0
0.0	43584.0
0.0	45424.0
0.0	42355.0
0.0	47446.0
0.0	40451.0
0.0	44999.0
0.0	45380.0
0.0	38949.0
0.0	45675.0
0.0	48411.0
0.0	40386.0
0.0	43152.0
0.0	44411.0
0.0	43941.0
0.0	42712.0
0.0	46236.0
0.0	39333.0
0.0	45338.0
0.0	41550.0
0.0	42568.0
0.0	39182.0
0.0	37633.0
0.0	43758.0
0.0	43596.0
0.0	44130.0
0.0	41237.0
0.0	40936.0
0.0	45245.0
0.0	46774.0
0.0	42992.0
0.0	43852.0
0.0	46320.0
0.0	47677.0
0.0	43933.0
0.0	41752.0
0.0	44258.0
0.0	41596.0
0.0	39440.0
0.0	45716.0
0.0	40811.0
0.0	42937.0
0.0	44867.0
0.0	45291.0
0.0	43239.0
0.0	47515.0
0.0	41639.0
0.0	44390.0
0.0	45063.0
0.0	41943.0
0.0	40887.0
0.0	44168.0
0.0	42495.0
0.0	41317.0
0.0	44768.0
0.0	44278.0
0.0	39370.0
0.0	47369.0
0.0	41692.0
0.0	38954.0
0.0	43439.0
0.0	43047.0
0.0	44642.0
0.0	43841.0
0.0	43206.0
0.0	40993.0
0.0	43158.0
0.0	42001.0
0.0	40033.0
0.0	44154.0
0.0	44228.0
0.0	43650.0
0.0	43835.0
0.0	38276.0
0.0	43099.0
0.0	45724.0
0.0	45822.0
0.0	44805.0
0.0	37558.0
0.0	44951.0
0.0	38722.0
0.0	42333.0
0.0	45596.0
0.0	42412.0
0.0	45829.0
0.0	46555.0
0.0	45865.0
0.0	45199.0
0.0	44245.0
0.0	47364.0
0.0	44206.0
0.0	43128.0
0.0	43581.0
0.0	47202.0
0.0	41730.0
0.0	42957.0
0.0	43491.0
0.0	48591.0
0.0	44533.0
0.0	42905.0
0.0	43223.0
0.0	39277.0
0.0	42232.0
0.0	44493.0
0.0	45403.0
0.0	43024.0
0.0	38008.0
0.0	44543.0
0.0	41006.0
0.0	37355.0
0.0	41108.0
0.0	42326.0
0.0	37874.0
0.0	43273.0
0.0	45719.0
0.0	47542.0
0.0	45290.0
0.0	42941.0
0.0	43854.0
0.0	41785.0
0.0	44874.0
0.0	41931.0
0.0	43829.0
0.0	42263.0
0.0	41777.0
0.0	43467.0
0.0	40048.0
0.0	43567.0
0.0	39400.0
0.0	42542.0
0.0	41199.0
0.0	45049.0
0.0	43508.0
0.0	45726.0
0.0	40101.0
0.0	36639.0
0.0	41571.0
0.0	42904.0
0.0	41011.0
0.0	43736.0
0.0	41340.0
0.0	42333.0
0.0	43185.0
0.0	43773.0
0.0	46683.0
0.0	44660.0
0.0	46126.0
0.0	44238.0
0.0	44908.0
0.0	42604.0
0.0	43530.0
0.0	41153.0
0.0	38659.0
0.0	40340.0
0.0	48610.0
0.0	44622.0
0.0	46060.0
0.0	39153.0
0.0	43894.0
0.0	40840.0
0.0	35950.0
0.0	42796.0
0.0	43201.0
0.0	44223.0
0.0	40448.0
0.0	44239.0
0.0	46375.0
0.0	40891.0
0.0	44165.0
0.0	44923.0
0.0	39123.0
0.0	43189.0
0.0	37844.0
0.0	41851.0
0.0	46413.0
0.0	43493.0
0.0	43360.0
0.0	42090.0
0.0	38257.0
0.0	42833.0
0.0	40970.0
0.0	42486.0
0.0	40583.0
0.0	43002.0
0.0	40801.0
0.0	43326.0
0.0	45952.0
0.0	41851.0
0.0	43883.0
0.0	47029.0
0.0	45702.0
0.0	42085.0
0.0	42788.0
0.0	34818.0
0.0	44081.0
0.0	42691.0
0.0	44042.0
0.0	42688.0
0.0	44666.0
0.0	41045.0
0.0	43000.0
0.0	43952.0
0.0	42750.0
0.0	45350.0
0.0	40261.0
0.0	46201.0
0.0	44062.0
0.0	42022.0
0.0	44395.0
0.0	42536.0
0.0	43924.0
0.0	37224.0
0.0	43970.0
0.0	45097.0
0.0	41207.0
0.0	44793.0
0.0	47321.0
0.0	48151.0
0.0	47172.0
0.0	44844.0
0.0	41699.0
0.0	36201.0
0.0	42046.0
0.0	44433.0
0.0	47036.0
0.0	40387.0
0.0	41752.0
0.0	40983.0
0.0	41043.0
0.0	43160.0
0.0	43486.0
0.0	43220.0
0.0	45195.0
0.0	39285.0
0.0	39476.0
0.0	54345.0
0.0	43498.0
0.0	42647.0
0.0	45374.0
0.0	46761.0
0.0	44055.0
0.0	39634.0
0.0	39718.0
0.0	39460.0
0.0	44948.0
0.0	45133.0
0.0	44327.0
0.0	43312.0
0.0	43347.0
0.0	44762.0
0.0	38271.0
0.0	41453.0
0.0	42857.0
0.0	45019.0
0.0	39845.0
0.0	44510.0
0.0	46312.0
0.0	42113.0
0.0	39963.0
0.0	40831.0
0.0	47618.0
0.0	41704.0
0.0	38248.0
0.0	43221.0
0.0	45895.0
0.0	43824.0
0.0	41334.0
0.0	44440.0
0.0	44943.0
0.0	39964.0
0.0	40532.0
0.0	45888.0
0.0	43847.0
0.0	45624.0
0.0	42524.0
0.0	37592.0
0.0	42887.0
0.0	43217.0
0.0	45956.0
0.0	46362.0
0.0	45490.0
0.0	44692.0
0.0	42085.0
0.0	44619.0
0.0	39681.0
0.0	42094.0
0.0	41084.0
0.0	45996.0
0.0	43719.0
0.0	44834.0
0.0	44402.0
0.0	44331.0
0.0	38111.0
0.0	42623.0
0.0	40665.0
0.0	41608.0
0.0	45477.0
0.0	42724.0
0.0	44534.0
0.0	44778.0
0.0	43616.0
0.0	45219.0
0.0	47664.0
0.0	40367.0
0.0	48686.0
0.0	42042.0
0.0	42158.0
0.0	42457.0
0.0	42801.0
0.0	41248.0
0.0	43003.0
0.0	41725.0
0.0	41731.0
0.0	43144.0
0.0	47247.0
0.0	42694.0
0.0	39656.0
0.0	44932.0
0.0	35671.0
0.0	43548.0
0.0	40044.0
0.0	38500.0
0.0	45218.0
0.0	37295.0
0.0	42297.0
0.0	46030.0
0.0	43365.0
0.0	43347.0
0.0	42073.0
0.0	38387.0
0.0	39550.0
0.0	42927.0
0.0	44274.0
0.0	49029.0
0.0	44463.0
0.0	44094.0
0.0	38965.0
0.0	43126.0
0.0	41958.0
0.0	43873.0
0.0	42662.0
0.0	40592.0
0.0	44194.0
0.0	43338.0
0.0	41917.0
0.0	39909.0
0.0	42467.0
0.0	48300.0
0.0	44717.0
0.0	46867.0
0.0	45665.0
0.0	43032.0
0.0	43247.0
0.0	50329.0
0.0	42778.0
0.0	42657.0
0.0	43480.0
0.0	40108.0
0.0	43123.0
0.0	38505.0
0.0	47023.0
0.0	44783.0
0.0	42394.0
0.0	46454.0
0.0	42980.0
0.0	45860.0
0.0	42090.0
0.0	44873.0
0.0	42198.0
0.0	45627.0
0.0	45572.0
0.0	40843.0
0.0	40976.0
0.0	42693.0
0.0	43668.0
0.0	38792.0
0.0	47605.0
0.0	44405.0
0.0	42309.0
0.0	43061.0
0.0	40450.0
0.0	41234.0
0.0	42068.0
0.0	44431.0
0.0	39118.0
0.0	45828.0
0.0	49632.0
0.0	42638.0
0.0	47363.0
0.0	41323.0
0.0	44021.0
0.0	43078.0
0.0	46330.0
0.0	40026.0
0.0	46383.0
0.0	41963.0
0.0	44028.0
0.0	42018.0
0.0	44686.0
0.0	41096.0
0.0	46092.0
0.0	44248.0
0.0	46368.0
0.0	45768.0
0.0	42436.0
0.0	46956.0
0.0	44620.0
0.0	42060.0
0.0	45907.0
0.0	44570.0
0.0	42291.0
0.0	41658.0
0.0	40845.0
0.0	38516.0
0.0	41528.0
0.0	40357.0
0.0	43905.0
0.0	52926.0
0.0	40159.0
0.0	42479.0
0.0	40882.0
0.0	45036.0
0.0	45268.0
0.0	41941.0
0.0	44763.0
0.0	40839.0
0.0	42143.0
0.0	44408.0
0.0	46995.0
0.0	43430.0
0.0	42980.0
0.0	39569.0
0.0	44535.0
0.0	45183.0
0.0	42170.0
0.0	42463.0
0.0	41035.0
0.0	42936.0
0.0	43372.0
0.0	42922.0
0.0	41374.0
0.0	42208.0
0.0	40257.0
0.0	42707.0
0.0	42786.0
0.0	48342.0
0.0	41645.0
0.0	45512.0
0.0	42380.0
0.0	44435.0
0.0	43038.0
0.0	42694.0
0.0	45494.0
0.0	43382.0
0.0	43989.0
0.0	44742.0
0.0	45395.0
0.0	43246.0
0.0	43922.0
0.0	48321.0
0.0	37784.0
0.0	43927.0
0.0	43772.0
0.0	41964.0
0.0	38720.0
0.0	38928.0
0.0	38990.0
0.0	40290.0
0.0	51073.0
0.0	40822.0
0.0	41430.0
0.0	43095.0
0.0	42765.0
0.0	39660.0
0.0	37225.0
0.0	42201.0
0.0	44649.0
0.0	44627.0
0.0	44227.0
0.0	44327.0
0.0	37580.0
0.0	41975.0
0.0	40515.0
0.0	41677.0
0.0	44119.0
0.0	44128.0
0.0	40859.0
0.0	40419.0
0.0	47604.0
0.0	44903.0
0.0	45146.0
0.0	42166.0
0.0	45435.0
0.0	42994.0
0.0	45993.0
0.0	41532.0
0.0	42720.0
0.0	42512.0
0.0	47241.0
0.0	45031.0
0.0	45404.0
0.0	44434.0
0.0	43859.0
0.0	43331.0
0.0	42825.0
0.0	44423.0
0.0	42673.0
0.0	40823.0
0.0	44108.0
0.0	38679.0
0.0	45413.0
0.0	41611.0
0.0	41739.0
0.0	40763.0
0.0	41728.0
0.0	43072.0
0.0	40732.0
0.0	39989.0
0.0	39815.0
0.0	42831.0
0.0	41297.0
0.0	48324.0
0.0	45815.0
0.0	44259.0
0.0	43772.0
0.0	40659.0
0.0	43368.0
0.0	42680.0
0.0	39784.0
0.0	41827.0
0.0	44156.0
0.0	45201.0
0.0	44633.0
0.0	42150.0
0.0	43126.0
0.0	42691.0
0.0	42607.0
0.0	40504.0
0.0	43320.0
0.0	38487.0
0.0	40147.0
0.0	42437.0
0.0	45382.0
0.0	45119.0
0.0	43257.0
0.0	44643.0
0.0	39844.0
0.0	40646.0
0.0	44138.0
0.0	44579.0
0.0	42536.0
0.0	41120.0
0.0	42999.0
0.0	46518.0
0.0	45823.0
0.0	44875.0
0.0	40683.0
0.0	41860.0
0.0	45171.0
0.0	41229.0
0.0	45110.0
0.0	40165.0
0.0	41887.0
0.0	42605.0
0.0	37153.0
0.0	38058.0
0.0	43738.0
0.0	43658.0
0.0	43110.0
0.0	40775.0
0.0	39835.0
0.0	41782.0
0.0	45764.0
0.0	46361.0
0.0	44233.0
0.0	40692.0
0.0	44730.0
0.0	41237.0
0.0	45043.0
0.0	46440.0
0.0	43564.0
0.0	43215.0
0.0	42890.0
0.0	38756.0
0.0	39986.0
0.0	38759.0
0.0	39059.0
0.0	45490.0
0.0	44629.0
0.0	40071.0
0.0	48249.0
0.0	43336.0
0.0	46811.0
0.0	46612.0
0.0	45417.0
0.0	41694.0
0.0	44279.0
0.0	42801.0
0.0	43122.0
0.0	39935.0
0.0	45465.0
0.0	46250.0
0.0	45955.0
0.0	46372.0
0.0	39135.0
0.0	41272.0
0.0	43151.0
0.0	44696.0
0.0	44093.0
0.0	43186.0
0.0	45068.0
0.0	46726.0
0.0	46421.0
0.0	50559.0
0.0	45424.0
0.0	47292.0
0.0	42171.0
0.0	45097.0
0.0	42137.0
0.0	43885.0
0.0	44525.0
0.0	43273.0
0.0	43994.0
0.0	44223.0
0.0	39919.0
0.0	42007.0
0.0	41257.0
0.0	43357.0
0.0	40044.0
0.0	40056.0
0.0	39733.0
0.0	40996.0
0.0	43503.0
0.0	43040.0
0.0	45888.0
0.0	38113.0
0.0	42841.0
0.0	48344.0
0.0	42967.0
0.0	41710.0
0.0	42374.0
0.0	43415.0
0.0	45293.0
0.0	40551.0
0.0	43574.0
0.0	43838.0
0.0	45876.0
0.0	45156.0
0.0	42411.0
0.0	43110.0
0.0	38706.0
0.0	47250.0
0.0	42449.0
0.0	48435.0
0.0	46483.0
0.0	42862.0
0.0	43062.0
0.0	46572.0
0.0	45791.0
0.0	43014.0
0.0	43629.0
0.0	47652.0
0.0	41760.0
0.0	43853.0
0.0	40799.0
0.0	42093.0
0.0	41454.0
0.0	46208.0
0.0	41145.0
0.0	44629.0
0.0	42151.0
0.0	44488.0
0.0	42061.0
0.0	44117.0
0.0	44354.0
0.0	44855.0
0.0	45515.0
0.0	44947.0
0.0	40412.0
0.0	40827.0
0.0	36569.0
0.0	41164.0
0.0	42441.0
0.0	48000.0
0.0	44614.0
0.0	45763.0
0.0	42746.0
0.0	40636.0
0.0	43347.0
0.0	43890.0
0.0	46960.0
0.0	47517.0
0.0	46039.0
0.0	36519.0
0.0	45154.0
0.0	43855.0
0.0	45263.0
0.0	40109.0
0.0	46360.0
0.0	41932.0
0.0	43487.0
0.0	42306.0
0.0	40850.0
0.0	43259.0
0.0	41469.0
0.0	41782.0
0.0	43894.0
0.0	42431.0
0.0	43727.0
0.0	45173.0
0.0	43710.0
0.0	42392.0
0.0	43990.0
0.0	42855.0
0.0	45259.0
0.0	43746.0
0.0	38424.0
0.0	42403.0
0.0	41831.0
0.0	43171.0
0.0	48358.0
0.0	41766.0
0.0	42221.0
0.0	45198.0
0.0	44744.0
0.0	41850.0
0.0	48455.0
0.0	42333.0
0.0	42930.0
0.0	43658.0
0.0	42820.0
0.0	45589.0
0.0	43800.0
0.0	40104.0
0.0	40019.0
0.0	46688.0
0.0	47786.0
0.0	39582.0
0.0	45685.0
0.0	44598.0
0.0	51000.0
0.0	44039.0
0.0	40918.0
0.0	43672.0
0.0	41697.0
0.0	42278.0
0.0	48182.0
0.0	47635.0
0.0	45271.0
0.0	36252.0
0.0	43160.0
0.0	41726.0
0.0	42635.0
0.0	43987.0
0.0	43250.0
0.0	43550.0
0.0	39736.0
0.0	40824.0
0.0	46319.0
0.0	41561.0
0.0	41954.0
0.0	41980.0
0.0	41872.0
0.0	44384.0
0.0	43106.0
0.0	41054.0
0.0	43856.0
0.0	46350.0
0.0	38234.0
0.0	42875.0
0.0	45097.0
0.0	41412.0
0.0	46166.0
0.0	42976.0
0.0	44598.0
0.0	45584.0
0.0	41521.0
0.0	43272.0
0.0	41208.0
0.0	44358.0
0.0	39663.0
0.0	35409.0
0.0	51515.0
0.0	43616.0
0.0	43722.0
0.0	45780.0
0.0	40979.0
0.0	44102.0
0.0	44350.0
0.0	44421.0
0.0	42394.0
0.0	42191.0
0.0	44086.0
0.0	40751.0
0.0	43689.0
0.0	42777.0
0.0	47215.0
0.0	42642.0
0.0	46278.0
0.0	46164.0
0.0	43491.0
0.0	43063.0
0.0	39854.0
0.0	40286.0
0.0	47127.0
0.0	40908.0
0.0	46092.0
0.0	42458.0
0.0	43347.0
0.0	44783.0
0.0	43478.0
0.0	44170.0
0.0	44952.0
0.0	41090.0
0.0	41581.0
0.0	45445.0
0.0	39436.0
0.0	44758.0
0.0	45052.0
0.0	42918.0
0.0	47020.0
0.0	44857.0
0.0	45786.0
0.0	41936.0
0.0	42564.0
0.0	41539.0
0.0	42947.0
0.0	42505.0
0.0	37831.0
0.0	36785.0
0.0	50505.0
0.0	44934.0
0.0	42974.0
0.0	45010.0
0.0	43353.0
0.0	43975.0
0.0	41549.0
0.0	41608.0
0.0	46427.0
0.0	43366.0
0.0	41545.0
0.0	41682.0
0.0	43301.0
0.0	46792.0
0.0	42201.0
0.0	44659.0
0.0	45173.0
0.0	49565.0
0.0	40603.0
0.0	42724.0
0.0	44805.0
0.0	39571.0
0.0	43547.0
0.0	43256.0
0.0	41281.0
0.0	46968.0
0.0	42043.0
0.0	43664.0
0.0	47069.0
0.0	44262.0
0.0	45819.0
0.0	44149.0
0.0	44850.0
0.0	47080.0
0.0	50191.0
0.0	42267.0
0.0	43850.0
0.0	41158.0
0.0	43013.0
0.0	43957.0
0.0	42259.0
0.0	45611.0
0.0	44308.0
0.0	45636.0
0.0	46670.0
0.0	44697.0
0.0	43741.0
0.0	46085.0
0.0	40863.0
0.0	47414.0
0.0	46627.0
0.0	43317.0
0.0	44176.0
0.0	46287.0
0.0	40876.0
0.0	43113.0
0.0	42006.0
0.0	40136.0
0.0	41892.0
0.0	41062.0
0.0	44829.0
0.0	38466.0
0.0	43683.0
0.0	44183.0
0.0	45319.0
0.0	45886.0
0.0	43703.0
0.0	42879.0
0.0	42926.0
0.0	40295.0
0.0	45736.0
0.0	44062.0
0.0	40396.0
0.0	40647.0
0.0	42653.0
0.0	45493.0
0.0	47105.0
0.0	43624.0
0.0	44459.0
0.0	41627.0
0.0	45062.0
0.0	41751.0
0.0	42675.0
0.0	47270.0
0.0	41895.0
0.0	42009.0
0.0	42050.0
0.0	44649.0
0.0	36771.0
0.0	39529.0
0.0	42332.0
0.0	43732.0
0.0	41250.0
0.0	42575.0
0.0	40618.0
0.0	41722.0
0.0	43857.0
0.0	45556.0
0.0	44995.0
0.0	42896.0
0.0	46543.0
0.0	37234.0
0.0	42754.0
0.0	44374.0
0.0	45469.0
0.0	47874.0
0.0	41818.0
0.0	39892.0
0.0	34765.0
0.0	44543.0
0.0	44622.0
0.0	42872.0
0.0	39093.0
0.0	38910.0
0.0	43202.0
0.0	41822.0
0.0	43631.0
0.0	36606.0
0.0	40859.0
0.0	43608.0
0.0	40016.0
0.0	44126.0
0.0	41383.0
0.0	42542.0
0.0	45069.0
0.0	40851.0
0.0	43387.0
0.0	40637.0
0.0	44418.0
0.0	42022.0
0.0	41964.0
0.0	43219.0
0.0	45837.0
0.0	42900.0
0.0	43753.0
0.0	44369.0
0.0	42282.0
0.0	39356.0
0.0	44771.0
0.0	42909.0
0.0	43436.0
0.0	41759.0
0.0	36792.0
0.0	37967.0
0.0	40402.0
0.0	43510.0
0.0	42494.0
0.0	43635.0
0.0	39816.0
0.0	42000.0
0.0	40207.0
0.0	47898.0
0.0	42405.0
0.0	40157.0
0.0	47673.0
0.0	42263.0
0.0	40869.0
0.0	39936.0
0.0	43039.0
0.0	47983.0
0.0	43064.0
0.0	43842.0
0.0	41562.0
0.0	45612.0
0.0	48712.0
0.0	43854.0
0.0	42389.0
0.0	43270.0
0.0	45393.0
0.0	44667.0
0.0	40954.0
0.0	40341.0
0.0	46792.0
0.0	40859.0
0.0	44137.0
0.0	36294.0
0.0	43362.0
0.0	40990.0
0.0	42145.0
0.0	42823.0
0.0	42180.0
0.0	40715.0
0.0	43621.0
0.0	44204.0
0.0	41108.0
0.0	39191.0
0.0	44569.0
0.0	44013.0
0.0	48265.0
0.0	41329.0
0.0	42869.0
0.0	40706.0
0.0	41181.0
0.0	43073.0
0.0	40036.0
0.0	42139.0
0.0	44866.0
0.0	42396.0
0.0	42756.0
0.0	51174.0
0.0	46386.0
0.0	46305.0
0.0	45614.0
0.0	42857.0
0.0	44220.0
0.0	43159.0
0.0	40634.0
0.0	38314.0
0.0	42476.0
0.0	39103.0
0.0	40677.0
0.0	45168.0
0.0	42118.0
0.0	42494.0
0.0	42884.0
0.0	41416.0
0.0	43626.0
0.0	40722.0
0.0	43201.0
0.0	45749.0
0.0	44981.0
0.0	45795.0
0.0	45772.0
0.0	39410.0
0.0	40644.0
0.0	42929.0
0.0	41085.0
0.0	41507.0
0.0	42476.0
0.0	42722.0
0.0	40146.0
0.0	40859.0
0.0	45201.0
0.0	39241.0
0.0	44834.0
0.0	45834.0
0.0	42090.0
0.0	43570.0
0.0	44538.0
0.0	43256.0
0.0	47750.0
0.0	44151.0
0.0	40213.0
0.0	42460.0
0.0	41106.0
0.0	37655.0
0.0	38441.0
0.0	43706.0
0.0	38577.0
0.0	44566.0
0.0	40525.0
0.0	42207.0
0.0	36445.0
0.0	43202.0
0.0	45064.0
0.0	44412.0
0.0	46922.0
0.0	41085.0
0.0	41400.0
0.0	40100.0
0.0	42839.0
0.0	42335.0
0.0	42272.0
0.0	44347.0
0.0	43956.0
0.0	40053.0
0.0	47607.0
0.0	41205.0
0.0	47243.0
0.0	42884.0
0.0	44262.0
0.0	43274.0
0.0	39814.0
0.0	45941.0
0.0	39966.0
0.0	40103.0
0.0	43786.0
0.0	45487.0
0.0	47709.0
0.0	42923.0
0.0	41745.0
0.0	43525.0
0.0	43561.0
0.0	40873.0
0.0	41877.0
0.0	40444.0
0.0	41175.0
0.0	44403.0
0.0	40127.0
0.0	41615.0
0.0	40504.0
0.0	43033.0
0.0	45983.0
0.0	40765.0
0.0	39625.0
0.0	43982.0
0.0	47752.0
0.0	44131.0
0.0	41533.0
0.0	42949.0
0.0	40679.0
0.0	38335.0
0.0	41817.0
0.0	44176.0
0.0	41770.0
0.0	42950.0
0.0	42379.0
0.0	42723.0
0.0	42336.0
0.0	42790.0
0.0	45954.0
0.0	43557.0
0.0	42980.0
0.0	49664.0
0.0	42262.0
0.0	44984.0
0.0	44127.0
0.0	43038.0
0.0	45167.0
0.0	41256.0
0.0	43002.0
0.0	40477.0
0.0	44255.0
0.0	42886.0
0.0	42783.0
0.0	42624.0
0.0	46390.0
0.0	44986.0
0.0	43035.0
0.0	39536.0
0.0	42574.0
0.0	40837.0
0.0	45497.0
0.0	47060.0
0.0	45710.0
0.0	46030.0
0.0	41324.0
0.0	44070.0
0.0	44801.0
0.0	42390.0
0.0	42356.0
0.0	44273.0
0.0	40489.0
0.0	38727.0
0.0	45804.0
0.0	44058.0
0.0	48383.0
0.0	40482.0
0.0	41693.0
0.0	40491.0
0.0	48278.0
0.0	43465.0
0.0	45979.0
0.0	44273.0
0.0	45575.0
0.0	41326.0
0.0	41991.0
0.0	41537.0
0.0	46285.0
0.0	45855.0
0.0	41251.0
0.0	40988.0
0.0	45855.0
0.0	46013.0
0.0	43178.0
0.0	38415.0
0.0	42033.0
0.0	42595.0
0.0	43929.0
0.0	44561.0
0.0	41539.0
0.0	41880.0
0.0	40542.0
0.0	44746.0
0.0	48183.0
0.0	43902.0
0.0	45034.0
0.0	40314.0
0.0	44676.0
0.0	42235.0
0.0	41530.0
0.0	45673.0
0.0	43312.0
0.0	37448.0
0.0	44300.0
0.0	39903.0
0.0	45337.0
0.0	46233.0
0.0	38446.0
0.0	42864.0
0.0	42215.0
0.0	43920.0
0.0	43865.0
0.0	42473.0
0.0	45021.0
0.0	45955.0
0.0	43277.0
0.0	44344.0
0.0	47124.0
0.0	43586.0
0.0	43670.0
0.0	43732.0
0.0	42293.0
0.0	41608.0
0.0	40298.0
0.0	40195.0
0.0	39607.0
0.0	40922.0
0.0	42949.0
0.0	43797.0
0.0	45272.0
0.0	43784.0
0.0	40537.0
0.0	43251.0
0.0	44757.0
0.0	42455.0
0.0	41076.0
0.0	41905.0
0.0	47025.0
0.0	39328.0
0.0	38483.0
0.0	43605.0
0.0	39690.0
0.0	43353.0
0.0	45209.0
0.0	43574.0
0.0	45937.0
0.0	41933.0
0.0	43777.0
0.0	44851.0
0.0	41932.0
0.0	41176.0
0.0	41983.0
0.0	42493.0
0.0	42620.0
0.0	41836.0
0.0	46949.0
0.0	40425.0
0.0	44167.0
0.0	45794.0
0.0	43996.0
0.0	43798.0
0.0	45697.0
0.0	41258.0
0.0	39838.0
0.0	41267.0
0.0	38503.0
0.0	42031.0
0.0	38288.0
0.0	46367.0
0.0	42359.0
0.0	41599.0
0.0	44684.0
0.0	45351.0
0.0	38352.0
0.0	46019.0
0.0	47537.0
0.0	39550.0
0.0	41570.0
0.0	40803.0
0.0	40902.0
0.0	43918.0
0.0	40812.0
0.0	41300.0
0.0	43769.0
0.0	41887.0
0.0	41714.0
0.0	44686.0
0.0	42300.0
0.0	41559.0
0.0	41140.0
0.0	40592.0
0.0	38053.0
0.0	43783.0
0.0	43033.0
0.0	44217.0
0.0	40105.0
0.0	37392.0
0.0	43791.0
0.0	45233.0
0.0	43399.0
0.0	39503.0
0.0	44074.0
0.0	43730.0
0.0	43379.0
0.0	41542.0
0.0	43506.0
0.0	43519.0
0.0	44913.0
0.0	43886.0
0.0	42723.0
0.0	34929.0
0.0	43789.0
0.0	44267.0
0.0	40620.0
0.0	40164.0
0.0	43276.0
0.0	40006.0
0.0	41665.0
0.0	43357.0
0.0	41137.0
0.0	45121.0
0.0	44296.0
0.0	43350.0
0.0	39383.0
0.0	45634.0
0.0	43772.0
0.0	43368.0
0.0	46700.0
0.0	39716.0
0.0	41586.0
0.0	44498.0
0.0	42111.0
0.0	40106.0
0.0	44589.0
0.0	45138.0
0.0	41328.0
0.0	44307.0
0.0	40046.0
0.0	44739.0
0.0	40759.0
0.0	42889.0
0.0	40792.0
0.0	44461.0
0.0	40477.0
0.0	45655.0
0.0	41114.0
0.0	44344.0
0.0	44498.0
0.0	41256.0
0.0	38494.0
0.0	46545.0
0.0	42088.0
0.0	42953.0
0.0	45559.0
0.0	46791.0
0.0	41161.0
0.0	45285.0
0.0	40654.0
0.0	43605.0
0.0	42912.0
0.0	42323.0
0.0	42998.0
0.0	43006.0
0.0	42741.0
0.0	40877.0
0.0	45820.0
0.0	41470.0
0.0	45367.0
0.0	42812.0
0.0	37548.0
0.0	40552.0
0.0	42885.0
0.0	44058.0
0.0	44073.0
0.0	44925.0
0.0	42851.0
0.0	43263.0
0.0	42423.0
0.0	44027.0
0.0	43613.0
0.0	42627.0
0.0	48549.0
0.0	40380.0
0.0	43503.0
0.0	39496.0
0.0	42142.0
0.0	42200.0
0.0	46367.0
0.0	44638.0
0.0	43924.0
0.0	44702.0
0.0	47008.0
0.0	42143.0
0.0	47211.0
0.0	39316.0
0.0	42023.0
0.0	37884.0
0.0	41462.0
0.0	46173.0
0.0	44587.0
0.0	42102.0
0.0	45731.0
0.0	39369.0
0.0	43291.0
0.0	43296.0
0.0	40432.0
0.0	45479.0
0.0	43760.0
0.0	39669.0
0.0	42083.0
0.0	43600.0
0.0	45184.0
0.0	44816.0
0.0	42739.0
0.0	43821.0
0.0	62433.0
0.0	43029.0
0.0	45779.0
0.0	46824.0
0.0	48864.0
0.0	42902.0
0.0	40119.0
0.0	41749.0
0.0	42517.0
0.0	46552.0
0.0	45123.0
0.0	40927.0
0.0	43839.0
0.0	40947.0
0.0	41367.0
0.0	41981.0
0.0	42997.0
0.0	44056.0
0.0	43076.0
0.0	42472.0
0.0	42709.0
0.0	39667.0
0.0	43989.0
0.0	40914.0
0.0	39904.0
0.0	43842.0
0.0	42429.0
0.0	39132.0
0.0	43419.0
0.0	40975.0
0.0	38804.0
0.0	40872.0
0.0	43351.0
0.0	42650.0
0.0	42651.0
0.0	43296.0
0.0	44610.0
0.0	44338.0
0.0	46787.0
0.0	45569.0
0.0	44344.0
0.0	42279.0
0.0	46773.0
0.0	40805.0
0.0	43971.0
0.0	46226.0
0.0	37536.0
0.0	45047.0
0.0	43766.0
0.0	45074.0
0.0	41779.0
0.0	43159.0
0.0	46247.0
0.0	42858.0
0.0	41780.0
0.0	38986.0
0.0	43097.0
0.0	40660.0
0.0	44766.0
0.0	44093.0
0.0	41508.0
0.0	42496.0
0.0	43133.0
0.0	40948.0
0.0	42014.0
0.0	44521.0
0.0	43446.0
0.0	41459.0
0.0	42266.0
0.0	43403.0
0.0	44628.0
0.0	47226.0
0.0	42360.0
0.0	42479.0
0.0	47236.0
0.0	44121.0
0.0	41907.0
0.0	42007.0
0.0	43233.0
0.0	46339.0
0.0	42638.0
0.0	44077.0
0.0	43037.0
0.0	42746.0
0.0	49096.0
0.0	39185.0
0.0	42403.0
0.0	41172.0
0.0	43720.0
0.0	41806.0
0.0	44809.0
0.0	45920.0
0.0	38866.0
0.0	43194.0
0.0	44870.0
0.0	45610.0
0.0	43903.0
0.0	45682.0
0.0	43163.0
0.0	44346.0
0.0	42350.0
0.0	43677.0
0.0	44307.0
0.0	44095.0
0.0	44844.0
0.0	43893.0
0.0	40980.0
0.0	42709.0
0.0	40297.0
0.0	44718.0
0.0	39576.0
0.0	44352.0
0.0	45196.0
0.0	45431.0
0.0	43416.0
0.0	41839.0
0.0	40468.0
0.0	40562.0
0.0	42188.0
0.0	40836.0
0.0	43203.0
0.0	45355.0
0.0	40212.0
0.0	40544.0
0.0	44623.0
0.0	45094.0
0.0	45219.0
0.0	45899.0
0.0	44660.0
0.0	42365.0
0.0	42838.0
0.0	43279.0
0.0	41322.0
0.0	42654.0
0.0	45901.0
0.0	43938.0
0.0	42080.0
0.0	45333.0
0.0	44892.0
0.0	48968.0
0.0	40909.0
0.0	45632.0
0.0	40699.0
0.0	40192.0
0.0	45705.0
0.0	42712.0
0.0	44599.0
0.0	47653.0
0.0	39542.0
0.0	42760.0
0.0	42740.0
0.0	41267.0
0.0	48291.0
0.0	38958.0
0.0	43992.0
0.0	41489.0
0.0	43939.0
0.0	38851.0
0.0	37278.0
0.0	42520.0
0.0	44958.0
0.0	42857.0
0.0	41463.0
0.0	43858.0
0.0	42581.0
0.0	42154.0
0.0	43741.0
0.0	38061.0
0.0	41758.0
0.0	43612.0
0.0	42151.0
0.0	41768.0
0.0	39665.0
0.0	41356.0
0.0	42605.0
0.0	42520.0
0.0	41148.0
0.0	45517.0
0.0	41198.0
0.0	42717.0
0.0	41886.0
0.0	41121.0
0.0	40835.0
0.0	45962.0
0.0	42736.0
0.0	44157.0
0.0	45800.0
0.0	41542.0
0.0	45347.0
0.0	42434.0
0.0	41274.0
0.0	43090.0
0.0	44045.0
0.0	42131.0
0.0	43385.0
0.0	44870.0
0.0	38481.0
0.0	43427.0
0.0	40334.0
0.0	44595.0
0.0	42552.0
0.0	44521.0
0.0	45993.0
0.0	41516.0
0.0	44932.0
0.0	44371.0
0.0	45185.0
0.0	41543.0
0.0	43864.0
0.0	41814.0
0.0	43671.0
0.0	44953.0
0.0	40693.0
0.0	44557.0
0.0	43820.0
0.0	43965.0
0.0	42956.0
0.0	43118.0
0.0	43912.0
0.0	40070.0
0.0	38823.0
0.0	45099.0
0.0	39713.0
0.0	42743.0
0.0	45724.0
0.0	43055.0
0.0	45602.0
0.0	42535.0
0.0	45120.0
0.0	45481.0
0.0	42260.0
0.0	41983.0
0.0	40271.0
0.0	42964.0
0.0	41551.0
0.0	45191.0
0.0	48759.0
0.0	39715.0
0.0	44957.0
0.0	40524.0
0.0	43286.0
0.0	44223.0
0.0	45515.0
0.0	42785.0
0.0	45818.0
0.0	45062.0
0.0	44661.0
0.0	45113.0
0.0	49025.0
0.0	41535.0
0.0	41016.0
0.0	45629.0
0.0	41095.0
0.0	42798.0
0.0	41546.0
0.0	41300.0
0.0	42942.0
0.0	44263.0
0.0	40562.0
0.0	39677.0
0.0	42189.0
0.0	42793.0
0.0	45076.0
0.0	36694.0
0.0	44312.0
0.0	41268.0
0.0	40666.0
0.0	42476.0
0.0	41689.0
0.0	42354.0
0.0	44766.0
0.0	42852.0
0.0	44050.0
0.0	41398.0
0.0	43439.0
0.0	42688.0
0.0	50754.0
0.0	49240.0
0.0	39951.0
0.0	45048.0
0.0	48996.0
0.0	42145.0
0.0	42515.0
0.0	38617.0
0.0	46097.0
0.0	45414.0
0.0	44472.0
0.0	45169.0
0.0	41705.0
0.0	43266.0
0.0	40337.0
0.0	45586.0
0.0	47460.0
0.0	41031.0
0.0	44032.0
0.0	44038.0
0.0	39524.0
0.0	40237.0
0.0	40187.0
0.0	43147.0
0.0	43302.0
0.0	40849.0
0.0	39022.0
0.0	43267.0
0.0	44317.0
0.0	44235.0
0.0	43774.0
0.0	44502.0
0.0	42534.0
0.0	43140.0
0.0	45038.0
0.0	41276.0
0.0	44433.0
0.0	42926.0
0.0	45777.0
0.0	43317.0
0.0	45234.0
0.0	42392.0
0.0	37171.0
0.0	38199.0
0.0	46750.0
0.0	42558.0
0.0	42622.0
0.0	43950.0
0.0	45070.0
0.0	44879.0
0.0	43856.0
0.0	45754.0
0.0	43051.0
0.0	41445.0
0.0	44488.0
0.0	44980.0
0.0	40178.0
0.0	40591.0
0.0	47055.0
0.0	40625.0
0.0	46403.0
0.0	41177.0
0.0	43090.0
0.0	44730.0
0.0	45588.0
0.0	40863.0
0.0	43463.0
0.0	39196.0
0.0	40579.0
0.0	41201.0
0.0	41658.0
0.0	43233.0
0.0	42790.0
0.0	39279.0
0.0	40637.0
0.0	44861.0
0.0	44279.0
0.0	43361.0
0.0	42375.0
0.0	44087.0
0.0	43599.0
0.0	42024.0
0.0	42115.0
0.0	40106.0
0.0	42351.0
0.0	44273.0
0.0	40704.0
0.0	46594.0
0.0	44048.0
0.0	45400.0
0.0	42635.0
0.0	42671.0
0.0	49873.0
0.0	48946.0
0.0	41295.0
0.0	40225.0
0.0	41172.0
0.0	42561.0
0.0	45432.0
0.0	44260.0
0.0	46180.0
0.0	41423.0
0.0	40707.0
0.0	42399.0
0.0	42507.0
0.0	44416.0
0.0	41348.0
0.0	45202.0
0.0	45044.0
0.0	41993.0
0.0	43110.0
0.0	47069.0
0.0	44483.0
0.0	45876.0
0.0	40587.0
0.0	44556.0
0.0	42537.0
0.0	40924.0
0.0	49574.0
0.0	44316.0
0.0	42521.0
0.0	43863.0
0.0	41466.0
0.0	45206.0
0.0	41429.0
0.0	42855.0
0.0	50576.0
0.0	40401.0
0.0	41463.0
0.0	40332.0
0.0	46970.0
0.0	45860.0
0.0	48628.0
0.0	45459.0
0.0	40423.0
0.0	38507.0
0.0	42842.0
0.0	44089.0
0.0	44446.0
0.0	43609.0
0.0	40127.0
0.0	41736.0
0.0	40729.0
0.0	47765.0
0.0	43898.0
0.0	42647.0
0.0	41934.0
0.0	40907.0
0.0	48529.0
0.0	43720.0
0.0	43695.0
0.0	45065.0
0.0	46680.0
0.0	43322.0
0.0	44792.0
0.0	43699.0
0.0	45324.0
0.0	42007.0
0.0	42489.0
0.0	42691.0
0.0	39250.0
0.0	45976.0
0.0	42768.0
0.0	39552.0
0.0	39574.0
0.0	42843.0
0.0	41103.0
0.0	45171.0
0.0	44379.0
0.0	41638.0
0.0	41665.0
0.0	40472.0
0.0	41931.0
0.0	45267.0
0.0	42039.0
0.0	44170.0
0.0	42553.0
0.0	40923.0
0.0	37825.0
0.0	43302.0
0.0	43399.0
0.0	43214.0
0.0	42864.0
0.0	42922.0
0.0	39526.0
0.0	46409.0
0.0	42784.0
0.0	42318.0
0.0	44015.0
0.0	45105.0
0.0	41191.0
0.0	43891.0
0.0	42639.0
0.0	43821.0
0.0	42395.0
0.0	40192.0
0.0	39431.0
0.0	42783.0
0.0	45882.0
0.0	41877.0
0.0	40418.0
0.0	46773.0
0.0	42302.0
0.0	43793.0
0.0	45993.0
0.0	42914.0
0.0	38695.0
0.0	41487.0
0.0	44578.0
0.0	45234.0
0.0	36404.0
0.0	43827.0
0.0	42645.0
0.0	41269.0
0.0	43229.0
0.0	41056.0
0.0	41912.0
0.0	40014.0
0.0	43495.0
0.0	43447.0
0.0	42216.0
0.0	42850.0
0.0	42822.0
0.0	41810.0
0.0	43030.0
0.0	44955.0
0.0	40800.0
0.0	44208.0
0.0	39490.0
0.0	38752.0
0.0	38361.0
0.0	41534.0
0.0	42847.0
0.0	38139.0
0.0	44687.0
0.0	46384.0
0.0	39154.0
0.0	42527.0
0.0	43910.0
0.0	41723.0
0.0	43104.0
0.0	43391.0
0.0	41492.0
0.0	41628.0
0.0	40171.0
0.0	42595.0
0.0	42213.0
0.0	42308.0
0.0	41391.0
0.0	46826.0
0.0	42288.0
0.0	44174.0
0.0	44028.0
0.0	43024.0
0.0	44613.0
0.0	44116.0
0.0	43228.0
0.0	46990.0
0.0	43418.0
0.0	39863.0
0.0	39547.0
0.0	43217.0
0.0	48510.0
0.0	43246.0
0.0	45356.0
0.0	40538.0
0.0	43684.0
0.0	44503.0
0.0	41382.0
0.0	42674.0
0.0	42162.0
0.0	43898.0
0.0	42267.0
0.0	46473.0
0.0	40387.0
0.0	42715.0
0.0	50024.0
0.0	44511.0
0.0	42040.0
0.0	43105.0
0.0	43880.0
0.0	41527.0
0.0	48158.0
0.0	41226.0
0.0	42029.0
0.0	38917.0
0.0	44534.0
0.0	47770.0
0.0	45168.0
0.0	45917.0
0.0	44128.0
0.0	44225.0
0.0	39870.0
0.0	40740.0
0.0	49461.0
0.0	45279.0
0.0	49968.0
0.0	45196.0
0.0	43905.0
0.0	53465.0
0.0	43785.0
0.0	44385.0
0.0	47441.0
0.0	44876.0
0.0	41732.0
0.0	44017.0
0.0	43085.0
0.0	50008.0
0.0	42515.0
0.0	44147.0
0.0	46096.0
0.0	42820.0
0.0	37926.0
0.0	41943.0
0.0	44389.0
0.0	39877.0
0.0	45870.0
0.0	41892.0
0.0	41492.0
0.0	41373.0
0.0	43336.0
0.0	39571.0
0.0	42921.0
0.0	45828.0
0.0	39669.0
0.0	44681.0
0.0	41362.0
0.0	40053.0
0.0	40003.0
0.0	47177.0
0.0	43855.0
0.0	42281.0
0.0	41360.0
0.0	43793.0
0.0	41042.0
0.0	45231.0
0.0	42285.0
0.0	42698.0
0.0	42938.0
0.0	43164.0
0.0	43531.0
0.0	43283.0
0.0	47007.0
0.0	40061.0
0.0	41980.0
0.0	44221.0
0.0	40867.0
0.0	42606.0
0.0	41363.0
0.0	45262.0
0.0	41233.0
0.0	47204.0
0.0	45806.0
0.0	46106.0
0.0	41715.0
0.0	41449.0
0.0	46254.0
0.0	48517.0
0.0	42015.0
0.0	41842.0
0.0	43737.0
0.0	41329.0
0.0	42856.0
0.0	43925.0
0.0	45605.0
0.0	36232.0
0.0	51943.0
0.0	39819.0
0.0	46241.0
0.0	40726.0
0.0	40569.0
0.0	37632.0
0.0	43478.0
0.0	43902.0
0.0	43894.0
0.0	42370.0
0.0	44481.0
0.0	43844.0
0.0	45287.0
0.0	42005.0
0.0	46747.0
0.0	45210.0
0.0	45979.0
0.0	43087.0
0.0	40243.0
0.0	49000.0
0.0	40768.0
0.0	40668.0
0.0	40684.0
0.0	37640.0
0.0	40210.0
0.0	40878.0
0.0	41270.0
0.0	52160.0
0.0	43866.0
0.0	45174.0
0.0	39325.0
0.0	41552.0
0.0	41666.0
0.0	43499.0
0.0	42221.0
0.0	43029.0
0.0	45691.0
0.0	41249.0
0.0	44253.0
0.0	41530.0
0.0	44505.0
0.0	42689.0
0.0	40545.0
0.0	39056.0
0.0	39385.0
0.0	48474.0
0.0	38588.0
0.0	40743.0
0.0	42036.0
0.0	47578.0
0.0	43070.0
0.0	45020.0
0.0	42322.0
0.0	37423.0
0.0	41487.0
0.0	39436.0
0.0	42387.0
0.0	39269.0
0.0	45555.0
0.0	42471.0
0.0	42773.0
0.0	39886.0
0.0	44744.0
0.0	40318.0
0.0	41625.0
0.0	43840.0
0.0	44217.0
0.0	41946.0
0.0	41951.0
0.0	41482.0
0.0	42052.0
0.0	37895.0
0.0	42592.0
0.0	42179.0
0.0	51578.0
0.0	41087.0
0.0	37474.0
0.0	43730.0
0.0	45464.0
0.0	45827.0
0.0	44765.0
0.0	39675.0
0.0	38820.0
0.0	46715.0
0.0	38859.0
0.0	39777.0
0.0	45225.0
0.0	45349.0
0.0	42257.0
0.0	42285.0
0.0	48678.0
0.0	40170.0
0.0	41725.0
0.0	42526.0
0.0	44959.0
0.0	44962.0
0.0	38728.0
0.0	46301.0
0.0	43812.0
0.0	46505.0
0.0	44057.0
0.0	42746.0
0.0	39534.0
0.0	47449.0
0.0	48242.0
0.0	43286.0
0.0	42761.0
0.0	40084.0
0.0	43802.0
0.0	46315.0
0.0	43726.0
0.0	41061.0
0.0	48606.0
0.0	45647.0
0.0	43765.0
0.0	40351.0
0.0	44928.0
0.0	44861.0
0.0	42628.0
0.0	45706.0
0.0	42606.0
0.0	43115.0
0.0	39068.0
0.0	39123.0
0.0	41281.0
0.0	39455.0
0.0	44094.0
0.0	52203.0
0.0	39702.0
0.0	37844.0
0.0	43587.0
0.0	43005.0
0.0	42224.0
0.0	44140.0
0.0	40019.0
0.0	42467.0
0.0	45353.0
0.0	42270.0
0.0	43752.0
0.0	35432.0
0.0	46975.0
0.0	41867.0
0.0	40004.0
0.0	46678.0
0.0	36669.0
0.0	40290.0
0.0	41483.0
0.0	41935.0
0.0	46685.0
0.0	49547.0
0.0	41561.0
0.0	42581.0
0.0	40927.0
0.0	41729.0
0.0	41308.0
0.0	41379.0
0.0	40216.0
0.0	44972.0
0.0	40694.0
0.0	39322.0
0.0	47073.0
0.0	41519.0
0.0	44309.0
0.0	47696.0
0.0	42655.0
0.0	45332.0
0.0	36924.0
0.0	42666.0
0.0	44137.0
0.0	48934.0
0.0	41482.0
0.0	41258.0
0.0	41799.0
0.0	45941.0
0.0	44592.0
0.0	48151.0
0.0	47221.0
0.0	45742.0
0.0	43774.0
0.0	41971.0
0.0	43087.0
0.0	45349.0
0.0	40395.0
0.0	46639.0
0.0	40263.0
0.0	43918.0
0.0	46115.0
0.0	46085.0
0.0	42830.0
0.0	47255.0
0.0	40016.0
0.0	43352.0
0.0	45109.0
0.0	38300.0
0.0	44247.0
0.0	40348.0
0.0	36305.0
0.0	44551.0
0.0	43799.0
0.0	46218.0
0.0	44186.0
0.0	40408.0
0.0	47359.0
0.0	46420.0
0.0	43417.0
0.0	43929.0
0.0	41990.0
0.0	44537.0
0.0	45105.0
0.0	39734.0
0.0	45100.0
0.0	45100.0
0.0	42513.0
0.0	45212.0
0.0	44932.0
0.0	43569.0
0.0	40422.0
0.0	42668.0
0.0	48098.0
0.0	42770.0
0.0	45434.0
0.0	45835.0
0.0	43792.0
0.0	44299.0
0.0	43312.0
0.0	48326.0
0.0	41607.0
0.0	44583.0
0.0	38699.0
0.0	47096.0
0.0	42585.0
0.0	46540.0
0.0	43701.0
0.0	40145.0
0.0	39697.0
0.0	47113.0
0.0	43770.0
0.0	44374.0
0.0	44241.0
0.0	47678.0
0.0	42045.0
0.0	42382.0
0.0	43754.0
0.0	42721.0
0.0	41306.0
0.0	42440.0
0.0	42381.0
0.0	41400.0
0.0	42580.0
0.0	40951.0
0.0	43004.0
0.0	43130.0
0.0	41850.0
0.0	44285.0
0.0	38711.0
0.0	44504.0
0.0	43156.0
0.0	43062.0
0.0	42012.0
0.0	39838.0
0.0	40699.0
0.0	43726.0
0.0	41725.0
0.0	45132.0
0.0	39683.0
0.0	42763.0
0.0	39741.0
0.0	44028.0
0.0	45658.0
0.0	45002.0
0.0	42430.0
0.0	47349.0
0.0	45366.0
0.0	42675.0
0.0	40171.0
0.0	41445.0
0.0	41614.0
0.0	49085.0
0.0	41381.0
0.0	46493.0
0.0	47026.0
0.0	45369.0
0.0	43563.0
0.0	43920.0
0.0	43682.0
0.0	41127.0
0.0	44521.0
0.0	42525.0
0.0	42463.0
0.0	42743.0
0.0	40940.0
0.0	44101.0
0.0	42731.0
0.0	45447.0
0.0	40636.0
0.0	42174.0
0.0	44221.0
0.0	40586.0
0.0	45197.0
0.0	44816.0
0.0	42973.0
0.0	41799.0
0.0	43767.0
0.0	37291.0
0.0	43082.0
0.0	46961.0
0.0	39619.0
0.0	40775.0
0.0	44407.0
0.0	41019.0
0.0	44399.0
0.0	43346.0
0.0	40369.0
0.0	44857.0
0.0	41545.0
0.0	44859.0
0.0	47753.0
0.0	40339.0
0.0	47047.0
0.0	44306.0
0.0	42096.0
0.0	40754.0
0.0	44960.0
0.0	43506.0
0.0	37823.0
0.0	43925.0
0.0	40694.0
0.0	43884.0
0.0	42947.0
0.0	38588.0
0.0	41560.0
0.0	44752.0
0.0	44219.0
0.0	43744.0
0.0	43100.0
0.0	50166.0
0.0	41662.0
0.0	43024.0
0.0	45911.0
0.0	43814.0
0.0	40506.0
0.0	43102.0
0.0	43268.0
0.0	46021.0
0.0	41556.0
0.0	43199.0
0.0	38011.0
0.0	44483.0
0.0	48351.0
0.0	40050.0
0.0	40471.0
0.0	42797.0
0.0	39252.0
0.0	45106.0
0.0	47713.0
0.0	46289.0
0.0	40739.0
0.0	42089.0
0.0	43210.0
0.0	45670.0
0.0	40806.0
0.0	41511.0
0.0	43213.0
0.0	40297.0
0.0	46151.0
0.0	40508.0
0.0	44169.0
0.0	41003.0
0.0	44695.0
0.0	43784.0
0.0	35920.0
0.0	45316.0
0.0	40652.0
0.0	41391.0
0.0	41112.0
0.0	44894.0
0.0	43893.0
0.0	42244.0
0.0	45105.0
0.0	39752.0
0.0	39228.0
0.0	46375.0
0.0	40239.0
0.0	42366.0
0.0	41999.0
0.0	38165.0
0.0	45959.0
0.0	40421.0
0.0	41427.0
0.0	43342.0
0.0	44433.0
0.0	43590.0
0.0	45637.0
0.0	43232.0
0.0	43736.0
0.0	42408.0
0.0	44401.0
0.0	39428.0
0.0	47588.0
0.0	42807.0
0.0	41532.0
0.0	35434.0
0.0	39825.0
0.0	42563.0
0.0	46133.0
0.0	43612.0
0.0	38707.0
0.0	42519.0
0.0	41795.0
0.0	40670.0
0.0	40461.0
0.0	43172.0
0.0	42498.0
0.0	41421.0
0.0	41711.0
0.0	42491.0
0.0	43754.0
0.0	42721.0
0.0	48418.0
0.0	39766.0
0.0	40357.0
0.0	41105.0
0.0	39890.0
0.0	44143.0
0.0	43743.0
0.0	40351.0
0.0	41512.0
0.0	40541.0
0.0	42625.0
0.0	45134.0
0.0	40601.0
0.0	48037.0
0.0	41148.0
0.0	45315.0
0.0	44167.0
0.0	45709.0
0.0	43019.0
0.0	43244.0
0.0	44180.0
0.0	43487.0
0.0	41777.0
0.0	42255.0
0.0	46488.0
0.0	48958.0
0.0	42373.0
0.0	41276.0
0.0	44302.0
0.0	42454.0
0.0	44368.0
0.0	44606.0
0.0	35212.0
0.0	47243.0
0.0	42082.0
0.0	41145.0
0.0	41879.0
0.0	41371.0
0.0	46463.0
0.0	42638.0
0.0	44055.0
0.0	43464.0
0.0	44534.0
0.0	41475.0
0.0	42835.0
0.0	40449.0
0.0	44707.0
0.0	47179.0
0.0	43763.0
0.0	42327.0
0.0	44001.0
0.0	45929.0
0.0	44952.0
0.0	41732.0
0.0	44421.0
0.0	45054.0
0.0	44324.0
0.0	41976.0
0.0	39734.0
0.0	45257.0
0.0	50176.0
0.0	41170.0
0.0	44007.0
0.0	41408.0
0.0	36854.0
0.0	44900.0
0.0	43294.0
0.0	44032.0
0.0	42381.0
0.0	42588.0
0.0	52094.0
0.0	45343.0
0.0	42219.0
0.0	44668.0
0.0	45913.0
0.0	42829.0
0.0	43364.0
0.0	45134.0
0.0	40385.0
0.0	40688.0
0.0	40640.0
0.0	45528.0
0.0	39191.0
0.0	44219.0
0.0	44757.0
0.0	44009.0
0.0	44603.0
0.0	41970.0
0.0	43709.0
0.0	46708.0
0.0	40882.0
0.0	44104.0
0.0	43525.0
0.0	42676.0
0.0	43107.0
0.0	43575.0
0.0	39423.0
0.0	45760.0
0.0	48276.0
0.0	43951.0
0.0	43746.0
0.0	44662.0
0.0	42608.0
0.0	42024.0
0.0	38823.0
0.0	45240.0
0.0	46849.0
0.0	40970.0
0.0	43863.0
0.0	45723.0
0.0	45166.0
0.0	43912.0
0.0	43945.0
0.0	42622.0
0.0	41756.0
0.0	43204.0
0.0	46839.0
0.0	40928.0
0.0	37299.0
0.0	43073.0
0.0	41027.0
0.0	43070.0
0.0	43328.0
0.0	39980.0
0.0	42551.0
0.0	38003.0
0.0	42928.0
0.0	41819.0
0.0	41469.0
0.0	40554.0
0.0	45968.0
0.0	41542.0
0.0	42801.0
0.0	42399.0
0.0	43515.0
0.0	46280.0
0.0	45160.0
0.0	43057.0
0.0	42438.0
0.0	44263.0
0.0	44524.0
0.0	44925.0
0.0	42329.0
0.0	47909.0
0.0	41779.0
0.0	44696.0
0.0	43391.0
0.0	40118.0
0.0	46045.0
0.0	39679.0
0.0	43605.0
0.0	42863.0
0.0	42363.0
0.0	43917.0
0.0	41151.0
0.0	45563.0
0.0	47679.0
0.0	45008.0
0.0	45415.0
0.0	41405.0
0.0	41501.0
0.0	42012.0
0.0	41651.0
0.0	46522.0
0.0	40786.0
0.0	40644.0
0.0	42294.0
0.0	41826.0
0.0	35880.0
0.0	44613.0
0.0	38553.0
0.0	44247.0
0.0	42608.0
0.0	48008.0
0.0	42159.0
0.0	38640.0
0.0	41173.0
0.0	38149.0
0.0	40585.0
0.0	46924.0
0.0	39942.0
0.0	47128.0
0.0	42603.0
0.0	42815.0
0.0	40728.0
0.0	45036.0
0.0	43498.0
0.0	39214.0
0.0	43944.0
0.0	41954.0
0.0	43710.0
0.0	39904.0
0.0	41262.0
0.0	44773.0
0.0	40868.0
0.0	41815.0
0.0	45047.0
0.0	39191.0
0.0	40356.0
0.0	43565.0
0.0	42627.0
0.0	44093.0
0.0	42114.0
0.0	40239.0
0.0	44276.0
0.0	43202.0
0.0	42632.0
0.0	45390.0
0.0	36330.0
0.0	45869.0
0.0	45352.0
0.0	47965.0
0.0	43012.0
0.0	42107.0
0.0	44373.0
0.0	39392.0
0.0	43688.0
0.0	48368.0
0.0	41865.0
0.0	44762.0
0.0	45404.0
0.0	39947.0
0.0	44972.0
0.0	43972.0
0.0	40761.0
0.0	46113.0
0.0	44281.0
0.0	43271.0
0.0	38765.0
0.0	38090.0
0.0	44155.0
0.0	43133.0
0.0	42957.0
0.0	44279.0
0.0	45914.0
0.0	42943.0
0.0	43532.0
0.0	43840.0
0.0	43762.0
0.0	45336.0
0.0	44258.0
0.0	44029.0
0.0	44168.0
0.0	40725.0
0.0	41986.0
0.0	44267.0
0.0	45886.0
0.0	45548.0
0.0	42848.0
0.0	43089.0
0.0	37884.0
0.0	45826.0
0.0	45794.0
0.0	45099.0
0.0	41411.0
0.0	44400.0
0.0	44093.0
0.0	45482.0
0.0	49360.0
0.0	43770.0
0.0	43728.0
0.0	41538.0
0.0	41836.0
0.0	44090.0
0.0	42188.0
0.0	37144.0
0.0	39980.0
0.0	43878.0
0.0	41400.0
0.0	42195.0
0.0	44374.0
0.0	41058.0
0.0	40350.0
0.0	40655.0
0.0	42087.0
0.0	45273.0
0.0	41703.0
0.0	44779.0
0.0	46243.0
0.0	41359.0
0.0	40702.0
0.0	40846.0
0.0	43060.0
0.0	46819.0
0.0	41130.0
0.0	45060.0
0.0	42012.0
0.0	44713.0
0.0	42031.0
0.0	42949.0
0.0	42986.0
0.0	44082.0
0.0	49646.0
0.0	41189.0
0.0	40680.0
0.0	47405.0
0.0	47129.0
0.0	37664.0
0.0	43579.0
0.0	45513.0
0.0	43064.0
0.0	42992.0
0.0	42369.0
0.0	44871.0
0.0	44605.0
0.0	40872.0
0.0	45172.0
0.0	50352.0
0.0	41882.0
0.0	45897.0
0.0	44801.0
0.0	46097.0
0.0	42836.0
0.0	37087.0
0.0	44798.0
0.0	42799.0
0.0	44626.0
0.0	44251.0
0.0	43277.0
0.0	41061.0
0.0	40583.0
0.0	42436.0
0.0	41727.0
0.0	42103.0
0.0	44643.0
0.0	42054.0
0.0	41303.0
0.0	40305.0
0.0	40666.0
0.0	44746.0
0.0	43067.0
0.0	40299.0
0.0	43982.0
0.0	42140.0
0.0	43176.0
0.0	44062.0
0.0	39063.0
0.0	40663.0
0.0	43561.0
0.0	48093.0
0.0	44159.0
0.0	43902.0
0.0	40818.0
0.0	45300.0
0.0	40435.0
0.0	45298.0
0.0	42772.0
0.0	42642.0
0.0	41942.0
0.0	44796.0
0.0	45745.0
0.0	41027.0
0.0	45787.0
0.0	46401.0
0.0	45460.0
0.0	40873.0
0.0	40405.0
0.0	40693.0
0.0	43452.0
0.0	39430.0
0.0	41190.0
0.0	44854.0
0.0	44065.0
0.0	41705.0
0.0	47952.0
0.0	47045.0
0.0	46225.0
0.0	45686.0
0.0	45211.0
0.0	42789.0
0.0	41987.0
0.0	44147.0
0.0	45339.0
0.0	44484.0
0.0	39649.0
0.0	46957.0
0.0	44155.0
0.0	47581.0
0.0	42515.0
0.0	42491.0
0.0	41430.0
0.0	47719.0
0.0	42631.0
0.0	49236.0
0.0	37655.0
0.0	46474.0
0.0	45413.0
0.0	41246.0
0.0	42500.0
0.0	47112.0
0.0	42287.0
0.0	44730.0
0.0	41480.0
0.0	41082.0
0.0	49281.0
0.0	41571.0
0.0	40226.0
0.0	41823.0
0.0	36611.0
0.0	45080.0
0.0	41423.0
0.0	40308.0
0.0	38864.0
0.0	40650.0
0.0	40081.0
0.0	40577.0
0.0	43284.0
0.0	43709.0
0.0	40664.0
0.0	38342.0
0.0	44474.0
0.0	41496.0
0.0	43417.0
0.0	45489.0
0.0	44702.0
0.0	46134.0
0.0	42383.0
0.0	40490.0
0.0	44727.0
0.0	45416.0
0.0	41847.0
0.0	44107.0
0.0	47372.0
0.0	44250.0
0.0	42064.0
0.0	41190.0
0.0	38695.0
0.0	44231.0
0.0	44674.0
0.0	40811.0
0.0	43675.0
0.0	43942.0
0.0	40671.0
0.0	39394.0
0.0	44809.0
0.0	47753.0
0.0	46244.0
0.0	48747.0
0.0	40145.0
0.0	45223.0
0.0	41057.0
0.0	42524.0
0.0	41115.0
0.0	45458.0
0.0	44965.0
0.0	40198.0
0.0	47254.0
0.0	44473.0
0.0	43532.0
0.0	42037.0
0.0	38793.0
0.0	44131.0
0.0	42890.0
0.0	47804.0
0.0	41432.0
0.0	41210.0
0.0	38873.0
0.0	38953.0
0.0	41632.0
0.0	46583.0
0.0	41915.0
0.0	46394.0
0.0	43357.0
0.0	39772.0
0.0	41370.0
0.0	42923.0
0.0	43619.0
0.0	42991.0
0.0	45392.0
0.0	41042.0
0.0	44950.0
0.0	41689.0
0.0	41599.0
0.0	39152.0
0.0	41720.0
0.0	42825.0
0.0	40538.0
0.0	42854.0
0.0	46295.0
0.0	42753.0
0.0	47248.0
0.0	41545.0
0.0	43839.0
0.0	43237.0
0.0	42870.0
0.0	37227.0
0.0	46251.0
0.0	47658.0
0.0	40177.0
0.0	42885.0
0.0	42343.0
0.0	45571.0
0.0	46964.0
0.0	40655.0
0.0	40154.0
0.0	42665.0
0.0	39040.0
0.0	42615.0
0.0	45080.0
0.0	43995.0
0.0	45902.0
0.0	43238.0
0.0	45337.0
0.0	42454.0
0.0	41151.0
0.0	45451.0
0.0	43605.0
0.0	42339.0
0.0	44138.0
0.0	43971.0
0.0	46590.0
0.0	37609.0
0.0	40332.0
0.0	43552.0
0.0	42827.0
0.0	44766.0
0.0	41812.0
0.0	39465.0
0.0	44514.0
0.0	42207.0
0.0	42862.0
0.0	44679.0
0.0	40707.0
0.0	49477.0
0.0	42746.0
0.0	45386.0
0.0	45508.0
0.0	44692.0
0.0	46775.0
0.0	42163.0
0.0	42355.0
0.0	46117.0
0.0	42744.0
0.0	45519.0
0.0	38362.0
0.0	41686.0
0.0	48185.0
0.0	43741.0
0.0	42872.0
0.0	42567.0
0.0	43679.0
0.0	41582.0
0.0	41759.0
0.0	44321.0
0.0	43364.0
0.0	43064.0
0.0	41908.0
0.0	41153.0
0.0	44195.0
0.0	39898.0
0.0	43347.0
0.0	42427.0
0.0	39561.0
0.0	46637.0
0.0	42658.0
0.0	47523.0
0.0	37579.0
0.0	46224.0
0.0	38059.0
0.0	42107.0
0.0	42490.0
0.0	43880.0
0.0	44328.0
0.0	44833.0
0.0	43500.0
0.0	42785.0
0.0	49450.0
0.0	42635.0
0.0	39671.0
0.0	43710.0
0.0	41718.0
0.0	45453.0
0.0	44838.0
0.0	40651.0
0.0	45901.0
0.0	43666.0
0.0	41272.0
0.0	42083.0
0.0	41302.0
0.0	44043.0
0.0	43606.0
0.0	44857.0
0.0	43738.0
0.0	40147.0
0.0	43628.0
0.0	38654.0
0.0	43910.0
0.0	42421.0
0.0	43546.0
0.0	45205.0
0.0	44308.0
0.0	42229.0
0.0	40909.0
0.0	45771.0
0.0	44204.0
0.0	43987.0
0.0	41580.0
0.0	40603.0
0.0	42877.0
0.0	40803.0
0.0	42523.0
0.0	45046.0
0.0	43223.0
0.0	42905.0
0.0	41996.0
0.0	46076.0
0.0	44885.0
0.0	43147.0
0.0	43817.0
0.0	43159.0
0.0	42847.0
0.0	51038.0
0.0	43496.0
0.0	47809.0
0.0	38458.0
0.0	43335.0
0.0	47305.0
0.0	42887.0
0.0	46281.0
0.0	44808.0
0.0	41647.0
0.0	42410.0
0.0	44365.0
0.0	44233.0
0.0	39744.0
0.0	44265.0
0.0	45419.0
0.0	43853.0
0.0	41872.0
0.0	40339.0
0.0	40491.0
0.0	40219.0
0.0	48043.0
0.0	42853.0
0.0	42560.0
0.0	44604.0
0.0	40595.0
0.0	40822.0
0.0	41338.0
0.0	53448.0
0.0	40258.0
0.0	41504.0
0.0	41933.0
0.0	44589.0
0.0	41471.0
0.0	44634.0
0.0	46865.0
0.0	43675.0
0.0	40566.0
0.0	39987.0
0.0	42612.0
0.0	42900.0
0.0	40231.0
0.0	44918.0
0.0	47317.0
0.0	41078.0
0.0	43931.0
0.0	41413.0
0.0	41284.0
0.0	46260.0
0.0	40902.0
0.0	40697.0
0.0	42931.0
0.0	42815.0
0.0	44674.0
0.0	42187.0
0.0	44563.0
0.0	43382.0
0.0	44180.0
0.0	44902.0
0.0	43735.0
0.0	42159.0
0.0	39169.0
0.0	42869.0
0.0	42627.0
0.0	46226.0
0.0	40126.0
0.0	45067.0
0.0	45117.0
0.0	38915.0
0.0	44578.0
0.0	44976.0
0.0	43602.0
0.0	39469.0
0.0	45517.0
0.0	38215.0
0.0	45202.0
0.0	44142.0
0.0	45862.0
0.0	44793.0
0.0	43868.0
0.0	41299.0
0.0	40384.0
0.0	40314.0
0.0	40803.0
0.0	42537.0
0.0	38523.0
0.0	44404.0
0.0	47205.0
0.0	40084.0
0.0	44396.0
0.0	41888.0
0.0	43623.0
0.0	42565.0
0.0	42217.0
0.0	43997.0
0.0	40806.0
0.0	41489.0
0.0	41409.0
0.0	42643.0
0.0	42436.0
0.0	42317.0
0.0	41824.0
0.0	42394.0
0.0	43009.0
0.0	45757.0
0.0	44803.0
0.0	44130.0
0.0	45545.0
0.0	40345.0
0.0	39055.0
0.0	48431.0
0.0	39616.0
0.0	44874.0
0.0	43295.0
0.0	41059.0
0.0	41263.0
0.0	44242.0
0.0	42411.0
0.0	47426.0
0.0	42074.0
0.0	44310.0
0.0	42268.0
0.0	38248.0
0.0	44844.0
0.0	45103.0
0.0	47533.0
0.0	37404.0
0.0	45475.0
0.0	43604.0
0.0	40342.0
0.0	48544.0
0.0	45281.0
0.0	40752.0
0.0	45992.0
0.0	43563.0
0.0	44873.0
0.0	45519.0
0.0	45170.0
0.0	43534.0
0.0	44336.0
0.0	49664.0
0.0	40908.0
0.0	42134.0
0.0	47815.0
0.0	40775.0
0.0	36228.0
0.0	43771.0
0.0	43018.0
0.0	41681.0
0.0	43761.0
0.0	41166.0
0.0	38016.0
0.0	47964.0
0.0	44544.0
0.0	43164.0
0.0	45928.0
0.0	43107.0
0.0	46591.0
0.0	39421.0
0.0	40535.0
0.0	36065.0
0.0	39827.0
0.0	40958.0
0.0	41954.0
0.0	38456.0
0.0	40342.0
0.0	43794.0
0.0	39932.0
0.0	37358.0
0.0	46161.0
0.0	45474.0
0.0	43886.0
0.0	41597.0
0.0	44444.0
0.0	39527.0
0.0	43553.0
0.0	42677.0
0.0	43649.0
0.0	39563.0
0.0	44603.0
0.0	40315.0
0.0	44326.0
0.0	42688.0
0.0	39023.0
0.0	45244.0
0.0	41893.0
0.0	44635.0
0.0	37258.0
0.0	41965.0
0.0	56888.0
0.0	36757.0
0.0	47533.0
0.0	45912.0
0.0	42452.0
0.0	39698.0
0.0	45473.0
0.0	41931.0
0.0	45812.0
0.0	40279.0
0.0	43534.0
0.0	45689.0
0.0	40041.0
0.0	41932.0
0.0	40388.0
0.0	41020.0
0.0	44686.0
0.0	38239.0
0.0	43063.0
0.0	43919.0
0.0	46871.0
0.0	45498.0
0.0	38522.0
0.0	39268.0
0.0	42657.0
0.0	41917.0
0.0	42569.0
0.0	44376.0
0.0	42339.0
0.0	41448.0
0.0	45742.0
0.0	47858.0
0.0	42336.0
0.0	42525.0
0.0	42794.0
0.0	44417.0
0.0	40603.0
0.0	43523.0
0.0	36425.0
0.0	44304.0
0.0	41430.0
0.0	40261.0
0.0	46634.0
0.0	34894.0
0.0	41630.0
0.0	41280.0
0.0	44211.0
0.0	43545.0
0.0	46556.0
0.0	43758.0
0.0	45395.0
0.0	43964.0
0.0	42673.0
0.0	45365.0
0.0	42188.0
0.0	44658.0
0.0	38887.0
0.0	39468.0
0.0	45463.0
0.0	40565.0
0.0	41067.0
0.0	44693.0
0.0	43929.0
0.0	42351.0
0.0	46618.0
0.0	41990.0
0.0	46320.0
0.0	48994.0
0.0	45119.0
0.0	43041.0
0.0	43136.0
0.0	47840.0
0.0	40505.0
0.0	46026.0
0.0	44887.0
0.0	47891.0
0.0	43740.0
0.0	40688.0
0.0	44809.0
0.0	38365.0
0.0	44710.0
0.0	47044.0
0.0	43214.0
0.0	44481.0
0.0	46381.0
0.0	43687.0
0.0	42009.0
0.0	42735.0
0.0	35923.0
0.0	42745.0
0.0	44176.0
0.0	39192.0
0.0	47563.0
0.0	47453.0
0.0	41970.0
0.0	44293.0
0.0	43197.0
0.0	41333.0
0.0	45978.0
0.0	40945.0
0.0	42300.0
0.0	41374.0
0.0	46489.0
0.0	42178.0
0.0	40543.0
0.0	42978.0
0.0	49579.0
0.0	43341.0
0.0	38986.0
0.0	43708.0
0.0	44852.0
0.0	41502.0
0.0	44969.0
0.0	43768.0
0.0	44122.0
0.0	40141.0
0.0	40441.0
0.0	41543.0
0.0	43783.0
0.0	46119.0
0.0	43041.0
0.0	43677.0
0.0	43832.0
0.0	42720.0
0.0	45022.0
0.0	38267.0
0.0	42484.0
0.0	43392.0
0.0	42910.0
0.0	43645.0
0.0	42688.0
0.0	43486.0
0.0	42918.0
0.0	45335.0
0.0	45128.0
0.0	45079.0
0.0	38465.0
0.0	39799.0
0.0	42266.0
0.0	43369.0
0.0	43345.0
0.0	46153.0
0.0	41994.0
0.0	46663.0
0.0	42084.0
0.0	38453.0
0.0	38132.0
0.0	42825.0
0.0	45311.0
0.0	41359.0
0.0	40618.0
0.0	40149.0
0.0	44390.0
0.0	43124.0
0.0	40333.0
0.0	39577.0
0.0	41498.0
0.0	40137.0
0.0	43707.0
0.0	43666.0
0.0	47040.0
0.0	44753.0
0.0	41199.0
0.0	41677.0
0.0	45963.0
0.0	43328.0
0.0	42391.0
0.0	41775.0
0.0	55914.0
0.0	43677.0
0.0	43140.0
0.0	42164.0
0.0	42914.0
0.0	40553.0
0.0	40665.0
0.0	41127.0
0.0	42642.0
0.0	41168.0
0.0	39578.0
0.0	42110.0
0.0	41282.0
0.0	37621.0
0.0	40895.0
0.0	45677.0
0.0	41917.0
0.0	44776.0
0.0	46493.0
0.0	41715.0
0.0	42937.0
0.0	40627.0
0.0	44344.0
0.0	40099.0
0.0	44524.0
0.0	44927.0
0.0	46279.0
0.0	42442.0
0.0	38767.0
0.0	43753.0
0.0	45543.0
0.0	43927.0
0.0	41462.0
0.0	44507.0
0.0	42455.0
0.0	46026.0
0.0	45590.0
0.0	42387.0
0.0	41653.0
0.0	39118.0
0.0	43572.0
0.0	44076.0
0.0	42915.0
0.0	45892.0
0.0	47538.0
0.0	43311.0
0.0	40628.0
0.0	43431.0
0.0	40274.0
0.0	43917.0
0.0	42758.0
0.0	46703.0
0.0	40556.0
0.0	39551.0
0.0	43298.0
0.0	42078.0
0.0	42069.0
0.0	46345.0
0.0	43929.0
0.0	41517.0
0.0	44010.0
0.0	40068.0
0.0	42151.0
0.0	42768.0
0.0	44060.0
0.0	41989.0
0.0	43913.0
0.0	41355.0
0.0	42670.0
0.0	42710.0
0.0	47643.0
0.0	40587.0
0.0	41088.0
0.0	42235.0
0.0	40852.0
0.0	42397.0
0.0	43299.0
0.0	43935.0
0.0	41438.0
0.0	40521.0
0.0	41538.0
0.0	41187.0
0.0	42101.0
0.0	43284.0
0.0	43876.0
0.0	43420.0
0.0	45548.0
0.0	44113.0
0.0	42711.0
0.0	44484.0
0.0	43156.0
0.0	44002.0
0.0	48009.0
0.0	46793.0
0.0	37595.0
0.0	41701.0
0.0	41901.0
0.0	39233.0
0.0	43915.0
0.0	40615.0
0.0	42557.0
0.0	44860.0
0.0	39992.0
0.0	43973.0
0.0	40413.0
0.0	41541.0
0.0	47236.0
0.0	41103.0
0.0	43953.0
0.0	44680.0
0.0	41288.0
0.0	43466.0
0.0	40034.0
0.0	40043.0
0.0	47307.0
0.0	38838.0
0.0	40090.0
0.0	40408.0
0.0	40252.0
0.0	42628.0
0.0	47312.0
0.0	44501.0
0.0	40796.0
0.0	41161.0
0.0	42372.0
0.0	45038.0
0.0	43141.0
0.0	41840.0
0.0	39671.0
0.0	41317.0
0.0	43844.0
0.0	41660.0
0.0	41776.0
0.0	46570.0
0.0	44873.0
0.0	40190.0
0.0	44169.0
0.0	47826.0
0.0	42872.0
0.0	43623.0
0.0	42707.0
0.0	43747.0
0.0	43574.0
0.0	47143.0
0.0	43393.0
0.0	46043.0
0.0	42395.0
0.0	43710.0
0.0	42843.0
0.0	39312.0
0.0	44184.0
0.0	43586.0
0.0	43250.0
0.0	42191.0
0.0	41620.0
0.0	44139.0
0.0	47971.0
0.0	38347.0
0.0	41694.0
0.0	42548.0
0.0	42969.0
0.0	43584.0
0.0	40652.0
0.0	42152.0
0.0	45005.0
0.0	42263.0
0.0	38725.0
0.0	38449.0
0.0	44169.0
0.0	44744.0
0.0	45757.0
0.0	44641.0
0.0	43180.0
0.0	47846.0
0.0	42013.0
0.0	44196.0
0.0	42031.0
0.0	41035.0
0.0	43950.0
0.0	45473.0
0.0	43636.0
0.0	40693.0
0.0	42802.0
0.0	46255.0
0.0	42522.0
0.0	43267.0
0.0	44851.0
0.0	41109.0
0.0	45350.0
0.0	42160.0
