#SA random K-SAT
#N=65536  nIter=524288  alpha=9.4   NSamples=1853
#av(e)	18.91095520777118
#std(e)	0.16373337078590725
22.0	524288.0
18.0	524288.0
11.0	524288.0
23.0	524288.0
16.0	524288.0
20.0	524288.0
19.0	524288.0
25.0	524288.0
22.0	524288.0
22.0	524288.0
27.0	524288.0
25.0	524288.0
11.0	524288.0
22.0	524288.0
17.0	524288.0
15.0	524288.0
10.0	524288.0
19.0	524288.0
11.0	524288.0
24.0	524288.0
14.0	524288.0
12.0	524288.0
34.0	524288.0
26.0	524288.0
10.0	524288.0
19.0	524288.0
24.0	524288.0
25.0	524288.0
23.0	524288.0
25.0	524288.0
14.0	524288.0
20.0	524288.0
15.0	524288.0
10.0	524288.0
15.0	524288.0
19.0	524288.0
27.0	524288.0
28.0	524288.0
18.0	524288.0
13.0	524288.0
18.0	524288.0
30.0	524288.0
43.0	524288.0
21.0	524288.0
14.0	524288.0
30.0	524288.0
20.0	524288.0
15.0	524288.0
24.0	524288.0
13.0	524288.0
31.0	524288.0
24.0	524288.0
15.0	524288.0
29.0	524288.0
12.0	524288.0
19.0	524288.0
9.0	524288.0
15.0	524288.0
18.0	524288.0
19.0	524288.0
27.0	524288.0
7.0	524288.0
22.0	524288.0
36.0	524288.0
27.0	524288.0
15.0	524288.0
21.0	524288.0
20.0	524288.0
15.0	524288.0
14.0	524288.0
24.0	524288.0
10.0	524288.0
9.0	524288.0
16.0	524288.0
17.0	524288.0
20.0	524288.0
15.0	524288.0
13.0	524288.0
31.0	524288.0
20.0	524288.0
20.0	524288.0
20.0	524288.0
15.0	524288.0
20.0	524288.0
28.0	524288.0
20.0	524288.0
11.0	524288.0
13.0	524288.0
29.0	524288.0
30.0	524288.0
18.0	524288.0
13.0	524288.0
14.0	524288.0
30.0	524288.0
27.0	524288.0
18.0	524288.0
18.0	524288.0
16.0	524288.0
17.0	524288.0
27.0	524288.0
18.0	524288.0
20.0	524288.0
21.0	524288.0
17.0	524288.0
18.0	524288.0
18.0	524288.0
19.0	524288.0
19.0	524288.0
19.0	524288.0
21.0	524288.0
18.0	524288.0
28.0	524288.0
13.0	524288.0
34.0	524288.0
6.0	524288.0
15.0	524288.0
18.0	524288.0
37.0	524288.0
22.0	524288.0
31.0	524288.0
13.0	524288.0
13.0	524288.0
32.0	524288.0
19.0	524288.0
33.0	524288.0
25.0	524288.0
27.0	524288.0
13.0	524288.0
29.0	524288.0
26.0	524288.0
12.0	524288.0
24.0	524288.0
15.0	524288.0
28.0	524288.0
24.0	524288.0
10.0	524288.0
21.0	524288.0
15.0	524288.0
9.0	524288.0
9.0	524288.0
26.0	524288.0
13.0	524288.0
18.0	524288.0
13.0	524288.0
12.0	524288.0
16.0	524288.0
15.0	524288.0
26.0	524288.0
22.0	524288.0
18.0	524288.0
14.0	524288.0
15.0	524288.0
12.0	524288.0
21.0	524288.0
28.0	524288.0
14.0	524288.0
20.0	524288.0
12.0	524288.0
18.0	524288.0
22.0	524288.0
15.0	524288.0
19.0	524288.0
16.0	524288.0
21.0	524288.0
28.0	524288.0
14.0	524288.0
12.0	524288.0
15.0	524288.0
16.0	524288.0
27.0	524288.0
11.0	524288.0
13.0	524288.0
30.0	524288.0
13.0	524288.0
14.0	524288.0
16.0	524288.0
27.0	524288.0
22.0	524288.0
14.0	524288.0
23.0	524288.0
43.0	524288.0
23.0	524288.0
7.0	524288.0
33.0	524288.0
35.0	524288.0
25.0	524288.0
22.0	524288.0
13.0	524288.0
25.0	524288.0
21.0	524288.0
16.0	524288.0
18.0	524288.0
22.0	524288.0
5.0	524288.0
34.0	524288.0
13.0	524288.0
10.0	524288.0
26.0	524288.0
23.0	524288.0
28.0	524288.0
13.0	524288.0
19.0	524288.0
14.0	524288.0
24.0	524288.0
8.0	524288.0
20.0	524288.0
15.0	524288.0
17.0	524288.0
9.0	524288.0
34.0	524288.0
15.0	524288.0
27.0	524288.0
24.0	524288.0
25.0	524288.0
13.0	524288.0
15.0	524288.0
16.0	524288.0
25.0	524288.0
18.0	524288.0
24.0	524288.0
22.0	524288.0
19.0	524288.0
12.0	524288.0
11.0	524288.0
8.0	524288.0
18.0	524288.0
19.0	524288.0
18.0	524288.0
15.0	524288.0
11.0	524288.0
21.0	524288.0
16.0	524288.0
13.0	524288.0
20.0	524288.0
12.0	524288.0
22.0	524288.0
27.0	524288.0
14.0	524288.0
9.0	524288.0
19.0	524288.0
33.0	524288.0
19.0	524288.0
19.0	524288.0
21.0	524288.0
36.0	524288.0
27.0	524288.0
15.0	524288.0
31.0	524288.0
23.0	524288.0
13.0	524288.0
24.0	524288.0
13.0	524288.0
9.0	524288.0
15.0	524288.0
10.0	524288.0
25.0	524288.0
25.0	524288.0
10.0	524288.0
17.0	524288.0
18.0	524288.0
13.0	524288.0
12.0	524288.0
19.0	524288.0
21.0	524288.0
23.0	524288.0
25.0	524288.0
15.0	524288.0
24.0	524288.0
8.0	524288.0
28.0	524288.0
18.0	524288.0
12.0	524288.0
24.0	524288.0
15.0	524288.0
23.0	524288.0
14.0	524288.0
9.0	524288.0
20.0	524288.0
24.0	524288.0
33.0	524288.0
24.0	524288.0
12.0	524288.0
20.0	524288.0
27.0	524288.0
5.0	524288.0
10.0	524288.0
28.0	524288.0
19.0	524288.0
17.0	524288.0
15.0	524288.0
6.0	524288.0
23.0	524288.0
14.0	524288.0
16.0	524288.0
32.0	524288.0
18.0	524288.0
24.0	524288.0
12.0	524288.0
24.0	524288.0
12.0	524288.0
21.0	524288.0
6.0	524288.0
8.0	524288.0
17.0	524288.0
15.0	524288.0
26.0	524288.0
21.0	524288.0
26.0	524288.0
32.0	524288.0
25.0	524288.0
10.0	524288.0
17.0	524288.0
16.0	524288.0
15.0	524288.0
14.0	524288.0
22.0	524288.0
30.0	524288.0
22.0	524288.0
26.0	524288.0
16.0	524288.0
17.0	524288.0
30.0	524288.0
13.0	524288.0
23.0	524288.0
32.0	524288.0
30.0	524288.0
19.0	524288.0
9.0	524288.0
21.0	524288.0
16.0	524288.0
21.0	524288.0
25.0	524288.0
16.0	524288.0
14.0	524288.0
20.0	524288.0
10.0	524288.0
20.0	524288.0
14.0	524288.0
23.0	524288.0
17.0	524288.0
23.0	524288.0
18.0	524288.0
21.0	524288.0
11.0	524288.0
20.0	524288.0
26.0	524288.0
4.0	524288.0
18.0	524288.0
22.0	524288.0
26.0	524288.0
25.0	524288.0
12.0	524288.0
14.0	524288.0
18.0	524288.0
25.0	524288.0
10.0	524288.0
16.0	524288.0
23.0	524288.0
25.0	524288.0
23.0	524288.0
17.0	524288.0
19.0	524288.0
16.0	524288.0
6.0	524288.0
17.0	524288.0
15.0	524288.0
15.0	524288.0
11.0	524288.0
21.0	524288.0
16.0	524288.0
23.0	524288.0
15.0	524288.0
23.0	524288.0
20.0	524288.0
26.0	524288.0
18.0	524288.0
10.0	524288.0
14.0	524288.0
9.0	524288.0
23.0	524288.0
32.0	524288.0
42.0	524288.0
17.0	524288.0
18.0	524288.0
13.0	524288.0
32.0	524288.0
18.0	524288.0
22.0	524288.0
23.0	524288.0
10.0	524288.0
8.0	524288.0
10.0	524288.0
19.0	524288.0
15.0	524288.0
22.0	524288.0
24.0	524288.0
17.0	524288.0
12.0	524288.0
16.0	524288.0
18.0	524288.0
18.0	524288.0
20.0	524288.0
14.0	524288.0
16.0	524288.0
26.0	524288.0
9.0	524288.0
16.0	524288.0
11.0	524288.0
10.0	524288.0
25.0	524288.0
24.0	524288.0
12.0	524288.0
28.0	524288.0
17.0	524288.0
19.0	524288.0
22.0	524288.0
12.0	524288.0
10.0	524288.0
14.0	524288.0
9.0	524288.0
24.0	524288.0
24.0	524288.0
22.0	524288.0
21.0	524288.0
16.0	524288.0
18.0	524288.0
17.0	524288.0
9.0	524288.0
19.0	524288.0
16.0	524288.0
26.0	524288.0
15.0	524288.0
12.0	524288.0
27.0	524288.0
18.0	524288.0
16.0	524288.0
9.0	524288.0
15.0	524288.0
37.0	524288.0
30.0	524288.0
19.0	524288.0
15.0	524288.0
14.0	524288.0
24.0	524288.0
17.0	524288.0
24.0	524288.0
15.0	524288.0
20.0	524288.0
37.0	524288.0
20.0	524288.0
19.0	524288.0
36.0	524288.0
20.0	524288.0
17.0	524288.0
24.0	524288.0
34.0	524288.0
21.0	524288.0
11.0	524288.0
18.0	524288.0
20.0	524288.0
20.0	524288.0
15.0	524288.0
19.0	524288.0
29.0	524288.0
20.0	524288.0
23.0	524288.0
27.0	524288.0
28.0	524288.0
13.0	524288.0
16.0	524288.0
15.0	524288.0
16.0	524288.0
24.0	524288.0
26.0	524288.0
15.0	524288.0
24.0	524288.0
8.0	524288.0
17.0	524288.0
7.0	524288.0
11.0	524288.0
11.0	524288.0
15.0	524288.0
17.0	524288.0
15.0	524288.0
23.0	524288.0
10.0	524288.0
17.0	524288.0
11.0	524288.0
21.0	524288.0
16.0	524288.0
27.0	524288.0
19.0	524288.0
16.0	524288.0
19.0	524288.0
17.0	524288.0
17.0	524288.0
18.0	524288.0
18.0	524288.0
8.0	524288.0
24.0	524288.0
17.0	524288.0
12.0	524288.0
22.0	524288.0
9.0	524288.0
19.0	524288.0
21.0	524288.0
15.0	524288.0
11.0	524288.0
7.0	524288.0
32.0	524288.0
11.0	524288.0
30.0	524288.0
20.0	524288.0
24.0	524288.0
8.0	524288.0
17.0	524288.0
25.0	524288.0
20.0	524288.0
18.0	524288.0
20.0	524288.0
13.0	524288.0
23.0	524288.0
14.0	524288.0
26.0	524288.0
19.0	524288.0
16.0	524288.0
36.0	524288.0
15.0	524288.0
15.0	524288.0
21.0	524288.0
8.0	524288.0
14.0	524288.0
14.0	524288.0
12.0	524288.0
25.0	524288.0
27.0	524288.0
20.0	524288.0
28.0	524288.0
15.0	524288.0
9.0	524288.0
11.0	524288.0
31.0	524288.0
29.0	524288.0
16.0	524288.0
12.0	524288.0
24.0	524288.0
20.0	524288.0
17.0	524288.0
33.0	524288.0
12.0	524288.0
30.0	524288.0
14.0	524288.0
16.0	524288.0
20.0	524288.0
24.0	524288.0
23.0	524288.0
16.0	524288.0
14.0	524288.0
37.0	524288.0
13.0	524288.0
14.0	524288.0
11.0	524288.0
21.0	524288.0
13.0	524288.0
16.0	524288.0
11.0	524288.0
24.0	524288.0
22.0	524288.0
14.0	524288.0
13.0	524288.0
28.0	524288.0
21.0	524288.0
12.0	524288.0
15.0	524288.0
22.0	524288.0
23.0	524288.0
14.0	524288.0
31.0	524288.0
24.0	524288.0
11.0	524288.0
20.0	524288.0
12.0	524288.0
6.0	524288.0
13.0	524288.0
22.0	524288.0
8.0	524288.0
17.0	524288.0
8.0	524288.0
22.0	524288.0
8.0	524288.0
26.0	524288.0
27.0	524288.0
18.0	524288.0
24.0	524288.0
12.0	524288.0
13.0	524288.0
22.0	524288.0
19.0	524288.0
17.0	524288.0
30.0	524288.0
12.0	524288.0
17.0	524288.0
20.0	524288.0
7.0	524288.0
25.0	524288.0
11.0	524288.0
21.0	524288.0
17.0	524288.0
7.0	524288.0
18.0	524288.0
30.0	524288.0
9.0	524288.0
20.0	524288.0
28.0	524288.0
33.0	524288.0
5.0	524288.0
13.0	524288.0
20.0	524288.0
23.0	524288.0
12.0	524288.0
19.0	524288.0
21.0	524288.0
10.0	524288.0
23.0	524288.0
29.0	524288.0
24.0	524288.0
15.0	524288.0
26.0	524288.0
14.0	524288.0
12.0	524288.0
13.0	524288.0
16.0	524288.0
5.0	524288.0
23.0	524288.0
8.0	524288.0
20.0	524288.0
7.0	524288.0
23.0	524288.0
6.0	524288.0
15.0	524288.0
20.0	524288.0
14.0	524288.0
26.0	524288.0
16.0	524288.0
16.0	524288.0
22.0	524288.0
22.0	524288.0
22.0	524288.0
13.0	524288.0
14.0	524288.0
5.0	524288.0
21.0	524288.0
18.0	524288.0
14.0	524288.0
12.0	524288.0
14.0	524288.0
17.0	524288.0
22.0	524288.0
20.0	524288.0
11.0	524288.0
16.0	524288.0
18.0	524288.0
26.0	524288.0
16.0	524288.0
13.0	524288.0
12.0	524288.0
17.0	524288.0
23.0	524288.0
26.0	524288.0
18.0	524288.0
9.0	524288.0
19.0	524288.0
23.0	524288.0
18.0	524288.0
18.0	524288.0
9.0	524288.0
20.0	524288.0
17.0	524288.0
20.0	524288.0
10.0	524288.0
8.0	524288.0
26.0	524288.0
9.0	524288.0
24.0	524288.0
13.0	524288.0
25.0	524288.0
16.0	524288.0
24.0	524288.0
12.0	524288.0
7.0	524288.0
34.0	524288.0
12.0	524288.0
20.0	524288.0
35.0	524288.0
14.0	524288.0
16.0	524288.0
8.0	524288.0
20.0	524288.0
16.0	524288.0
27.0	524288.0
21.0	524288.0
11.0	524288.0
20.0	524288.0
10.0	524288.0
15.0	524288.0
31.0	524288.0
19.0	524288.0
14.0	524288.0
16.0	524288.0
23.0	524288.0
17.0	524288.0
36.0	524288.0
29.0	524288.0
24.0	524288.0
15.0	524288.0
22.0	524288.0
18.0	524288.0
27.0	524288.0
20.0	524288.0
27.0	524288.0
19.0	524288.0
22.0	524288.0
15.0	524288.0
19.0	524288.0
12.0	524288.0
26.0	524288.0
29.0	524288.0
22.0	524288.0
15.0	524288.0
22.0	524288.0
11.0	524288.0
20.0	524288.0
18.0	524288.0
16.0	524288.0
28.0	524288.0
17.0	524288.0
13.0	524288.0
12.0	524288.0
28.0	524288.0
14.0	524288.0
8.0	524288.0
29.0	524288.0
18.0	524288.0
15.0	524288.0
10.0	524288.0
19.0	524288.0
18.0	524288.0
14.0	524288.0
26.0	524288.0
12.0	524288.0
18.0	524288.0
19.0	524288.0
11.0	524288.0
20.0	524288.0
26.0	524288.0
19.0	524288.0
19.0	524288.0
21.0	524288.0
21.0	524288.0
13.0	524288.0
31.0	524288.0
31.0	524288.0
12.0	524288.0
16.0	524288.0
30.0	524288.0
25.0	524288.0
13.0	524288.0
16.0	524288.0
21.0	524288.0
14.0	524288.0
26.0	524288.0
27.0	524288.0
19.0	524288.0
17.0	524288.0
7.0	524288.0
22.0	524288.0
7.0	524288.0
22.0	524288.0
32.0	524288.0
12.0	524288.0
11.0	524288.0
21.0	524288.0
24.0	524288.0
26.0	524288.0
14.0	524288.0
18.0	524288.0
23.0	524288.0
10.0	524288.0
26.0	524288.0
14.0	524288.0
19.0	524288.0
17.0	524288.0
13.0	524288.0
11.0	524288.0
14.0	524288.0
14.0	524288.0
14.0	524288.0
13.0	524288.0
16.0	524288.0
20.0	524288.0
14.0	524288.0
11.0	524288.0
28.0	524288.0
11.0	524288.0
19.0	524288.0
14.0	524288.0
15.0	524288.0
14.0	524288.0
21.0	524288.0
10.0	524288.0
23.0	524288.0
10.0	524288.0
17.0	524288.0
14.0	524288.0
16.0	524288.0
6.0	524288.0
16.0	524288.0
19.0	524288.0
21.0	524288.0
29.0	524288.0
19.0	524288.0
10.0	524288.0
12.0	524288.0
20.0	524288.0
2.0	524288.0
23.0	524288.0
19.0	524288.0
25.0	524288.0
23.0	524288.0
16.0	524288.0
10.0	524288.0
16.0	524288.0
12.0	524288.0
7.0	524288.0
18.0	524288.0
17.0	524288.0
38.0	524288.0
17.0	524288.0
23.0	524288.0
26.0	524288.0
30.0	524288.0
12.0	524288.0
15.0	524288.0
17.0	524288.0
23.0	524288.0
20.0	524288.0
29.0	524288.0
15.0	524288.0
19.0	524288.0
24.0	524288.0
13.0	524288.0
14.0	524288.0
26.0	524288.0
16.0	524288.0
19.0	524288.0
34.0	524288.0
24.0	524288.0
23.0	524288.0
46.0	524288.0
12.0	524288.0
32.0	524288.0
27.0	524288.0
16.0	524288.0
12.0	524288.0
13.0	524288.0
40.0	524288.0
18.0	524288.0
16.0	524288.0
17.0	524288.0
13.0	524288.0
16.0	524288.0
13.0	524288.0
11.0	524288.0
12.0	524288.0
19.0	524288.0
12.0	524288.0
35.0	524288.0
23.0	524288.0
9.0	524288.0
40.0	524288.0
21.0	524288.0
19.0	524288.0
17.0	524288.0
17.0	524288.0
20.0	524288.0
9.0	524288.0
9.0	524288.0
16.0	524288.0
21.0	524288.0
25.0	524288.0
18.0	524288.0
30.0	524288.0
16.0	524288.0
26.0	524288.0
13.0	524288.0
28.0	524288.0
21.0	524288.0
16.0	524288.0
15.0	524288.0
15.0	524288.0
20.0	524288.0
12.0	524288.0
19.0	524288.0
6.0	524288.0
18.0	524288.0
22.0	524288.0
15.0	524288.0
20.0	524288.0
20.0	524288.0
17.0	524288.0
18.0	524288.0
14.0	524288.0
23.0	524288.0
20.0	524288.0
20.0	524288.0
18.0	524288.0
40.0	524288.0
29.0	524288.0
13.0	524288.0
22.0	524288.0
18.0	524288.0
17.0	524288.0
29.0	524288.0
12.0	524288.0
23.0	524288.0
20.0	524288.0
21.0	524288.0
18.0	524288.0
3.0	524288.0
24.0	524288.0
15.0	524288.0
15.0	524288.0
16.0	524288.0
19.0	524288.0
15.0	524288.0
13.0	524288.0
15.0	524288.0
13.0	524288.0
7.0	524288.0
18.0	524288.0
14.0	524288.0
20.0	524288.0
23.0	524288.0
47.0	524288.0
19.0	524288.0
17.0	524288.0
21.0	524288.0
11.0	524288.0
13.0	524288.0
28.0	524288.0
10.0	524288.0
18.0	524288.0
23.0	524288.0
24.0	524288.0
11.0	524288.0
18.0	524288.0
23.0	524288.0
15.0	524288.0
21.0	524288.0
19.0	524288.0
19.0	524288.0
20.0	524288.0
11.0	524288.0
15.0	524288.0
22.0	524288.0
18.0	524288.0
8.0	524288.0
12.0	524288.0
17.0	524288.0
8.0	524288.0
11.0	524288.0
32.0	524288.0
16.0	524288.0
17.0	524288.0
16.0	524288.0
14.0	524288.0
17.0	524288.0
32.0	524288.0
45.0	524288.0
13.0	524288.0
21.0	524288.0
18.0	524288.0
10.0	524288.0
7.0	524288.0
21.0	524288.0
14.0	524288.0
11.0	524288.0
13.0	524288.0
14.0	524288.0
12.0	524288.0
30.0	524288.0
16.0	524288.0
6.0	524288.0
26.0	524288.0
14.0	524288.0
34.0	524288.0
8.0	524288.0
30.0	524288.0
14.0	524288.0
20.0	524288.0
24.0	524288.0
20.0	524288.0
19.0	524288.0
22.0	524288.0
16.0	524288.0
25.0	524288.0
18.0	524288.0
13.0	524288.0
16.0	524288.0
34.0	524288.0
30.0	524288.0
11.0	524288.0
12.0	524288.0
18.0	524288.0
11.0	524288.0
19.0	524288.0
23.0	524288.0
19.0	524288.0
8.0	524288.0
10.0	524288.0
39.0	524288.0
33.0	524288.0
29.0	524288.0
18.0	524288.0
23.0	524288.0
19.0	524288.0
27.0	524288.0
16.0	524288.0
18.0	524288.0
30.0	524288.0
28.0	524288.0
27.0	524288.0
31.0	524288.0
11.0	524288.0
21.0	524288.0
12.0	524288.0
19.0	524288.0
11.0	524288.0
23.0	524288.0
18.0	524288.0
12.0	524288.0
13.0	524288.0
24.0	524288.0
16.0	524288.0
11.0	524288.0
17.0	524288.0
19.0	524288.0
23.0	524288.0
21.0	524288.0
5.0	524288.0
26.0	524288.0
16.0	524288.0
19.0	524288.0
16.0	524288.0
18.0	524288.0
13.0	524288.0
8.0	524288.0
24.0	524288.0
30.0	524288.0
29.0	524288.0
15.0	524288.0
13.0	524288.0
5.0	524288.0
9.0	524288.0
21.0	524288.0
19.0	524288.0
19.0	524288.0
19.0	524288.0
22.0	524288.0
30.0	524288.0
23.0	524288.0
21.0	524288.0
18.0	524288.0
15.0	524288.0
35.0	524288.0
22.0	524288.0
40.0	524288.0
24.0	524288.0
17.0	524288.0
20.0	524288.0
32.0	524288.0
16.0	524288.0
10.0	524288.0
14.0	524288.0
16.0	524288.0
13.0	524288.0
23.0	524288.0
15.0	524288.0
16.0	524288.0
25.0	524288.0
32.0	524288.0
22.0	524288.0
19.0	524288.0
11.0	524288.0
11.0	524288.0
22.0	524288.0
21.0	524288.0
21.0	524288.0
15.0	524288.0
28.0	524288.0
16.0	524288.0
12.0	524288.0
16.0	524288.0
9.0	524288.0
20.0	524288.0
19.0	524288.0
22.0	524288.0
13.0	524288.0
17.0	524288.0
18.0	524288.0
35.0	524288.0
33.0	524288.0
7.0	524288.0
9.0	524288.0
16.0	524288.0
17.0	524288.0
18.0	524288.0
10.0	524288.0
10.0	524288.0
24.0	524288.0
12.0	524288.0
45.0	524288.0
10.0	524288.0
14.0	524288.0
20.0	524288.0
26.0	524288.0
27.0	524288.0
27.0	524288.0
14.0	524288.0
20.0	524288.0
21.0	524288.0
12.0	524288.0
14.0	524288.0
28.0	524288.0
11.0	524288.0
20.0	524288.0
5.0	524288.0
9.0	524288.0
14.0	524288.0
25.0	524288.0
24.0	524288.0
23.0	524288.0
17.0	524288.0
18.0	524288.0
22.0	524288.0
19.0	524288.0
15.0	524288.0
29.0	524288.0
6.0	524288.0
26.0	524288.0
20.0	524288.0
25.0	524288.0
15.0	524288.0
19.0	524288.0
30.0	524288.0
21.0	524288.0
24.0	524288.0
17.0	524288.0
27.0	524288.0
20.0	524288.0
28.0	524288.0
19.0	524288.0
19.0	524288.0
14.0	524288.0
26.0	524288.0
25.0	524288.0
16.0	524288.0
27.0	524288.0
23.0	524288.0
19.0	524288.0
9.0	524288.0
15.0	524288.0
15.0	524288.0
18.0	524288.0
14.0	524288.0
19.0	524288.0
11.0	524288.0
13.0	524288.0
14.0	524288.0
22.0	524288.0
15.0	524288.0
22.0	524288.0
17.0	524288.0
31.0	524288.0
13.0	524288.0
18.0	524288.0
26.0	524288.0
15.0	524288.0
22.0	524288.0
31.0	524288.0
19.0	524288.0
16.0	524288.0
16.0	524288.0
15.0	524288.0
18.0	524288.0
24.0	524288.0
23.0	524288.0
17.0	524288.0
18.0	524288.0
23.0	524288.0
32.0	524288.0
22.0	524288.0
20.0	524288.0
20.0	524288.0
28.0	524288.0
28.0	524288.0
11.0	524288.0
14.0	524288.0
18.0	524288.0
13.0	524288.0
11.0	524288.0
4.0	524288.0
25.0	524288.0
9.0	524288.0
18.0	524288.0
14.0	524288.0
31.0	524288.0
19.0	524288.0
13.0	524288.0
10.0	524288.0
26.0	524288.0
16.0	524288.0
27.0	524288.0
21.0	524288.0
20.0	524288.0
21.0	524288.0
27.0	524288.0
20.0	524288.0
9.0	524288.0
28.0	524288.0
16.0	524288.0
27.0	524288.0
21.0	524288.0
31.0	524288.0
18.0	524288.0
16.0	524288.0
28.0	524288.0
25.0	524288.0
14.0	524288.0
20.0	524288.0
14.0	524288.0
17.0	524288.0
23.0	524288.0
21.0	524288.0
14.0	524288.0
48.0	524288.0
24.0	524288.0
7.0	524288.0
13.0	524288.0
38.0	524288.0
22.0	524288.0
16.0	524288.0
13.0	524288.0
30.0	524288.0
16.0	524288.0
23.0	524288.0
20.0	524288.0
33.0	524288.0
18.0	524288.0
22.0	524288.0
19.0	524288.0
12.0	524288.0
13.0	524288.0
8.0	524288.0
16.0	524288.0
10.0	524288.0
14.0	524288.0
23.0	524288.0
16.0	524288.0
35.0	524288.0
19.0	524288.0
25.0	524288.0
23.0	524288.0
34.0	524288.0
31.0	524288.0
25.0	524288.0
14.0	524288.0
17.0	524288.0
24.0	524288.0
13.0	524288.0
24.0	524288.0
25.0	524288.0
28.0	524288.0
24.0	524288.0
21.0	524288.0
19.0	524288.0
21.0	524288.0
29.0	524288.0
39.0	524288.0
28.0	524288.0
11.0	524288.0
29.0	524288.0
39.0	524288.0
10.0	524288.0
25.0	524288.0
20.0	524288.0
38.0	524288.0
10.0	524288.0
17.0	524288.0
25.0	524288.0
37.0	524288.0
27.0	524288.0
24.0	524288.0
22.0	524288.0
19.0	524288.0
17.0	524288.0
20.0	524288.0
24.0	524288.0
18.0	524288.0
15.0	524288.0
30.0	524288.0
8.0	524288.0
14.0	524288.0
15.0	524288.0
23.0	524288.0
21.0	524288.0
19.0	524288.0
16.0	524288.0
6.0	524288.0
16.0	524288.0
30.0	524288.0
16.0	524288.0
17.0	524288.0
17.0	524288.0
20.0	524288.0
23.0	524288.0
20.0	524288.0
36.0	524288.0
19.0	524288.0
21.0	524288.0
18.0	524288.0
14.0	524288.0
34.0	524288.0
13.0	524288.0
13.0	524288.0
19.0	524288.0
16.0	524288.0
13.0	524288.0
30.0	524288.0
28.0	524288.0
15.0	524288.0
18.0	524288.0
13.0	524288.0
26.0	524288.0
18.0	524288.0
21.0	524288.0
11.0	524288.0
17.0	524288.0
10.0	524288.0
13.0	524288.0
20.0	524288.0
22.0	524288.0
13.0	524288.0
19.0	524288.0
23.0	524288.0
23.0	524288.0
33.0	524288.0
29.0	524288.0
32.0	524288.0
8.0	524288.0
24.0	524288.0
23.0	524288.0
13.0	524288.0
20.0	524288.0
15.0	524288.0
24.0	524288.0
14.0	524288.0
30.0	524288.0
19.0	524288.0
18.0	524288.0
17.0	524288.0
21.0	524288.0
23.0	524288.0
25.0	524288.0
24.0	524288.0
15.0	524288.0
12.0	524288.0
14.0	524288.0
19.0	524288.0
26.0	524288.0
27.0	524288.0
16.0	524288.0
36.0	524288.0
26.0	524288.0
20.0	524288.0
15.0	524288.0
9.0	524288.0
14.0	524288.0
17.0	524288.0
26.0	524288.0
22.0	524288.0
38.0	524288.0
15.0	524288.0
14.0	524288.0
13.0	524288.0
15.0	524288.0
13.0	524288.0
21.0	524288.0
12.0	524288.0
16.0	524288.0
33.0	524288.0
21.0	524288.0
7.0	524288.0
9.0	524288.0
13.0	524288.0
20.0	524288.0
18.0	524288.0
10.0	524288.0
16.0	524288.0
16.0	524288.0
30.0	524288.0
13.0	524288.0
19.0	524288.0
15.0	524288.0
24.0	524288.0
24.0	524288.0
10.0	524288.0
16.0	524288.0
16.0	524288.0
9.0	524288.0
26.0	524288.0
25.0	524288.0
12.0	524288.0
24.0	524288.0
29.0	524288.0
11.0	524288.0
22.0	524288.0
22.0	524288.0
20.0	524288.0
13.0	524288.0
11.0	524288.0
23.0	524288.0
15.0	524288.0
26.0	524288.0
28.0	524288.0
17.0	524288.0
24.0	524288.0
20.0	524288.0
24.0	524288.0
21.0	524288.0
24.0	524288.0
14.0	524288.0
18.0	524288.0
19.0	524288.0
19.0	524288.0
18.0	524288.0
20.0	524288.0
19.0	524288.0
22.0	524288.0
24.0	524288.0
16.0	524288.0
12.0	524288.0
21.0	524288.0
20.0	524288.0
18.0	524288.0
23.0	524288.0
17.0	524288.0
13.0	524288.0
32.0	524288.0
26.0	524288.0
9.0	524288.0
12.0	524288.0
14.0	524288.0
13.0	524288.0
31.0	524288.0
16.0	524288.0
5.0	524288.0
23.0	524288.0
19.0	524288.0
2.0	524288.0
24.0	524288.0
16.0	524288.0
14.0	524288.0
17.0	524288.0
14.0	524288.0
24.0	524288.0
24.0	524288.0
15.0	524288.0
6.0	524288.0
24.0	524288.0
24.0	524288.0
28.0	524288.0
14.0	524288.0
22.0	524288.0
21.0	524288.0
12.0	524288.0
12.0	524288.0
17.0	524288.0
31.0	524288.0
27.0	524288.0
13.0	524288.0
25.0	524288.0
30.0	524288.0
10.0	524288.0
25.0	524288.0
14.0	524288.0
19.0	524288.0
27.0	524288.0
23.0	524288.0
15.0	524288.0
18.0	524288.0
25.0	524288.0
8.0	524288.0
9.0	524288.0
15.0	524288.0
6.0	524288.0
14.0	524288.0
17.0	524288.0
10.0	524288.0
17.0	524288.0
27.0	524288.0
14.0	524288.0
9.0	524288.0
10.0	524288.0
11.0	524288.0
31.0	524288.0
12.0	524288.0
20.0	524288.0
10.0	524288.0
23.0	524288.0
25.0	524288.0
25.0	524288.0
20.0	524288.0
25.0	524288.0
26.0	524288.0
13.0	524288.0
18.0	524288.0
10.0	524288.0
15.0	524288.0
15.0	524288.0
18.0	524288.0
14.0	524288.0
23.0	524288.0
35.0	524288.0
9.0	524288.0
23.0	524288.0
19.0	524288.0
22.0	524288.0
20.0	524288.0
13.0	524288.0
21.0	524288.0
6.0	524288.0
10.0	524288.0
22.0	524288.0
28.0	524288.0
6.0	524288.0
16.0	524288.0
24.0	524288.0
34.0	524288.0
20.0	524288.0
13.0	524288.0
11.0	524288.0
22.0	524288.0
21.0	524288.0
23.0	524288.0
27.0	524288.0
18.0	524288.0
27.0	524288.0
10.0	524288.0
17.0	524288.0
4.0	524288.0
27.0	524288.0
8.0	524288.0
22.0	524288.0
27.0	524288.0
22.0	524288.0
17.0	524288.0
34.0	524288.0
27.0	524288.0
14.0	524288.0
21.0	524288.0
10.0	524288.0
25.0	524288.0
15.0	524288.0
16.0	524288.0
26.0	524288.0
3.0	524288.0
10.0	524288.0
30.0	524288.0
23.0	524288.0
21.0	524288.0
15.0	524288.0
17.0	524288.0
23.0	524288.0
19.0	524288.0
13.0	524288.0
14.0	524288.0
15.0	524288.0
16.0	524288.0
9.0	524288.0
20.0	524288.0
14.0	524288.0
13.0	524288.0
16.0	524288.0
21.0	524288.0
11.0	524288.0
9.0	524288.0
20.0	524288.0
25.0	524288.0
8.0	524288.0
28.0	524288.0
23.0	524288.0
23.0	524288.0
10.0	524288.0
26.0	524288.0
28.0	524288.0
23.0	524288.0
14.0	524288.0
26.0	524288.0
31.0	524288.0
17.0	524288.0
31.0	524288.0
16.0	524288.0
8.0	524288.0
26.0	524288.0
16.0	524288.0
40.0	524288.0
35.0	524288.0
15.0	524288.0
23.0	524288.0
12.0	524288.0
19.0	524288.0
15.0	524288.0
5.0	524288.0
26.0	524288.0
17.0	524288.0
28.0	524288.0
16.0	524288.0
22.0	524288.0
14.0	524288.0
18.0	524288.0
24.0	524288.0
21.0	524288.0
25.0	524288.0
16.0	524288.0
17.0	524288.0
29.0	524288.0
22.0	524288.0
45.0	524288.0
26.0	524288.0
20.0	524288.0
22.0	524288.0
17.0	524288.0
17.0	524288.0
18.0	524288.0
14.0	524288.0
34.0	524288.0
16.0	524288.0
18.0	524288.0
18.0	524288.0
17.0	524288.0
11.0	524288.0
15.0	524288.0
13.0	524288.0
14.0	524288.0
30.0	524288.0
20.0	524288.0
38.0	524288.0
27.0	524288.0
25.0	524288.0
19.0	524288.0
10.0	524288.0
26.0	524288.0
18.0	524288.0
12.0	524288.0
26.0	524288.0
13.0	524288.0
20.0	524288.0
9.0	524288.0
8.0	524288.0
17.0	524288.0
20.0	524288.0
27.0	524288.0
12.0	524288.0
18.0	524288.0
18.0	524288.0
17.0	524288.0
3.0	524288.0
29.0	524288.0
21.0	524288.0
30.0	524288.0
12.0	524288.0
21.0	524288.0
31.0	524288.0
11.0	524288.0
19.0	524288.0
31.0	524288.0
20.0	524288.0
16.0	524288.0
19.0	524288.0
19.0	524288.0
11.0	524288.0
9.0	524288.0
13.0	524288.0
26.0	524288.0
18.0	524288.0
16.0	524288.0
27.0	524288.0
10.0	524288.0
26.0	524288.0
20.0	524288.0
26.0	524288.0
28.0	524288.0
22.0	524288.0
27.0	524288.0
21.0	524288.0
27.0	524288.0
24.0	524288.0
16.0	524288.0
11.0	524288.0
8.0	524288.0
16.0	524288.0
13.0	524288.0
23.0	524288.0
29.0	524288.0
17.0	524288.0
13.0	524288.0
11.0	524288.0
11.0	524288.0
17.0	524288.0
16.0	524288.0
12.0	524288.0
18.0	524288.0
31.0	524288.0
15.0	524288.0
25.0	524288.0
26.0	524288.0
16.0	524288.0
18.0	524288.0
11.0	524288.0
11.0	524288.0
17.0	524288.0
14.0	524288.0
18.0	524288.0
11.0	524288.0
14.0	524288.0
19.0	524288.0
18.0	524288.0
18.0	524288.0
12.0	524288.0
11.0	524288.0
22.0	524288.0
18.0	524288.0
17.0	524288.0
24.0	524288.0
14.0	524288.0
11.0	524288.0
16.0	524288.0
20.0	524288.0
22.0	524288.0
30.0	524288.0
20.0	524288.0
28.0	524288.0
34.0	524288.0
15.0	524288.0
6.0	524288.0
23.0	524288.0
21.0	524288.0
12.0	524288.0
26.0	524288.0
14.0	524288.0
11.0	524288.0
30.0	524288.0
15.0	524288.0
15.0	524288.0
21.0	524288.0
16.0	524288.0
18.0	524288.0
26.0	524288.0
27.0	524288.0
11.0	524288.0
7.0	524288.0
21.0	524288.0
27.0	524288.0
16.0	524288.0
19.0	524288.0
28.0	524288.0
14.0	524288.0
8.0	524288.0
9.0	524288.0
33.0	524288.0
24.0	524288.0
25.0	524288.0
11.0	524288.0
30.0	524288.0
15.0	524288.0
35.0	524288.0
23.0	524288.0
9.0	524288.0
14.0	524288.0
10.0	524288.0
20.0	524288.0
11.0	524288.0
15.0	524288.0
18.0	524288.0
20.0	524288.0
14.0	524288.0
17.0	524288.0
15.0	524288.0
11.0	524288.0
26.0	524288.0
19.0	524288.0
9.0	524288.0
23.0	524288.0
23.0	524288.0
27.0	524288.0
26.0	524288.0
15.0	524288.0
14.0	524288.0
21.0	524288.0
30.0	524288.0
10.0	524288.0
32.0	524288.0
15.0	524288.0
17.0	524288.0
15.0	524288.0
16.0	524288.0
27.0	524288.0
20.0	524288.0
10.0	524288.0
15.0	524288.0
32.0	524288.0
14.0	524288.0
18.0	524288.0
7.0	524288.0
15.0	524288.0
15.0	524288.0
27.0	524288.0
27.0	524288.0
8.0	524288.0
15.0	524288.0
9.0	524288.0
14.0	524288.0
28.0	524288.0
19.0	524288.0
8.0	524288.0
18.0	524288.0
11.0	524288.0
18.0	524288.0
14.0	524288.0
6.0	524288.0
8.0	524288.0
16.0	524288.0
5.0	524288.0
10.0	524288.0
15.0	524288.0
22.0	524288.0
21.0	524288.0
27.0	524288.0
15.0	524288.0
27.0	524288.0
14.0	524288.0
28.0	524288.0
