#SA random K-SAT
#N=16384  nIter=131072  alpha=9.15   NSamples=5900
#av(e)	0.04033898305084746
#std(e)	0.002878359968027186
0.0	52330.0
0.0	48838.0
0.0	44278.0
0.0	42553.0
0.0	45059.0
0.0	48424.0
0.0	46984.0
0.0	47728.0
0.0	54731.0
0.0	52461.0
0.0	52086.0
0.0	76035.0
0.0	44267.0
0.0	53081.0
0.0	51481.0
0.0	81019.0
0.0	43970.0
0.0	50689.0
0.0	43188.0
0.0	61564.0
0.0	49208.0
0.0	64915.0
0.0	46858.0
0.0	51171.0
0.0	54541.0
0.0	49972.0
0.0	46570.0
0.0	52886.0
0.0	53869.0
0.0	42971.0
0.0	46783.0
0.0	87120.0
0.0	51384.0
0.0	53053.0
0.0	44738.0
0.0	52785.0
0.0	65220.0
0.0	62102.0
0.0	48021.0
0.0	63132.0
0.0	44256.0
0.0	65301.0
0.0	48823.0
0.0	47297.0
1.0	131072.0
0.0	66814.0
0.0	44937.0
0.0	52126.0
0.0	49262.0
0.0	44304.0
0.0	55342.0
0.0	44345.0
0.0	60940.0
0.0	101075.0
0.0	52790.0
0.0	47452.0
0.0	51687.0
0.0	43917.0
0.0	58713.0
0.0	42717.0
0.0	96297.0
0.0	49316.0
0.0	50799.0
0.0	73285.0
0.0	77181.0
0.0	40511.0
0.0	61441.0
0.0	80120.0
0.0	59195.0
0.0	49701.0
0.0	56248.0
0.0	47548.0
0.0	73725.0
0.0	47182.0
0.0	45759.0
0.0	49954.0
0.0	49646.0
0.0	51577.0
0.0	44527.0
0.0	46626.0
0.0	51454.0
0.0	46602.0
0.0	53998.0
0.0	54609.0
0.0	46244.0
0.0	60014.0
0.0	62916.0
0.0	57694.0
0.0	54472.0
0.0	47355.0
0.0	48175.0
0.0	57251.0
0.0	68601.0
1.0	131072.0
0.0	48740.0
0.0	82042.0
0.0	56488.0
0.0	53972.0
0.0	51758.0
0.0	44780.0
0.0	59090.0
0.0	53453.0
0.0	46956.0
0.0	50309.0
0.0	87066.0
0.0	54229.0
0.0	44166.0
0.0	54454.0
0.0	48366.0
1.0	131072.0
0.0	51898.0
0.0	57354.0
0.0	62519.0
0.0	51101.0
0.0	56326.0
0.0	53267.0
0.0	73372.0
0.0	49769.0
0.0	49400.0
0.0	57173.0
0.0	51270.0
1.0	131072.0
0.0	58003.0
1.0	131072.0
0.0	47584.0
0.0	47218.0
1.0	131072.0
0.0	75803.0
0.0	58802.0
0.0	102298.0
0.0	57340.0
0.0	47406.0
1.0	131072.0
0.0	85725.0
0.0	67897.0
0.0	51008.0
0.0	45117.0
0.0	44196.0
0.0	69696.0
0.0	63444.0
0.0	57184.0
0.0	45844.0
0.0	54168.0
0.0	52189.0
0.0	54749.0
0.0	71805.0
0.0	60270.0
0.0	59321.0
0.0	49883.0
0.0	47696.0
0.0	48163.0
0.0	54000.0
0.0	49971.0
0.0	41862.0
0.0	45960.0
0.0	44128.0
0.0	65901.0
0.0	51572.0
0.0	48544.0
0.0	48977.0
0.0	65278.0
0.0	48191.0
0.0	59796.0
0.0	46717.0
0.0	59360.0
0.0	49888.0
0.0	48117.0
0.0	47969.0
0.0	47171.0
0.0	55439.0
0.0	60233.0
0.0	123108.0
0.0	84460.0
0.0	56204.0
0.0	50650.0
0.0	44773.0
1.0	131072.0
0.0	46500.0
0.0	54687.0
0.0	57068.0
0.0	50848.0
0.0	46069.0
0.0	51373.0
0.0	43674.0
0.0	48850.0
0.0	45322.0
1.0	131072.0
0.0	50487.0
0.0	49433.0
0.0	50141.0
0.0	48585.0
0.0	49877.0
0.0	55375.0
0.0	71220.0
0.0	46825.0
0.0	51001.0
0.0	41804.0
0.0	68475.0
0.0	59954.0
0.0	50457.0
0.0	49803.0
0.0	50383.0
0.0	57264.0
0.0	50715.0
0.0	42755.0
0.0	117034.0
0.0	60878.0
0.0	45925.0
0.0	43202.0
0.0	49449.0
0.0	75170.0
0.0	49384.0
0.0	48066.0
0.0	45923.0
0.0	47345.0
0.0	53661.0
0.0	46095.0
0.0	59573.0
0.0	47111.0
0.0	55391.0
0.0	55684.0
0.0	48410.0
0.0	68257.0
0.0	46174.0
0.0	56071.0
0.0	45605.0
0.0	61519.0
0.0	49017.0
0.0	47227.0
0.0	39322.0
0.0	45554.0
0.0	64003.0
0.0	53421.0
0.0	58440.0
0.0	45997.0
0.0	54643.0
0.0	54446.0
0.0	36909.0
0.0	45365.0
0.0	43746.0
0.0	88521.0
0.0	75575.0
0.0	64914.0
0.0	51247.0
0.0	44325.0
0.0	48786.0
0.0	45063.0
0.0	47772.0
0.0	44817.0
0.0	44778.0
0.0	67212.0
0.0	39852.0
0.0	44911.0
0.0	44879.0
0.0	37239.0
0.0	61306.0
0.0	64686.0
0.0	45987.0
0.0	48401.0
0.0	57412.0
0.0	45653.0
1.0	131072.0
0.0	48412.0
0.0	42954.0
0.0	45403.0
0.0	58553.0
0.0	43873.0
0.0	43057.0
0.0	56260.0
0.0	49012.0
0.0	75814.0
0.0	44417.0
0.0	53762.0
0.0	52901.0
0.0	53710.0
0.0	41358.0
0.0	43811.0
0.0	56039.0
0.0	50458.0
0.0	43113.0
0.0	57877.0
0.0	44855.0
0.0	46313.0
0.0	63547.0
0.0	55859.0
0.0	53844.0
0.0	52462.0
0.0	47926.0
0.0	54744.0
0.0	84403.0
0.0	60567.0
0.0	46003.0
0.0	44097.0
0.0	49449.0
0.0	58926.0
0.0	55306.0
0.0	47023.0
0.0	48654.0
0.0	48510.0
0.0	45196.0
0.0	58257.0
0.0	51042.0
0.0	46523.0
0.0	46758.0
0.0	61289.0
0.0	47271.0
0.0	41843.0
0.0	62844.0
0.0	54788.0
0.0	46480.0
0.0	54697.0
0.0	48074.0
0.0	47107.0
0.0	44647.0
0.0	56463.0
0.0	40152.0
2.0	131072.0
0.0	61747.0
0.0	40591.0
0.0	46528.0
0.0	42949.0
0.0	47167.0
0.0	55238.0
0.0	55696.0
0.0	42945.0
0.0	76843.0
0.0	42698.0
0.0	55207.0
1.0	131072.0
0.0	86965.0
0.0	43449.0
0.0	70109.0
0.0	55581.0
0.0	68675.0
0.0	65841.0
0.0	47746.0
0.0	58795.0
1.0	131072.0
0.0	53929.0
0.0	51999.0
0.0	57545.0
0.0	47199.0
0.0	68437.0
0.0	43042.0
0.0	56855.0
0.0	55921.0
0.0	45238.0
0.0	50083.0
0.0	47801.0
0.0	45816.0
0.0	42535.0
0.0	40170.0
0.0	49956.0
0.0	79389.0
0.0	47243.0
0.0	58666.0
0.0	69366.0
0.0	91299.0
0.0	46952.0
0.0	41547.0
0.0	49994.0
0.0	41982.0
0.0	54627.0
0.0	43158.0
1.0	131072.0
0.0	46048.0
0.0	83871.0
0.0	58539.0
0.0	48618.0
0.0	45907.0
0.0	50035.0
0.0	44103.0
0.0	48785.0
0.0	49888.0
0.0	44317.0
0.0	47636.0
0.0	65723.0
0.0	58496.0
0.0	56516.0
0.0	52861.0
1.0	131072.0
0.0	48693.0
0.0	74573.0
0.0	49738.0
0.0	52448.0
0.0	41029.0
0.0	46746.0
0.0	50013.0
0.0	54136.0
0.0	45051.0
0.0	59889.0
0.0	46265.0
0.0	46365.0
0.0	43136.0
1.0	131072.0
0.0	49332.0
0.0	46265.0
0.0	55177.0
0.0	43577.0
0.0	40274.0
0.0	62631.0
0.0	52893.0
0.0	49098.0
0.0	54515.0
0.0	129540.0
0.0	61142.0
1.0	131072.0
0.0	51131.0
0.0	53566.0
0.0	52599.0
0.0	50977.0
0.0	52227.0
0.0	45222.0
0.0	46017.0
0.0	43832.0
0.0	46545.0
0.0	49578.0
0.0	49784.0
0.0	53576.0
0.0	56938.0
0.0	62120.0
0.0	54572.0
0.0	48613.0
0.0	56533.0
0.0	48801.0
0.0	96208.0
0.0	45626.0
0.0	57473.0
0.0	48300.0
0.0	62877.0
0.0	47618.0
0.0	48444.0
0.0	54132.0
0.0	53426.0
0.0	65576.0
0.0	56435.0
0.0	52102.0
0.0	56008.0
0.0	60075.0
0.0	84804.0
0.0	46976.0
0.0	46581.0
0.0	41419.0
0.0	52461.0
0.0	48554.0
0.0	58475.0
0.0	80289.0
0.0	65469.0
0.0	62339.0
0.0	49917.0
0.0	59652.0
0.0	67177.0
0.0	74226.0
0.0	48812.0
0.0	42623.0
0.0	56172.0
0.0	49147.0
0.0	49844.0
1.0	131072.0
0.0	63307.0
1.0	131072.0
0.0	56930.0
0.0	52163.0
0.0	81242.0
0.0	44932.0
0.0	48491.0
1.0	131072.0
0.0	61329.0
0.0	47632.0
0.0	71963.0
0.0	74242.0
0.0	48702.0
0.0	55486.0
0.0	78529.0
0.0	49761.0
0.0	46573.0
0.0	58655.0
0.0	48286.0
0.0	59099.0
0.0	105909.0
1.0	131072.0
0.0	63599.0
0.0	115002.0
0.0	39155.0
0.0	61839.0
0.0	48616.0
1.0	131072.0
0.0	71702.0
0.0	52909.0
0.0	50262.0
0.0	47971.0
0.0	55871.0
0.0	47616.0
0.0	43830.0
0.0	43459.0
0.0	44146.0
0.0	44298.0
0.0	62631.0
0.0	46427.0
0.0	48381.0
0.0	50861.0
0.0	88537.0
0.0	77603.0
0.0	56126.0
0.0	52088.0
0.0	47616.0
0.0	48383.0
0.0	52676.0
0.0	40777.0
0.0	67291.0
0.0	50870.0
0.0	75806.0
0.0	47214.0
0.0	50090.0
0.0	44563.0
0.0	87334.0
0.0	67841.0
0.0	49268.0
0.0	53438.0
0.0	53772.0
0.0	50083.0
0.0	52312.0
0.0	102008.0
0.0	47798.0
1.0	131072.0
0.0	43387.0
0.0	45175.0
0.0	46217.0
0.0	55849.0
0.0	50630.0
0.0	50233.0
0.0	42685.0
0.0	46451.0
0.0	59463.0
0.0	67730.0
0.0	68563.0
0.0	58989.0
0.0	50095.0
0.0	79358.0
0.0	59260.0
0.0	44886.0
0.0	44779.0
0.0	47761.0
0.0	47833.0
0.0	54235.0
0.0	44843.0
1.0	131072.0
0.0	71114.0
0.0	54303.0
0.0	44575.0
0.0	53704.0
0.0	45283.0
0.0	51565.0
0.0	44023.0
0.0	51910.0
0.0	49083.0
0.0	43635.0
0.0	49261.0
0.0	58604.0
0.0	90663.0
0.0	63461.0
0.0	54035.0
0.0	63026.0
0.0	54967.0
0.0	51066.0
0.0	54219.0
0.0	43735.0
0.0	69741.0
0.0	45727.0
2.0	131072.0
0.0	49041.0
0.0	65861.0
0.0	50472.0
0.0	46492.0
0.0	61658.0
0.0	64856.0
0.0	56181.0
0.0	50700.0
0.0	61992.0
0.0	45466.0
0.0	48137.0
0.0	76718.0
0.0	51204.0
0.0	63001.0
0.0	70790.0
0.0	48152.0
0.0	48552.0
0.0	54888.0
0.0	53226.0
0.0	48686.0
0.0	66246.0
0.0	44470.0
0.0	46065.0
0.0	55666.0
0.0	58208.0
0.0	45154.0
0.0	79138.0
0.0	57039.0
0.0	45087.0
0.0	50471.0
0.0	46845.0
0.0	45062.0
0.0	47215.0
0.0	50833.0
0.0	43154.0
0.0	58578.0
0.0	48027.0
0.0	88695.0
0.0	51786.0
0.0	57059.0
0.0	42987.0
0.0	58714.0
0.0	44412.0
0.0	43224.0
0.0	109343.0
0.0	57895.0
0.0	68433.0
0.0	54506.0
0.0	43014.0
0.0	38643.0
0.0	45819.0
0.0	42804.0
0.0	51770.0
0.0	46316.0
0.0	50030.0
1.0	131072.0
0.0	65076.0
0.0	47120.0
0.0	48660.0
0.0	50917.0
0.0	47545.0
0.0	49477.0
0.0	47013.0
0.0	56596.0
0.0	53264.0
0.0	49263.0
0.0	55632.0
0.0	45888.0
0.0	51954.0
0.0	42218.0
1.0	131072.0
0.0	102280.0
0.0	48183.0
0.0	77240.0
0.0	53946.0
0.0	46760.0
0.0	62314.0
0.0	66174.0
0.0	49667.0
0.0	68901.0
0.0	47378.0
0.0	47833.0
0.0	45447.0
0.0	53655.0
0.0	82187.0
0.0	52396.0
0.0	46838.0
0.0	54619.0
0.0	52762.0
0.0	44698.0
0.0	71094.0
0.0	43274.0
0.0	47855.0
0.0	49496.0
0.0	47259.0
0.0	63168.0
0.0	85057.0
0.0	47204.0
0.0	51143.0
0.0	52879.0
0.0	49720.0
0.0	57281.0
0.0	48783.0
0.0	51737.0
0.0	42672.0
0.0	51683.0
0.0	64861.0
0.0	41891.0
0.0	44978.0
0.0	61211.0
0.0	55534.0
0.0	52501.0
0.0	67469.0
0.0	57648.0
0.0	42786.0
0.0	49487.0
0.0	66200.0
0.0	43768.0
0.0	55344.0
0.0	63224.0
0.0	61392.0
0.0	52928.0
0.0	59324.0
0.0	60236.0
0.0	48403.0
0.0	51905.0
0.0	46060.0
0.0	51474.0
0.0	45102.0
0.0	62219.0
0.0	71353.0
0.0	56502.0
0.0	49897.0
0.0	49171.0
0.0	49573.0
0.0	51474.0
0.0	46868.0
0.0	71909.0
0.0	45520.0
0.0	48539.0
0.0	49387.0
0.0	43674.0
0.0	45439.0
0.0	47368.0
0.0	48191.0
0.0	56155.0
0.0	68178.0
0.0	49537.0
0.0	42415.0
0.0	66071.0
0.0	50110.0
0.0	50025.0
0.0	50448.0
0.0	53486.0
0.0	48761.0
0.0	46878.0
0.0	50121.0
0.0	48533.0
0.0	61106.0
0.0	55612.0
0.0	52222.0
0.0	42560.0
0.0	49993.0
0.0	50647.0
0.0	60342.0
0.0	54339.0
0.0	49173.0
0.0	56308.0
0.0	49679.0
0.0	52388.0
0.0	46678.0
0.0	54592.0
0.0	43587.0
0.0	51311.0
0.0	48843.0
0.0	44418.0
0.0	46213.0
0.0	49320.0
0.0	103337.0
0.0	53516.0
0.0	46796.0
0.0	42422.0
0.0	45236.0
0.0	52693.0
0.0	72382.0
0.0	73684.0
0.0	59045.0
0.0	49267.0
0.0	58972.0
0.0	47699.0
0.0	51919.0
0.0	38836.0
0.0	64233.0
0.0	49685.0
0.0	86474.0
0.0	47380.0
0.0	74994.0
0.0	46212.0
0.0	51542.0
0.0	50132.0
0.0	51934.0
0.0	56777.0
0.0	51369.0
0.0	60975.0
0.0	50940.0
0.0	52711.0
0.0	55236.0
0.0	51258.0
0.0	52302.0
0.0	42391.0
0.0	40704.0
1.0	131072.0
0.0	66202.0
0.0	43379.0
0.0	48290.0
0.0	76674.0
0.0	57708.0
0.0	54589.0
0.0	47005.0
0.0	60696.0
0.0	55986.0
0.0	47586.0
0.0	59317.0
0.0	43748.0
0.0	56591.0
0.0	44016.0
0.0	46097.0
1.0	131072.0
0.0	40944.0
0.0	40651.0
0.0	47325.0
0.0	51592.0
0.0	47041.0
0.0	47279.0
0.0	46682.0
0.0	45344.0
0.0	52679.0
0.0	59409.0
0.0	66705.0
0.0	57572.0
0.0	44638.0
0.0	108650.0
0.0	67025.0
0.0	48820.0
0.0	47722.0
0.0	55808.0
0.0	60396.0
0.0	45344.0
0.0	45970.0
0.0	45706.0
0.0	74467.0
0.0	45997.0
0.0	53000.0
0.0	45429.0
0.0	54252.0
0.0	91734.0
0.0	72516.0
0.0	41651.0
0.0	50309.0
1.0	131072.0
0.0	43750.0
0.0	41840.0
1.0	131072.0
0.0	60605.0
0.0	64563.0
0.0	44933.0
0.0	53767.0
0.0	48986.0
0.0	56806.0
0.0	77161.0
0.0	66382.0
0.0	68331.0
0.0	46966.0
0.0	53520.0
0.0	55083.0
0.0	45794.0
0.0	57348.0
0.0	50028.0
0.0	38291.0
0.0	59585.0
0.0	61988.0
0.0	41763.0
0.0	51395.0
0.0	59086.0
0.0	58912.0
0.0	57873.0
0.0	55035.0
0.0	50021.0
0.0	50160.0
0.0	124437.0
0.0	62514.0
0.0	48497.0
0.0	59147.0
0.0	45473.0
0.0	56256.0
0.0	50743.0
0.0	66772.0
0.0	69656.0
0.0	48383.0
0.0	56494.0
0.0	47695.0
0.0	52429.0
0.0	74687.0
0.0	48681.0
0.0	50949.0
0.0	52631.0
1.0	131072.0
1.0	131072.0
0.0	47889.0
0.0	84132.0
0.0	51054.0
0.0	46700.0
0.0	47503.0
0.0	116309.0
0.0	47467.0
0.0	50077.0
0.0	60595.0
0.0	49474.0
0.0	49989.0
0.0	76760.0
0.0	50006.0
0.0	42435.0
0.0	50655.0
0.0	58832.0
0.0	46234.0
0.0	56737.0
0.0	48816.0
0.0	91239.0
0.0	44783.0
0.0	52880.0
0.0	51597.0
0.0	57142.0
1.0	131072.0
0.0	47502.0
0.0	42702.0
0.0	48608.0
0.0	50223.0
0.0	72011.0
0.0	60070.0
0.0	67785.0
0.0	98276.0
0.0	56742.0
0.0	48267.0
0.0	45256.0
0.0	43621.0
0.0	59337.0
0.0	68819.0
0.0	42348.0
0.0	46600.0
0.0	49575.0
0.0	52056.0
0.0	50417.0
0.0	81012.0
0.0	44273.0
0.0	39355.0
1.0	131072.0
0.0	42781.0
0.0	58322.0
0.0	72862.0
0.0	49348.0
0.0	57241.0
0.0	58913.0
0.0	59569.0
0.0	50945.0
0.0	48104.0
0.0	42548.0
0.0	55600.0
0.0	42482.0
0.0	53204.0
0.0	56899.0
0.0	50502.0
0.0	44023.0
0.0	50978.0
0.0	49269.0
0.0	51062.0
0.0	61015.0
0.0	39991.0
0.0	52780.0
0.0	43390.0
0.0	48770.0
0.0	60418.0
0.0	41225.0
0.0	46410.0
0.0	55362.0
0.0	66341.0
0.0	47407.0
0.0	42019.0
0.0	55008.0
0.0	50868.0
0.0	62566.0
0.0	49987.0
0.0	105762.0
0.0	48011.0
0.0	45657.0
0.0	48974.0
0.0	40353.0
0.0	54575.0
0.0	46519.0
0.0	94746.0
0.0	46298.0
0.0	100588.0
0.0	56179.0
0.0	121521.0
0.0	50762.0
0.0	42879.0
0.0	45267.0
0.0	45137.0
0.0	51876.0
0.0	44838.0
0.0	53274.0
0.0	47274.0
0.0	68460.0
0.0	53653.0
0.0	55092.0
0.0	52552.0
0.0	55612.0
0.0	50476.0
0.0	52194.0
0.0	60499.0
0.0	62863.0
0.0	52979.0
0.0	46390.0
0.0	52361.0
0.0	48461.0
1.0	131072.0
0.0	44279.0
0.0	59727.0
0.0	53368.0
0.0	55628.0
0.0	46646.0
0.0	44670.0
0.0	47819.0
0.0	43923.0
0.0	54326.0
0.0	108957.0
0.0	49216.0
0.0	59806.0
0.0	43514.0
0.0	73188.0
0.0	46056.0
0.0	44417.0
0.0	105651.0
0.0	81244.0
0.0	55020.0
0.0	87336.0
0.0	59906.0
0.0	49043.0
0.0	77073.0
1.0	131072.0
0.0	73045.0
0.0	42231.0
0.0	59971.0
0.0	45402.0
0.0	79366.0
0.0	42562.0
0.0	42510.0
0.0	58679.0
0.0	53739.0
0.0	48546.0
0.0	46612.0
0.0	84690.0
0.0	49019.0
0.0	78597.0
0.0	53573.0
0.0	55160.0
0.0	57592.0
0.0	52399.0
0.0	44060.0
0.0	44326.0
0.0	58687.0
0.0	61522.0
0.0	48915.0
0.0	42924.0
0.0	41096.0
2.0	131072.0
0.0	64730.0
0.0	44987.0
0.0	105299.0
0.0	99886.0
0.0	46866.0
0.0	49731.0
0.0	47972.0
0.0	53083.0
0.0	45955.0
0.0	42937.0
0.0	47705.0
0.0	47937.0
0.0	42287.0
0.0	48536.0
0.0	55410.0
0.0	50082.0
1.0	131072.0
0.0	47372.0
0.0	60889.0
0.0	64203.0
0.0	53855.0
0.0	49325.0
0.0	61010.0
0.0	47566.0
0.0	64834.0
0.0	57747.0
0.0	53880.0
1.0	131072.0
0.0	47224.0
0.0	46402.0
0.0	53565.0
0.0	52512.0
0.0	70589.0
0.0	51514.0
0.0	49263.0
0.0	53394.0
0.0	56783.0
0.0	52309.0
0.0	125334.0
0.0	58304.0
0.0	59966.0
0.0	59640.0
0.0	45503.0
0.0	56506.0
0.0	67978.0
0.0	55952.0
0.0	47886.0
0.0	47453.0
0.0	50540.0
0.0	43728.0
0.0	55237.0
0.0	71821.0
0.0	58207.0
1.0	131072.0
0.0	45757.0
0.0	41317.0
0.0	53786.0
0.0	49980.0
0.0	46596.0
0.0	47241.0
0.0	44043.0
0.0	46722.0
0.0	96246.0
0.0	47559.0
0.0	50601.0
0.0	51732.0
0.0	49654.0
0.0	48656.0
0.0	62116.0
0.0	51293.0
0.0	56201.0
0.0	44467.0
0.0	50815.0
0.0	47861.0
0.0	50882.0
0.0	63890.0
1.0	131072.0
0.0	70171.0
0.0	50032.0
0.0	52585.0
0.0	43699.0
0.0	69111.0
0.0	46666.0
0.0	48137.0
0.0	45933.0
0.0	47640.0
0.0	44733.0
0.0	49798.0
0.0	61791.0
0.0	40439.0
0.0	43093.0
0.0	50121.0
0.0	60046.0
0.0	75420.0
0.0	55741.0
0.0	46736.0
0.0	46144.0
0.0	69734.0
0.0	46935.0
0.0	44889.0
0.0	51797.0
0.0	53321.0
0.0	46474.0
0.0	49242.0
0.0	48892.0
0.0	53021.0
0.0	58865.0
0.0	49948.0
0.0	45449.0
0.0	56646.0
0.0	56410.0
0.0	45363.0
0.0	48327.0
0.0	46378.0
0.0	49213.0
0.0	102623.0
0.0	45760.0
0.0	61379.0
0.0	45302.0
0.0	47649.0
1.0	131072.0
0.0	54165.0
0.0	57620.0
0.0	55190.0
0.0	86218.0
0.0	50166.0
0.0	46631.0
0.0	61127.0
1.0	131072.0
0.0	45331.0
0.0	51420.0
0.0	53227.0
0.0	50300.0
0.0	40180.0
0.0	46916.0
0.0	56922.0
0.0	57009.0
0.0	45133.0
0.0	47436.0
0.0	47893.0
0.0	45393.0
0.0	52509.0
0.0	59113.0
0.0	48974.0
0.0	59702.0
0.0	48018.0
0.0	45659.0
0.0	63798.0
0.0	48956.0
0.0	52122.0
0.0	44874.0
0.0	59478.0
0.0	53449.0
0.0	51699.0
0.0	53546.0
0.0	48505.0
0.0	60138.0
0.0	46029.0
0.0	49899.0
0.0	50920.0
0.0	52348.0
0.0	47446.0
0.0	48117.0
0.0	52996.0
0.0	47448.0
0.0	75504.0
0.0	55337.0
0.0	49198.0
0.0	58769.0
0.0	44697.0
0.0	59954.0
0.0	48038.0
0.0	79131.0
0.0	40083.0
0.0	46864.0
0.0	51387.0
0.0	47029.0
0.0	40203.0
0.0	64463.0
0.0	54266.0
0.0	53682.0
0.0	50282.0
0.0	44974.0
0.0	53556.0
0.0	48669.0
0.0	49892.0
0.0	61708.0
0.0	46103.0
0.0	89151.0
0.0	54091.0
0.0	53298.0
0.0	46786.0
0.0	55089.0
0.0	44698.0
0.0	62901.0
0.0	45550.0
0.0	46732.0
1.0	131072.0
0.0	53428.0
0.0	48318.0
0.0	51858.0
0.0	45154.0
0.0	55090.0
0.0	47334.0
0.0	45465.0
0.0	77193.0
0.0	117961.0
0.0	46056.0
0.0	49747.0
0.0	43927.0
0.0	45011.0
0.0	50477.0
0.0	56250.0
0.0	47474.0
0.0	49130.0
0.0	49834.0
0.0	62266.0
0.0	54372.0
0.0	53002.0
0.0	49564.0
1.0	131072.0
0.0	54766.0
0.0	48513.0
1.0	131072.0
0.0	57580.0
0.0	43261.0
0.0	47865.0
0.0	52553.0
0.0	46607.0
0.0	114463.0
0.0	63592.0
0.0	45644.0
1.0	131072.0
0.0	52330.0
0.0	43665.0
1.0	131072.0
0.0	53120.0
0.0	44725.0
0.0	47050.0
0.0	85928.0
0.0	44560.0
0.0	46719.0
0.0	48567.0
0.0	52098.0
0.0	57517.0
0.0	53132.0
0.0	44231.0
0.0	48337.0
0.0	43170.0
0.0	46053.0
0.0	45992.0
1.0	131072.0
0.0	43036.0
0.0	88295.0
0.0	77663.0
0.0	58422.0
0.0	51711.0
0.0	48160.0
0.0	57229.0
0.0	77880.0
0.0	51007.0
0.0	46630.0
0.0	46916.0
0.0	49249.0
0.0	44142.0
0.0	44931.0
0.0	58553.0
0.0	53001.0
0.0	60495.0
0.0	52241.0
0.0	52996.0
0.0	53249.0
0.0	43572.0
0.0	61808.0
0.0	126322.0
0.0	70211.0
0.0	41324.0
0.0	59640.0
0.0	48161.0
0.0	46697.0
0.0	43123.0
1.0	131072.0
0.0	49376.0
0.0	45571.0
0.0	49603.0
0.0	40501.0
0.0	48830.0
0.0	49975.0
0.0	54487.0
0.0	47579.0
0.0	49191.0
0.0	56215.0
0.0	42347.0
0.0	45804.0
0.0	51359.0
0.0	48952.0
0.0	55413.0
0.0	60689.0
0.0	54518.0
0.0	75530.0
0.0	48029.0
0.0	52719.0
0.0	44047.0
0.0	47292.0
0.0	60499.0
0.0	49735.0
0.0	69709.0
0.0	51547.0
0.0	44642.0
0.0	48360.0
0.0	56581.0
1.0	131072.0
0.0	46786.0
0.0	47742.0
0.0	69482.0
0.0	52499.0
0.0	43962.0
0.0	52655.0
0.0	57007.0
0.0	58226.0
0.0	67128.0
0.0	56156.0
0.0	46585.0
0.0	59560.0
1.0	131072.0
0.0	43703.0
0.0	55627.0
0.0	46975.0
0.0	50524.0
0.0	53703.0
0.0	44576.0
0.0	55958.0
0.0	52234.0
0.0	89674.0
0.0	60363.0
0.0	49779.0
0.0	70152.0
0.0	59505.0
0.0	59283.0
0.0	54144.0
0.0	45698.0
0.0	72853.0
0.0	37541.0
0.0	54503.0
0.0	53129.0
0.0	50750.0
0.0	97285.0
0.0	50560.0
0.0	58297.0
0.0	52419.0
0.0	57224.0
1.0	131072.0
0.0	47821.0
0.0	45439.0
0.0	70447.0
0.0	53807.0
0.0	55139.0
0.0	48431.0
0.0	42224.0
0.0	52671.0
0.0	47288.0
0.0	50038.0
0.0	47201.0
0.0	46067.0
0.0	93294.0
0.0	46696.0
0.0	52690.0
0.0	51364.0
0.0	63412.0
0.0	43290.0
0.0	54716.0
0.0	51730.0
0.0	80896.0
0.0	53169.0
0.0	44771.0
0.0	51913.0
0.0	55742.0
0.0	57061.0
0.0	47224.0
0.0	47115.0
0.0	45818.0
0.0	53616.0
0.0	102598.0
0.0	43676.0
0.0	55002.0
0.0	53454.0
0.0	46645.0
0.0	66708.0
0.0	44730.0
0.0	76223.0
0.0	69407.0
0.0	56184.0
0.0	48927.0
1.0	131072.0
0.0	46611.0
0.0	59895.0
0.0	65406.0
0.0	49039.0
1.0	131072.0
0.0	58959.0
0.0	48024.0
0.0	40004.0
0.0	63206.0
0.0	83341.0
0.0	50781.0
0.0	53085.0
0.0	48275.0
0.0	69256.0
0.0	46640.0
0.0	62321.0
0.0	44259.0
0.0	66443.0
0.0	62697.0
0.0	94700.0
0.0	43276.0
0.0	41249.0
0.0	69389.0
0.0	107251.0
0.0	50016.0
0.0	54678.0
0.0	67203.0
1.0	131072.0
0.0	45671.0
0.0	49484.0
0.0	40413.0
0.0	43414.0
0.0	47437.0
1.0	131072.0
0.0	70474.0
0.0	50412.0
0.0	46813.0
0.0	47714.0
0.0	106898.0
0.0	62363.0
0.0	48631.0
0.0	44842.0
0.0	41833.0
0.0	57196.0
0.0	47212.0
0.0	41002.0
0.0	44238.0
0.0	87300.0
0.0	45158.0
0.0	59266.0
0.0	57787.0
0.0	45692.0
0.0	48520.0
0.0	43448.0
0.0	50352.0
0.0	48953.0
0.0	100597.0
0.0	48791.0
0.0	69292.0
0.0	51107.0
0.0	45182.0
0.0	45384.0
0.0	58814.0
0.0	55248.0
1.0	131072.0
0.0	74183.0
0.0	43037.0
0.0	48942.0
0.0	59539.0
0.0	68954.0
0.0	43361.0
0.0	50521.0
1.0	131072.0
1.0	131072.0
0.0	64423.0
0.0	67330.0
0.0	50649.0
0.0	47602.0
0.0	45207.0
1.0	131072.0
0.0	52778.0
0.0	47341.0
0.0	52258.0
0.0	43001.0
0.0	48276.0
0.0	50960.0
0.0	53841.0
0.0	48743.0
0.0	51463.0
0.0	58737.0
0.0	50533.0
0.0	43654.0
0.0	46599.0
0.0	44815.0
0.0	44956.0
0.0	101102.0
0.0	44006.0
0.0	45731.0
0.0	45621.0
0.0	51325.0
0.0	48440.0
0.0	66192.0
0.0	46828.0
0.0	44183.0
0.0	51783.0
0.0	45775.0
0.0	116011.0
0.0	54544.0
0.0	50614.0
0.0	47391.0
0.0	53984.0
0.0	91782.0
0.0	54782.0
0.0	83070.0
0.0	41778.0
0.0	45353.0
0.0	50185.0
0.0	44465.0
0.0	51317.0
0.0	54923.0
0.0	44789.0
0.0	73634.0
0.0	59125.0
0.0	89397.0
0.0	46484.0
0.0	44598.0
0.0	54390.0
0.0	82187.0
0.0	49150.0
0.0	55247.0
0.0	63825.0
0.0	42304.0
0.0	43864.0
0.0	45647.0
0.0	56482.0
0.0	49245.0
0.0	57700.0
0.0	86312.0
0.0	54656.0
0.0	50519.0
0.0	47496.0
0.0	83339.0
0.0	54759.0
0.0	48702.0
0.0	42687.0
0.0	45906.0
0.0	50216.0
0.0	61785.0
0.0	45926.0
0.0	47178.0
0.0	51607.0
0.0	53040.0
0.0	50726.0
0.0	44446.0
0.0	54188.0
3.0	131072.0
0.0	51189.0
0.0	53104.0
1.0	131072.0
0.0	46929.0
0.0	43206.0
0.0	44423.0
0.0	52420.0
0.0	57733.0
0.0	44494.0
0.0	41253.0
0.0	51538.0
0.0	52487.0
0.0	48855.0
0.0	56828.0
0.0	51877.0
0.0	62242.0
0.0	69066.0
0.0	79981.0
0.0	48993.0
0.0	69972.0
0.0	56313.0
0.0	51366.0
0.0	46287.0
0.0	76929.0
0.0	60445.0
0.0	51585.0
0.0	42944.0
0.0	61992.0
0.0	52027.0
0.0	47131.0
0.0	51980.0
0.0	41521.0
0.0	45792.0
1.0	131072.0
0.0	45757.0
0.0	98429.0
0.0	50079.0
1.0	131072.0
0.0	51876.0
0.0	55753.0
0.0	46790.0
0.0	55339.0
0.0	48740.0
0.0	58163.0
0.0	50285.0
0.0	73298.0
0.0	52543.0
0.0	49845.0
0.0	96608.0
0.0	54690.0
0.0	55030.0
0.0	51745.0
0.0	52959.0
0.0	58433.0
0.0	54057.0
0.0	49659.0
0.0	46645.0
0.0	57061.0
0.0	54358.0
0.0	67749.0
0.0	46378.0
0.0	84660.0
0.0	51553.0
0.0	54755.0
0.0	43321.0
0.0	49209.0
0.0	44715.0
0.0	46641.0
1.0	131072.0
0.0	44727.0
0.0	47447.0
0.0	48239.0
0.0	71399.0
0.0	56068.0
0.0	66839.0
0.0	43741.0
0.0	50818.0
0.0	41021.0
0.0	43898.0
0.0	51742.0
0.0	41827.0
0.0	48546.0
0.0	59741.0
0.0	69003.0
0.0	53211.0
0.0	50875.0
0.0	43209.0
0.0	86450.0
0.0	51636.0
0.0	97147.0
0.0	58145.0
0.0	53764.0
0.0	70338.0
0.0	52652.0
0.0	47531.0
0.0	63281.0
0.0	53734.0
0.0	47751.0
0.0	46806.0
0.0	49509.0
0.0	51266.0
0.0	51376.0
0.0	46920.0
0.0	53760.0
0.0	48096.0
0.0	87270.0
0.0	57025.0
0.0	54021.0
0.0	60503.0
0.0	60767.0
0.0	56547.0
0.0	43850.0
0.0	61265.0
0.0	54770.0
0.0	55773.0
0.0	42425.0
0.0	49426.0
0.0	48984.0
0.0	49762.0
0.0	52013.0
0.0	49987.0
3.0	131072.0
0.0	48893.0
0.0	52054.0
0.0	62792.0
0.0	45236.0
0.0	46845.0
0.0	52198.0
0.0	47059.0
0.0	45129.0
0.0	43749.0
0.0	44574.0
0.0	40927.0
0.0	59945.0
0.0	42676.0
0.0	49038.0
0.0	52079.0
0.0	46279.0
0.0	48672.0
0.0	63344.0
0.0	52964.0
0.0	62907.0
0.0	49318.0
0.0	54935.0
0.0	74639.0
0.0	56736.0
0.0	56504.0
0.0	51187.0
0.0	71470.0
0.0	45415.0
0.0	69202.0
0.0	57775.0
0.0	54693.0
0.0	119182.0
0.0	56113.0
1.0	131072.0
0.0	63233.0
0.0	45217.0
0.0	57083.0
0.0	48483.0
0.0	59502.0
0.0	69912.0
0.0	60379.0
0.0	50022.0
0.0	83621.0
0.0	50453.0
0.0	51532.0
0.0	75253.0
0.0	55400.0
0.0	42554.0
0.0	62810.0
0.0	54201.0
0.0	50468.0
0.0	43267.0
0.0	52131.0
0.0	50198.0
0.0	70190.0
0.0	48886.0
0.0	57282.0
0.0	46244.0
0.0	46177.0
0.0	55060.0
0.0	49776.0
0.0	51866.0
0.0	51539.0
0.0	45388.0
0.0	52369.0
0.0	47023.0
0.0	73301.0
0.0	48864.0
0.0	55765.0
0.0	50842.0
0.0	49605.0
0.0	54067.0
0.0	53210.0
0.0	46182.0
0.0	53752.0
0.0	71512.0
0.0	43544.0
0.0	109276.0
0.0	42160.0
0.0	50861.0
0.0	49134.0
0.0	44503.0
0.0	49405.0
0.0	72606.0
0.0	56704.0
0.0	62179.0
0.0	58608.0
0.0	57590.0
0.0	48378.0
0.0	52495.0
0.0	45417.0
0.0	46430.0
0.0	53625.0
0.0	46202.0
0.0	48238.0
0.0	45543.0
0.0	45671.0
0.0	50963.0
1.0	131072.0
0.0	45913.0
0.0	47533.0
0.0	48421.0
0.0	39479.0
0.0	53531.0
0.0	50431.0
0.0	60529.0
0.0	51350.0
0.0	49161.0
0.0	53008.0
0.0	49889.0
0.0	49099.0
0.0	49756.0
0.0	55965.0
0.0	48187.0
0.0	73926.0
0.0	50210.0
0.0	51833.0
0.0	52858.0
0.0	43002.0
0.0	49022.0
0.0	44742.0
0.0	73666.0
0.0	47704.0
0.0	52546.0
0.0	45005.0
0.0	49090.0
0.0	90566.0
1.0	131072.0
0.0	49844.0
0.0	47651.0
0.0	48095.0
0.0	58896.0
0.0	62904.0
0.0	54062.0
0.0	48544.0
0.0	41672.0
0.0	46793.0
0.0	58631.0
0.0	101286.0
0.0	49103.0
0.0	67702.0
0.0	50301.0
0.0	45665.0
0.0	40426.0
0.0	50188.0
0.0	79924.0
0.0	51113.0
0.0	63171.0
0.0	46335.0
0.0	67527.0
0.0	49978.0
0.0	46489.0
0.0	48223.0
0.0	48572.0
0.0	60944.0
0.0	55299.0
0.0	66813.0
0.0	56669.0
0.0	56026.0
0.0	38367.0
1.0	131072.0
0.0	45390.0
1.0	131072.0
0.0	56836.0
0.0	40890.0
0.0	49384.0
0.0	37690.0
0.0	46906.0
0.0	64853.0
0.0	53299.0
0.0	46711.0
0.0	45604.0
0.0	46942.0
0.0	40528.0
1.0	131072.0
1.0	131072.0
0.0	65195.0
0.0	50784.0
0.0	41035.0
0.0	50114.0
0.0	55424.0
0.0	83683.0
0.0	47176.0
0.0	65790.0
0.0	57839.0
0.0	53624.0
0.0	46099.0
0.0	39208.0
0.0	53818.0
0.0	51348.0
0.0	52533.0
0.0	75932.0
0.0	107832.0
0.0	55256.0
0.0	43603.0
0.0	56792.0
0.0	49517.0
0.0	41838.0
0.0	49041.0
0.0	50382.0
0.0	75982.0
0.0	66173.0
1.0	131072.0
0.0	48895.0
0.0	86885.0
0.0	57074.0
0.0	47594.0
0.0	44402.0
0.0	47971.0
0.0	51296.0
0.0	52348.0
0.0	58278.0
0.0	66343.0
0.0	38906.0
0.0	46648.0
0.0	44296.0
0.0	45547.0
0.0	46626.0
0.0	44001.0
0.0	45056.0
0.0	65932.0
0.0	47663.0
0.0	49970.0
0.0	51611.0
0.0	45591.0
0.0	50121.0
0.0	44875.0
0.0	44319.0
0.0	56618.0
0.0	45642.0
0.0	44884.0
0.0	44160.0
0.0	61905.0
0.0	53501.0
0.0	50865.0
0.0	47123.0
0.0	43387.0
0.0	61384.0
0.0	53586.0
0.0	46406.0
0.0	64540.0
0.0	56647.0
0.0	43908.0
0.0	48160.0
0.0	42559.0
0.0	57555.0
0.0	55964.0
0.0	48223.0
0.0	53262.0
0.0	44451.0
1.0	131072.0
0.0	50880.0
0.0	42408.0
0.0	48857.0
0.0	57061.0
0.0	41750.0
0.0	45689.0
0.0	57156.0
0.0	116652.0
0.0	51569.0
1.0	131072.0
0.0	43440.0
0.0	40714.0
0.0	52676.0
0.0	64415.0
0.0	44945.0
0.0	64499.0
0.0	53261.0
0.0	46131.0
0.0	89742.0
0.0	63238.0
0.0	49725.0
1.0	131072.0
0.0	77239.0
0.0	52981.0
0.0	47742.0
0.0	45343.0
0.0	52351.0
0.0	51168.0
0.0	52679.0
0.0	45298.0
0.0	55094.0
0.0	59459.0
0.0	96807.0
0.0	60038.0
0.0	42341.0
0.0	51033.0
1.0	131072.0
0.0	43181.0
0.0	53770.0
0.0	50553.0
0.0	49128.0
0.0	47073.0
0.0	47205.0
0.0	47087.0
0.0	43687.0
0.0	40184.0
0.0	83316.0
0.0	63047.0
0.0	59674.0
0.0	48893.0
0.0	44728.0
0.0	79906.0
0.0	67888.0
0.0	45092.0
0.0	53678.0
0.0	52823.0
1.0	131072.0
0.0	61474.0
0.0	49518.0
0.0	42954.0
0.0	52900.0
0.0	44993.0
0.0	59796.0
1.0	131072.0
0.0	47112.0
0.0	48822.0
0.0	43113.0
0.0	54737.0
0.0	71349.0
0.0	46540.0
0.0	79444.0
0.0	54830.0
1.0	131072.0
1.0	131072.0
0.0	46036.0
0.0	54138.0
0.0	51722.0
0.0	45881.0
0.0	59521.0
0.0	52197.0
0.0	52952.0
0.0	59909.0
0.0	44307.0
0.0	40760.0
0.0	51498.0
0.0	49066.0
0.0	80555.0
0.0	47072.0
0.0	49329.0
0.0	53482.0
0.0	55657.0
0.0	52127.0
0.0	47228.0
0.0	51402.0
0.0	75008.0
1.0	131072.0
0.0	55001.0
0.0	52312.0
0.0	51702.0
0.0	48880.0
0.0	43478.0
0.0	58580.0
0.0	50440.0
0.0	63579.0
0.0	42637.0
0.0	50854.0
1.0	131072.0
0.0	45918.0
0.0	80280.0
0.0	67897.0
0.0	54870.0
0.0	62396.0
0.0	44989.0
0.0	67860.0
0.0	56352.0
0.0	88455.0
0.0	54688.0
0.0	63671.0
0.0	49085.0
0.0	44726.0
0.0	42439.0
0.0	45180.0
0.0	70796.0
0.0	47770.0
0.0	53516.0
0.0	44781.0
0.0	52182.0
0.0	52951.0
0.0	80162.0
0.0	56219.0
0.0	48165.0
0.0	87461.0
0.0	54376.0
0.0	75629.0
0.0	52738.0
1.0	131072.0
0.0	47367.0
0.0	76898.0
0.0	55858.0
0.0	44232.0
0.0	43591.0
0.0	46817.0
0.0	46168.0
0.0	49082.0
0.0	56810.0
0.0	45774.0
0.0	80624.0
0.0	66370.0
0.0	56349.0
0.0	48197.0
0.0	54188.0
0.0	45374.0
0.0	55668.0
0.0	52000.0
0.0	46029.0
0.0	54733.0
0.0	96378.0
0.0	55097.0
0.0	53039.0
0.0	77013.0
0.0	109494.0
0.0	70962.0
0.0	46659.0
0.0	42249.0
0.0	76122.0
0.0	50928.0
0.0	82831.0
0.0	43596.0
0.0	41579.0
0.0	55750.0
0.0	58331.0
0.0	47040.0
0.0	54627.0
0.0	49908.0
0.0	49397.0
0.0	51689.0
0.0	50902.0
0.0	106594.0
0.0	55615.0
0.0	47845.0
0.0	53568.0
0.0	50722.0
0.0	67219.0
0.0	67099.0
0.0	66300.0
0.0	45008.0
0.0	51095.0
0.0	43975.0
0.0	45416.0
0.0	53948.0
0.0	50332.0
0.0	61189.0
0.0	69419.0
0.0	42525.0
0.0	48874.0
0.0	44472.0
0.0	55194.0
0.0	47741.0
0.0	48864.0
0.0	43631.0
0.0	51023.0
0.0	59770.0
1.0	131072.0
0.0	46021.0
1.0	131072.0
0.0	58501.0
0.0	53502.0
0.0	55747.0
0.0	102076.0
0.0	47355.0
0.0	48910.0
0.0	49063.0
0.0	47610.0
0.0	45291.0
0.0	44260.0
0.0	70128.0
0.0	46659.0
0.0	58317.0
0.0	40137.0
0.0	58721.0
0.0	72507.0
0.0	44395.0
0.0	52244.0
0.0	54068.0
0.0	39351.0
0.0	50222.0
0.0	43381.0
0.0	48042.0
0.0	56202.0
0.0	56221.0
0.0	43836.0
0.0	52902.0
0.0	65852.0
0.0	44529.0
0.0	48561.0
0.0	60293.0
0.0	62465.0
0.0	48793.0
0.0	57614.0
0.0	52655.0
0.0	65727.0
0.0	96727.0
0.0	50987.0
0.0	51501.0
0.0	47831.0
0.0	46142.0
0.0	43631.0
0.0	56377.0
0.0	46675.0
0.0	45461.0
0.0	49777.0
0.0	47119.0
0.0	72291.0
0.0	45223.0
0.0	59436.0
0.0	43067.0
0.0	60807.0
0.0	89005.0
0.0	51464.0
0.0	67233.0
0.0	57239.0
0.0	49375.0
0.0	58309.0
0.0	44934.0
0.0	48833.0
0.0	49806.0
0.0	52621.0
0.0	45122.0
0.0	41130.0
0.0	46241.0
0.0	55667.0
0.0	44040.0
0.0	51440.0
0.0	53664.0
0.0	51229.0
0.0	46799.0
0.0	49756.0
0.0	46361.0
0.0	55962.0
0.0	46680.0
1.0	131072.0
0.0	41648.0
0.0	48064.0
0.0	58725.0
0.0	62372.0
0.0	49698.0
0.0	51715.0
0.0	61048.0
0.0	47000.0
0.0	52063.0
0.0	43866.0
0.0	59867.0
0.0	46755.0
0.0	68924.0
2.0	131072.0
0.0	66355.0
1.0	131072.0
0.0	65846.0
0.0	59374.0
0.0	46756.0
0.0	53171.0
0.0	51913.0
0.0	43600.0
0.0	47825.0
0.0	56858.0
0.0	46841.0
0.0	55522.0
0.0	55083.0
0.0	40825.0
0.0	64871.0
0.0	65959.0
0.0	69334.0
0.0	55589.0
0.0	63451.0
0.0	54566.0
0.0	53882.0
0.0	48041.0
0.0	44154.0
0.0	50501.0
0.0	56637.0
0.0	72903.0
0.0	47415.0
0.0	64180.0
2.0	131072.0
0.0	88443.0
0.0	48068.0
0.0	63166.0
0.0	51419.0
0.0	47110.0
0.0	54247.0
0.0	61341.0
0.0	101277.0
0.0	57395.0
0.0	42191.0
0.0	46152.0
0.0	56389.0
0.0	51001.0
0.0	51058.0
0.0	101225.0
0.0	45516.0
0.0	53385.0
0.0	52346.0
0.0	59735.0
0.0	45163.0
0.0	105582.0
0.0	38119.0
0.0	59658.0
0.0	50645.0
0.0	38891.0
0.0	45166.0
0.0	42279.0
0.0	43559.0
0.0	54525.0
0.0	44662.0
0.0	53066.0
0.0	58381.0
0.0	109764.0
0.0	66907.0
0.0	51779.0
0.0	43877.0
0.0	51980.0
0.0	48658.0
0.0	51693.0
0.0	42705.0
0.0	51648.0
0.0	48158.0
0.0	52592.0
1.0	131072.0
0.0	48729.0
0.0	45797.0
0.0	46590.0
0.0	49671.0
0.0	51915.0
0.0	39131.0
0.0	51968.0
0.0	60584.0
0.0	46482.0
0.0	51974.0
0.0	55724.0
0.0	43426.0
0.0	49055.0
0.0	123575.0
0.0	60698.0
0.0	92715.0
0.0	51656.0
0.0	98486.0
0.0	42368.0
0.0	71495.0
0.0	55627.0
0.0	48940.0
0.0	44441.0
0.0	45109.0
0.0	45275.0
0.0	44592.0
0.0	56477.0
0.0	53027.0
0.0	55069.0
0.0	87842.0
0.0	47279.0
0.0	50404.0
0.0	44422.0
0.0	46346.0
0.0	57540.0
0.0	43965.0
0.0	55900.0
0.0	44908.0
0.0	53853.0
0.0	55332.0
1.0	131072.0
0.0	123067.0
0.0	57752.0
0.0	66676.0
0.0	61718.0
0.0	54961.0
0.0	57622.0
0.0	58879.0
0.0	53518.0
0.0	48484.0
0.0	52221.0
0.0	47185.0
0.0	48493.0
0.0	50348.0
0.0	37901.0
0.0	48580.0
0.0	41779.0
0.0	52594.0
0.0	53708.0
0.0	70665.0
0.0	59127.0
0.0	45080.0
0.0	40582.0
0.0	46991.0
0.0	48307.0
0.0	67235.0
0.0	48015.0
0.0	56292.0
0.0	57432.0
0.0	66464.0
0.0	41677.0
0.0	49420.0
0.0	49830.0
0.0	42431.0
0.0	47576.0
0.0	48017.0
0.0	53121.0
0.0	83456.0
0.0	59762.0
0.0	54336.0
0.0	51924.0
0.0	45788.0
0.0	47359.0
0.0	59160.0
0.0	45390.0
0.0	68775.0
0.0	50366.0
0.0	43992.0
0.0	47578.0
0.0	65113.0
0.0	52245.0
0.0	56118.0
0.0	43291.0
1.0	131072.0
0.0	50556.0
0.0	62948.0
0.0	56764.0
0.0	69729.0
0.0	61214.0
0.0	48344.0
0.0	45514.0
0.0	54444.0
0.0	48653.0
0.0	50480.0
0.0	39556.0
0.0	50132.0
0.0	59256.0
0.0	98576.0
0.0	46752.0
0.0	45789.0
0.0	49243.0
0.0	47199.0
0.0	78240.0
0.0	57611.0
0.0	50414.0
0.0	59321.0
0.0	49953.0
0.0	62519.0
0.0	48909.0
0.0	62589.0
0.0	104412.0
0.0	44654.0
0.0	48827.0
0.0	61889.0
0.0	54940.0
0.0	41644.0
0.0	73645.0
0.0	47596.0
0.0	44994.0
0.0	46659.0
0.0	49970.0
0.0	51985.0
0.0	45394.0
2.0	131072.0
0.0	53435.0
0.0	47297.0
0.0	101761.0
0.0	46773.0
0.0	55998.0
0.0	45560.0
0.0	100258.0
0.0	52058.0
0.0	49898.0
1.0	131072.0
0.0	57391.0
0.0	45874.0
0.0	55377.0
0.0	59999.0
0.0	52201.0
0.0	42233.0
0.0	47098.0
0.0	48300.0
0.0	56346.0
0.0	72681.0
1.0	131072.0
0.0	54895.0
0.0	49031.0
0.0	53189.0
0.0	42621.0
0.0	49347.0
0.0	51372.0
0.0	49902.0
0.0	53158.0
0.0	56406.0
0.0	50995.0
0.0	44096.0
0.0	53158.0
0.0	46379.0
0.0	49540.0
0.0	43509.0
2.0	131072.0
0.0	45691.0
0.0	44371.0
0.0	74100.0
0.0	44974.0
0.0	49284.0
0.0	45172.0
0.0	54320.0
0.0	50244.0
0.0	51074.0
0.0	47849.0
0.0	117555.0
0.0	76652.0
0.0	74792.0
0.0	84593.0
0.0	53556.0
0.0	52361.0
0.0	48588.0
0.0	51865.0
0.0	52913.0
0.0	51974.0
0.0	51956.0
0.0	50473.0
0.0	47658.0
0.0	44980.0
0.0	48502.0
0.0	45123.0
0.0	61350.0
0.0	44303.0
0.0	44127.0
0.0	49224.0
0.0	50374.0
0.0	67962.0
0.0	42446.0
0.0	64724.0
0.0	45035.0
0.0	58126.0
0.0	54688.0
0.0	60194.0
0.0	58156.0
0.0	53311.0
0.0	46299.0
0.0	48000.0
0.0	51063.0
0.0	52400.0
0.0	60360.0
0.0	57815.0
0.0	46166.0
0.0	50209.0
0.0	51458.0
0.0	49479.0
0.0	82722.0
0.0	52543.0
0.0	49406.0
0.0	47025.0
0.0	79522.0
0.0	67299.0
0.0	53168.0
0.0	42359.0
0.0	63406.0
0.0	96096.0
0.0	42109.0
0.0	47285.0
0.0	45776.0
0.0	52876.0
0.0	45380.0
0.0	46142.0
0.0	48218.0
0.0	118264.0
0.0	53161.0
0.0	98261.0
0.0	43267.0
0.0	46877.0
0.0	48761.0
0.0	44257.0
0.0	48574.0
0.0	126326.0
0.0	49974.0
0.0	58630.0
0.0	54901.0
0.0	55757.0
0.0	84640.0
0.0	45300.0
0.0	51634.0
0.0	47281.0
0.0	40322.0
0.0	45034.0
0.0	47773.0
0.0	46669.0
0.0	46345.0
0.0	48538.0
0.0	51137.0
0.0	44972.0
0.0	48780.0
0.0	74803.0
0.0	73014.0
0.0	47829.0
0.0	56244.0
0.0	73203.0
0.0	51683.0
0.0	50300.0
0.0	42762.0
0.0	47926.0
0.0	63503.0
0.0	58206.0
2.0	131072.0
0.0	54152.0
0.0	50072.0
0.0	49098.0
0.0	51811.0
0.0	49250.0
0.0	46423.0
0.0	46538.0
0.0	45003.0
0.0	48726.0
0.0	64634.0
0.0	53142.0
0.0	49641.0
0.0	48769.0
0.0	49151.0
0.0	55962.0
0.0	100154.0
0.0	41751.0
0.0	48855.0
0.0	92059.0
0.0	49018.0
0.0	42418.0
0.0	48019.0
0.0	58115.0
0.0	58175.0
0.0	63852.0
0.0	53874.0
0.0	48631.0
1.0	131072.0
0.0	58097.0
0.0	56353.0
0.0	49241.0
0.0	50563.0
1.0	131072.0
1.0	131072.0
0.0	45909.0
0.0	51654.0
0.0	56415.0
0.0	48285.0
0.0	47695.0
0.0	45587.0
0.0	57363.0
0.0	126596.0
0.0	47203.0
0.0	53638.0
0.0	55383.0
0.0	51806.0
0.0	68782.0
0.0	54359.0
0.0	52209.0
0.0	46839.0
0.0	56451.0
0.0	46032.0
0.0	50137.0
0.0	52774.0
0.0	43557.0
0.0	43821.0
0.0	61769.0
0.0	65095.0
0.0	62454.0
0.0	57241.0
0.0	70472.0
0.0	47469.0
0.0	53298.0
0.0	56783.0
0.0	64148.0
0.0	54107.0
0.0	43506.0
0.0	49363.0
0.0	42887.0
0.0	45127.0
0.0	44844.0
0.0	52078.0
0.0	52704.0
0.0	53654.0
0.0	59650.0
0.0	48571.0
0.0	73521.0
0.0	42804.0
0.0	54982.0
0.0	51530.0
0.0	50969.0
0.0	41627.0
0.0	44790.0
0.0	53320.0
0.0	48217.0
0.0	59373.0
0.0	80854.0
0.0	53380.0
0.0	72247.0
0.0	60959.0
0.0	48102.0
0.0	46512.0
0.0	50195.0
0.0	49643.0
1.0	131072.0
2.0	131072.0
1.0	131072.0
0.0	52841.0
0.0	48291.0
0.0	54637.0
0.0	59552.0
0.0	48692.0
0.0	56227.0
0.0	46736.0
0.0	49652.0
0.0	49887.0
0.0	47812.0
0.0	54549.0
0.0	57559.0
0.0	46613.0
0.0	47831.0
0.0	47472.0
0.0	45809.0
0.0	45480.0
0.0	61866.0
0.0	48911.0
0.0	57818.0
0.0	51724.0
0.0	48969.0
0.0	61858.0
0.0	125612.0
0.0	48885.0
0.0	50075.0
0.0	47131.0
0.0	67324.0
0.0	49484.0
0.0	50633.0
0.0	115232.0
0.0	84684.0
0.0	54739.0
0.0	49476.0
1.0	131072.0
0.0	49071.0
0.0	47856.0
1.0	131072.0
0.0	63469.0
0.0	43534.0
0.0	53060.0
0.0	47425.0
0.0	55317.0
0.0	46798.0
0.0	47124.0
0.0	52709.0
0.0	56706.0
0.0	63379.0
0.0	64693.0
0.0	51324.0
0.0	63017.0
0.0	53162.0
0.0	87782.0
0.0	47285.0
1.0	131072.0
0.0	52479.0
0.0	53511.0
0.0	49541.0
0.0	36547.0
0.0	42723.0
0.0	45459.0
0.0	48146.0
0.0	62632.0
0.0	45959.0
0.0	80880.0
0.0	41184.0
0.0	51432.0
0.0	40062.0
0.0	57625.0
0.0	49266.0
0.0	70096.0
0.0	51372.0
0.0	86843.0
0.0	60491.0
0.0	67408.0
0.0	51835.0
0.0	48961.0
0.0	50796.0
0.0	43942.0
0.0	49506.0
0.0	42059.0
0.0	52796.0
0.0	47951.0
0.0	47346.0
0.0	42951.0
0.0	46435.0
0.0	58269.0
0.0	42337.0
0.0	44321.0
0.0	49658.0
0.0	44110.0
0.0	60112.0
0.0	46449.0
0.0	61545.0
0.0	44070.0
0.0	50973.0
2.0	131072.0
0.0	45919.0
0.0	60396.0
0.0	49866.0
0.0	51673.0
0.0	56465.0
1.0	131072.0
0.0	48674.0
0.0	73985.0
0.0	49446.0
0.0	43851.0
0.0	46187.0
0.0	49910.0
0.0	46974.0
0.0	45057.0
0.0	53945.0
0.0	57692.0
0.0	62979.0
1.0	131072.0
0.0	43132.0
0.0	46266.0
0.0	47669.0
0.0	64469.0
0.0	49425.0
0.0	56407.0
0.0	56435.0
1.0	131072.0
0.0	52925.0
0.0	49243.0
0.0	53776.0
0.0	59528.0
0.0	44915.0
0.0	86969.0
0.0	44700.0
0.0	52767.0
0.0	45261.0
0.0	59133.0
0.0	51300.0
0.0	47329.0
0.0	49609.0
0.0	61781.0
0.0	47067.0
0.0	44559.0
0.0	45758.0
0.0	51405.0
0.0	78474.0
1.0	131072.0
0.0	48711.0
0.0	41976.0
0.0	72890.0
0.0	56803.0
0.0	66992.0
0.0	50379.0
0.0	53208.0
0.0	41226.0
0.0	67725.0
0.0	46957.0
0.0	45433.0
0.0	43806.0
0.0	42249.0
0.0	77798.0
0.0	50394.0
0.0	57429.0
0.0	42691.0
0.0	56622.0
0.0	50801.0
0.0	50999.0
0.0	44112.0
0.0	91847.0
0.0	46380.0
0.0	47355.0
0.0	59610.0
0.0	47583.0
0.0	50642.0
0.0	69215.0
0.0	50048.0
0.0	60326.0
0.0	48941.0
0.0	43007.0
0.0	46959.0
0.0	49888.0
0.0	55613.0
0.0	59009.0
0.0	53880.0
0.0	55232.0
0.0	46707.0
0.0	62270.0
0.0	48340.0
0.0	43707.0
0.0	43870.0
0.0	61008.0
0.0	46172.0
0.0	58251.0
0.0	53727.0
0.0	56670.0
0.0	45688.0
0.0	53222.0
0.0	64813.0
0.0	76691.0
0.0	45222.0
0.0	62162.0
0.0	44702.0
0.0	56163.0
0.0	44795.0
0.0	128114.0
0.0	61136.0
0.0	46700.0
0.0	51067.0
0.0	48270.0
0.0	60789.0
0.0	45120.0
0.0	77582.0
0.0	43312.0
0.0	45164.0
0.0	49315.0
0.0	59177.0
0.0	62373.0
0.0	69761.0
0.0	75823.0
0.0	46745.0
0.0	49148.0
0.0	65055.0
0.0	52931.0
0.0	55267.0
0.0	49341.0
0.0	56973.0
0.0	44740.0
0.0	54391.0
0.0	52252.0
0.0	48505.0
0.0	70231.0
0.0	52835.0
0.0	57279.0
0.0	71340.0
0.0	71157.0
0.0	47061.0
0.0	67982.0
0.0	68093.0
0.0	45211.0
0.0	47872.0
0.0	57680.0
0.0	50770.0
0.0	43409.0
0.0	50424.0
0.0	47573.0
0.0	53092.0
0.0	44438.0
0.0	73109.0
0.0	49454.0
0.0	49665.0
0.0	56125.0
0.0	67205.0
0.0	51073.0
0.0	47922.0
0.0	43912.0
0.0	49450.0
0.0	49002.0
0.0	51198.0
0.0	58935.0
0.0	43733.0
0.0	45174.0
0.0	62812.0
0.0	46865.0
0.0	72347.0
0.0	49391.0
0.0	66102.0
0.0	55352.0
0.0	48454.0
0.0	44418.0
0.0	57368.0
0.0	66331.0
0.0	40295.0
0.0	47193.0
0.0	56397.0
0.0	57664.0
0.0	57872.0
0.0	47100.0
0.0	69878.0
0.0	48787.0
0.0	55184.0
0.0	44242.0
0.0	48460.0
0.0	43096.0
0.0	60837.0
0.0	54400.0
0.0	49243.0
0.0	46838.0
0.0	53435.0
0.0	72267.0
0.0	75390.0
0.0	49826.0
0.0	44712.0
0.0	57771.0
0.0	48139.0
0.0	40921.0
0.0	61019.0
0.0	49869.0
0.0	55915.0
0.0	43759.0
1.0	131072.0
0.0	42396.0
0.0	46030.0
0.0	54597.0
0.0	59448.0
1.0	131072.0
0.0	52555.0
0.0	45388.0
0.0	53798.0
0.0	52552.0
0.0	51473.0
0.0	61668.0
0.0	44219.0
0.0	43898.0
0.0	55443.0
0.0	45042.0
0.0	59104.0
0.0	45106.0
1.0	131072.0
0.0	50610.0
0.0	45139.0
0.0	55022.0
0.0	43214.0
0.0	43911.0
0.0	59744.0
0.0	55968.0
0.0	66485.0
0.0	89056.0
0.0	53334.0
0.0	111301.0
0.0	48008.0
0.0	43649.0
0.0	52870.0
0.0	46990.0
0.0	44771.0
0.0	70939.0
0.0	52228.0
0.0	58610.0
1.0	131072.0
0.0	63743.0
0.0	42636.0
0.0	57828.0
0.0	45389.0
0.0	45453.0
0.0	57146.0
0.0	51999.0
0.0	51007.0
0.0	49046.0
0.0	48356.0
0.0	51106.0
0.0	50147.0
0.0	66655.0
0.0	44290.0
0.0	46515.0
0.0	59504.0
0.0	45264.0
0.0	41588.0
0.0	52936.0
0.0	45924.0
0.0	53657.0
0.0	43702.0
0.0	65955.0
2.0	131072.0
0.0	45684.0
0.0	48354.0
0.0	47377.0
0.0	57575.0
0.0	56597.0
0.0	43105.0
0.0	59206.0
0.0	46765.0
0.0	51269.0
0.0	51676.0
0.0	44392.0
0.0	49339.0
0.0	49966.0
0.0	51605.0
0.0	52601.0
0.0	70840.0
0.0	67459.0
0.0	59735.0
0.0	61537.0
0.0	56754.0
0.0	61108.0
0.0	64322.0
0.0	52906.0
0.0	48031.0
0.0	45545.0
0.0	105032.0
0.0	80355.0
0.0	51562.0
0.0	54145.0
0.0	79799.0
1.0	131072.0
0.0	60476.0
0.0	45004.0
0.0	60559.0
0.0	46099.0
0.0	46901.0
0.0	118861.0
0.0	67973.0
0.0	58970.0
0.0	46759.0
0.0	52450.0
0.0	53402.0
0.0	42881.0
0.0	48626.0
0.0	44406.0
0.0	56404.0
0.0	61746.0
0.0	90764.0
0.0	45745.0
0.0	47571.0
0.0	53888.0
0.0	46708.0
0.0	51339.0
0.0	58507.0
0.0	48774.0
0.0	83576.0
0.0	74506.0
0.0	57824.0
0.0	53135.0
0.0	42649.0
0.0	48263.0
0.0	58464.0
0.0	83558.0
0.0	45921.0
0.0	48200.0
0.0	51761.0
0.0	46560.0
0.0	48728.0
0.0	49172.0
0.0	57563.0
0.0	66322.0
0.0	48317.0
0.0	40778.0
0.0	50567.0
0.0	46729.0
0.0	57241.0
0.0	46540.0
0.0	59354.0
0.0	41453.0
0.0	51236.0
0.0	43555.0
0.0	51070.0
0.0	56072.0
0.0	47589.0
0.0	60157.0
0.0	45661.0
0.0	56091.0
0.0	47777.0
0.0	48367.0
0.0	46927.0
0.0	70229.0
0.0	51241.0
0.0	58257.0
0.0	44430.0
0.0	42037.0
0.0	48239.0
0.0	57412.0
0.0	68500.0
0.0	41717.0
0.0	54853.0
0.0	54837.0
0.0	64296.0
0.0	77516.0
0.0	61639.0
0.0	53836.0
0.0	58591.0
0.0	47609.0
0.0	46414.0
0.0	53052.0
0.0	54778.0
0.0	57725.0
0.0	43797.0
0.0	56039.0
0.0	40651.0
0.0	57645.0
0.0	45032.0
0.0	58674.0
0.0	57162.0
0.0	46172.0
0.0	115137.0
0.0	56526.0
0.0	67503.0
0.0	48072.0
0.0	44765.0
0.0	81176.0
0.0	80203.0
0.0	46910.0
0.0	55241.0
0.0	108498.0
0.0	48452.0
0.0	52651.0
0.0	122735.0
0.0	45905.0
0.0	57416.0
0.0	48271.0
0.0	47794.0
0.0	51454.0
0.0	44977.0
0.0	48135.0
1.0	131072.0
0.0	61104.0
0.0	47650.0
0.0	58839.0
0.0	51913.0
0.0	50495.0
0.0	58637.0
0.0	56458.0
0.0	48800.0
0.0	47521.0
0.0	43817.0
0.0	43740.0
0.0	47323.0
0.0	48070.0
0.0	50512.0
0.0	43975.0
0.0	108637.0
0.0	45706.0
0.0	53983.0
0.0	53139.0
0.0	73902.0
0.0	59032.0
0.0	50749.0
0.0	47352.0
0.0	48936.0
0.0	61708.0
0.0	51244.0
0.0	57136.0
0.0	53909.0
0.0	59807.0
0.0	50694.0
0.0	52657.0
0.0	45342.0
0.0	52482.0
0.0	57436.0
0.0	53389.0
0.0	60047.0
0.0	42802.0
0.0	59615.0
0.0	54165.0
0.0	51089.0
0.0	74283.0
0.0	47462.0
0.0	58224.0
0.0	61461.0
1.0	131072.0
0.0	60194.0
0.0	54787.0
0.0	55560.0
0.0	46359.0
0.0	56141.0
0.0	45165.0
0.0	53943.0
0.0	48447.0
0.0	70018.0
0.0	60966.0
0.0	59438.0
0.0	51311.0
0.0	57403.0
0.0	61226.0
0.0	53041.0
0.0	56521.0
0.0	41729.0
0.0	45550.0
0.0	44163.0
0.0	44151.0
0.0	47043.0
0.0	52072.0
0.0	83085.0
0.0	45326.0
0.0	45652.0
0.0	38719.0
0.0	54601.0
0.0	59003.0
0.0	49049.0
0.0	54180.0
0.0	44098.0
0.0	51085.0
0.0	51013.0
0.0	66808.0
0.0	98384.0
0.0	44617.0
1.0	131072.0
0.0	48416.0
0.0	49365.0
0.0	43696.0
0.0	62161.0
0.0	75165.0
0.0	44860.0
2.0	131072.0
0.0	61771.0
0.0	43691.0
0.0	46714.0
0.0	63807.0
0.0	55604.0
0.0	44935.0
0.0	50897.0
0.0	46837.0
0.0	48517.0
0.0	58277.0
0.0	52085.0
0.0	51156.0
0.0	60081.0
0.0	45079.0
0.0	51374.0
0.0	72409.0
0.0	60244.0
0.0	55815.0
0.0	54492.0
0.0	43164.0
0.0	47840.0
0.0	42139.0
0.0	62997.0
0.0	43786.0
0.0	46383.0
0.0	42092.0
0.0	47053.0
0.0	71125.0
0.0	52348.0
0.0	52580.0
0.0	47113.0
0.0	54654.0
0.0	63700.0
0.0	56521.0
0.0	56601.0
0.0	50071.0
0.0	52954.0
0.0	46167.0
0.0	50163.0
0.0	127639.0
0.0	51683.0
0.0	39749.0
0.0	57637.0
0.0	50472.0
0.0	51463.0
0.0	49551.0
0.0	106743.0
0.0	45386.0
0.0	43714.0
0.0	53373.0
0.0	47398.0
0.0	80057.0
0.0	45559.0
0.0	48029.0
0.0	51225.0
0.0	52763.0
0.0	59900.0
0.0	44289.0
0.0	54052.0
0.0	45781.0
0.0	49297.0
0.0	42493.0
0.0	44034.0
0.0	47593.0
0.0	67824.0
0.0	70452.0
0.0	64444.0
0.0	48654.0
0.0	48582.0
0.0	50665.0
0.0	46502.0
0.0	51325.0
0.0	61394.0
0.0	55745.0
0.0	60217.0
0.0	63290.0
0.0	48212.0
0.0	45652.0
0.0	46347.0
0.0	47621.0
0.0	52424.0
0.0	80866.0
0.0	43874.0
0.0	45530.0
0.0	46064.0
0.0	49018.0
0.0	58964.0
0.0	44986.0
0.0	48144.0
0.0	57962.0
0.0	44621.0
0.0	54124.0
0.0	78417.0
0.0	58627.0
0.0	56534.0
0.0	45921.0
0.0	57477.0
0.0	51205.0
0.0	48999.0
0.0	64794.0
0.0	45946.0
0.0	60923.0
0.0	47191.0
0.0	51561.0
0.0	60527.0
0.0	48181.0
0.0	48597.0
0.0	50245.0
0.0	54047.0
0.0	51695.0
0.0	118982.0
0.0	50819.0
0.0	47674.0
0.0	56437.0
0.0	50204.0
1.0	131072.0
0.0	47936.0
0.0	69540.0
0.0	52104.0
0.0	45113.0
2.0	131072.0
0.0	74712.0
0.0	56430.0
0.0	45956.0
0.0	65607.0
0.0	43603.0
0.0	51702.0
0.0	49785.0
0.0	73500.0
0.0	43838.0
0.0	70142.0
0.0	47878.0
0.0	50455.0
1.0	131072.0
0.0	72114.0
0.0	50612.0
0.0	47483.0
0.0	62951.0
0.0	48986.0
0.0	66748.0
0.0	49302.0
0.0	54081.0
1.0	131072.0
0.0	46768.0
1.0	131072.0
0.0	51671.0
0.0	53683.0
0.0	57595.0
1.0	131072.0
0.0	63835.0
0.0	54782.0
0.0	48960.0
0.0	51972.0
0.0	49554.0
0.0	46812.0
0.0	55666.0
0.0	51474.0
1.0	131072.0
0.0	52811.0
0.0	55089.0
0.0	51336.0
0.0	50455.0
0.0	81056.0
0.0	50941.0
0.0	45386.0
0.0	114826.0
0.0	46980.0
0.0	46700.0
0.0	55286.0
0.0	67744.0
0.0	53651.0
0.0	49931.0
0.0	74359.0
0.0	43160.0
0.0	44082.0
0.0	46590.0
0.0	46892.0
0.0	44953.0
0.0	45809.0
0.0	45352.0
0.0	55872.0
0.0	52902.0
0.0	57814.0
0.0	53562.0
0.0	51371.0
0.0	48213.0
0.0	75429.0
0.0	45009.0
0.0	42139.0
0.0	64868.0
0.0	41329.0
0.0	47440.0
0.0	54594.0
0.0	46996.0
0.0	48401.0
0.0	51961.0
0.0	49310.0
0.0	64477.0
2.0	131072.0
0.0	120585.0
0.0	49912.0
0.0	47454.0
0.0	60794.0
0.0	61957.0
0.0	46196.0
0.0	81245.0
0.0	43451.0
0.0	50553.0
0.0	52163.0
0.0	56088.0
0.0	68411.0
0.0	45088.0
0.0	45450.0
0.0	47952.0
0.0	44411.0
0.0	50207.0
0.0	49644.0
0.0	43998.0
0.0	48584.0
0.0	48747.0
0.0	59402.0
0.0	56508.0
0.0	51082.0
0.0	50350.0
0.0	62969.0
0.0	49441.0
0.0	61100.0
0.0	52192.0
0.0	79201.0
0.0	78469.0
0.0	48700.0
0.0	44578.0
0.0	109741.0
0.0	47537.0
0.0	49245.0
0.0	53948.0
0.0	45262.0
1.0	131072.0
0.0	52926.0
0.0	48073.0
0.0	48501.0
0.0	53784.0
1.0	131072.0
0.0	45586.0
0.0	58071.0
0.0	55218.0
0.0	45398.0
0.0	86063.0
0.0	44529.0
0.0	43317.0
0.0	105822.0
0.0	58227.0
0.0	45174.0
0.0	47087.0
0.0	51724.0
0.0	45333.0
0.0	55905.0
0.0	43870.0
0.0	54339.0
0.0	45182.0
0.0	52067.0
1.0	131072.0
0.0	42760.0
0.0	71976.0
0.0	44743.0
0.0	52124.0
0.0	49968.0
0.0	55552.0
0.0	50884.0
0.0	63176.0
0.0	46192.0
0.0	67385.0
0.0	57383.0
0.0	46249.0
0.0	50812.0
0.0	72269.0
0.0	49146.0
0.0	49062.0
0.0	62764.0
0.0	45941.0
0.0	45965.0
0.0	45117.0
0.0	57454.0
1.0	131072.0
0.0	64363.0
0.0	83444.0
0.0	52480.0
0.0	48324.0
0.0	54599.0
0.0	45848.0
0.0	47935.0
0.0	42661.0
0.0	67283.0
0.0	48973.0
0.0	50152.0
0.0	50625.0
0.0	53181.0
0.0	43500.0
0.0	44435.0
0.0	49587.0
0.0	46650.0
0.0	43347.0
0.0	56375.0
0.0	53517.0
0.0	46446.0
0.0	46081.0
0.0	49088.0
0.0	61474.0
0.0	52805.0
0.0	48462.0
0.0	49414.0
0.0	67180.0
0.0	77122.0
0.0	47018.0
0.0	50513.0
0.0	40186.0
0.0	57145.0
0.0	48792.0
0.0	59868.0
0.0	49335.0
0.0	47747.0
0.0	48572.0
0.0	50936.0
0.0	56515.0
0.0	53572.0
0.0	52756.0
0.0	55399.0
0.0	44413.0
0.0	45239.0
0.0	46934.0
0.0	46685.0
0.0	50140.0
0.0	51188.0
0.0	49892.0
0.0	59375.0
0.0	49357.0
0.0	51794.0
0.0	46722.0
0.0	49541.0
0.0	50107.0
0.0	48087.0
0.0	52054.0
0.0	59503.0
0.0	53244.0
0.0	80024.0
0.0	48289.0
0.0	62502.0
0.0	45092.0
0.0	49755.0
0.0	46479.0
0.0	48770.0
0.0	47307.0
0.0	102371.0
0.0	53909.0
0.0	49214.0
0.0	46696.0
0.0	48090.0
1.0	131072.0
0.0	66296.0
0.0	70210.0
0.0	50705.0
0.0	75317.0
0.0	74097.0
0.0	121756.0
1.0	131072.0
0.0	42441.0
0.0	51731.0
0.0	86732.0
0.0	48421.0
0.0	63352.0
0.0	49193.0
0.0	61016.0
0.0	50020.0
0.0	63121.0
0.0	51192.0
0.0	53282.0
0.0	55374.0
0.0	69701.0
0.0	51868.0
0.0	52840.0
0.0	46477.0
0.0	45818.0
0.0	56396.0
0.0	50632.0
0.0	46930.0
0.0	47161.0
0.0	51628.0
0.0	59756.0
0.0	48859.0
0.0	52373.0
0.0	68637.0
0.0	55363.0
0.0	50443.0
0.0	44801.0
0.0	52110.0
0.0	50232.0
0.0	55724.0
0.0	49360.0
0.0	63704.0
0.0	49391.0
0.0	53998.0
0.0	41449.0
0.0	55245.0
0.0	51907.0
0.0	45158.0
0.0	50150.0
0.0	62780.0
0.0	51400.0
0.0	45896.0
0.0	49831.0
0.0	42567.0
0.0	49797.0
0.0	52859.0
0.0	49091.0
0.0	63501.0
0.0	60897.0
0.0	63477.0
0.0	47671.0
0.0	52902.0
1.0	131072.0
0.0	46415.0
0.0	67688.0
0.0	66260.0
0.0	46257.0
0.0	58008.0
0.0	48277.0
0.0	42642.0
0.0	45740.0
0.0	41582.0
0.0	45773.0
0.0	51529.0
0.0	46367.0
0.0	52175.0
0.0	56305.0
0.0	45256.0
0.0	43740.0
0.0	56945.0
0.0	48313.0
0.0	49773.0
0.0	80221.0
0.0	51280.0
0.0	120199.0
0.0	52532.0
1.0	131072.0
0.0	45460.0
0.0	54934.0
0.0	48664.0
0.0	51274.0
0.0	56620.0
0.0	65378.0
0.0	47240.0
0.0	70815.0
0.0	101541.0
0.0	46501.0
0.0	51389.0
0.0	45708.0
0.0	47294.0
0.0	51254.0
0.0	45253.0
0.0	67910.0
0.0	39523.0
0.0	48446.0
0.0	48947.0
0.0	43809.0
0.0	48597.0
0.0	48261.0
0.0	52482.0
0.0	48538.0
0.0	40974.0
0.0	50572.0
0.0	50973.0
0.0	44556.0
0.0	45417.0
0.0	47402.0
0.0	48429.0
0.0	61195.0
0.0	49386.0
0.0	58335.0
0.0	56517.0
0.0	56207.0
0.0	47593.0
0.0	55580.0
0.0	53472.0
0.0	66716.0
0.0	52473.0
0.0	68677.0
0.0	44937.0
0.0	63842.0
0.0	54820.0
0.0	55639.0
0.0	44745.0
1.0	131072.0
0.0	55736.0
0.0	45487.0
0.0	47676.0
0.0	47819.0
0.0	47720.0
1.0	131072.0
0.0	53943.0
0.0	47962.0
0.0	43668.0
0.0	43423.0
1.0	131072.0
0.0	62149.0
0.0	45920.0
0.0	51221.0
0.0	70388.0
0.0	47815.0
0.0	53358.0
0.0	49980.0
0.0	57038.0
0.0	52130.0
0.0	51293.0
0.0	50167.0
0.0	57158.0
0.0	52161.0
0.0	52664.0
0.0	48765.0
0.0	55884.0
0.0	63071.0
0.0	51196.0
0.0	58875.0
0.0	78796.0
0.0	57736.0
0.0	45289.0
0.0	56902.0
0.0	71667.0
0.0	49940.0
0.0	44360.0
0.0	66668.0
0.0	47757.0
0.0	102907.0
0.0	53587.0
0.0	51039.0
0.0	60213.0
0.0	57179.0
0.0	48203.0
0.0	51001.0
0.0	47288.0
0.0	41187.0
0.0	69109.0
0.0	48663.0
0.0	79946.0
0.0	52712.0
0.0	65025.0
0.0	46329.0
0.0	58717.0
0.0	50487.0
1.0	131072.0
0.0	49156.0
0.0	52412.0
0.0	42617.0
0.0	42305.0
0.0	64378.0
0.0	56888.0
0.0	55738.0
0.0	55078.0
0.0	47584.0
0.0	127273.0
0.0	52053.0
0.0	51632.0
0.0	93257.0
0.0	47799.0
0.0	48625.0
0.0	65515.0
0.0	63592.0
0.0	57927.0
0.0	55934.0
0.0	54128.0
0.0	70195.0
0.0	83556.0
0.0	46497.0
0.0	52008.0
0.0	58770.0
0.0	119538.0
0.0	46924.0
0.0	59339.0
0.0	52110.0
0.0	52369.0
0.0	50082.0
0.0	47470.0
0.0	46093.0
0.0	53775.0
0.0	58986.0
0.0	95973.0
0.0	45108.0
0.0	48579.0
0.0	50057.0
0.0	50512.0
0.0	100657.0
0.0	63136.0
0.0	52195.0
0.0	46097.0
0.0	60314.0
0.0	44553.0
0.0	60165.0
0.0	50180.0
0.0	61756.0
0.0	53287.0
0.0	47956.0
0.0	46711.0
0.0	45905.0
0.0	58301.0
0.0	59897.0
0.0	88449.0
0.0	57743.0
0.0	76998.0
0.0	53981.0
0.0	40098.0
0.0	56674.0
0.0	63664.0
0.0	54245.0
0.0	54020.0
0.0	51017.0
0.0	51709.0
0.0	47650.0
0.0	49305.0
0.0	68712.0
0.0	42367.0
1.0	131072.0
0.0	51520.0
0.0	48710.0
0.0	49194.0
0.0	46608.0
0.0	45568.0
0.0	42802.0
0.0	56084.0
0.0	39202.0
0.0	52885.0
0.0	48410.0
0.0	46056.0
0.0	59651.0
0.0	57883.0
1.0	131072.0
0.0	83193.0
0.0	107792.0
0.0	42091.0
0.0	48984.0
1.0	131072.0
0.0	47089.0
0.0	54975.0
0.0	74793.0
0.0	47060.0
0.0	42446.0
0.0	59682.0
0.0	47886.0
0.0	50991.0
0.0	60819.0
0.0	45420.0
0.0	66009.0
0.0	62745.0
0.0	74958.0
0.0	45148.0
0.0	44637.0
0.0	59954.0
0.0	50695.0
0.0	65272.0
0.0	52600.0
0.0	44772.0
0.0	47690.0
0.0	45712.0
0.0	46787.0
0.0	49757.0
0.0	78443.0
0.0	49384.0
1.0	131072.0
0.0	48011.0
0.0	57813.0
0.0	51095.0
0.0	60350.0
0.0	40218.0
0.0	56308.0
0.0	46657.0
0.0	60047.0
0.0	53180.0
0.0	51293.0
0.0	52277.0
0.0	54144.0
0.0	50360.0
0.0	83985.0
0.0	52025.0
0.0	47625.0
0.0	52745.0
0.0	56612.0
0.0	43798.0
0.0	49929.0
0.0	50484.0
0.0	52452.0
0.0	66395.0
0.0	66210.0
0.0	45260.0
0.0	46472.0
0.0	49262.0
0.0	48625.0
0.0	48374.0
0.0	62725.0
0.0	49094.0
0.0	49493.0
0.0	45455.0
0.0	70998.0
0.0	42879.0
0.0	47137.0
1.0	131072.0
0.0	93211.0
0.0	46480.0
0.0	56460.0
0.0	48101.0
1.0	131072.0
0.0	53418.0
0.0	88273.0
0.0	55794.0
0.0	75974.0
0.0	46118.0
0.0	64716.0
0.0	61550.0
0.0	74617.0
0.0	49030.0
0.0	46791.0
0.0	48774.0
0.0	50549.0
0.0	59206.0
0.0	71952.0
0.0	60045.0
0.0	55130.0
0.0	49031.0
0.0	39845.0
0.0	65536.0
0.0	73342.0
0.0	49341.0
0.0	47462.0
0.0	47212.0
0.0	45736.0
0.0	54931.0
0.0	50014.0
0.0	51215.0
0.0	52816.0
0.0	49619.0
0.0	54154.0
0.0	68614.0
0.0	67584.0
0.0	42453.0
0.0	50700.0
0.0	46895.0
0.0	44264.0
0.0	48824.0
0.0	43875.0
0.0	41267.0
0.0	49925.0
0.0	98125.0
0.0	58085.0
0.0	49950.0
0.0	56679.0
0.0	56068.0
0.0	43868.0
0.0	48569.0
0.0	41310.0
0.0	45773.0
0.0	50558.0
0.0	48602.0
0.0	50703.0
0.0	53714.0
0.0	52264.0
0.0	49325.0
0.0	47423.0
0.0	52363.0
0.0	64193.0
0.0	47493.0
0.0	45324.0
0.0	48108.0
0.0	52799.0
0.0	69673.0
0.0	90260.0
1.0	131072.0
0.0	72347.0
0.0	39282.0
1.0	131072.0
0.0	56289.0
0.0	52985.0
0.0	106690.0
0.0	44937.0
0.0	44036.0
0.0	54418.0
0.0	86351.0
0.0	47132.0
0.0	46969.0
0.0	48373.0
0.0	44681.0
0.0	54052.0
0.0	53529.0
0.0	48016.0
0.0	45854.0
0.0	59469.0
0.0	58154.0
0.0	46318.0
0.0	48508.0
1.0	131072.0
0.0	43477.0
0.0	51508.0
0.0	47402.0
0.0	53355.0
0.0	50282.0
0.0	61702.0
0.0	62781.0
0.0	46232.0
0.0	46279.0
0.0	50097.0
0.0	44252.0
0.0	54154.0
0.0	83795.0
0.0	45030.0
0.0	48269.0
0.0	62784.0
0.0	41471.0
0.0	46348.0
0.0	58273.0
0.0	42981.0
0.0	46769.0
0.0	65901.0
0.0	40822.0
0.0	44314.0
0.0	48248.0
0.0	55431.0
0.0	52219.0
1.0	131072.0
0.0	58150.0
0.0	76735.0
0.0	44523.0
0.0	43781.0
0.0	58641.0
0.0	62698.0
2.0	131072.0
1.0	131072.0
0.0	50251.0
0.0	43198.0
0.0	49388.0
0.0	110808.0
0.0	55258.0
0.0	44213.0
0.0	60938.0
0.0	48132.0
0.0	66693.0
0.0	48613.0
0.0	43223.0
0.0	45072.0
0.0	54483.0
0.0	48975.0
0.0	60551.0
0.0	44891.0
0.0	41769.0
0.0	53472.0
0.0	44990.0
0.0	57427.0
0.0	49875.0
0.0	55312.0
0.0	55771.0
0.0	127306.0
0.0	70935.0
0.0	46490.0
0.0	47598.0
0.0	75386.0
0.0	45340.0
0.0	48451.0
0.0	46973.0
1.0	131072.0
0.0	53703.0
0.0	50907.0
0.0	45995.0
0.0	71772.0
0.0	49712.0
0.0	42071.0
0.0	80734.0
0.0	55689.0
0.0	49753.0
0.0	46482.0
0.0	62561.0
0.0	49039.0
0.0	46672.0
0.0	43252.0
0.0	61354.0
0.0	43765.0
0.0	59835.0
0.0	51656.0
0.0	48881.0
0.0	52517.0
0.0	55387.0
0.0	92880.0
0.0	51079.0
0.0	47480.0
0.0	63140.0
0.0	45179.0
0.0	117438.0
0.0	45925.0
0.0	60626.0
0.0	52308.0
0.0	37293.0
0.0	58889.0
0.0	42177.0
0.0	55010.0
0.0	44932.0
0.0	78487.0
0.0	49548.0
0.0	51464.0
0.0	54456.0
0.0	49882.0
0.0	51064.0
0.0	48097.0
0.0	51320.0
0.0	45861.0
0.0	50935.0
0.0	51483.0
0.0	62900.0
0.0	53778.0
0.0	52095.0
0.0	56469.0
0.0	53935.0
0.0	48253.0
0.0	53901.0
0.0	45924.0
0.0	46809.0
2.0	131072.0
0.0	43835.0
0.0	45096.0
0.0	42273.0
0.0	59929.0
0.0	68832.0
0.0	41765.0
0.0	59018.0
0.0	42708.0
0.0	54854.0
0.0	42772.0
0.0	43983.0
0.0	52408.0
0.0	66893.0
0.0	53896.0
0.0	68590.0
0.0	45526.0
1.0	131072.0
0.0	53433.0
0.0	47056.0
0.0	44757.0
0.0	46138.0
0.0	45462.0
0.0	55696.0
0.0	62420.0
0.0	48309.0
0.0	41860.0
0.0	57350.0
0.0	65662.0
0.0	55059.0
0.0	43992.0
0.0	51167.0
0.0	50308.0
0.0	48901.0
0.0	46317.0
0.0	49482.0
0.0	66818.0
0.0	58929.0
0.0	57554.0
0.0	48280.0
0.0	44727.0
0.0	50255.0
0.0	47477.0
0.0	45613.0
0.0	45126.0
1.0	131072.0
0.0	47860.0
0.0	46413.0
0.0	68693.0
0.0	49719.0
0.0	44865.0
0.0	55794.0
0.0	108102.0
0.0	60030.0
0.0	54853.0
0.0	62463.0
0.0	60546.0
0.0	49076.0
0.0	42527.0
0.0	60880.0
0.0	44720.0
0.0	47911.0
1.0	131072.0
0.0	53622.0
1.0	131072.0
0.0	45414.0
0.0	48907.0
0.0	65965.0
0.0	45297.0
0.0	52577.0
0.0	44528.0
0.0	49212.0
0.0	53810.0
0.0	46953.0
0.0	46474.0
0.0	44571.0
0.0	77351.0
0.0	46983.0
0.0	47164.0
0.0	54953.0
0.0	54764.0
0.0	63068.0
0.0	48719.0
0.0	72453.0
0.0	41478.0
0.0	47824.0
0.0	61852.0
0.0	46250.0
0.0	55417.0
0.0	49548.0
0.0	59783.0
0.0	51939.0
0.0	41137.0
0.0	49941.0
0.0	56253.0
0.0	55481.0
0.0	52697.0
0.0	59565.0
0.0	48586.0
1.0	131072.0
0.0	43846.0
0.0	57015.0
0.0	91217.0
0.0	57755.0
0.0	54871.0
0.0	47066.0
0.0	47988.0
0.0	52694.0
0.0	59869.0
0.0	45339.0
0.0	44261.0
0.0	46163.0
0.0	59856.0
0.0	77008.0
0.0	59246.0
0.0	49185.0
0.0	43968.0
0.0	52639.0
0.0	52149.0
0.0	52699.0
0.0	48485.0
0.0	53250.0
0.0	48087.0
0.0	50530.0
0.0	71963.0
0.0	52474.0
0.0	43808.0
0.0	61726.0
0.0	50246.0
0.0	49762.0
0.0	48073.0
0.0	49783.0
0.0	101636.0
0.0	53275.0
0.0	55518.0
0.0	60445.0
0.0	49668.0
0.0	59913.0
0.0	51132.0
0.0	45753.0
0.0	46359.0
0.0	41332.0
0.0	51740.0
0.0	49280.0
0.0	65177.0
0.0	52996.0
0.0	45817.0
0.0	43212.0
0.0	47061.0
0.0	43457.0
0.0	45393.0
0.0	53761.0
0.0	47960.0
0.0	46183.0
0.0	55597.0
0.0	52932.0
0.0	52744.0
0.0	46211.0
0.0	46591.0
0.0	62574.0
0.0	52821.0
0.0	73799.0
0.0	49572.0
0.0	43721.0
0.0	44102.0
0.0	50255.0
0.0	55787.0
0.0	48818.0
0.0	45359.0
0.0	58698.0
0.0	65221.0
0.0	44590.0
0.0	50485.0
0.0	48222.0
0.0	48344.0
0.0	49736.0
0.0	45980.0
0.0	61314.0
0.0	42555.0
0.0	81618.0
0.0	44854.0
0.0	45560.0
0.0	66678.0
0.0	39218.0
0.0	60135.0
0.0	44525.0
0.0	60077.0
0.0	51755.0
0.0	56687.0
0.0	55360.0
0.0	47681.0
0.0	52237.0
0.0	53994.0
0.0	92967.0
0.0	86390.0
0.0	44357.0
0.0	47418.0
0.0	48145.0
0.0	47754.0
0.0	51348.0
0.0	45863.0
0.0	58048.0
0.0	42464.0
0.0	49160.0
0.0	49153.0
0.0	47320.0
0.0	42776.0
0.0	54005.0
0.0	60377.0
0.0	45238.0
0.0	57935.0
0.0	45408.0
0.0	44310.0
0.0	49436.0
0.0	46241.0
0.0	53137.0
0.0	60919.0
0.0	108693.0
0.0	51125.0
0.0	41325.0
1.0	131072.0
0.0	51897.0
0.0	63886.0
0.0	54388.0
0.0	47320.0
0.0	50797.0
0.0	42899.0
0.0	45811.0
0.0	52999.0
0.0	51001.0
0.0	53242.0
0.0	62227.0
0.0	47376.0
0.0	51544.0
0.0	66170.0
0.0	78893.0
0.0	48984.0
0.0	51668.0
0.0	82297.0
0.0	46770.0
0.0	54658.0
0.0	57203.0
0.0	49573.0
0.0	53218.0
0.0	67474.0
0.0	49725.0
0.0	43479.0
0.0	49523.0
0.0	52794.0
0.0	62751.0
0.0	43946.0
0.0	49966.0
1.0	131072.0
0.0	52335.0
0.0	67252.0
0.0	49795.0
0.0	78645.0
0.0	49452.0
0.0	45678.0
0.0	62281.0
0.0	47744.0
0.0	44718.0
0.0	51137.0
0.0	46621.0
0.0	55717.0
0.0	43640.0
0.0	47689.0
0.0	54975.0
1.0	131072.0
0.0	119508.0
0.0	51831.0
0.0	73337.0
0.0	45491.0
0.0	50173.0
0.0	88296.0
0.0	47575.0
0.0	49360.0
0.0	43377.0
0.0	59312.0
0.0	43791.0
0.0	44660.0
0.0	51320.0
0.0	63115.0
0.0	54873.0
0.0	43612.0
0.0	56353.0
0.0	57533.0
0.0	73708.0
0.0	43865.0
0.0	63186.0
0.0	37035.0
0.0	51640.0
0.0	67127.0
0.0	55751.0
0.0	47747.0
0.0	64845.0
0.0	50432.0
0.0	59587.0
0.0	45720.0
0.0	47164.0
0.0	55963.0
0.0	50382.0
0.0	54444.0
0.0	56174.0
0.0	105995.0
0.0	48770.0
0.0	68790.0
0.0	50761.0
0.0	49399.0
0.0	106561.0
0.0	47811.0
0.0	47728.0
0.0	40978.0
0.0	52389.0
0.0	55810.0
0.0	49605.0
0.0	42522.0
0.0	43574.0
0.0	51307.0
0.0	67895.0
0.0	47400.0
1.0	131072.0
0.0	60024.0
0.0	45587.0
0.0	53844.0
0.0	44201.0
0.0	53744.0
0.0	53869.0
0.0	52301.0
0.0	46405.0
0.0	45364.0
0.0	48524.0
1.0	131072.0
0.0	47609.0
0.0	46349.0
0.0	51413.0
0.0	46518.0
1.0	131072.0
0.0	50530.0
0.0	48501.0
0.0	45504.0
0.0	48214.0
0.0	47441.0
0.0	41369.0
0.0	56334.0
0.0	51266.0
0.0	44496.0
0.0	62889.0
0.0	41656.0
0.0	46702.0
0.0	50486.0
0.0	47186.0
0.0	52766.0
0.0	45879.0
0.0	45827.0
0.0	59709.0
0.0	44522.0
0.0	54455.0
0.0	56882.0
0.0	51691.0
0.0	48482.0
0.0	49584.0
0.0	51227.0
0.0	68439.0
0.0	55815.0
0.0	62194.0
0.0	49303.0
0.0	56947.0
0.0	51415.0
0.0	68436.0
0.0	50974.0
0.0	48449.0
0.0	51221.0
0.0	45692.0
0.0	49593.0
0.0	55206.0
0.0	55291.0
0.0	45756.0
0.0	52331.0
0.0	48478.0
0.0	48578.0
0.0	44066.0
0.0	52798.0
0.0	64311.0
0.0	53363.0
0.0	48333.0
0.0	55249.0
0.0	50413.0
0.0	48179.0
0.0	45875.0
0.0	59251.0
0.0	53876.0
0.0	58685.0
0.0	71506.0
1.0	131072.0
0.0	116053.0
0.0	46105.0
0.0	49807.0
0.0	45468.0
0.0	51891.0
0.0	46964.0
0.0	49874.0
0.0	47557.0
0.0	56405.0
0.0	48511.0
0.0	51903.0
0.0	62579.0
0.0	49092.0
0.0	45925.0
0.0	50607.0
0.0	60026.0
0.0	47998.0
0.0	52651.0
0.0	42224.0
0.0	49274.0
0.0	47132.0
0.0	50520.0
0.0	50739.0
0.0	45210.0
0.0	50697.0
0.0	52014.0
0.0	69470.0
0.0	42789.0
0.0	46554.0
0.0	67134.0
0.0	64279.0
0.0	99293.0
0.0	44681.0
0.0	44682.0
0.0	100038.0
0.0	66834.0
0.0	64620.0
0.0	44827.0
0.0	56303.0
0.0	50492.0
0.0	41728.0
0.0	68467.0
0.0	100089.0
0.0	60945.0
0.0	56661.0
0.0	48696.0
0.0	71013.0
0.0	43855.0
0.0	58203.0
0.0	47754.0
0.0	50484.0
1.0	131072.0
0.0	58738.0
0.0	63911.0
0.0	57941.0
0.0	45309.0
0.0	49939.0
0.0	45777.0
0.0	65022.0
0.0	48699.0
0.0	60058.0
0.0	44639.0
0.0	66505.0
0.0	44772.0
0.0	122049.0
0.0	47806.0
0.0	54160.0
0.0	84677.0
0.0	62008.0
0.0	45722.0
0.0	46825.0
0.0	67928.0
0.0	48575.0
0.0	52504.0
0.0	39978.0
0.0	54804.0
0.0	44596.0
0.0	61824.0
0.0	56244.0
0.0	57595.0
0.0	50555.0
0.0	66355.0
0.0	53361.0
0.0	49385.0
0.0	58313.0
0.0	46264.0
0.0	44698.0
0.0	42641.0
0.0	44914.0
1.0	131072.0
0.0	79503.0
0.0	46687.0
0.0	44636.0
0.0	50311.0
0.0	46469.0
0.0	57772.0
0.0	48582.0
1.0	131072.0
0.0	72223.0
0.0	48583.0
0.0	63873.0
0.0	42161.0
0.0	73255.0
0.0	71571.0
0.0	52134.0
0.0	45294.0
0.0	51186.0
0.0	50207.0
0.0	53708.0
0.0	59960.0
0.0	45717.0
0.0	106849.0
0.0	49484.0
0.0	47580.0
0.0	45448.0
0.0	61760.0
0.0	42729.0
0.0	40562.0
0.0	46416.0
0.0	45636.0
0.0	85334.0
0.0	44225.0
0.0	117097.0
0.0	50038.0
0.0	40751.0
0.0	51998.0
0.0	45763.0
0.0	65076.0
0.0	42951.0
0.0	41827.0
0.0	52294.0
0.0	80700.0
0.0	49747.0
0.0	54093.0
0.0	50577.0
0.0	45865.0
0.0	81753.0
0.0	54874.0
0.0	44348.0
0.0	51085.0
0.0	44396.0
0.0	102591.0
1.0	131072.0
0.0	46388.0
0.0	43394.0
0.0	45490.0
0.0	44466.0
0.0	47353.0
0.0	62231.0
0.0	52855.0
0.0	90950.0
0.0	51035.0
0.0	45935.0
0.0	52069.0
0.0	51589.0
0.0	60852.0
0.0	52974.0
0.0	48995.0
0.0	46666.0
0.0	48831.0
0.0	68590.0
0.0	48191.0
0.0	63942.0
0.0	54311.0
0.0	48226.0
0.0	46612.0
0.0	116308.0
0.0	64933.0
0.0	62068.0
0.0	97222.0
0.0	47381.0
0.0	47450.0
0.0	48505.0
0.0	51721.0
0.0	51151.0
0.0	63663.0
0.0	52512.0
0.0	54221.0
0.0	43639.0
0.0	50799.0
0.0	54651.0
2.0	131072.0
0.0	56153.0
0.0	51492.0
0.0	45433.0
0.0	45292.0
0.0	48018.0
0.0	47358.0
0.0	48055.0
0.0	54727.0
0.0	66486.0
0.0	50471.0
0.0	52775.0
0.0	49584.0
0.0	48663.0
0.0	50001.0
0.0	57099.0
0.0	57632.0
0.0	45679.0
0.0	61289.0
0.0	59208.0
0.0	69055.0
0.0	54546.0
0.0	52570.0
0.0	62635.0
0.0	53653.0
0.0	45142.0
0.0	42657.0
0.0	116972.0
0.0	46455.0
0.0	44027.0
0.0	59169.0
0.0	48284.0
0.0	67943.0
0.0	47893.0
0.0	44057.0
0.0	49499.0
0.0	46886.0
0.0	54269.0
0.0	64863.0
0.0	42159.0
0.0	50735.0
0.0	84584.0
0.0	53379.0
0.0	65659.0
0.0	81151.0
0.0	47158.0
0.0	47686.0
1.0	131072.0
0.0	49111.0
0.0	45815.0
0.0	55924.0
0.0	65892.0
0.0	44669.0
1.0	131072.0
0.0	69502.0
0.0	49156.0
0.0	43116.0
0.0	46555.0
0.0	57958.0
0.0	50400.0
0.0	44440.0
0.0	44873.0
0.0	55441.0
0.0	58770.0
0.0	52647.0
0.0	56607.0
0.0	50761.0
0.0	82709.0
0.0	49415.0
0.0	51885.0
0.0	50542.0
0.0	40768.0
0.0	54596.0
1.0	131072.0
0.0	63530.0
0.0	80683.0
0.0	53031.0
0.0	47011.0
0.0	45369.0
0.0	58842.0
0.0	53054.0
0.0	48144.0
0.0	40344.0
0.0	37149.0
0.0	57296.0
0.0	51397.0
0.0	56712.0
0.0	45183.0
0.0	52227.0
0.0	44857.0
0.0	49386.0
0.0	60362.0
0.0	61264.0
0.0	56856.0
0.0	47491.0
0.0	44678.0
0.0	48443.0
0.0	44315.0
0.0	54818.0
0.0	64942.0
0.0	47027.0
0.0	57046.0
0.0	103975.0
0.0	48413.0
0.0	51214.0
0.0	77990.0
0.0	92599.0
0.0	61754.0
0.0	89694.0
0.0	59809.0
0.0	52438.0
0.0	59204.0
0.0	50016.0
0.0	53316.0
0.0	49710.0
0.0	50492.0
0.0	45379.0
0.0	80690.0
0.0	49146.0
0.0	60973.0
0.0	74970.0
0.0	42813.0
0.0	39765.0
0.0	62396.0
0.0	50986.0
0.0	43290.0
0.0	45105.0
0.0	50209.0
0.0	67687.0
0.0	49284.0
0.0	46179.0
0.0	53658.0
0.0	49805.0
0.0	62237.0
0.0	43240.0
0.0	47996.0
0.0	94865.0
0.0	44765.0
0.0	41961.0
0.0	48311.0
0.0	45049.0
0.0	47590.0
0.0	40374.0
0.0	45259.0
0.0	53359.0
0.0	43601.0
0.0	72346.0
0.0	59342.0
0.0	45879.0
0.0	70319.0
0.0	47234.0
0.0	53666.0
0.0	41712.0
0.0	54184.0
0.0	45653.0
0.0	49160.0
0.0	45268.0
0.0	59475.0
0.0	46812.0
0.0	60347.0
0.0	54149.0
0.0	67067.0
0.0	49098.0
0.0	46914.0
0.0	61906.0
0.0	48549.0
0.0	43402.0
0.0	82439.0
0.0	43299.0
0.0	55211.0
0.0	60393.0
0.0	57258.0
0.0	43570.0
0.0	46241.0
0.0	42606.0
0.0	69111.0
0.0	41269.0
0.0	59014.0
0.0	45154.0
0.0	46059.0
0.0	70603.0
0.0	55191.0
0.0	53460.0
0.0	91361.0
0.0	57734.0
0.0	44970.0
0.0	50979.0
0.0	50091.0
1.0	131072.0
0.0	47462.0
0.0	55918.0
0.0	56195.0
0.0	46419.0
0.0	43551.0
0.0	57100.0
0.0	45856.0
0.0	52387.0
0.0	44818.0
0.0	38592.0
0.0	56924.0
0.0	44961.0
0.0	45699.0
0.0	44248.0
0.0	47640.0
0.0	50553.0
0.0	49288.0
0.0	45554.0
1.0	131072.0
0.0	51474.0
0.0	44809.0
0.0	94017.0
0.0	114934.0
0.0	56509.0
0.0	63200.0
0.0	58152.0
0.0	50409.0
0.0	71913.0
0.0	81571.0
0.0	59698.0
0.0	45278.0
0.0	52087.0
0.0	46641.0
0.0	61109.0
0.0	53653.0
0.0	53068.0
0.0	50643.0
0.0	43150.0
0.0	48367.0
0.0	55471.0
0.0	43762.0
0.0	45437.0
0.0	48478.0
0.0	59043.0
0.0	54680.0
0.0	41117.0
0.0	43652.0
0.0	50679.0
0.0	45894.0
0.0	44870.0
0.0	61752.0
1.0	131072.0
0.0	83612.0
0.0	48206.0
0.0	52239.0
0.0	43324.0
0.0	46943.0
0.0	51654.0
1.0	131072.0
0.0	53350.0
0.0	52104.0
0.0	45037.0
0.0	54698.0
2.0	131072.0
0.0	46741.0
0.0	41963.0
0.0	44955.0
0.0	47253.0
0.0	46550.0
0.0	41651.0
0.0	51024.0
0.0	128003.0
0.0	51606.0
0.0	48869.0
0.0	52314.0
0.0	52103.0
0.0	49296.0
0.0	43968.0
0.0	71932.0
0.0	68348.0
0.0	45288.0
0.0	53190.0
0.0	52894.0
0.0	55835.0
0.0	84268.0
0.0	57846.0
0.0	41912.0
0.0	61912.0
0.0	95528.0
0.0	49016.0
0.0	49327.0
0.0	52880.0
0.0	61929.0
0.0	52874.0
0.0	56128.0
0.0	65290.0
0.0	47748.0
0.0	51764.0
0.0	47422.0
0.0	77254.0
0.0	82381.0
0.0	57950.0
0.0	44278.0
0.0	52117.0
0.0	48473.0
0.0	57907.0
0.0	63468.0
0.0	66746.0
0.0	53055.0
0.0	55813.0
0.0	43795.0
0.0	56557.0
0.0	52882.0
0.0	60669.0
0.0	53295.0
0.0	58254.0
0.0	63562.0
0.0	83237.0
0.0	81841.0
0.0	39328.0
0.0	48556.0
0.0	90036.0
0.0	52930.0
0.0	55933.0
0.0	95951.0
0.0	88094.0
0.0	41731.0
0.0	44552.0
0.0	44700.0
0.0	50228.0
0.0	49217.0
0.0	64746.0
0.0	53855.0
0.0	46586.0
0.0	46019.0
0.0	51126.0
0.0	51746.0
0.0	71821.0
0.0	44554.0
0.0	42860.0
0.0	42696.0
0.0	54167.0
0.0	47683.0
0.0	43186.0
0.0	52046.0
0.0	42601.0
0.0	54484.0
0.0	80840.0
0.0	42524.0
0.0	48802.0
0.0	47669.0
0.0	52223.0
0.0	50329.0
0.0	52913.0
0.0	77367.0
1.0	131072.0
0.0	51716.0
0.0	73404.0
0.0	52075.0
0.0	50271.0
0.0	48847.0
0.0	55214.0
0.0	49874.0
0.0	45760.0
0.0	45753.0
0.0	53733.0
0.0	49744.0
0.0	40011.0
0.0	71292.0
0.0	75399.0
0.0	41963.0
0.0	44892.0
0.0	39916.0
0.0	47214.0
0.0	48795.0
1.0	131072.0
0.0	49483.0
0.0	84380.0
0.0	63348.0
0.0	46080.0
0.0	46922.0
0.0	47715.0
0.0	113898.0
0.0	46027.0
0.0	53212.0
0.0	43957.0
0.0	52507.0
0.0	51241.0
0.0	39044.0
0.0	42609.0
0.0	53997.0
0.0	42160.0
0.0	50104.0
0.0	45727.0
0.0	48240.0
0.0	44523.0
0.0	56628.0
0.0	45521.0
0.0	63961.0
0.0	48272.0
0.0	48100.0
0.0	55090.0
0.0	57891.0
0.0	62366.0
0.0	43258.0
0.0	51241.0
0.0	91609.0
0.0	64378.0
0.0	83249.0
0.0	53187.0
0.0	105702.0
0.0	56345.0
0.0	46587.0
0.0	61453.0
0.0	53087.0
0.0	75410.0
0.0	48689.0
0.0	56523.0
0.0	67369.0
0.0	43227.0
0.0	53360.0
0.0	38323.0
0.0	82543.0
0.0	51452.0
0.0	83277.0
0.0	51763.0
0.0	42426.0
0.0	57651.0
1.0	131072.0
0.0	47759.0
0.0	57060.0
0.0	50602.0
0.0	47648.0
0.0	51853.0
0.0	50663.0
0.0	51988.0
0.0	41784.0
0.0	49016.0
0.0	63665.0
0.0	50577.0
1.0	131072.0
0.0	52282.0
0.0	42839.0
0.0	44334.0
0.0	65750.0
0.0	50453.0
0.0	49692.0
0.0	59067.0
0.0	52669.0
0.0	56216.0
0.0	48710.0
0.0	49693.0
0.0	75975.0
0.0	52634.0
0.0	46399.0
0.0	97812.0
0.0	50571.0
0.0	61335.0
0.0	42567.0
0.0	61548.0
0.0	50775.0
0.0	54168.0
0.0	46960.0
0.0	46764.0
0.0	54768.0
0.0	47041.0
0.0	68250.0
0.0	59109.0
0.0	51561.0
0.0	57141.0
0.0	54978.0
0.0	58770.0
0.0	54701.0
0.0	53283.0
1.0	131072.0
0.0	48136.0
0.0	53528.0
0.0	41926.0
0.0	54433.0
0.0	51811.0
0.0	57174.0
0.0	76283.0
0.0	52233.0
0.0	47494.0
0.0	47279.0
0.0	40581.0
0.0	51087.0
0.0	70518.0
0.0	62404.0
0.0	48393.0
0.0	49417.0
0.0	57725.0
0.0	58220.0
0.0	44477.0
0.0	54127.0
0.0	46208.0
0.0	50696.0
0.0	58222.0
0.0	44606.0
0.0	55822.0
0.0	55922.0
1.0	131072.0
0.0	51590.0
0.0	58900.0
0.0	45931.0
0.0	52237.0
0.0	46316.0
0.0	49714.0
0.0	84979.0
0.0	59574.0
0.0	44109.0
0.0	51653.0
0.0	39714.0
0.0	45985.0
0.0	81444.0
0.0	48178.0
0.0	59269.0
0.0	50992.0
0.0	52505.0
0.0	57663.0
0.0	61911.0
0.0	54924.0
0.0	59284.0
0.0	51123.0
0.0	64366.0
0.0	61016.0
0.0	58288.0
0.0	48072.0
0.0	43824.0
0.0	41613.0
0.0	49809.0
0.0	42994.0
0.0	53749.0
0.0	42934.0
0.0	47914.0
0.0	50225.0
0.0	48391.0
0.0	55137.0
0.0	58501.0
0.0	113857.0
0.0	44852.0
0.0	46074.0
0.0	85058.0
0.0	55999.0
0.0	57175.0
0.0	47731.0
0.0	55143.0
0.0	69831.0
0.0	59705.0
0.0	50503.0
0.0	64850.0
0.0	41398.0
0.0	45336.0
0.0	52453.0
0.0	73318.0
0.0	47208.0
0.0	39696.0
0.0	61815.0
0.0	63294.0
0.0	53026.0
0.0	48183.0
0.0	45601.0
0.0	57980.0
0.0	70690.0
0.0	83022.0
0.0	47742.0
0.0	45175.0
0.0	46723.0
0.0	49381.0
0.0	62164.0
0.0	50388.0
0.0	58000.0
0.0	51673.0
0.0	78758.0
0.0	45631.0
0.0	63868.0
0.0	46246.0
0.0	55136.0
0.0	65968.0
0.0	53812.0
0.0	49029.0
0.0	44476.0
0.0	58094.0
0.0	43787.0
0.0	50659.0
0.0	57917.0
0.0	54495.0
0.0	41746.0
0.0	51075.0
0.0	50753.0
0.0	43033.0
0.0	56958.0
0.0	49525.0
0.0	53303.0
0.0	59473.0
0.0	65032.0
0.0	50823.0
0.0	65308.0
0.0	51970.0
0.0	57589.0
0.0	64397.0
0.0	46205.0
0.0	54284.0
0.0	54126.0
0.0	46849.0
0.0	47886.0
0.0	45488.0
0.0	50785.0
0.0	43265.0
0.0	53544.0
0.0	47810.0
0.0	44306.0
0.0	112261.0
0.0	57887.0
0.0	49658.0
0.0	57163.0
0.0	77407.0
0.0	53062.0
0.0	55723.0
0.0	50282.0
0.0	69966.0
0.0	44600.0
0.0	65314.0
0.0	44569.0
0.0	48589.0
0.0	61563.0
0.0	45694.0
0.0	83672.0
0.0	47602.0
0.0	62035.0
0.0	46464.0
0.0	43695.0
0.0	52839.0
0.0	51722.0
0.0	56404.0
0.0	44852.0
0.0	61893.0
0.0	47066.0
0.0	49203.0
0.0	87768.0
0.0	55915.0
0.0	45705.0
0.0	60932.0
0.0	51043.0
0.0	64517.0
0.0	43590.0
0.0	87338.0
0.0	79902.0
0.0	61470.0
0.0	103291.0
0.0	47813.0
0.0	46306.0
0.0	46788.0
0.0	39828.0
0.0	47811.0
0.0	47642.0
0.0	56446.0
0.0	51099.0
0.0	55306.0
0.0	56652.0
0.0	50798.0
0.0	51935.0
0.0	50269.0
0.0	89762.0
0.0	44801.0
0.0	45764.0
0.0	48854.0
0.0	121024.0
0.0	52218.0
0.0	49563.0
0.0	44718.0
0.0	45342.0
0.0	61356.0
0.0	50645.0
0.0	48436.0
0.0	51811.0
0.0	69763.0
0.0	48433.0
0.0	52932.0
1.0	131072.0
0.0	51140.0
0.0	50292.0
0.0	49123.0
0.0	54501.0
0.0	45547.0
0.0	49147.0
0.0	43523.0
0.0	56068.0
0.0	47953.0
0.0	44360.0
0.0	53042.0
0.0	49193.0
0.0	66079.0
0.0	51758.0
0.0	58541.0
0.0	47936.0
0.0	63003.0
0.0	62462.0
0.0	51247.0
0.0	56424.0
0.0	56430.0
0.0	54068.0
0.0	38149.0
0.0	40846.0
0.0	48242.0
0.0	120123.0
0.0	50857.0
1.0	131072.0
0.0	70070.0
0.0	89073.0
0.0	54627.0
0.0	58575.0
0.0	53700.0
0.0	43403.0
0.0	55165.0
0.0	41322.0
0.0	39290.0
0.0	50112.0
0.0	90293.0
0.0	50285.0
0.0	60092.0
0.0	51234.0
0.0	66230.0
0.0	70182.0
0.0	53808.0
0.0	55715.0
0.0	64652.0
0.0	48982.0
0.0	50563.0
1.0	131072.0
0.0	43032.0
0.0	59764.0
0.0	50422.0
0.0	41437.0
0.0	46342.0
0.0	66728.0
0.0	47231.0
0.0	56650.0
0.0	64140.0
0.0	113186.0
0.0	45364.0
0.0	42672.0
0.0	45903.0
0.0	52312.0
0.0	56084.0
0.0	44102.0
0.0	61724.0
1.0	131072.0
0.0	74414.0
0.0	57038.0
0.0	59474.0
0.0	47176.0
0.0	47263.0
0.0	45665.0
0.0	54251.0
0.0	50836.0
0.0	46323.0
0.0	53008.0
0.0	42469.0
1.0	131072.0
0.0	47044.0
0.0	45316.0
0.0	53893.0
0.0	57472.0
0.0	51009.0
0.0	46188.0
0.0	49661.0
1.0	131072.0
0.0	116725.0
0.0	42918.0
0.0	44669.0
0.0	46493.0
0.0	59785.0
0.0	66515.0
0.0	64178.0
0.0	70103.0
0.0	47015.0
0.0	59512.0
0.0	56025.0
0.0	60564.0
0.0	53914.0
0.0	49251.0
0.0	58949.0
0.0	61799.0
0.0	46605.0
0.0	43717.0
0.0	74729.0
0.0	46088.0
0.0	45359.0
0.0	47077.0
0.0	58154.0
0.0	41672.0
0.0	49138.0
0.0	50324.0
0.0	48365.0
0.0	44113.0
0.0	47773.0
0.0	43737.0
0.0	50501.0
0.0	61882.0
0.0	45148.0
0.0	46420.0
0.0	53723.0
0.0	65412.0
3.0	131072.0
0.0	41705.0
0.0	48193.0
0.0	69429.0
0.0	41514.0
0.0	52112.0
0.0	43676.0
0.0	55714.0
0.0	45488.0
0.0	46037.0
0.0	54941.0
0.0	84178.0
0.0	50387.0
0.0	57536.0
0.0	41891.0
0.0	62624.0
0.0	45689.0
0.0	77502.0
0.0	44208.0
0.0	44928.0
0.0	42405.0
1.0	131072.0
0.0	56083.0
0.0	51145.0
0.0	51557.0
0.0	49784.0
0.0	57278.0
0.0	48236.0
0.0	52060.0
0.0	63454.0
0.0	49834.0
0.0	48582.0
0.0	57358.0
0.0	41891.0
0.0	47824.0
0.0	46071.0
0.0	53027.0
0.0	51597.0
0.0	39675.0
0.0	49693.0
0.0	60713.0
0.0	46518.0
0.0	45855.0
0.0	47589.0
0.0	43641.0
0.0	66846.0
0.0	45691.0
0.0	47252.0
0.0	52465.0
0.0	74575.0
0.0	59617.0
0.0	46238.0
0.0	54804.0
0.0	52889.0
0.0	45805.0
0.0	59536.0
0.0	56151.0
0.0	43077.0
0.0	48436.0
0.0	48881.0
0.0	44016.0
0.0	52096.0
0.0	43441.0
0.0	49654.0
0.0	42948.0
0.0	48693.0
0.0	49191.0
0.0	92627.0
0.0	42265.0
0.0	49659.0
0.0	71294.0
0.0	53071.0
0.0	49435.0
1.0	131072.0
0.0	45034.0
0.0	44146.0
0.0	50146.0
0.0	58014.0
0.0	59505.0
0.0	70766.0
0.0	88595.0
0.0	60267.0
0.0	77446.0
1.0	131072.0
0.0	43908.0
0.0	110599.0
0.0	63008.0
0.0	38277.0
0.0	47104.0
0.0	53726.0
0.0	50269.0
0.0	77799.0
1.0	131072.0
0.0	56262.0
0.0	43059.0
0.0	49138.0
0.0	88769.0
0.0	46365.0
0.0	49473.0
0.0	47722.0
0.0	48805.0
0.0	53743.0
0.0	45265.0
0.0	131038.0
0.0	51187.0
0.0	78518.0
0.0	45991.0
0.0	62163.0
0.0	43888.0
0.0	41726.0
0.0	48762.0
0.0	58782.0
0.0	50450.0
0.0	65654.0
0.0	47242.0
0.0	53708.0
0.0	48974.0
0.0	45242.0
0.0	46525.0
0.0	45397.0
0.0	48543.0
0.0	47387.0
0.0	49620.0
0.0	49646.0
0.0	47534.0
0.0	46395.0
0.0	49493.0
0.0	43415.0
0.0	47510.0
0.0	43059.0
0.0	37877.0
0.0	46633.0
0.0	46195.0
0.0	66856.0
0.0	45475.0
0.0	45841.0
0.0	130275.0
0.0	55146.0
0.0	48573.0
0.0	47257.0
0.0	52419.0
0.0	52585.0
0.0	46054.0
0.0	52715.0
0.0	40565.0
0.0	83098.0
0.0	45631.0
0.0	53381.0
0.0	44245.0
1.0	131072.0
0.0	40358.0
0.0	53475.0
0.0	45020.0
0.0	55294.0
0.0	49072.0
0.0	48426.0
0.0	57233.0
1.0	131072.0
0.0	41763.0
0.0	63196.0
0.0	63230.0
0.0	62621.0
0.0	55253.0
0.0	44453.0
0.0	47092.0
0.0	53262.0
0.0	50953.0
0.0	51680.0
0.0	49899.0
0.0	80874.0
0.0	43607.0
0.0	50713.0
0.0	58907.0
0.0	45528.0
0.0	50200.0
0.0	55544.0
0.0	108573.0
0.0	57182.0
0.0	44011.0
0.0	48060.0
0.0	45370.0
0.0	40917.0
0.0	44614.0
1.0	131072.0
0.0	47355.0
0.0	58641.0
0.0	46655.0
0.0	54424.0
0.0	50254.0
0.0	54541.0
0.0	49843.0
0.0	43139.0
0.0	52087.0
0.0	96587.0
0.0	49671.0
0.0	51771.0
0.0	50350.0
0.0	50116.0
1.0	131072.0
0.0	44918.0
0.0	86920.0
0.0	63424.0
0.0	55362.0
0.0	49452.0
0.0	45109.0
0.0	43690.0
0.0	48974.0
0.0	43890.0
0.0	41237.0
0.0	56966.0
0.0	75320.0
0.0	68810.0
0.0	51778.0
1.0	131072.0
0.0	53036.0
0.0	42608.0
0.0	49591.0
0.0	49272.0
0.0	56573.0
0.0	49204.0
0.0	76099.0
0.0	62686.0
0.0	50619.0
0.0	47867.0
0.0	53147.0
0.0	54128.0
0.0	49473.0
0.0	44789.0
0.0	44280.0
0.0	53074.0
0.0	49461.0
0.0	54839.0
0.0	45338.0
0.0	47132.0
0.0	43659.0
0.0	41640.0
0.0	57187.0
0.0	49050.0
0.0	52489.0
0.0	59404.0
1.0	131072.0
0.0	49345.0
0.0	44059.0
0.0	51749.0
0.0	45652.0
0.0	46017.0
1.0	131072.0
0.0	50767.0
0.0	53019.0
0.0	51407.0
0.0	44306.0
0.0	111306.0
0.0	46156.0
0.0	55129.0
0.0	50159.0
0.0	45988.0
0.0	51648.0
0.0	48083.0
0.0	51157.0
0.0	49417.0
0.0	41019.0
0.0	49188.0
0.0	40402.0
0.0	79960.0
0.0	46646.0
0.0	51745.0
0.0	81254.0
1.0	131072.0
0.0	53835.0
0.0	50996.0
0.0	116080.0
0.0	41010.0
0.0	42887.0
0.0	46083.0
0.0	51714.0
0.0	47063.0
0.0	56626.0
0.0	47966.0
0.0	46557.0
0.0	55168.0
0.0	45061.0
0.0	53838.0
0.0	44547.0
0.0	50290.0
0.0	49480.0
0.0	50173.0
1.0	131072.0
0.0	45294.0
0.0	46487.0
0.0	49487.0
1.0	131072.0
0.0	70831.0
0.0	55862.0
0.0	64568.0
0.0	50671.0
0.0	55852.0
0.0	46429.0
0.0	64091.0
0.0	47564.0
0.0	50500.0
0.0	51902.0
0.0	55073.0
0.0	56841.0
0.0	108202.0
0.0	52406.0
0.0	47756.0
0.0	71376.0
0.0	52259.0
0.0	41717.0
0.0	68478.0
0.0	43650.0
0.0	66460.0
0.0	52208.0
0.0	40562.0
3.0	131072.0
0.0	46077.0
