#SA random K-SAT
#N=16384  nIter=65536  alpha=9.1   NSamples=4971
#av(e)	0.10541138603902635
#std(e)	0.0054157009302356705
0.0	25583.0
0.0	27710.0
0.0	28840.0
0.0	23533.0
0.0	26807.0
0.0	31607.0
0.0	23949.0
0.0	25867.0
0.0	21539.0
0.0	26133.0
0.0	36532.0
1.0	65536.0
0.0	28198.0
0.0	32233.0
0.0	28248.0
0.0	34523.0
0.0	31317.0
0.0	26306.0
0.0	42661.0
0.0	59753.0
0.0	30315.0
0.0	34757.0
0.0	28936.0
0.0	52552.0
0.0	55626.0
1.0	65536.0
0.0	27071.0
0.0	26852.0
0.0	28346.0
0.0	45907.0
0.0	27306.0
0.0	33816.0
0.0	31385.0
0.0	34868.0
1.0	65536.0
0.0	26892.0
0.0	24103.0
0.0	25151.0
0.0	22790.0
0.0	27089.0
0.0	25784.0
0.0	23076.0
0.0	38059.0
0.0	32735.0
0.0	25185.0
0.0	22022.0
0.0	34645.0
0.0	39074.0
0.0	33695.0
0.0	24066.0
0.0	27627.0
0.0	52599.0
0.0	25032.0
0.0	29812.0
1.0	65536.0
0.0	26998.0
0.0	22830.0
0.0	32012.0
0.0	33673.0
0.0	23840.0
0.0	22940.0
0.0	28151.0
0.0	29412.0
0.0	33871.0
0.0	28373.0
2.0	65536.0
0.0	25603.0
0.0	23800.0
0.0	27151.0
0.0	23551.0
0.0	52230.0
0.0	26297.0
0.0	23018.0
0.0	27193.0
1.0	65536.0
0.0	32350.0
0.0	31252.0
1.0	65536.0
0.0	57526.0
0.0	24684.0
0.0	27136.0
0.0	23399.0
0.0	26919.0
0.0	22064.0
0.0	47349.0
0.0	22564.0
0.0	23115.0
0.0	30434.0
0.0	46644.0
0.0	31218.0
1.0	65536.0
0.0	27506.0
0.0	32817.0
0.0	22361.0
0.0	29144.0
0.0	27913.0
0.0	28957.0
0.0	26759.0
0.0	23265.0
0.0	32706.0
0.0	24404.0
0.0	30239.0
0.0	26233.0
0.0	24695.0
0.0	57696.0
0.0	29829.0
1.0	65536.0
0.0	29551.0
0.0	31662.0
0.0	26804.0
0.0	29301.0
0.0	27914.0
0.0	61665.0
0.0	33423.0
0.0	30210.0
0.0	27228.0
0.0	24684.0
0.0	22163.0
0.0	42116.0
0.0	22654.0
0.0	26387.0
0.0	20696.0
0.0	36581.0
0.0	50926.0
0.0	28571.0
0.0	24053.0
0.0	33794.0
0.0	43543.0
0.0	25671.0
0.0	33010.0
0.0	32166.0
0.0	29243.0
0.0	34298.0
0.0	24718.0
0.0	22128.0
0.0	28128.0
0.0	30249.0
0.0	22559.0
0.0	30858.0
0.0	25412.0
0.0	52408.0
0.0	22268.0
0.0	31789.0
0.0	29786.0
3.0	65536.0
0.0	29616.0
0.0	48081.0
0.0	33226.0
0.0	24158.0
0.0	42263.0
0.0	31954.0
0.0	26489.0
0.0	25046.0
0.0	29158.0
0.0	27847.0
0.0	33240.0
0.0	22057.0
0.0	27103.0
0.0	23721.0
0.0	28205.0
0.0	33047.0
0.0	25029.0
0.0	26369.0
0.0	39344.0
0.0	24503.0
0.0	31647.0
0.0	29701.0
0.0	26486.0
0.0	25874.0
0.0	36050.0
0.0	23279.0
0.0	27569.0
0.0	26565.0
0.0	32125.0
0.0	28068.0
0.0	21582.0
0.0	33637.0
0.0	31945.0
0.0	21914.0
1.0	65536.0
0.0	48252.0
0.0	28471.0
0.0	39095.0
0.0	51737.0
0.0	27372.0
0.0	26426.0
0.0	42112.0
0.0	26709.0
0.0	27369.0
0.0	27365.0
0.0	36161.0
0.0	30879.0
0.0	37776.0
0.0	40214.0
0.0	32665.0
0.0	31980.0
0.0	27256.0
0.0	24897.0
0.0	21858.0
0.0	25451.0
0.0	23108.0
0.0	24470.0
0.0	31684.0
0.0	22474.0
0.0	24081.0
1.0	65536.0
0.0	25978.0
2.0	65536.0
0.0	37663.0
1.0	65536.0
0.0	25151.0
0.0	23045.0
0.0	25141.0
0.0	28932.0
0.0	24893.0
0.0	26415.0
0.0	27613.0
0.0	21344.0
0.0	29708.0
0.0	38953.0
0.0	34986.0
2.0	65536.0
1.0	65536.0
1.0	65536.0
0.0	27314.0
0.0	24262.0
0.0	39238.0
0.0	57116.0
0.0	25340.0
0.0	23896.0
0.0	28584.0
0.0	39141.0
0.0	25589.0
0.0	22835.0
0.0	26116.0
0.0	31342.0
1.0	65536.0
1.0	65536.0
0.0	29969.0
0.0	23746.0
0.0	43516.0
0.0	25911.0
0.0	34573.0
0.0	28131.0
0.0	50130.0
0.0	39751.0
0.0	51598.0
0.0	42559.0
1.0	65536.0
0.0	35294.0
0.0	39120.0
1.0	65536.0
0.0	24465.0
0.0	22165.0
0.0	25308.0
0.0	37314.0
0.0	30863.0
0.0	44185.0
0.0	23978.0
0.0	30699.0
0.0	28038.0
2.0	65536.0
0.0	25255.0
2.0	65536.0
0.0	22639.0
0.0	22388.0
0.0	29116.0
0.0	42021.0
0.0	34806.0
0.0	47915.0
0.0	27193.0
0.0	54708.0
0.0	35481.0
0.0	24675.0
0.0	39287.0
0.0	25793.0
0.0	26640.0
0.0	25410.0
0.0	40843.0
0.0	29645.0
0.0	41913.0
0.0	25833.0
0.0	29263.0
0.0	25409.0
1.0	65536.0
0.0	24989.0
0.0	23570.0
1.0	65536.0
0.0	47809.0
0.0	32203.0
0.0	39650.0
0.0	38631.0
0.0	23892.0
0.0	25105.0
0.0	30184.0
0.0	53840.0
0.0	19927.0
1.0	65536.0
0.0	31789.0
1.0	65536.0
0.0	20865.0
0.0	35448.0
0.0	22896.0
0.0	24732.0
0.0	26467.0
0.0	45993.0
0.0	51812.0
0.0	29067.0
0.0	29940.0
0.0	27281.0
0.0	26153.0
0.0	25194.0
0.0	24566.0
0.0	32235.0
0.0	39424.0
0.0	22595.0
0.0	30191.0
0.0	29800.0
0.0	33652.0
0.0	23467.0
0.0	27149.0
0.0	30943.0
0.0	25554.0
0.0	27753.0
0.0	23448.0
0.0	28855.0
0.0	34270.0
0.0	25479.0
0.0	28678.0
0.0	30184.0
0.0	31630.0
0.0	24873.0
0.0	33119.0
0.0	31519.0
0.0	27575.0
0.0	33686.0
0.0	32370.0
0.0	26062.0
0.0	30291.0
0.0	26665.0
0.0	32445.0
0.0	27418.0
1.0	65536.0
0.0	24167.0
0.0	25313.0
0.0	36418.0
0.0	27884.0
0.0	55356.0
0.0	41374.0
0.0	25646.0
0.0	26956.0
0.0	31066.0
0.0	29948.0
0.0	33530.0
0.0	27120.0
0.0	25719.0
0.0	25085.0
0.0	21810.0
0.0	27778.0
0.0	24661.0
0.0	34050.0
0.0	32241.0
0.0	27071.0
0.0	25135.0
0.0	24840.0
0.0	26767.0
0.0	29247.0
0.0	25594.0
0.0	26062.0
0.0	27783.0
0.0	36395.0
0.0	25159.0
0.0	29867.0
0.0	22290.0
0.0	27794.0
0.0	26528.0
0.0	31412.0
0.0	32746.0
1.0	65536.0
1.0	65536.0
0.0	29228.0
0.0	21973.0
0.0	38193.0
0.0	26587.0
0.0	21418.0
0.0	52826.0
0.0	28729.0
0.0	24480.0
0.0	26487.0
0.0	26365.0
0.0	26097.0
0.0	48081.0
0.0	50158.0
0.0	37763.0
0.0	31059.0
0.0	27016.0
0.0	23244.0
0.0	22177.0
0.0	27425.0
0.0	31244.0
0.0	27593.0
0.0	29203.0
0.0	32702.0
0.0	26043.0
0.0	25258.0
0.0	23416.0
0.0	25002.0
0.0	27768.0
0.0	34140.0
0.0	21792.0
0.0	27530.0
0.0	24562.0
0.0	31032.0
0.0	24577.0
0.0	46787.0
0.0	24024.0
0.0	22444.0
0.0	25532.0
0.0	33159.0
0.0	21697.0
0.0	47098.0
0.0	27279.0
0.0	31151.0
0.0	28248.0
0.0	32646.0
0.0	25264.0
0.0	26230.0
0.0	27709.0
0.0	28551.0
2.0	65536.0
0.0	28181.0
0.0	38777.0
0.0	23061.0
0.0	27091.0
1.0	65536.0
0.0	33549.0
0.0	35276.0
0.0	34934.0
0.0	34983.0
0.0	23538.0
0.0	46635.0
0.0	24360.0
0.0	29443.0
0.0	25843.0
2.0	65536.0
0.0	23256.0
0.0	25129.0
0.0	41524.0
0.0	26932.0
0.0	32180.0
0.0	35948.0
0.0	31738.0
0.0	27900.0
0.0	24190.0
0.0	30136.0
0.0	25904.0
0.0	60983.0
0.0	28991.0
0.0	40023.0
0.0	49521.0
0.0	25579.0
0.0	27382.0
0.0	31815.0
0.0	25954.0
1.0	65536.0
0.0	23727.0
0.0	32312.0
0.0	30642.0
0.0	32788.0
0.0	26833.0
0.0	23835.0
0.0	45456.0
0.0	22385.0
0.0	25836.0
0.0	26176.0
0.0	42919.0
0.0	22165.0
1.0	65536.0
0.0	27915.0
0.0	31994.0
0.0	23238.0
0.0	43304.0
0.0	23061.0
0.0	29245.0
0.0	28011.0
0.0	30556.0
0.0	32658.0
0.0	31482.0
0.0	31828.0
0.0	33444.0
0.0	25554.0
0.0	25341.0
0.0	25446.0
0.0	28265.0
0.0	36977.0
0.0	31711.0
0.0	23387.0
0.0	30082.0
1.0	65536.0
1.0	65536.0
0.0	31541.0
0.0	31061.0
1.0	65536.0
0.0	40431.0
0.0	38866.0
0.0	31597.0
0.0	56190.0
0.0	21186.0
0.0	25701.0
0.0	26947.0
2.0	65536.0
0.0	37994.0
0.0	27128.0
0.0	24335.0
0.0	28004.0
0.0	34820.0
0.0	61212.0
0.0	23620.0
1.0	65536.0
0.0	21464.0
0.0	22416.0
0.0	28877.0
0.0	26323.0
0.0	26488.0
0.0	26840.0
0.0	25907.0
0.0	34323.0
0.0	56846.0
0.0	28758.0
0.0	25710.0
0.0	64812.0
0.0	37016.0
0.0	26941.0
0.0	26268.0
0.0	37525.0
0.0	26696.0
0.0	26129.0
0.0	22889.0
0.0	26941.0
0.0	26370.0
0.0	28473.0
0.0	30388.0
0.0	57453.0
0.0	28476.0
0.0	29955.0
0.0	28731.0
0.0	36778.0
0.0	25547.0
0.0	23526.0
1.0	65536.0
1.0	65536.0
0.0	26375.0
0.0	31421.0
0.0	29013.0
1.0	65536.0
0.0	29491.0
0.0	30195.0
0.0	41517.0
0.0	39957.0
0.0	29164.0
0.0	28224.0
0.0	23417.0
0.0	61018.0
0.0	31956.0
0.0	23647.0
1.0	65536.0
0.0	45014.0
0.0	25195.0
0.0	24973.0
0.0	30651.0
0.0	32800.0
0.0	37253.0
0.0	50426.0
0.0	25338.0
0.0	30912.0
3.0	65536.0
0.0	34809.0
0.0	23250.0
0.0	31301.0
0.0	26589.0
0.0	23546.0
0.0	26992.0
0.0	25256.0
0.0	55402.0
0.0	29305.0
0.0	24345.0
0.0	27360.0
1.0	65536.0
0.0	28677.0
0.0	38866.0
0.0	25570.0
0.0	21355.0
0.0	33474.0
1.0	65536.0
0.0	44004.0
0.0	22756.0
0.0	26820.0
2.0	65536.0
0.0	25624.0
0.0	22242.0
0.0	25302.0
0.0	37373.0
0.0	22240.0
0.0	23274.0
0.0	26623.0
0.0	36840.0
0.0	22455.0
0.0	43363.0
0.0	54140.0
0.0	33552.0
0.0	29874.0
0.0	22799.0
0.0	36888.0
0.0	31266.0
0.0	58823.0
0.0	33109.0
1.0	65536.0
0.0	26646.0
1.0	65536.0
0.0	26119.0
0.0	57530.0
0.0	37620.0
0.0	25525.0
0.0	28897.0
0.0	31660.0
0.0	27657.0
0.0	25200.0
0.0	28954.0
1.0	65536.0
0.0	27991.0
0.0	25286.0
0.0	31413.0
0.0	29915.0
0.0	26813.0
0.0	25211.0
0.0	38861.0
0.0	28987.0
0.0	33854.0
0.0	27537.0
0.0	27905.0
0.0	52260.0
1.0	65536.0
0.0	26388.0
0.0	29636.0
0.0	29217.0
0.0	25735.0
0.0	30172.0
0.0	26612.0
0.0	27258.0
0.0	30849.0
0.0	24135.0
0.0	22808.0
0.0	27079.0
0.0	26944.0
0.0	28923.0
0.0	44145.0
0.0	60120.0
0.0	27723.0
0.0	23820.0
2.0	65536.0
0.0	26770.0
0.0	24137.0
0.0	22791.0
0.0	25665.0
0.0	32712.0
0.0	24781.0
0.0	24679.0
0.0	32157.0
0.0	26178.0
0.0	21656.0
0.0	22012.0
0.0	24831.0
0.0	24674.0
0.0	23203.0
0.0	22185.0
0.0	30538.0
0.0	45394.0
0.0	23487.0
1.0	65536.0
0.0	33018.0
0.0	31283.0
0.0	24412.0
0.0	20687.0
1.0	65536.0
0.0	42601.0
0.0	22396.0
0.0	34747.0
0.0	24527.0
0.0	34933.0
0.0	29705.0
0.0	33474.0
1.0	65536.0
0.0	43256.0
0.0	29893.0
0.0	23324.0
0.0	26765.0
0.0	31706.0
1.0	65536.0
0.0	36972.0
0.0	35363.0
0.0	22237.0
2.0	65536.0
0.0	33400.0
0.0	26861.0
0.0	38935.0
0.0	27030.0
0.0	21875.0
0.0	24420.0
0.0	57142.0
0.0	32359.0
0.0	32598.0
0.0	26117.0
0.0	31006.0
0.0	39421.0
0.0	27475.0
0.0	27575.0
0.0	28708.0
0.0	25542.0
0.0	40486.0
0.0	37063.0
0.0	24432.0
0.0	27055.0
0.0	28999.0
0.0	45034.0
0.0	32762.0
2.0	65536.0
0.0	23851.0
0.0	26861.0
0.0	25705.0
0.0	27097.0
0.0	31002.0
1.0	65536.0
0.0	25104.0
0.0	32205.0
0.0	28911.0
0.0	28728.0
1.0	65536.0
0.0	36177.0
0.0	33915.0
0.0	31571.0
0.0	28957.0
1.0	65536.0
0.0	27721.0
0.0	25755.0
0.0	27719.0
0.0	24864.0
1.0	65536.0
0.0	27432.0
0.0	28585.0
0.0	44184.0
0.0	42954.0
0.0	24746.0
0.0	28577.0
0.0	33592.0
0.0	28595.0
0.0	28039.0
0.0	31574.0
0.0	23702.0
0.0	29100.0
0.0	24044.0
0.0	55300.0
0.0	27101.0
0.0	28303.0
0.0	38537.0
0.0	26592.0
0.0	40089.0
0.0	20899.0
0.0	28692.0
0.0	31680.0
0.0	21770.0
0.0	29754.0
0.0	27918.0
0.0	50954.0
0.0	30450.0
0.0	27264.0
0.0	32963.0
0.0	51979.0
0.0	27055.0
0.0	23348.0
0.0	42305.0
0.0	24842.0
0.0	38571.0
0.0	25615.0
0.0	33044.0
1.0	65536.0
0.0	27899.0
0.0	24482.0
0.0	41993.0
0.0	25210.0
0.0	30432.0
0.0	26730.0
0.0	23931.0
0.0	26848.0
0.0	23962.0
0.0	30217.0
0.0	32234.0
0.0	30109.0
0.0	23337.0
0.0	28657.0
0.0	26414.0
0.0	28247.0
0.0	28733.0
0.0	23983.0
0.0	31368.0
0.0	46116.0
0.0	29297.0
1.0	65536.0
0.0	33914.0
0.0	30898.0
0.0	38171.0
0.0	27323.0
0.0	59741.0
0.0	22585.0
0.0	20287.0
1.0	65536.0
0.0	24712.0
0.0	25960.0
0.0	26004.0
0.0	23060.0
0.0	26695.0
0.0	25753.0
0.0	25178.0
0.0	36889.0
0.0	24618.0
0.0	26796.0
0.0	29205.0
0.0	26319.0
0.0	35268.0
0.0	38521.0
0.0	34591.0
0.0	24651.0
0.0	31410.0
0.0	23587.0
0.0	25349.0
0.0	28415.0
0.0	62233.0
0.0	26701.0
0.0	23138.0
0.0	31504.0
0.0	24196.0
0.0	23741.0
0.0	25984.0
0.0	27175.0
0.0	23358.0
0.0	40214.0
0.0	34307.0
0.0	30659.0
0.0	29498.0
1.0	65536.0
0.0	30449.0
0.0	27874.0
0.0	25854.0
0.0	25563.0
0.0	45505.0
0.0	24197.0
0.0	33058.0
0.0	61295.0
0.0	25115.0
0.0	29487.0
1.0	65536.0
0.0	32480.0
0.0	38157.0
0.0	34015.0
0.0	25496.0
0.0	27358.0
0.0	30347.0
0.0	46787.0
0.0	40197.0
0.0	23140.0
0.0	23726.0
0.0	36122.0
0.0	37875.0
0.0	32195.0
0.0	24972.0
0.0	35239.0
0.0	43485.0
0.0	24964.0
2.0	65536.0
0.0	21968.0
0.0	59499.0
0.0	43233.0
0.0	61854.0
1.0	65536.0
0.0	26080.0
0.0	28807.0
0.0	24186.0
0.0	32922.0
0.0	35377.0
0.0	27556.0
0.0	32907.0
0.0	45212.0
0.0	37425.0
0.0	24252.0
0.0	29064.0
0.0	24311.0
0.0	27123.0
1.0	65536.0
0.0	24302.0
0.0	40282.0
0.0	33426.0
0.0	25558.0
0.0	29842.0
0.0	30603.0
0.0	22666.0
0.0	24850.0
0.0	30498.0
0.0	27042.0
0.0	26467.0
0.0	23471.0
0.0	31916.0
0.0	45580.0
0.0	30623.0
0.0	28016.0
0.0	24556.0
1.0	65536.0
0.0	34526.0
0.0	27592.0
0.0	27618.0
0.0	24711.0
0.0	41799.0
0.0	27546.0
1.0	65536.0
0.0	25373.0
0.0	26685.0
0.0	21506.0
0.0	30864.0
0.0	22823.0
1.0	65536.0
0.0	35390.0
0.0	26461.0
0.0	28320.0
0.0	31377.0
0.0	30454.0
0.0	30351.0
0.0	32684.0
0.0	24752.0
0.0	26237.0
0.0	26401.0
0.0	31675.0
0.0	28407.0
0.0	24800.0
0.0	32088.0
0.0	25647.0
0.0	23687.0
0.0	27693.0
0.0	27266.0
0.0	25455.0
0.0	23308.0
3.0	65536.0
0.0	24392.0
0.0	25765.0
0.0	37010.0
0.0	24467.0
0.0	25997.0
0.0	27703.0
0.0	22726.0
0.0	40516.0
0.0	34111.0
1.0	65536.0
0.0	43219.0
0.0	51701.0
0.0	28438.0
0.0	44357.0
0.0	26707.0
0.0	28183.0
1.0	65536.0
0.0	37610.0
0.0	35438.0
0.0	23681.0
1.0	65536.0
0.0	38359.0
0.0	23568.0
0.0	24570.0
1.0	65536.0
0.0	38242.0
1.0	65536.0
0.0	23344.0
0.0	24626.0
0.0	31372.0
4.0	65536.0
0.0	24605.0
0.0	27751.0
0.0	28794.0
0.0	35395.0
0.0	33733.0
0.0	32160.0
1.0	65536.0
0.0	29775.0
0.0	47074.0
0.0	27140.0
0.0	37143.0
0.0	58375.0
0.0	32761.0
0.0	26815.0
0.0	24044.0
0.0	35245.0
0.0	28193.0
0.0	34678.0
2.0	65536.0
0.0	25506.0
0.0	24639.0
0.0	23517.0
0.0	36810.0
0.0	22658.0
0.0	44905.0
0.0	31055.0
0.0	28831.0
1.0	65536.0
0.0	25586.0
0.0	24191.0
0.0	25379.0
0.0	27305.0
0.0	22420.0
0.0	23420.0
0.0	26215.0
0.0	29159.0
0.0	32699.0
0.0	58704.0
0.0	32866.0
0.0	25359.0
0.0	29499.0
0.0	30377.0
0.0	26790.0
0.0	23022.0
0.0	32569.0
0.0	28973.0
0.0	24762.0
0.0	20870.0
0.0	22878.0
0.0	27199.0
0.0	25825.0
0.0	28258.0
0.0	27791.0
0.0	24022.0
0.0	40964.0
0.0	24917.0
0.0	26584.0
0.0	24931.0
0.0	56923.0
0.0	45815.0
0.0	30403.0
1.0	65536.0
0.0	28624.0
0.0	36071.0
0.0	27748.0
0.0	25563.0
0.0	35917.0
0.0	23749.0
0.0	24932.0
0.0	21269.0
0.0	21751.0
0.0	27742.0
0.0	43138.0
0.0	43457.0
0.0	24760.0
0.0	28120.0
0.0	25271.0
0.0	49962.0
0.0	24778.0
0.0	26430.0
0.0	25849.0
0.0	25596.0
0.0	23393.0
0.0	26652.0
0.0	25856.0
0.0	27342.0
0.0	24119.0
0.0	28400.0
0.0	24307.0
0.0	43050.0
0.0	37861.0
0.0	37477.0
0.0	25560.0
0.0	26232.0
1.0	65536.0
0.0	28148.0
1.0	65536.0
0.0	28402.0
0.0	25348.0
0.0	39113.0
0.0	25878.0
0.0	26488.0
0.0	37957.0
0.0	23566.0
0.0	23655.0
0.0	23831.0
0.0	62303.0
0.0	26709.0
0.0	28749.0
0.0	29006.0
0.0	51649.0
0.0	26596.0
0.0	25674.0
0.0	36109.0
0.0	28528.0
0.0	25201.0
1.0	65536.0
0.0	40230.0
0.0	27452.0
0.0	35962.0
0.0	25382.0
0.0	44238.0
0.0	25432.0
0.0	22987.0
0.0	25235.0
0.0	21628.0
0.0	23533.0
0.0	27547.0
1.0	65536.0
0.0	27727.0
0.0	30076.0
0.0	22685.0
0.0	29042.0
0.0	40234.0
0.0	22634.0
0.0	40358.0
0.0	34692.0
0.0	25683.0
0.0	25529.0
0.0	30344.0
0.0	47891.0
0.0	25356.0
0.0	34982.0
0.0	25130.0
0.0	23479.0
0.0	25546.0
0.0	24926.0
0.0	27787.0
0.0	48489.0
1.0	65536.0
0.0	27871.0
0.0	25711.0
0.0	24833.0
0.0	32170.0
0.0	54715.0
0.0	23147.0
0.0	42641.0
2.0	65536.0
0.0	34606.0
0.0	23273.0
1.0	65536.0
0.0	45053.0
0.0	32136.0
0.0	24557.0
0.0	29622.0
0.0	30869.0
0.0	37146.0
0.0	25815.0
0.0	24615.0
0.0	32522.0
0.0	25363.0
0.0	33680.0
0.0	23660.0
0.0	30033.0
0.0	23640.0
0.0	31792.0
1.0	65536.0
0.0	31633.0
1.0	65536.0
0.0	25571.0
0.0	27104.0
0.0	29181.0
0.0	26005.0
0.0	28553.0
0.0	27569.0
0.0	25352.0
0.0	34995.0
0.0	27456.0
0.0	35303.0
0.0	24935.0
0.0	39110.0
0.0	23870.0
0.0	27734.0
0.0	34790.0
0.0	22124.0
0.0	29551.0
0.0	42074.0
1.0	65536.0
0.0	25218.0
0.0	31142.0
0.0	21975.0
0.0	24722.0
0.0	32063.0
0.0	25017.0
0.0	31543.0
0.0	23656.0
0.0	36443.0
0.0	22617.0
2.0	65536.0
0.0	23684.0
0.0	59255.0
0.0	23346.0
0.0	29595.0
0.0	30771.0
1.0	65536.0
0.0	27995.0
0.0	49422.0
0.0	38835.0
0.0	25693.0
0.0	49417.0
1.0	65536.0
0.0	27946.0
0.0	26618.0
0.0	41117.0
1.0	65536.0
0.0	35908.0
0.0	32762.0
0.0	36834.0
0.0	27189.0
0.0	23626.0
0.0	24056.0
0.0	25798.0
0.0	22638.0
0.0	24651.0
0.0	33248.0
0.0	32324.0
0.0	54898.0
0.0	32746.0
0.0	25650.0
0.0	24113.0
0.0	27945.0
0.0	29956.0
0.0	35731.0
0.0	53926.0
0.0	21106.0
0.0	33926.0
0.0	29729.0
0.0	30123.0
1.0	65536.0
0.0	26039.0
0.0	33024.0
0.0	44963.0
0.0	28535.0
0.0	25529.0
0.0	22987.0
0.0	28132.0
0.0	25065.0
0.0	34302.0
0.0	24272.0
0.0	33156.0
0.0	28225.0
0.0	23664.0
0.0	34831.0
0.0	23175.0
0.0	25261.0
0.0	24248.0
0.0	24276.0
1.0	65536.0
0.0	41057.0
0.0	42289.0
0.0	23438.0
1.0	65536.0
0.0	23102.0
0.0	26401.0
0.0	33816.0
0.0	26564.0
0.0	28368.0
0.0	35617.0
0.0	22344.0
0.0	24211.0
0.0	29222.0
0.0	47414.0
0.0	28931.0
0.0	22176.0
0.0	22072.0
0.0	39658.0
0.0	39925.0
0.0	24448.0
0.0	26081.0
0.0	31256.0
0.0	26756.0
0.0	22401.0
0.0	24225.0
0.0	46401.0
0.0	29320.0
0.0	28232.0
0.0	26676.0
1.0	65536.0
0.0	24737.0
0.0	24178.0
0.0	25124.0
1.0	65536.0
0.0	27848.0
0.0	23334.0
0.0	26576.0
0.0	38018.0
1.0	65536.0
0.0	34915.0
0.0	31302.0
0.0	30015.0
0.0	26446.0
0.0	22340.0
1.0	65536.0
0.0	55271.0
0.0	24182.0
0.0	27944.0
0.0	27174.0
0.0	23963.0
0.0	21857.0
0.0	62514.0
0.0	30255.0
0.0	28180.0
0.0	21085.0
0.0	31326.0
0.0	30551.0
1.0	65536.0
0.0	27716.0
0.0	22090.0
0.0	22833.0
0.0	30398.0
0.0	26084.0
0.0	30345.0
0.0	28449.0
0.0	23937.0
0.0	24895.0
0.0	22407.0
0.0	41792.0
0.0	31496.0
0.0	35854.0
0.0	35822.0
0.0	24844.0
0.0	27296.0
0.0	38502.0
0.0	28302.0
0.0	28990.0
1.0	65536.0
0.0	26903.0
0.0	32390.0
0.0	33666.0
0.0	27475.0
0.0	24877.0
1.0	65536.0
0.0	25341.0
0.0	27696.0
0.0	32653.0
0.0	34528.0
0.0	27041.0
0.0	27698.0
0.0	38808.0
0.0	26079.0
0.0	23305.0
0.0	40186.0
0.0	30001.0
0.0	35947.0
0.0	27183.0
0.0	54645.0
0.0	27891.0
0.0	46272.0
0.0	26978.0
0.0	25825.0
0.0	21317.0
0.0	28992.0
0.0	29565.0
0.0	26729.0
0.0	24282.0
0.0	28703.0
1.0	65536.0
0.0	25868.0
0.0	26699.0
0.0	23776.0
1.0	65536.0
1.0	65536.0
0.0	32966.0
0.0	31464.0
0.0	25205.0
0.0	26224.0
0.0	25090.0
0.0	28475.0
0.0	34032.0
0.0	38042.0
0.0	26325.0
0.0	30075.0
0.0	35901.0
0.0	24853.0
0.0	65527.0
0.0	29096.0
0.0	25355.0
0.0	37871.0
0.0	30083.0
0.0	27960.0
0.0	29533.0
0.0	38161.0
0.0	24878.0
0.0	31198.0
0.0	27695.0
0.0	26233.0
0.0	27718.0
0.0	25909.0
0.0	29022.0
0.0	27461.0
0.0	27961.0
0.0	57952.0
0.0	25357.0
0.0	22073.0
0.0	28585.0
0.0	25101.0
0.0	33332.0
0.0	24883.0
0.0	38440.0
0.0	22292.0
0.0	38769.0
0.0	29760.0
0.0	27999.0
0.0	33169.0
0.0	36710.0
0.0	37980.0
0.0	44334.0
0.0	23941.0
0.0	29388.0
0.0	25728.0
0.0	33398.0
0.0	25355.0
0.0	28037.0
0.0	29911.0
0.0	26353.0
0.0	26504.0
0.0	30264.0
0.0	36656.0
0.0	53390.0
0.0	36873.0
0.0	31344.0
0.0	38614.0
0.0	23038.0
0.0	25698.0
0.0	22285.0
0.0	28683.0
0.0	28110.0
0.0	37949.0
0.0	50614.0
0.0	24460.0
0.0	27954.0
0.0	23015.0
0.0	25223.0
1.0	65536.0
0.0	52529.0
0.0	24743.0
0.0	31774.0
0.0	44704.0
1.0	65536.0
0.0	37859.0
0.0	61444.0
0.0	33177.0
0.0	22691.0
0.0	34118.0
0.0	28296.0
0.0	25397.0
0.0	25744.0
0.0	29887.0
0.0	29119.0
0.0	25932.0
0.0	41283.0
0.0	28741.0
0.0	40076.0
4.0	65536.0
0.0	25919.0
0.0	24890.0
0.0	21502.0
0.0	34412.0
1.0	65536.0
0.0	30439.0
0.0	22400.0
0.0	31539.0
0.0	45954.0
0.0	25359.0
0.0	30061.0
0.0	27032.0
0.0	23016.0
0.0	24826.0
0.0	26123.0
0.0	60607.0
0.0	45415.0
0.0	43989.0
0.0	26657.0
0.0	21534.0
0.0	22441.0
0.0	31534.0
0.0	38303.0
0.0	43362.0
1.0	65536.0
0.0	29294.0
0.0	25091.0
0.0	26875.0
0.0	25833.0
0.0	28244.0
0.0	30439.0
0.0	27494.0
0.0	25622.0
0.0	24315.0
1.0	65536.0
0.0	25810.0
2.0	65536.0
0.0	29218.0
0.0	35065.0
0.0	46940.0
0.0	56884.0
0.0	32655.0
0.0	61308.0
0.0	25253.0
0.0	53211.0
0.0	23745.0
0.0	28322.0
1.0	65536.0
1.0	65536.0
0.0	41888.0
0.0	24263.0
0.0	40293.0
0.0	30989.0
0.0	29396.0
0.0	38064.0
0.0	28274.0
0.0	23537.0
0.0	25391.0
0.0	38817.0
0.0	30502.0
0.0	43701.0
0.0	31958.0
0.0	29857.0
0.0	27405.0
0.0	23757.0
0.0	26996.0
0.0	32917.0
0.0	26974.0
0.0	38867.0
0.0	43208.0
0.0	28919.0
0.0	26160.0
0.0	30417.0
1.0	65536.0
0.0	27806.0
0.0	38214.0
0.0	25414.0
0.0	46068.0
1.0	65536.0
0.0	29017.0
1.0	65536.0
0.0	27441.0
0.0	36403.0
0.0	21510.0
0.0	29976.0
0.0	26844.0
0.0	25418.0
0.0	26633.0
1.0	65536.0
0.0	45926.0
0.0	24602.0
0.0	21854.0
0.0	21314.0
0.0	25167.0
0.0	23282.0
0.0	22672.0
0.0	63058.0
0.0	28723.0
0.0	24147.0
1.0	65536.0
0.0	29930.0
3.0	65536.0
0.0	24768.0
2.0	65536.0
0.0	27260.0
0.0	25976.0
0.0	19888.0
0.0	59339.0
0.0	28272.0
1.0	65536.0
0.0	27999.0
0.0	23775.0
0.0	24857.0
1.0	65536.0
0.0	26431.0
0.0	62296.0
0.0	29447.0
0.0	23382.0
0.0	47295.0
0.0	28856.0
0.0	27928.0
0.0	23091.0
0.0	29431.0
2.0	65536.0
0.0	28927.0
0.0	22183.0
0.0	28602.0
0.0	30482.0
0.0	30511.0
0.0	30441.0
0.0	25479.0
0.0	27617.0
1.0	65536.0
0.0	28984.0
0.0	29680.0
0.0	26283.0
0.0	57872.0
0.0	55732.0
0.0	52284.0
0.0	28273.0
0.0	28151.0
0.0	26119.0
0.0	38092.0
0.0	27575.0
0.0	23529.0
0.0	40916.0
0.0	26673.0
0.0	33007.0
1.0	65536.0
0.0	22306.0
0.0	37358.0
0.0	23806.0
1.0	65536.0
0.0	32528.0
0.0	25643.0
0.0	25479.0
0.0	26246.0
0.0	42321.0
0.0	33120.0
0.0	41672.0
0.0	23208.0
0.0	26369.0
0.0	26652.0
0.0	20265.0
0.0	26848.0
0.0	43669.0
0.0	26582.0
0.0	32572.0
0.0	27091.0
0.0	26830.0
0.0	28936.0
0.0	32077.0
0.0	35340.0
0.0	34293.0
0.0	38673.0
0.0	27127.0
0.0	24231.0
0.0	46138.0
0.0	32209.0
0.0	25673.0
0.0	22631.0
0.0	46433.0
0.0	53632.0
0.0	37082.0
0.0	28673.0
0.0	29986.0
0.0	34632.0
0.0	23827.0
0.0	31990.0
0.0	23473.0
0.0	31510.0
0.0	24822.0
0.0	29124.0
0.0	27759.0
1.0	65536.0
0.0	36375.0
0.0	35929.0
0.0	38293.0
0.0	56368.0
0.0	24981.0
0.0	25070.0
1.0	65536.0
0.0	26176.0
0.0	26699.0
0.0	43670.0
0.0	46110.0
0.0	22563.0
0.0	23192.0
0.0	26343.0
0.0	36971.0
1.0	65536.0
0.0	53574.0
0.0	26683.0
2.0	65536.0
0.0	23180.0
0.0	26653.0
0.0	25002.0
0.0	23410.0
0.0	31819.0
0.0	19898.0
0.0	22595.0
0.0	24153.0
0.0	29265.0
0.0	35341.0
0.0	35268.0
0.0	28579.0
0.0	26511.0
0.0	38379.0
0.0	27667.0
0.0	28591.0
0.0	30538.0
0.0	28352.0
0.0	26336.0
0.0	42664.0
0.0	27487.0
0.0	49004.0
0.0	29857.0
0.0	57844.0
0.0	26212.0
0.0	25373.0
1.0	65536.0
0.0	27644.0
0.0	28301.0
0.0	31380.0
0.0	24359.0
1.0	65536.0
0.0	26121.0
0.0	43163.0
0.0	39442.0
0.0	23489.0
0.0	25652.0
0.0	30878.0
0.0	44061.0
0.0	31067.0
0.0	29844.0
0.0	26547.0
1.0	65536.0
0.0	25766.0
0.0	28833.0
0.0	27341.0
1.0	65536.0
0.0	32933.0
0.0	44099.0
0.0	41224.0
0.0	27889.0
0.0	40208.0
0.0	26378.0
0.0	23428.0
0.0	27544.0
1.0	65536.0
0.0	59339.0
1.0	65536.0
1.0	65536.0
0.0	31465.0
0.0	24908.0
0.0	35668.0
1.0	65536.0
0.0	27534.0
0.0	26692.0
0.0	30514.0
1.0	65536.0
1.0	65536.0
0.0	22632.0
0.0	32184.0
0.0	26713.0
0.0	28889.0
0.0	25793.0
0.0	25000.0
0.0	46179.0
1.0	65536.0
0.0	26935.0
0.0	28591.0
0.0	47205.0
1.0	65536.0
0.0	23625.0
0.0	24098.0
0.0	22139.0
0.0	23794.0
0.0	25705.0
0.0	25189.0
0.0	24689.0
0.0	43639.0
0.0	25395.0
0.0	26692.0
0.0	35818.0
0.0	24705.0
0.0	25614.0
0.0	35328.0
0.0	30760.0
0.0	30652.0
0.0	61055.0
0.0	39933.0
0.0	30429.0
0.0	25805.0
0.0	28709.0
0.0	24338.0
0.0	23050.0
0.0	24598.0
0.0	24437.0
0.0	23907.0
0.0	24299.0
0.0	32880.0
0.0	26938.0
0.0	22237.0
1.0	65536.0
1.0	65536.0
0.0	27596.0
0.0	44471.0
0.0	24432.0
0.0	48779.0
0.0	24286.0
0.0	36888.0
0.0	32584.0
0.0	38858.0
0.0	26695.0
0.0	21844.0
0.0	26070.0
0.0	31662.0
0.0	21362.0
0.0	26580.0
1.0	65536.0
0.0	26858.0
0.0	57820.0
0.0	33705.0
0.0	27030.0
0.0	26482.0
0.0	40298.0
0.0	25634.0
0.0	29220.0
0.0	23807.0
0.0	36211.0
0.0	29428.0
0.0	33039.0
0.0	22078.0
0.0	27110.0
0.0	25556.0
0.0	26919.0
0.0	25990.0
0.0	27160.0
0.0	24678.0
0.0	21952.0
1.0	65536.0
0.0	34215.0
0.0	27108.0
0.0	26158.0
1.0	65536.0
0.0	24368.0
0.0	31794.0
0.0	20346.0
0.0	24271.0
1.0	65536.0
0.0	27512.0
0.0	26258.0
0.0	41506.0
0.0	26077.0
0.0	28568.0
0.0	30013.0
0.0	46590.0
0.0	35782.0
0.0	24776.0
0.0	30082.0
0.0	25292.0
0.0	23755.0
0.0	47526.0
0.0	21772.0
0.0	46448.0
1.0	65536.0
0.0	22170.0
0.0	26660.0
0.0	34899.0
0.0	28626.0
0.0	30341.0
0.0	25867.0
0.0	24732.0
0.0	28976.0
0.0	27286.0
0.0	26576.0
0.0	22431.0
0.0	21766.0
0.0	24594.0
0.0	32003.0
0.0	24675.0
0.0	32951.0
0.0	23659.0
0.0	29566.0
0.0	35503.0
0.0	30082.0
0.0	28296.0
0.0	27509.0
0.0	43724.0
0.0	34302.0
0.0	27065.0
0.0	35631.0
0.0	36895.0
0.0	25735.0
0.0	33550.0
0.0	23666.0
0.0	21540.0
0.0	28667.0
0.0	43189.0
0.0	26226.0
0.0	22548.0
0.0	37614.0
0.0	25308.0
0.0	28563.0
0.0	33596.0
0.0	24624.0
1.0	65536.0
0.0	26644.0
0.0	27461.0
0.0	36054.0
2.0	65536.0
2.0	65536.0
0.0	26129.0
0.0	23518.0
0.0	26030.0
0.0	24710.0
1.0	65536.0
0.0	26727.0
0.0	43460.0
0.0	26067.0
0.0	26261.0
0.0	26212.0
0.0	28265.0
0.0	23279.0
0.0	31040.0
0.0	29055.0
0.0	25051.0
0.0	57725.0
0.0	30709.0
0.0	26354.0
0.0	54002.0
0.0	27964.0
0.0	28578.0
0.0	25497.0
0.0	44712.0
0.0	30212.0
0.0	24286.0
0.0	25357.0
0.0	22351.0
0.0	24384.0
0.0	24164.0
0.0	34931.0
0.0	31812.0
0.0	26044.0
0.0	25152.0
0.0	28162.0
0.0	57367.0
0.0	23535.0
0.0	27050.0
0.0	23930.0
0.0	28803.0
0.0	33262.0
0.0	32241.0
0.0	29521.0
0.0	25159.0
0.0	26346.0
0.0	43248.0
0.0	38607.0
0.0	28636.0
0.0	29176.0
0.0	36844.0
0.0	28491.0
0.0	22878.0
0.0	23340.0
0.0	33810.0
0.0	25914.0
0.0	20566.0
0.0	27242.0
0.0	42761.0
0.0	39444.0
0.0	27638.0
0.0	25771.0
0.0	30308.0
0.0	25518.0
0.0	26303.0
0.0	31517.0
0.0	35092.0
0.0	26730.0
0.0	29227.0
0.0	36111.0
0.0	35518.0
0.0	33182.0
0.0	23127.0
0.0	23946.0
0.0	23242.0
0.0	30695.0
0.0	28665.0
1.0	65536.0
0.0	24002.0
0.0	28404.0
0.0	25573.0
0.0	30802.0
0.0	28811.0
0.0	33989.0
0.0	24203.0
0.0	23625.0
0.0	42623.0
0.0	26172.0
0.0	27067.0
0.0	34534.0
0.0	22382.0
0.0	26729.0
0.0	57018.0
0.0	25129.0
1.0	65536.0
0.0	25368.0
0.0	21805.0
0.0	27188.0
1.0	65536.0
0.0	37008.0
0.0	34534.0
0.0	35667.0
0.0	23957.0
0.0	44012.0
0.0	28221.0
0.0	33637.0
0.0	29219.0
0.0	32155.0
0.0	26197.0
0.0	22991.0
0.0	29950.0
0.0	35492.0
0.0	21801.0
0.0	27323.0
0.0	23312.0
0.0	30653.0
1.0	65536.0
0.0	28622.0
0.0	31144.0
0.0	23488.0
0.0	41558.0
0.0	34567.0
0.0	24661.0
0.0	32579.0
0.0	28033.0
0.0	34521.0
0.0	21038.0
0.0	23224.0
1.0	65536.0
0.0	28104.0
0.0	25691.0
0.0	22377.0
1.0	65536.0
0.0	30624.0
0.0	23629.0
0.0	27699.0
0.0	40952.0
0.0	26752.0
0.0	28662.0
0.0	29668.0
0.0	36679.0
0.0	50445.0
0.0	27659.0
1.0	65536.0
0.0	31683.0
0.0	23080.0
0.0	27310.0
0.0	35966.0
0.0	39915.0
0.0	23511.0
0.0	39736.0
0.0	25523.0
0.0	31715.0
0.0	37878.0
0.0	29788.0
0.0	24144.0
2.0	65536.0
0.0	27798.0
0.0	25722.0
0.0	26858.0
0.0	40773.0
0.0	25266.0
1.0	65536.0
0.0	27669.0
1.0	65536.0
0.0	37743.0
0.0	45987.0
0.0	31276.0
0.0	27471.0
2.0	65536.0
0.0	22772.0
0.0	26826.0
1.0	65536.0
0.0	33126.0
0.0	28137.0
0.0	25878.0
0.0	26873.0
0.0	24377.0
0.0	26048.0
0.0	26142.0
0.0	27093.0
0.0	28380.0
0.0	26672.0
0.0	42016.0
0.0	26460.0
0.0	29691.0
0.0	27831.0
0.0	28777.0
0.0	25298.0
0.0	25802.0
0.0	28233.0
0.0	31983.0
0.0	38533.0
0.0	28236.0
0.0	29667.0
0.0	25574.0
0.0	31649.0
0.0	25129.0
0.0	32219.0
0.0	26494.0
0.0	23476.0
0.0	22936.0
0.0	31718.0
0.0	27692.0
0.0	28465.0
0.0	36260.0
1.0	65536.0
0.0	27770.0
0.0	27010.0
0.0	32126.0
0.0	30671.0
0.0	21351.0
0.0	21083.0
0.0	26990.0
0.0	32759.0
0.0	28400.0
0.0	26591.0
0.0	40306.0
0.0	23779.0
0.0	23487.0
0.0	26841.0
1.0	65536.0
0.0	29646.0
0.0	30743.0
0.0	23287.0
0.0	24052.0
0.0	26524.0
1.0	65536.0
0.0	42202.0
1.0	65536.0
0.0	34370.0
0.0	22089.0
0.0	32572.0
0.0	41190.0
0.0	25390.0
0.0	62153.0
1.0	65536.0
0.0	22665.0
0.0	27287.0
0.0	21901.0
3.0	65536.0
0.0	26421.0
0.0	23271.0
0.0	28844.0
0.0	29261.0
0.0	37198.0
0.0	27784.0
0.0	29681.0
0.0	27247.0
0.0	28509.0
0.0	21762.0
0.0	22209.0
0.0	26958.0
1.0	65536.0
0.0	46426.0
0.0	33165.0
0.0	31074.0
0.0	25738.0
0.0	22410.0
0.0	27725.0
0.0	28204.0
0.0	28521.0
0.0	46104.0
0.0	33185.0
0.0	29967.0
0.0	28426.0
0.0	27167.0
0.0	26440.0
0.0	20738.0
0.0	50117.0
0.0	61273.0
0.0	24531.0
0.0	35812.0
0.0	27094.0
0.0	22260.0
1.0	65536.0
0.0	26701.0
0.0	28939.0
0.0	31710.0
0.0	33076.0
0.0	45284.0
0.0	22614.0
0.0	26001.0
1.0	65536.0
0.0	30535.0
0.0	56161.0
0.0	28667.0
0.0	30853.0
0.0	26165.0
0.0	29717.0
0.0	28446.0
0.0	37768.0
0.0	58611.0
0.0	27604.0
0.0	54547.0
0.0	28244.0
0.0	33053.0
0.0	31000.0
0.0	28079.0
0.0	24680.0
0.0	26241.0
0.0	26460.0
0.0	33570.0
0.0	25971.0
0.0	28522.0
0.0	28834.0
0.0	36682.0
0.0	34586.0
0.0	52703.0
0.0	54180.0
0.0	25787.0
0.0	25930.0
0.0	36785.0
0.0	41212.0
0.0	22602.0
0.0	34093.0
0.0	35364.0
0.0	45192.0
0.0	23718.0
0.0	26951.0
0.0	40758.0
0.0	26234.0
0.0	32198.0
0.0	36363.0
0.0	33503.0
0.0	38231.0
0.0	22859.0
0.0	38006.0
0.0	35734.0
0.0	25011.0
0.0	26278.0
0.0	22536.0
0.0	22047.0
0.0	30984.0
0.0	23986.0
0.0	35153.0
0.0	26149.0
0.0	27201.0
0.0	37911.0
0.0	27728.0
0.0	30931.0
2.0	65536.0
0.0	26851.0
1.0	65536.0
0.0	24284.0
0.0	30652.0
0.0	25341.0
0.0	25302.0
0.0	20428.0
0.0	23571.0
0.0	36336.0
1.0	65536.0
0.0	29200.0
0.0	22383.0
0.0	26564.0
0.0	31261.0
0.0	25283.0
0.0	47724.0
0.0	22395.0
0.0	28355.0
0.0	27332.0
1.0	65536.0
0.0	26525.0
0.0	35137.0
0.0	55205.0
0.0	39785.0
0.0	22915.0
0.0	26201.0
0.0	23013.0
0.0	25917.0
0.0	56225.0
0.0	30367.0
0.0	30837.0
0.0	25700.0
0.0	23274.0
0.0	28865.0
0.0	24862.0
1.0	65536.0
0.0	25808.0
0.0	34436.0
0.0	26414.0
0.0	42759.0
0.0	22733.0
0.0	48060.0
0.0	29201.0
0.0	58674.0
0.0	27040.0
0.0	30543.0
0.0	27350.0
0.0	24530.0
0.0	23760.0
0.0	26301.0
0.0	24107.0
0.0	33812.0
0.0	27671.0
0.0	26575.0
0.0	37531.0
0.0	25522.0
0.0	24085.0
0.0	31181.0
0.0	45917.0
0.0	23421.0
0.0	28780.0
0.0	25396.0
0.0	44179.0
0.0	25171.0
0.0	30533.0
1.0	65536.0
0.0	37024.0
0.0	29815.0
0.0	28865.0
0.0	28973.0
0.0	27790.0
0.0	31983.0
0.0	44672.0
0.0	27988.0
0.0	25554.0
0.0	25759.0
0.0	27356.0
0.0	26603.0
1.0	65536.0
0.0	39152.0
2.0	65536.0
0.0	25228.0
0.0	38648.0
0.0	30997.0
0.0	34893.0
0.0	27286.0
0.0	29426.0
0.0	24253.0
0.0	51288.0
0.0	30373.0
0.0	22338.0
0.0	26456.0
0.0	24467.0
0.0	35750.0
0.0	26770.0
0.0	50724.0
0.0	33212.0
1.0	65536.0
0.0	36096.0
0.0	24339.0
0.0	28643.0
0.0	25883.0
1.0	65536.0
0.0	30856.0
0.0	24455.0
0.0	50960.0
0.0	43113.0
0.0	23634.0
0.0	23102.0
0.0	34344.0
0.0	27581.0
0.0	34466.0
0.0	22834.0
0.0	23834.0
0.0	25386.0
0.0	28926.0
1.0	65536.0
0.0	35388.0
0.0	23735.0
0.0	24532.0
0.0	31704.0
0.0	24549.0
0.0	29682.0
0.0	28895.0
0.0	36055.0
0.0	26042.0
0.0	30409.0
0.0	27097.0
0.0	32215.0
0.0	30688.0
0.0	30597.0
0.0	46093.0
0.0	24576.0
0.0	27731.0
0.0	24642.0
0.0	22831.0
0.0	23243.0
0.0	24042.0
0.0	34130.0
1.0	65536.0
0.0	44992.0
0.0	29274.0
0.0	24897.0
0.0	55073.0
0.0	28641.0
0.0	32533.0
0.0	22307.0
0.0	25541.0
0.0	27737.0
0.0	38427.0
0.0	25171.0
0.0	27337.0
0.0	26772.0
1.0	65536.0
0.0	21955.0
0.0	30980.0
0.0	31578.0
0.0	25308.0
0.0	24783.0
0.0	56480.0
0.0	29396.0
1.0	65536.0
0.0	30429.0
0.0	25802.0
0.0	27465.0
0.0	26189.0
0.0	49137.0
0.0	22840.0
0.0	30398.0
0.0	35305.0
1.0	65536.0
0.0	27636.0
0.0	42659.0
0.0	39316.0
0.0	48183.0
0.0	21927.0
0.0	38629.0
0.0	24600.0
0.0	26901.0
0.0	31422.0
0.0	31381.0
0.0	26426.0
0.0	31199.0
0.0	29880.0
0.0	32803.0
0.0	22576.0
0.0	28741.0
0.0	43497.0
0.0	29199.0
0.0	26443.0
0.0	45568.0
0.0	27097.0
0.0	31938.0
0.0	22624.0
0.0	28030.0
0.0	22941.0
0.0	25282.0
0.0	28698.0
0.0	25782.0
0.0	27835.0
1.0	65536.0
0.0	28414.0
4.0	65536.0
0.0	31120.0
0.0	29533.0
0.0	26393.0
0.0	32103.0
0.0	26998.0
0.0	26061.0
0.0	39920.0
0.0	32798.0
0.0	21577.0
0.0	29506.0
0.0	29736.0
0.0	27580.0
0.0	28227.0
0.0	25224.0
0.0	32380.0
0.0	30265.0
1.0	65536.0
0.0	24296.0
0.0	26063.0
0.0	45046.0
2.0	65536.0
0.0	23140.0
0.0	33813.0
0.0	34579.0
0.0	34334.0
0.0	27374.0
0.0	36076.0
0.0	29066.0
0.0	24350.0
0.0	27248.0
0.0	31796.0
0.0	23726.0
0.0	29576.0
0.0	27789.0
0.0	33208.0
0.0	23133.0
0.0	25952.0
0.0	21521.0
0.0	23554.0
0.0	24868.0
0.0	24908.0
0.0	29359.0
1.0	65536.0
0.0	27273.0
0.0	26843.0
0.0	22569.0
0.0	22990.0
0.0	60122.0
0.0	32953.0
0.0	29825.0
0.0	26170.0
0.0	26705.0
1.0	65536.0
0.0	41355.0
0.0	28944.0
1.0	65536.0
0.0	29256.0
0.0	28063.0
0.0	24877.0
0.0	28102.0
0.0	40634.0
0.0	28671.0
1.0	65536.0
0.0	30529.0
0.0	29200.0
0.0	26829.0
0.0	33302.0
0.0	57164.0
0.0	31505.0
0.0	35503.0
0.0	24115.0
0.0	28434.0
0.0	25432.0
0.0	45594.0
0.0	21804.0
0.0	28063.0
0.0	36157.0
0.0	27363.0
0.0	28880.0
0.0	50924.0
0.0	30903.0
0.0	46082.0
0.0	31870.0
0.0	26492.0
0.0	32457.0
0.0	45557.0
0.0	22965.0
0.0	30982.0
0.0	25637.0
0.0	31939.0
0.0	27786.0
0.0	25114.0
0.0	29807.0
0.0	41611.0
0.0	38365.0
0.0	30499.0
0.0	27775.0
0.0	41302.0
0.0	30121.0
0.0	33680.0
0.0	57260.0
0.0	27793.0
0.0	33482.0
0.0	32718.0
0.0	30334.0
0.0	24682.0
0.0	49705.0
0.0	27135.0
0.0	40315.0
0.0	30273.0
0.0	30255.0
0.0	23351.0
0.0	52559.0
0.0	50611.0
0.0	21047.0
0.0	23802.0
0.0	21474.0
0.0	38748.0
0.0	41535.0
1.0	65536.0
0.0	25455.0
0.0	28407.0
0.0	27103.0
0.0	32797.0
1.0	65536.0
0.0	29825.0
0.0	41303.0
2.0	65536.0
0.0	52867.0
0.0	24290.0
0.0	39442.0
0.0	31502.0
0.0	25096.0
0.0	38037.0
0.0	25029.0
0.0	29846.0
1.0	65536.0
0.0	23880.0
0.0	35525.0
1.0	65536.0
0.0	43797.0
0.0	50227.0
0.0	23546.0
0.0	26349.0
0.0	24165.0
2.0	65536.0
0.0	26713.0
0.0	33037.0
0.0	28712.0
1.0	65536.0
0.0	40045.0
0.0	26918.0
0.0	26121.0
0.0	27592.0
0.0	25669.0
2.0	65536.0
0.0	29951.0
0.0	22964.0
0.0	25426.0
0.0	26383.0
0.0	32087.0
0.0	56292.0
0.0	26216.0
1.0	65536.0
0.0	47382.0
0.0	27062.0
0.0	30963.0
1.0	65536.0
0.0	25125.0
0.0	25110.0
0.0	31275.0
0.0	44856.0
0.0	22945.0
0.0	28891.0
0.0	23205.0
0.0	23375.0
0.0	40546.0
0.0	30727.0
0.0	43093.0
0.0	25287.0
0.0	30707.0
0.0	47678.0
1.0	65536.0
0.0	37684.0
0.0	28523.0
0.0	28940.0
0.0	27697.0
0.0	22362.0
0.0	58412.0
0.0	23952.0
0.0	23986.0
0.0	25377.0
0.0	27689.0
0.0	24071.0
0.0	39640.0
0.0	29450.0
0.0	33592.0
0.0	26341.0
0.0	28489.0
0.0	34034.0
0.0	30316.0
0.0	24856.0
0.0	26853.0
0.0	30354.0
0.0	26506.0
0.0	26118.0
0.0	33567.0
1.0	65536.0
0.0	27573.0
1.0	65536.0
0.0	24293.0
0.0	23904.0
0.0	22924.0
0.0	24206.0
0.0	33081.0
0.0	24505.0
0.0	23250.0
1.0	65536.0
0.0	45342.0
0.0	28991.0
0.0	22465.0
0.0	21952.0
1.0	65536.0
0.0	23773.0
2.0	65536.0
0.0	31704.0
0.0	23508.0
0.0	32472.0
0.0	27612.0
0.0	26103.0
0.0	36565.0
0.0	24203.0
0.0	26068.0
0.0	27782.0
2.0	65536.0
0.0	25026.0
0.0	23903.0
0.0	26747.0
1.0	65536.0
0.0	22034.0
0.0	28374.0
0.0	22879.0
0.0	50200.0
0.0	56500.0
0.0	64761.0
0.0	31863.0
0.0	30967.0
0.0	32380.0
0.0	25057.0
1.0	65536.0
0.0	26157.0
0.0	28322.0
0.0	30426.0
0.0	27685.0
0.0	26515.0
0.0	50532.0
0.0	24991.0
0.0	30432.0
0.0	31180.0
0.0	24416.0
0.0	22294.0
0.0	37114.0
0.0	22544.0
0.0	23670.0
0.0	23079.0
0.0	34304.0
0.0	24562.0
0.0	25138.0
0.0	27748.0
1.0	65536.0
0.0	23405.0
0.0	26205.0
0.0	24066.0
0.0	39468.0
0.0	28933.0
0.0	40489.0
0.0	22679.0
0.0	47138.0
0.0	24375.0
1.0	65536.0
0.0	25845.0
0.0	46138.0
0.0	30486.0
0.0	31131.0
0.0	25537.0
0.0	34978.0
0.0	33387.0
0.0	33918.0
0.0	39881.0
0.0	26419.0
0.0	24275.0
0.0	28739.0
0.0	28289.0
0.0	29532.0
0.0	27486.0
0.0	30738.0
0.0	23305.0
0.0	28491.0
0.0	27630.0
0.0	25797.0
0.0	41330.0
0.0	36634.0
0.0	38346.0
0.0	28974.0
0.0	31842.0
0.0	20322.0
0.0	39711.0
0.0	30458.0
0.0	26529.0
0.0	26178.0
0.0	22995.0
0.0	26755.0
2.0	65536.0
0.0	34316.0
1.0	65536.0
0.0	29831.0
0.0	31042.0
0.0	31024.0
0.0	27549.0
0.0	30677.0
0.0	23935.0
0.0	38412.0
0.0	29185.0
0.0	31120.0
1.0	65536.0
0.0	23594.0
0.0	24582.0
0.0	23001.0
0.0	28779.0
0.0	25362.0
0.0	26083.0
0.0	36080.0
0.0	53170.0
0.0	34728.0
0.0	23351.0
0.0	27535.0
0.0	28306.0
0.0	22451.0
0.0	31468.0
0.0	43452.0
0.0	26250.0
0.0	28528.0
0.0	28520.0
0.0	27563.0
0.0	29324.0
0.0	37249.0
0.0	38232.0
0.0	27357.0
0.0	52013.0
2.0	65536.0
0.0	26747.0
0.0	26193.0
0.0	31198.0
0.0	24600.0
0.0	33026.0
0.0	26195.0
0.0	34217.0
0.0	27722.0
0.0	60687.0
0.0	35294.0
0.0	33613.0
0.0	40010.0
0.0	22238.0
1.0	65536.0
0.0	26987.0
0.0	21420.0
0.0	27167.0
0.0	24738.0
1.0	65536.0
1.0	65536.0
0.0	64512.0
1.0	65536.0
0.0	26897.0
0.0	25179.0
0.0	28154.0
0.0	25473.0
0.0	24320.0
0.0	40302.0
0.0	36978.0
0.0	56031.0
0.0	29647.0
0.0	25289.0
0.0	23585.0
0.0	27682.0
0.0	22192.0
0.0	29094.0
0.0	23330.0
0.0	27714.0
0.0	31640.0
1.0	65536.0
0.0	30995.0
0.0	22755.0
1.0	65536.0
0.0	61621.0
0.0	30945.0
0.0	24719.0
0.0	28137.0
0.0	35822.0
0.0	29135.0
0.0	29734.0
0.0	35742.0
0.0	26801.0
0.0	24398.0
0.0	27245.0
0.0	21859.0
0.0	27015.0
0.0	23911.0
0.0	45106.0
0.0	61065.0
1.0	65536.0
0.0	53494.0
0.0	30363.0
0.0	32358.0
0.0	28605.0
0.0	44421.0
0.0	44347.0
0.0	32272.0
0.0	28072.0
0.0	25013.0
0.0	31947.0
1.0	65536.0
0.0	35670.0
0.0	25240.0
0.0	24998.0
0.0	29725.0
0.0	25975.0
0.0	29472.0
0.0	25142.0
0.0	34491.0
0.0	35193.0
0.0	27411.0
0.0	29183.0
0.0	25180.0
0.0	23126.0
0.0	29228.0
1.0	65536.0
0.0	27266.0
0.0	28433.0
0.0	27214.0
0.0	34479.0
0.0	26268.0
0.0	29971.0
0.0	34494.0
0.0	34467.0
0.0	53925.0
0.0	29967.0
0.0	32028.0
1.0	65536.0
0.0	44369.0
0.0	30512.0
0.0	26909.0
0.0	33836.0
1.0	65536.0
0.0	29572.0
0.0	27295.0
0.0	23753.0
0.0	27158.0
0.0	50958.0
0.0	26617.0
0.0	37029.0
0.0	56654.0
0.0	22243.0
0.0	22184.0
0.0	22586.0
0.0	23324.0
1.0	65536.0
0.0	23461.0
0.0	28969.0
0.0	28075.0
1.0	65536.0
0.0	23318.0
0.0	26308.0
0.0	25053.0
1.0	65536.0
0.0	22575.0
0.0	29254.0
0.0	22867.0
0.0	27838.0
1.0	65536.0
0.0	22643.0
0.0	25094.0
0.0	24956.0
0.0	23232.0
0.0	34985.0
0.0	34145.0
0.0	25012.0
0.0	23977.0
0.0	31248.0
0.0	41112.0
0.0	41196.0
0.0	27625.0
0.0	27718.0
0.0	26449.0
0.0	29120.0
0.0	32352.0
0.0	25742.0
0.0	25064.0
1.0	65536.0
1.0	65536.0
0.0	25103.0
1.0	65536.0
0.0	39403.0
0.0	27031.0
0.0	23837.0
0.0	41232.0
0.0	48615.0
0.0	31578.0
1.0	65536.0
0.0	29633.0
1.0	65536.0
1.0	65536.0
0.0	26357.0
0.0	27173.0
0.0	23003.0
0.0	29929.0
0.0	28012.0
0.0	33296.0
0.0	27406.0
0.0	30176.0
0.0	25055.0
0.0	25718.0
0.0	28288.0
0.0	34671.0
0.0	24967.0
0.0	21449.0
0.0	23468.0
0.0	30288.0
0.0	26796.0
0.0	24574.0
0.0	24168.0
0.0	22623.0
0.0	22485.0
0.0	34891.0
0.0	24408.0
0.0	34974.0
0.0	27758.0
0.0	58246.0
0.0	28557.0
0.0	40750.0
1.0	65536.0
0.0	29570.0
0.0	27879.0
0.0	33505.0
0.0	27797.0
0.0	33806.0
0.0	24732.0
0.0	23635.0
0.0	24462.0
0.0	27770.0
0.0	41899.0
0.0	36894.0
0.0	40978.0
0.0	26408.0
0.0	39930.0
0.0	31200.0
0.0	34309.0
0.0	32492.0
1.0	65536.0
0.0	33708.0
1.0	65536.0
0.0	22373.0
0.0	34683.0
0.0	29107.0
0.0	28540.0
0.0	37261.0
0.0	28630.0
0.0	24407.0
7.0	65536.0
0.0	23751.0
0.0	30383.0
0.0	22836.0
0.0	26491.0
0.0	25443.0
0.0	24714.0
1.0	65536.0
1.0	65536.0
0.0	27718.0
0.0	33184.0
0.0	50329.0
0.0	28958.0
0.0	22737.0
0.0	24263.0
0.0	29677.0
0.0	23738.0
0.0	30507.0
0.0	30865.0
0.0	38151.0
0.0	27866.0
0.0	40223.0
0.0	54153.0
1.0	65536.0
0.0	26913.0
0.0	26546.0
0.0	45686.0
0.0	25846.0
0.0	27210.0
1.0	65536.0
0.0	30861.0
0.0	38408.0
0.0	24794.0
1.0	65536.0
0.0	30532.0
0.0	28845.0
0.0	23923.0
0.0	22662.0
0.0	32911.0
1.0	65536.0
0.0	23336.0
0.0	25445.0
0.0	55301.0
0.0	27690.0
1.0	65536.0
0.0	29632.0
0.0	22560.0
0.0	22944.0
0.0	22818.0
0.0	26467.0
0.0	23605.0
0.0	34996.0
0.0	44091.0
0.0	31408.0
0.0	45167.0
0.0	26545.0
0.0	29332.0
0.0	54162.0
0.0	25226.0
0.0	38479.0
0.0	23565.0
1.0	65536.0
0.0	23588.0
0.0	24009.0
0.0	62762.0
1.0	65536.0
0.0	23348.0
0.0	34030.0
0.0	24031.0
0.0	25076.0
0.0	26552.0
0.0	33693.0
0.0	24291.0
1.0	65536.0
0.0	25520.0
0.0	26960.0
0.0	32050.0
0.0	26649.0
0.0	43830.0
0.0	26709.0
0.0	31012.0
0.0	35457.0
0.0	25440.0
0.0	32851.0
0.0	26008.0
0.0	23043.0
1.0	65536.0
0.0	35682.0
4.0	65536.0
0.0	22116.0
0.0	30098.0
0.0	28565.0
0.0	23530.0
0.0	39637.0
0.0	29579.0
0.0	25845.0
0.0	26487.0
0.0	36378.0
0.0	27564.0
0.0	29684.0
0.0	28884.0
0.0	29925.0
0.0	23893.0
0.0	28868.0
0.0	30128.0
0.0	31557.0
0.0	32297.0
0.0	33509.0
0.0	31478.0
0.0	28029.0
0.0	24669.0
0.0	25466.0
0.0	36525.0
0.0	24343.0
0.0	22667.0
1.0	65536.0
0.0	28207.0
1.0	65536.0
0.0	65032.0
0.0	24412.0
0.0	42742.0
0.0	28135.0
0.0	26105.0
0.0	45349.0
0.0	23720.0
0.0	21322.0
0.0	25627.0
0.0	42610.0
0.0	30762.0
0.0	22605.0
0.0	24025.0
0.0	38535.0
0.0	29180.0
0.0	28535.0
0.0	24781.0
0.0	25319.0
0.0	30123.0
0.0	23174.0
0.0	27007.0
0.0	22788.0
1.0	65536.0
1.0	65536.0
0.0	64904.0
0.0	24556.0
0.0	27230.0
0.0	23829.0
0.0	35439.0
0.0	31507.0
0.0	22593.0
0.0	26720.0
0.0	31643.0
0.0	26483.0
0.0	40282.0
0.0	33296.0
0.0	30762.0
0.0	27759.0
0.0	23252.0
0.0	29593.0
0.0	24802.0
0.0	28826.0
0.0	21711.0
0.0	37121.0
0.0	24963.0
0.0	23416.0
0.0	23228.0
0.0	48126.0
0.0	29513.0
0.0	27373.0
0.0	22066.0
0.0	58140.0
1.0	65536.0
1.0	65536.0
0.0	32931.0
0.0	25125.0
0.0	24817.0
0.0	26186.0
0.0	20984.0
3.0	65536.0
0.0	32697.0
0.0	65100.0
0.0	27585.0
0.0	37040.0
0.0	31353.0
0.0	26749.0
0.0	41396.0
0.0	29047.0
2.0	65536.0
1.0	65536.0
0.0	25551.0
0.0	48574.0
0.0	41293.0
0.0	61222.0
0.0	26864.0
0.0	27233.0
1.0	65536.0
0.0	23955.0
0.0	30533.0
0.0	55955.0
0.0	28063.0
0.0	30416.0
0.0	43254.0
0.0	63314.0
0.0	30902.0
0.0	30069.0
0.0	32431.0
0.0	25946.0
0.0	33236.0
0.0	29531.0
0.0	24372.0
1.0	65536.0
0.0	39007.0
0.0	31310.0
0.0	26963.0
0.0	25495.0
0.0	22186.0
0.0	26901.0
0.0	29808.0
0.0	62766.0
0.0	28127.0
0.0	43616.0
0.0	27053.0
0.0	29125.0
0.0	25447.0
0.0	31755.0
0.0	28691.0
0.0	29262.0
0.0	26727.0
0.0	28812.0
0.0	25525.0
0.0	32717.0
0.0	23529.0
0.0	21276.0
1.0	65536.0
0.0	29511.0
0.0	25108.0
0.0	25698.0
0.0	27556.0
1.0	65536.0
0.0	23932.0
1.0	65536.0
0.0	26825.0
0.0	22076.0
0.0	28099.0
0.0	34161.0
0.0	30085.0
2.0	65536.0
0.0	27123.0
0.0	30497.0
1.0	65536.0
0.0	21980.0
0.0	32210.0
0.0	23954.0
0.0	39275.0
0.0	26005.0
0.0	25046.0
0.0	28602.0
0.0	25499.0
0.0	54816.0
1.0	65536.0
0.0	25897.0
0.0	26497.0
1.0	65536.0
0.0	30504.0
0.0	26024.0
0.0	36903.0
0.0	24915.0
0.0	40488.0
0.0	41399.0
0.0	31864.0
0.0	29851.0
0.0	25792.0
0.0	25210.0
0.0	46228.0
1.0	65536.0
0.0	26390.0
0.0	33857.0
0.0	31148.0
0.0	41714.0
0.0	36519.0
0.0	24976.0
2.0	65536.0
0.0	24933.0
2.0	65536.0
0.0	29538.0
0.0	57839.0
0.0	36944.0
2.0	65536.0
0.0	35933.0
0.0	27360.0
0.0	33659.0
0.0	24282.0
0.0	26635.0
0.0	30348.0
0.0	32097.0
0.0	26485.0
0.0	23258.0
0.0	38747.0
0.0	33632.0
0.0	22189.0
0.0	26352.0
0.0	29267.0
0.0	26776.0
0.0	27256.0
1.0	65536.0
0.0	33370.0
0.0	25921.0
0.0	35333.0
0.0	23461.0
0.0	33058.0
0.0	43556.0
0.0	31760.0
0.0	26448.0
1.0	65536.0
0.0	26282.0
0.0	26157.0
0.0	35160.0
0.0	23267.0
0.0	25969.0
1.0	65536.0
0.0	24668.0
0.0	29553.0
0.0	24816.0
1.0	65536.0
0.0	31625.0
0.0	25894.0
0.0	25780.0
0.0	21564.0
0.0	28299.0
0.0	33886.0
0.0	29982.0
1.0	65536.0
0.0	23412.0
0.0	25750.0
0.0	26787.0
0.0	23530.0
0.0	29137.0
0.0	26636.0
0.0	24927.0
0.0	26895.0
3.0	65536.0
0.0	24457.0
0.0	21425.0
0.0	29721.0
0.0	25347.0
0.0	40730.0
1.0	65536.0
0.0	26003.0
0.0	41029.0
0.0	27728.0
0.0	35230.0
0.0	24639.0
0.0	28720.0
0.0	32355.0
0.0	22921.0
0.0	36004.0
0.0	30692.0
0.0	29660.0
0.0	45847.0
0.0	28917.0
0.0	32772.0
0.0	51119.0
0.0	23443.0
0.0	29975.0
2.0	65536.0
0.0	25119.0
0.0	25686.0
0.0	22626.0
1.0	65536.0
0.0	30758.0
0.0	46690.0
0.0	24666.0
0.0	33308.0
0.0	26045.0
0.0	30154.0
0.0	35800.0
0.0	30931.0
0.0	25305.0
0.0	25590.0
0.0	27655.0
0.0	39870.0
0.0	31804.0
0.0	33093.0
0.0	23100.0
0.0	33023.0
0.0	22860.0
0.0	25361.0
0.0	27134.0
0.0	27064.0
0.0	25147.0
0.0	31307.0
1.0	65536.0
0.0	32508.0
0.0	45903.0
1.0	65536.0
0.0	39184.0
0.0	47878.0
0.0	28276.0
0.0	26474.0
0.0	43435.0
0.0	48923.0
0.0	22128.0
0.0	21656.0
0.0	31904.0
0.0	33469.0
1.0	65536.0
0.0	35703.0
0.0	26237.0
0.0	25281.0
0.0	21871.0
0.0	29493.0
0.0	21018.0
0.0	28237.0
0.0	42284.0
0.0	22729.0
0.0	24680.0
0.0	30737.0
0.0	27495.0
0.0	31616.0
0.0	39047.0
0.0	32670.0
0.0	27760.0
0.0	25441.0
0.0	26232.0
0.0	27823.0
0.0	29933.0
0.0	31758.0
0.0	28378.0
0.0	23690.0
0.0	32735.0
0.0	23237.0
0.0	26965.0
0.0	21568.0
0.0	45280.0
0.0	25415.0
0.0	19471.0
0.0	27318.0
0.0	27140.0
0.0	30217.0
0.0	28283.0
0.0	24608.0
0.0	26220.0
0.0	22755.0
0.0	26953.0
0.0	32862.0
0.0	29679.0
0.0	23331.0
2.0	65536.0
0.0	28151.0
0.0	23368.0
0.0	47284.0
0.0	32794.0
0.0	25419.0
0.0	24226.0
0.0	25286.0
0.0	27545.0
0.0	22286.0
0.0	25571.0
0.0	24433.0
0.0	28787.0
0.0	31101.0
0.0	31281.0
0.0	33266.0
0.0	32183.0
0.0	24097.0
0.0	23384.0
0.0	21214.0
0.0	31030.0
0.0	35066.0
0.0	28252.0
1.0	65536.0
1.0	65536.0
0.0	49740.0
0.0	22837.0
0.0	29332.0
0.0	21175.0
0.0	26493.0
0.0	23644.0
0.0	24872.0
0.0	24970.0
0.0	46979.0
0.0	24650.0
0.0	26859.0
0.0	25532.0
0.0	34209.0
0.0	44530.0
0.0	32365.0
0.0	32525.0
0.0	22581.0
0.0	34095.0
0.0	33890.0
0.0	38072.0
0.0	28185.0
0.0	38670.0
0.0	34317.0
1.0	65536.0
0.0	34939.0
0.0	34489.0
0.0	27956.0
0.0	49834.0
0.0	25029.0
0.0	38436.0
0.0	26602.0
0.0	32092.0
0.0	35553.0
0.0	30478.0
0.0	24345.0
0.0	27083.0
0.0	22210.0
0.0	24160.0
0.0	29623.0
0.0	40221.0
0.0	24814.0
0.0	34917.0
0.0	30076.0
0.0	31258.0
0.0	23304.0
0.0	29069.0
0.0	23583.0
0.0	25719.0
0.0	30806.0
1.0	65536.0
1.0	65536.0
0.0	28065.0
0.0	30199.0
0.0	22096.0
0.0	26258.0
0.0	41596.0
0.0	58946.0
0.0	22378.0
0.0	26611.0
0.0	26564.0
0.0	31900.0
0.0	25652.0
0.0	25913.0
0.0	23947.0
0.0	39038.0
0.0	25258.0
0.0	21968.0
0.0	35887.0
0.0	34457.0
2.0	65536.0
0.0	37954.0
0.0	28016.0
0.0	23521.0
0.0	25664.0
0.0	25869.0
0.0	25656.0
0.0	25678.0
0.0	29823.0
0.0	38922.0
0.0	30067.0
0.0	28303.0
0.0	23450.0
0.0	25018.0
0.0	26858.0
0.0	26973.0
0.0	26696.0
0.0	24780.0
0.0	32259.0
0.0	27503.0
0.0	27330.0
0.0	28764.0
0.0	60054.0
0.0	24542.0
0.0	30144.0
0.0	26506.0
0.0	58817.0
0.0	27296.0
0.0	29626.0
0.0	30187.0
1.0	65536.0
1.0	65536.0
0.0	21386.0
0.0	25876.0
0.0	62119.0
0.0	41523.0
0.0	26305.0
0.0	38479.0
0.0	28017.0
0.0	32699.0
0.0	31934.0
1.0	65536.0
0.0	21377.0
0.0	49497.0
0.0	26233.0
0.0	27249.0
0.0	40883.0
0.0	32960.0
0.0	23158.0
0.0	35677.0
0.0	29633.0
0.0	29178.0
1.0	65536.0
0.0	31380.0
0.0	59889.0
0.0	30629.0
0.0	23138.0
0.0	20855.0
0.0	22258.0
0.0	27473.0
1.0	65536.0
1.0	65536.0
0.0	23068.0
0.0	33732.0
0.0	27675.0
0.0	26200.0
0.0	23294.0
0.0	23890.0
0.0	32579.0
0.0	23613.0
0.0	26696.0
0.0	31816.0
0.0	25040.0
0.0	23210.0
0.0	21386.0
0.0	31283.0
0.0	21679.0
0.0	25889.0
0.0	23297.0
0.0	24355.0
0.0	22552.0
0.0	54866.0
0.0	25367.0
0.0	24179.0
0.0	38873.0
0.0	25791.0
0.0	33694.0
0.0	43881.0
1.0	65536.0
0.0	25691.0
0.0	29882.0
0.0	25848.0
0.0	34670.0
0.0	31406.0
1.0	65536.0
0.0	28520.0
0.0	24237.0
0.0	48580.0
0.0	26340.0
1.0	65536.0
0.0	23395.0
0.0	30302.0
0.0	23629.0
1.0	65536.0
0.0	24307.0
0.0	29611.0
0.0	39600.0
0.0	23087.0
0.0	27209.0
0.0	29277.0
0.0	27064.0
0.0	31359.0
0.0	23434.0
0.0	23490.0
0.0	25365.0
0.0	32008.0
0.0	33586.0
0.0	26947.0
0.0	31223.0
0.0	26509.0
0.0	32209.0
0.0	28950.0
0.0	30889.0
0.0	38144.0
0.0	27720.0
0.0	28615.0
0.0	24491.0
0.0	24592.0
0.0	27005.0
0.0	24883.0
0.0	27709.0
0.0	37260.0
0.0	32848.0
0.0	54393.0
0.0	65057.0
0.0	30865.0
0.0	21849.0
0.0	26613.0
0.0	24458.0
0.0	35227.0
0.0	25396.0
0.0	23491.0
0.0	27759.0
0.0	42547.0
0.0	29205.0
0.0	27648.0
0.0	23436.0
0.0	34203.0
0.0	23520.0
0.0	28664.0
0.0	32629.0
0.0	23379.0
0.0	35853.0
0.0	24231.0
0.0	24069.0
0.0	32542.0
0.0	41138.0
0.0	36617.0
0.0	33667.0
0.0	23401.0
0.0	23690.0
0.0	36181.0
0.0	35670.0
1.0	65536.0
0.0	48669.0
0.0	33787.0
0.0	26518.0
0.0	27873.0
0.0	27608.0
0.0	30952.0
0.0	65303.0
0.0	27934.0
0.0	25718.0
0.0	27409.0
0.0	41803.0
0.0	28400.0
0.0	54232.0
0.0	28563.0
0.0	30794.0
1.0	65536.0
0.0	20413.0
0.0	24507.0
0.0	32996.0
0.0	24992.0
0.0	29185.0
0.0	29800.0
0.0	50133.0
0.0	33717.0
0.0	23495.0
0.0	37137.0
0.0	22916.0
0.0	29410.0
0.0	54958.0
0.0	30435.0
0.0	26040.0
0.0	22615.0
0.0	23374.0
0.0	32147.0
1.0	65536.0
0.0	31731.0
0.0	33336.0
0.0	24925.0
0.0	54391.0
0.0	27781.0
0.0	49876.0
0.0	24842.0
0.0	35550.0
0.0	26024.0
0.0	31207.0
0.0	24066.0
0.0	23839.0
0.0	25011.0
0.0	61464.0
0.0	26443.0
0.0	43592.0
0.0	28985.0
0.0	32726.0
0.0	46844.0
0.0	52614.0
0.0	27558.0
0.0	24663.0
0.0	51649.0
0.0	27381.0
0.0	43788.0
0.0	50066.0
0.0	30036.0
0.0	27046.0
0.0	23263.0
0.0	29016.0
0.0	24935.0
0.0	24773.0
0.0	24664.0
0.0	30857.0
0.0	30784.0
0.0	26775.0
0.0	57527.0
0.0	65519.0
1.0	65536.0
0.0	27585.0
0.0	25379.0
0.0	27202.0
1.0	65536.0
0.0	34434.0
0.0	36632.0
0.0	34883.0
0.0	25173.0
2.0	65536.0
0.0	38441.0
0.0	42962.0
0.0	48046.0
0.0	51645.0
0.0	24162.0
0.0	24338.0
0.0	31360.0
1.0	65536.0
0.0	30330.0
0.0	26472.0
0.0	23468.0
0.0	28539.0
0.0	29662.0
0.0	25196.0
0.0	52259.0
0.0	35908.0
0.0	26331.0
0.0	22277.0
0.0	30037.0
0.0	26959.0
1.0	65536.0
0.0	28845.0
0.0	21432.0
0.0	26389.0
0.0	38832.0
0.0	25492.0
0.0	24266.0
0.0	20819.0
0.0	26841.0
0.0	28740.0
0.0	30158.0
0.0	31183.0
0.0	35279.0
0.0	29771.0
0.0	26029.0
1.0	65536.0
0.0	35794.0
0.0	22940.0
0.0	27662.0
0.0	35347.0
0.0	25268.0
0.0	23019.0
0.0	24568.0
0.0	22873.0
0.0	35777.0
0.0	41829.0
0.0	28879.0
0.0	25894.0
0.0	34924.0
0.0	36029.0
0.0	28888.0
0.0	26797.0
0.0	37369.0
0.0	35473.0
0.0	23027.0
0.0	38158.0
0.0	35645.0
0.0	26878.0
1.0	65536.0
0.0	28195.0
0.0	23669.0
0.0	22717.0
0.0	49742.0
0.0	40161.0
0.0	23011.0
0.0	25934.0
0.0	36103.0
0.0	26026.0
0.0	28629.0
0.0	30930.0
0.0	45950.0
0.0	30316.0
0.0	23858.0
0.0	27791.0
0.0	27864.0
0.0	23239.0
1.0	65536.0
0.0	26567.0
0.0	26814.0
0.0	31384.0
0.0	24953.0
0.0	29088.0
0.0	31506.0
0.0	39109.0
0.0	27365.0
0.0	31633.0
0.0	29313.0
0.0	24356.0
0.0	22388.0
0.0	25683.0
0.0	25529.0
0.0	36956.0
0.0	24529.0
0.0	26739.0
2.0	65536.0
0.0	26477.0
0.0	39718.0
0.0	30575.0
0.0	45185.0
0.0	41878.0
0.0	23020.0
0.0	55347.0
0.0	39821.0
0.0	27465.0
0.0	27159.0
0.0	31120.0
0.0	28956.0
0.0	38011.0
0.0	23855.0
0.0	29272.0
0.0	23005.0
0.0	56147.0
0.0	24164.0
0.0	23120.0
0.0	55778.0
0.0	38501.0
0.0	32622.0
0.0	62177.0
0.0	26784.0
0.0	29771.0
0.0	24587.0
1.0	65536.0
0.0	33142.0
0.0	26851.0
0.0	28903.0
0.0	26804.0
0.0	25381.0
0.0	39654.0
0.0	26886.0
0.0	32193.0
0.0	24916.0
0.0	30450.0
0.0	29338.0
0.0	28340.0
0.0	35186.0
0.0	24758.0
0.0	27355.0
0.0	25719.0
0.0	25593.0
0.0	25232.0
0.0	28708.0
0.0	51397.0
0.0	24294.0
0.0	26321.0
1.0	65536.0
2.0	65536.0
0.0	34760.0
0.0	26825.0
1.0	65536.0
0.0	30003.0
0.0	34309.0
0.0	28549.0
0.0	25220.0
0.0	33761.0
0.0	26172.0
0.0	24150.0
0.0	28352.0
0.0	24475.0
0.0	59291.0
0.0	26797.0
0.0	45128.0
0.0	35732.0
1.0	65536.0
0.0	43689.0
0.0	27896.0
1.0	65536.0
0.0	36975.0
1.0	65536.0
0.0	21906.0
0.0	27510.0
0.0	49357.0
0.0	23165.0
0.0	28656.0
0.0	47987.0
0.0	29991.0
0.0	30047.0
0.0	25753.0
0.0	27141.0
0.0	43041.0
0.0	30340.0
0.0	38638.0
0.0	28608.0
0.0	47316.0
0.0	21067.0
0.0	30630.0
0.0	22358.0
0.0	29002.0
0.0	32564.0
0.0	21013.0
0.0	31998.0
0.0	36086.0
0.0	22635.0
0.0	28411.0
0.0	61873.0
0.0	48705.0
0.0	43519.0
0.0	35516.0
0.0	23535.0
0.0	28622.0
2.0	65536.0
0.0	41394.0
1.0	65536.0
0.0	32140.0
0.0	44209.0
1.0	65536.0
0.0	25407.0
0.0	22847.0
0.0	39452.0
0.0	30954.0
0.0	24959.0
0.0	21967.0
0.0	38334.0
0.0	23748.0
0.0	41940.0
0.0	26605.0
1.0	65536.0
0.0	30819.0
0.0	50122.0
0.0	23393.0
0.0	28602.0
1.0	65536.0
0.0	26056.0
0.0	22081.0
0.0	26551.0
1.0	65536.0
0.0	30269.0
0.0	49774.0
0.0	27395.0
3.0	65536.0
0.0	30517.0
0.0	23997.0
0.0	27536.0
0.0	25042.0
0.0	25388.0
0.0	23793.0
0.0	40863.0
1.0	65536.0
1.0	65536.0
0.0	23326.0
0.0	26074.0
0.0	29698.0
1.0	65536.0
0.0	34192.0
0.0	28921.0
0.0	43830.0
0.0	26877.0
1.0	65536.0
0.0	28746.0
1.0	65536.0
0.0	27459.0
0.0	22017.0
0.0	25647.0
0.0	22741.0
0.0	24223.0
0.0	33894.0
0.0	49244.0
0.0	27272.0
0.0	23087.0
0.0	36740.0
0.0	25290.0
0.0	30374.0
0.0	32258.0
0.0	25085.0
0.0	24858.0
0.0	33418.0
0.0	23625.0
0.0	23638.0
0.0	30994.0
0.0	37555.0
0.0	27832.0
0.0	30991.0
0.0	33510.0
0.0	38738.0
0.0	23830.0
0.0	27043.0
0.0	27928.0
0.0	47517.0
0.0	38576.0
0.0	22865.0
0.0	24111.0
0.0	30198.0
0.0	22817.0
0.0	23876.0
0.0	28943.0
0.0	26450.0
0.0	27923.0
0.0	25939.0
0.0	54671.0
0.0	26492.0
0.0	37618.0
0.0	23150.0
0.0	35992.0
0.0	30921.0
0.0	31223.0
0.0	27886.0
1.0	65536.0
0.0	26451.0
0.0	21618.0
0.0	23235.0
0.0	23547.0
0.0	27194.0
1.0	65536.0
0.0	20839.0
0.0	22625.0
0.0	24016.0
0.0	62675.0
0.0	32979.0
0.0	30615.0
0.0	42793.0
0.0	23332.0
0.0	25852.0
0.0	25177.0
0.0	36310.0
0.0	22878.0
0.0	30418.0
0.0	28417.0
0.0	23538.0
0.0	57316.0
1.0	65536.0
0.0	31122.0
0.0	27301.0
1.0	65536.0
1.0	65536.0
0.0	29989.0
0.0	22562.0
0.0	32137.0
0.0	43392.0
0.0	32421.0
0.0	33581.0
0.0	24142.0
0.0	64726.0
0.0	36722.0
0.0	33495.0
1.0	65536.0
0.0	26285.0
1.0	65536.0
0.0	29733.0
0.0	27018.0
0.0	22424.0
1.0	65536.0
0.0	31835.0
0.0	55790.0
0.0	26407.0
0.0	25239.0
0.0	25154.0
0.0	25341.0
0.0	43239.0
0.0	24167.0
0.0	31006.0
0.0	37319.0
0.0	26386.0
0.0	23901.0
0.0	28000.0
0.0	28174.0
0.0	27651.0
0.0	64891.0
0.0	31330.0
0.0	26297.0
0.0	36976.0
0.0	26010.0
0.0	24273.0
0.0	28460.0
0.0	28214.0
0.0	24747.0
0.0	29722.0
0.0	27310.0
0.0	27109.0
0.0	44994.0
0.0	31788.0
0.0	29068.0
1.0	65536.0
0.0	34662.0
0.0	22968.0
3.0	65536.0
0.0	29921.0
0.0	36341.0
0.0	33801.0
0.0	23176.0
0.0	29107.0
0.0	29609.0
0.0	26221.0
0.0	26594.0
0.0	31015.0
1.0	65536.0
0.0	24379.0
0.0	23479.0
0.0	37448.0
0.0	24935.0
0.0	30028.0
0.0	30635.0
0.0	31128.0
0.0	23757.0
0.0	32092.0
0.0	24865.0
0.0	25543.0
1.0	65536.0
0.0	23502.0
0.0	27150.0
0.0	48050.0
0.0	28028.0
0.0	26987.0
0.0	25583.0
0.0	28528.0
0.0	29899.0
0.0	24051.0
0.0	21809.0
0.0	23738.0
0.0	36153.0
0.0	27233.0
0.0	33315.0
2.0	65536.0
0.0	37795.0
0.0	58195.0
0.0	45195.0
0.0	26968.0
0.0	25240.0
0.0	28023.0
0.0	27109.0
0.0	28010.0
0.0	48587.0
0.0	24302.0
0.0	22837.0
1.0	65536.0
0.0	38798.0
0.0	61456.0
0.0	29526.0
0.0	43809.0
0.0	28719.0
0.0	34033.0
0.0	26408.0
0.0	25806.0
0.0	22241.0
0.0	31196.0
0.0	27166.0
0.0	34695.0
0.0	38254.0
0.0	26530.0
0.0	29608.0
0.0	52981.0
0.0	33691.0
0.0	35236.0
0.0	51947.0
0.0	43084.0
1.0	65536.0
0.0	27870.0
1.0	65536.0
0.0	61692.0
0.0	30082.0
0.0	48454.0
0.0	26323.0
0.0	22472.0
0.0	31443.0
0.0	29652.0
0.0	62342.0
0.0	28484.0
0.0	56370.0
0.0	30620.0
0.0	25431.0
0.0	33073.0
0.0	34952.0
0.0	38124.0
0.0	24896.0
0.0	22426.0
0.0	31456.0
0.0	22374.0
0.0	24413.0
0.0	21925.0
0.0	36025.0
0.0	26437.0
0.0	41319.0
0.0	23711.0
0.0	30598.0
0.0	22739.0
0.0	24935.0
0.0	30201.0
0.0	27241.0
0.0	41323.0
0.0	30247.0
0.0	22841.0
0.0	20558.0
0.0	31129.0
0.0	42029.0
1.0	65536.0
0.0	33077.0
0.0	30875.0
0.0	25166.0
0.0	25960.0
0.0	26251.0
0.0	29613.0
0.0	30219.0
0.0	27614.0
0.0	21060.0
0.0	31549.0
0.0	25192.0
0.0	29124.0
0.0	24666.0
0.0	27526.0
0.0	52164.0
0.0	38238.0
0.0	33082.0
0.0	23454.0
0.0	33367.0
0.0	34829.0
0.0	28158.0
0.0	31680.0
0.0	24194.0
0.0	64935.0
1.0	65536.0
0.0	41756.0
0.0	25120.0
0.0	23725.0
0.0	29824.0
0.0	25789.0
0.0	27181.0
0.0	32988.0
0.0	26019.0
0.0	39591.0
0.0	26319.0
0.0	24755.0
0.0	32547.0
0.0	32571.0
0.0	32951.0
0.0	35559.0
0.0	35943.0
0.0	30577.0
0.0	22192.0
0.0	22476.0
0.0	33969.0
0.0	24758.0
0.0	24426.0
0.0	35757.0
0.0	26740.0
0.0	26024.0
0.0	29857.0
0.0	24724.0
0.0	30529.0
0.0	26815.0
0.0	47212.0
0.0	27145.0
1.0	65536.0
0.0	26275.0
0.0	23781.0
0.0	35488.0
0.0	30598.0
1.0	65536.0
0.0	22504.0
0.0	25570.0
0.0	47810.0
0.0	23016.0
0.0	25589.0
0.0	25015.0
0.0	24297.0
0.0	53118.0
0.0	25977.0
0.0	35160.0
0.0	61786.0
0.0	26529.0
1.0	65536.0
0.0	31042.0
0.0	33725.0
0.0	25604.0
0.0	25122.0
0.0	29137.0
0.0	38420.0
0.0	25619.0
0.0	27110.0
0.0	22345.0
0.0	24795.0
0.0	46544.0
0.0	24007.0
0.0	25979.0
0.0	25136.0
0.0	26040.0
0.0	23855.0
0.0	26718.0
0.0	23104.0
0.0	42894.0
0.0	29211.0
0.0	25116.0
0.0	25336.0
0.0	28555.0
0.0	48105.0
0.0	27485.0
0.0	23191.0
2.0	65536.0
0.0	24798.0
0.0	27899.0
0.0	26027.0
0.0	27708.0
2.0	65536.0
0.0	23799.0
0.0	29087.0
0.0	23235.0
0.0	23389.0
0.0	27298.0
0.0	36072.0
0.0	26693.0
0.0	48444.0
1.0	65536.0
0.0	30087.0
0.0	23417.0
0.0	29253.0
0.0	30377.0
0.0	56754.0
2.0	65536.0
0.0	46965.0
0.0	34456.0
0.0	25227.0
0.0	24564.0
0.0	24957.0
0.0	36171.0
0.0	21170.0
1.0	65536.0
0.0	39958.0
0.0	24086.0
0.0	32463.0
0.0	28386.0
0.0	53601.0
0.0	25993.0
0.0	23398.0
0.0	41528.0
0.0	21441.0
0.0	25697.0
1.0	65536.0
0.0	23570.0
0.0	35026.0
0.0	29944.0
0.0	25163.0
0.0	27584.0
0.0	33235.0
0.0	38408.0
0.0	37463.0
0.0	26227.0
0.0	39517.0
0.0	23058.0
0.0	29137.0
0.0	27232.0
0.0	32625.0
0.0	30695.0
0.0	28173.0
0.0	23547.0
0.0	26186.0
1.0	65536.0
0.0	34803.0
0.0	32532.0
0.0	46320.0
0.0	21993.0
0.0	30684.0
1.0	65536.0
0.0	26092.0
0.0	31674.0
0.0	23584.0
0.0	24347.0
0.0	21931.0
0.0	34888.0
0.0	28631.0
0.0	24434.0
0.0	27800.0
0.0	43027.0
0.0	45527.0
0.0	63039.0
1.0	65536.0
0.0	32032.0
0.0	32659.0
0.0	29928.0
0.0	27889.0
0.0	28044.0
0.0	35306.0
0.0	62778.0
0.0	27791.0
0.0	25838.0
0.0	24430.0
0.0	34529.0
0.0	26727.0
0.0	25735.0
0.0	24684.0
0.0	22949.0
0.0	28767.0
0.0	26308.0
0.0	42023.0
0.0	32920.0
0.0	27331.0
0.0	30207.0
0.0	25362.0
0.0	28712.0
0.0	31804.0
0.0	23120.0
0.0	30242.0
0.0	27595.0
0.0	44416.0
0.0	38452.0
0.0	31268.0
0.0	31675.0
0.0	25258.0
0.0	27207.0
0.0	23838.0
1.0	65536.0
0.0	31543.0
1.0	65536.0
0.0	34378.0
0.0	25120.0
0.0	27043.0
1.0	65536.0
0.0	26737.0
0.0	27817.0
0.0	28821.0
0.0	30857.0
0.0	25656.0
0.0	52088.0
0.0	48449.0
0.0	62195.0
0.0	29844.0
1.0	65536.0
0.0	31970.0
0.0	27876.0
0.0	34295.0
0.0	28830.0
0.0	24839.0
1.0	65536.0
0.0	24800.0
0.0	25632.0
1.0	65536.0
0.0	57120.0
0.0	26957.0
0.0	24669.0
0.0	24021.0
0.0	24869.0
0.0	32723.0
0.0	30839.0
0.0	27524.0
0.0	28814.0
0.0	28885.0
0.0	30077.0
0.0	24356.0
1.0	65536.0
0.0	23875.0
0.0	32827.0
0.0	27567.0
0.0	26857.0
0.0	24492.0
1.0	65536.0
0.0	25678.0
0.0	23233.0
0.0	49444.0
0.0	25269.0
0.0	47183.0
0.0	52412.0
0.0	31464.0
1.0	65536.0
0.0	35417.0
0.0	27186.0
0.0	30208.0
0.0	26111.0
0.0	29959.0
0.0	24396.0
0.0	26247.0
0.0	27475.0
1.0	65536.0
0.0	33348.0
0.0	35934.0
0.0	30541.0
0.0	24345.0
0.0	27759.0
0.0	28349.0
0.0	26645.0
2.0	65536.0
0.0	23966.0
0.0	35020.0
0.0	27986.0
0.0	39338.0
0.0	34501.0
0.0	47708.0
0.0	20748.0
0.0	33335.0
0.0	42490.0
0.0	30240.0
0.0	63301.0
0.0	25888.0
1.0	65536.0
0.0	33998.0
0.0	33454.0
0.0	26495.0
0.0	28001.0
0.0	29083.0
0.0	50145.0
0.0	26451.0
0.0	48094.0
0.0	24861.0
0.0	24926.0
0.0	26131.0
0.0	25861.0
0.0	35390.0
0.0	37486.0
0.0	40231.0
0.0	27557.0
0.0	22846.0
0.0	29228.0
0.0	33765.0
0.0	45193.0
0.0	30933.0
0.0	21484.0
0.0	33903.0
0.0	43373.0
0.0	33086.0
0.0	36291.0
0.0	39864.0
0.0	28321.0
0.0	22486.0
0.0	27278.0
0.0	50143.0
0.0	28456.0
0.0	25261.0
0.0	39948.0
0.0	37142.0
0.0	26036.0
0.0	30356.0
0.0	34164.0
0.0	25322.0
1.0	65536.0
0.0	23344.0
0.0	33008.0
0.0	24814.0
0.0	62815.0
0.0	25542.0
0.0	40162.0
0.0	34585.0
0.0	28669.0
1.0	65536.0
0.0	33622.0
1.0	65536.0
0.0	55046.0
0.0	31873.0
0.0	40965.0
0.0	26458.0
0.0	34792.0
1.0	65536.0
0.0	42550.0
0.0	23202.0
0.0	22791.0
0.0	40904.0
0.0	24422.0
0.0	30970.0
0.0	23137.0
0.0	35007.0
0.0	19995.0
0.0	29564.0
0.0	38808.0
0.0	23776.0
0.0	37747.0
1.0	65536.0
0.0	23891.0
0.0	20090.0
0.0	31896.0
0.0	33019.0
0.0	31009.0
0.0	29598.0
0.0	27191.0
0.0	28456.0
1.0	65536.0
0.0	27105.0
2.0	65536.0
0.0	28238.0
0.0	27506.0
0.0	31958.0
0.0	23285.0
0.0	34004.0
0.0	28133.0
0.0	27268.0
0.0	62370.0
0.0	24019.0
0.0	29668.0
0.0	46393.0
1.0	65536.0
0.0	35242.0
0.0	39532.0
0.0	27142.0
1.0	65536.0
0.0	31405.0
0.0	23014.0
0.0	29859.0
0.0	21576.0
2.0	65536.0
0.0	27662.0
0.0	39972.0
0.0	27867.0
0.0	34990.0
0.0	34523.0
0.0	29407.0
0.0	32073.0
0.0	46975.0
0.0	26679.0
0.0	26388.0
0.0	59060.0
0.0	27872.0
0.0	24867.0
0.0	30381.0
0.0	22909.0
0.0	24246.0
0.0	31590.0
0.0	45354.0
0.0	27826.0
0.0	26112.0
0.0	21595.0
0.0	38196.0
0.0	30683.0
0.0	27126.0
1.0	65536.0
0.0	23367.0
1.0	65536.0
0.0	37327.0
0.0	37713.0
0.0	22391.0
0.0	42038.0
0.0	30893.0
0.0	28674.0
0.0	35436.0
1.0	65536.0
0.0	30302.0
0.0	37263.0
0.0	64021.0
0.0	49002.0
0.0	22072.0
0.0	33096.0
0.0	22135.0
1.0	65536.0
0.0	45073.0
0.0	34922.0
0.0	25239.0
0.0	30897.0
0.0	29171.0
0.0	26660.0
0.0	23197.0
0.0	31722.0
1.0	65536.0
0.0	27924.0
0.0	26395.0
0.0	35392.0
0.0	21924.0
0.0	38914.0
0.0	25746.0
0.0	27321.0
0.0	25485.0
0.0	54684.0
1.0	65536.0
0.0	28950.0
0.0	40698.0
0.0	53339.0
0.0	25608.0
0.0	25430.0
0.0	25242.0
0.0	26335.0
0.0	24499.0
0.0	28955.0
1.0	65536.0
1.0	65536.0
0.0	23050.0
0.0	35234.0
0.0	22659.0
0.0	46800.0
0.0	27952.0
0.0	39283.0
0.0	35651.0
0.0	39202.0
0.0	27047.0
0.0	23851.0
1.0	65536.0
0.0	24994.0
0.0	24479.0
0.0	28852.0
0.0	23711.0
0.0	24098.0
0.0	25318.0
0.0	25416.0
0.0	29227.0
0.0	34058.0
0.0	26154.0
2.0	65536.0
0.0	27036.0
0.0	26219.0
0.0	29712.0
2.0	65536.0
0.0	28160.0
0.0	24033.0
0.0	33166.0
1.0	65536.0
0.0	26160.0
0.0	26067.0
0.0	24106.0
0.0	23974.0
0.0	21419.0
1.0	65536.0
0.0	33729.0
0.0	27834.0
0.0	33356.0
0.0	25601.0
0.0	24754.0
0.0	59206.0
0.0	26929.0
0.0	25738.0
0.0	30601.0
0.0	21482.0
0.0	27928.0
0.0	28068.0
0.0	26391.0
0.0	27266.0
0.0	26850.0
0.0	24948.0
0.0	28476.0
0.0	45261.0
0.0	31253.0
0.0	23524.0
1.0	65536.0
0.0	24105.0
0.0	28689.0
1.0	65536.0
0.0	34781.0
0.0	28534.0
0.0	65171.0
0.0	39409.0
0.0	53262.0
0.0	28011.0
0.0	22548.0
0.0	22685.0
0.0	22477.0
0.0	32450.0
0.0	45482.0
0.0	23035.0
0.0	52058.0
0.0	28050.0
1.0	65536.0
1.0	65536.0
0.0	31342.0
0.0	27053.0
1.0	65536.0
1.0	65536.0
0.0	22264.0
0.0	31649.0
0.0	40258.0
0.0	24440.0
0.0	27890.0
0.0	37570.0
0.0	30002.0
0.0	30994.0
0.0	33632.0
2.0	65536.0
0.0	49299.0
0.0	50203.0
0.0	25180.0
0.0	39048.0
0.0	21466.0
0.0	34674.0
0.0	29697.0
0.0	38403.0
0.0	23769.0
0.0	53809.0
0.0	30900.0
1.0	65536.0
1.0	65536.0
0.0	29268.0
0.0	29443.0
0.0	41745.0
0.0	26325.0
0.0	33019.0
0.0	36180.0
0.0	32788.0
0.0	23124.0
0.0	28531.0
0.0	28733.0
0.0	45659.0
0.0	29455.0
0.0	40952.0
0.0	28435.0
0.0	26538.0
0.0	34998.0
0.0	25286.0
0.0	28141.0
0.0	24336.0
0.0	28330.0
0.0	25388.0
0.0	24406.0
0.0	37344.0
0.0	60335.0
0.0	49904.0
0.0	27315.0
0.0	38964.0
1.0	65536.0
0.0	27952.0
0.0	37458.0
0.0	22130.0
0.0	28916.0
0.0	38879.0
1.0	65536.0
0.0	25000.0
0.0	29998.0
0.0	28806.0
0.0	28013.0
0.0	30362.0
0.0	26691.0
0.0	24159.0
0.0	34537.0
1.0	65536.0
0.0	24826.0
0.0	29395.0
0.0	20239.0
0.0	24887.0
0.0	40957.0
0.0	25010.0
0.0	27435.0
0.0	24776.0
0.0	22744.0
0.0	33603.0
0.0	29339.0
0.0	23134.0
0.0	30912.0
0.0	23986.0
0.0	22646.0
0.0	26480.0
0.0	23264.0
0.0	24541.0
0.0	23265.0
0.0	24602.0
0.0	31186.0
0.0	26716.0
0.0	26369.0
0.0	43287.0
1.0	65536.0
1.0	65536.0
0.0	29491.0
0.0	33363.0
0.0	28747.0
0.0	28790.0
0.0	61067.0
1.0	65536.0
0.0	23431.0
0.0	30824.0
0.0	28139.0
0.0	25624.0
0.0	33901.0
0.0	29739.0
0.0	31418.0
0.0	29670.0
0.0	27855.0
0.0	25511.0
0.0	38227.0
0.0	28267.0
0.0	37138.0
0.0	57812.0
0.0	62538.0
0.0	35544.0
0.0	28624.0
0.0	28975.0
0.0	34167.0
0.0	23276.0
1.0	65536.0
0.0	31926.0
0.0	26167.0
0.0	34543.0
0.0	29456.0
0.0	26301.0
0.0	24499.0
0.0	56215.0
0.0	30780.0
1.0	65536.0
0.0	24222.0
0.0	52226.0
0.0	20247.0
0.0	23065.0
0.0	26274.0
0.0	24525.0
0.0	39486.0
0.0	29141.0
0.0	26174.0
0.0	23989.0
0.0	25548.0
0.0	32088.0
0.0	21527.0
0.0	38099.0
0.0	25576.0
0.0	26044.0
0.0	25769.0
0.0	57993.0
0.0	23733.0
0.0	33146.0
0.0	26153.0
0.0	42560.0
1.0	65536.0
0.0	24770.0
