#SA coloring
#N=65536  nIter=655360  c=11.45   NSamples=1402
#av(e)	0.04778887303851641
#std(e)	0.005697128481359131
#av(t)	2705.9414613673325
#std(t)	6.244552935437271
0.0	52424.0	2933.035945	100
0.0	45871.0	2983.806163	101
0.0	58977.0	2919.173464	102
0.0	52424.0	2896.931368	103
0.0	58977.0	2858.286175	104
0.0	52424.0	2892.06175	105
0.0	58977.0	2853.407369	106
0.0	52424.0	2902.489466	107
0.0	52424.0	2897.089943	108
0.0	58977.0	2830.619521	109
1.0	655360.0	3118.046176	10
0.0	58977.0	2863.151986	110
0.0	52424.0	2884.141645	111
0.0	52424.0	2899.066804	112
0.0	45871.0	2886.518705	113
0.0	52424.0	2861.432609	114
0.0	52424.0	2846.101422	115
1.0	655360.0	3107.421524	116
0.0	52424.0	2575.265633	117
0.0	52424.0	2538.672134	118
0.0	52424.0	2506.863102	119
0.0	52424.0	2530.200472	11
0.0	52424.0	2453.668171	120
0.0	45871.0	2412.078545	121
0.0	52424.0	2880.759707	122
0.0	52424.0	2913.863902	123
0.0	52424.0	2479.304582	124
0.0	39318.0	2540.681676	125
0.0	45871.0	2490.310334	126
0.0	52424.0	2493.579527	127
1.0	655360.0	2701.861335	128
0.0	45871.0	2559.820676	129
0.0	58977.0	2908.41495	12
0.0	45871.0	2937.408142	130
0.0	52424.0	2911.901192	131
0.0	58977.0	2865.758946	132
0.0	52424.0	2776.529326	133
0.0	45871.0	2804.62989	134
0.0	58977.0	2517.569597	135
0.0	58977.0	2519.132214	136
0.0	45871.0	2595.055606	137
0.0	52424.0	2560.145684	138
1.0	655360.0	2783.929525	139
0.0	52424.0	2559.364968	13
0.0	52424.0	2617.276029	140
0.0	52424.0	2663.649807	141
0.0	52424.0	2572.251759	142
0.0	52424.0	2478.122562	143
0.0	52424.0	2472.6713	144
0.0	58977.0	2447.754523	145
0.0	58977.0	2439.971833	146
0.0	45871.0	2525.461424	147
0.0	52424.0	2442.444102	148
0.0	52424.0	2439.58764	149
0.0	6553.0	2603.886001	14
0.0	58977.0	2401.507058	150
0.0	52424.0	2942.104429	401
0.0	45871.0	2975.727396	402
0.0	45871.0	2980.254834	403
0.0	65530.0	2830.002452	404
0.0	52424.0	2895.81651	405
0.0	52424.0	2895.795497	406
0.0	45871.0	2909.79268	407
0.0	26212.0	3020.119635	408
0.0	45871.0	2915.540065	409
0.0	52424.0	2895.379093	410
0.0	58977.0	2846.822521	411
0.0	52424.0	2895.849427	412
0.0	52424.0	2883.029051	413
0.0	45871.0	2929.744486	414
1.0	655360.0	3097.982579	415
0.0	45871.0	2890.826292	416
0.0	45871.0	2867.689844	417
1.0	655360.0	3113.356544	418
0.0	39318.0	2586.120779	419
0.0	52424.0	2535.144207	420
0.0	52424.0	2510.956952	421
0.0	58977.0	2508.570127	422
0.0	52424.0	2432.204212	423
0.0	45871.0	2403.15068	424
0.0	52424.0	2426.972045	425
0.0	52424.0	2490.128833	426
0.0	45871.0	2510.416405	427
0.0	45871.0	2519.665843	428
0.0	52424.0	2474.872884	429
0.0	52424.0	2493.951591	430
0.0	52424.0	2472.864127	431
0.0	52424.0	2493.912545	432
0.0	58977.0	2744.836081	433
0.0	58977.0	2879.206646	434
0.0	58977.0	2878.750256	435
0.0	45871.0	2937.322985	436
0.0	45871.0	2823.580861	437
0.0	58977.0	2758.01303	438
0.0	52424.0	2664.116197	439
1.0	655360.0	2737.977985	440
0.0	45871.0	2597.593794	441
0.0	52424.0	2550.140657	442
1.0	655360.0	2779.468502	443
0.0	52424.0	2572.767709	444
0.0	52424.0	2573.811929	445
0.0	52424.0	2676.739115	446
0.0	39318.0	2666.136216	447
0.0	52424.0	2478.398285	448
0.0	52424.0	2466.833009	449
0.0	45871.0	2496.062669	450
0.0	52424.0	2474.024389	451
0.0	45871.0	2509.795367	452
0.0	52424.0	2473.891137	453
0.0	45871.0	2468.304713	454
0.0	45871.0	2467.318537	455
0.0	52424.0	2425.226206	456
0.0	52424.0	2941.936973	1000
0.0	52424.0	2947.154379	1001
0.0	52424.0	2951.512184	1002
0.0	52424.0	2894.291133	1003
0.0	58977.0	2864.338228	1004
0.0	45871.0	2930.123274	1005
1.0	655360.0	3159.439691	1006
0.0	52424.0	2902.233896	1007
0.0	58977.0	2863.556109	1008
0.0	52424.0	2886.409123	1009
1.0	655360.0	3107.139319	1010
0.0	52424.0	2894.919453	1011
0.0	58977.0	2841.513157	1012
0.0	45871.0	2920.390566	1013
0.0	52424.0	2861.385946	1014
0.0	45871.0	2898.574004	1015
0.0	58977.0	2821.578832	1016
0.0	52424.0	2868.198086	1017
0.0	52424.0	2564.262568	1018
0.0	45871.0	2564.010388	1019
0.0	45871.0	2514.829716	1020
0.0	52424.0	2531.383882	1021
0.0	52424.0	2446.557245	1022
0.0	58977.0	2355.838184	1023
0.0	45871.0	2422.45872	1024
0.0	52424.0	2509.748973	1025
0.0	58977.0	2459.833202	1026
0.0	13106.0	2652.923511	1027
0.0	52424.0	2475.014487	1028
0.0	39318.0	2551.537651	1029
0.0	52424.0	2473.555111	1030
1.0	655360.0	2698.227676	1031
0.0	52424.0	2820.751382	1032
0.0	58977.0	2875.986269	1033
0.0	58977.0	2882.934972	1034
1.0	655360.0	3148.457219	1035
0.0	45871.0	2836.864301	1036
0.0	32765.0	2863.451475	1037
0.0	58977.0	2572.480764	1038
0.0	52424.0	2536.425411	1039
0.0	52424.0	2572.80911	1040
0.0	45871.0	2616.732897	1041
0.0	52424.0	2564.993635	1042
0.0	52424.0	2564.193174	1043
0.0	39318.0	2632.938999	1044
0.0	52424.0	2667.458446	1045
0.0	58977.0	2581.739962	1046
0.0	52424.0	2477.457631	1047
0.0	52424.0	2462.19369	1048
0.0	45871.0	2501.139583	1049
1.0	655360.0	2681.062483	1050
0.0	52424.0	2471.00592	1051
1.0	655360.0	2663.426581	1052
0.0	58977.0	2406.908014	1053
0.0	45871.0	2463.393164	1054
0.0	52424.0	2437.354804	1055
0.0	52424.0	2950.621239	1201
0.0	45871.0	2973.533483	1202
0.0	58977.0	2915.631949	1203
0.0	52424.0	2890.135919	1204
0.0	45871.0	2924.766936	1205
0.0	58977.0	2865.595668	1206
0.0	45871.0	2912.108484	1207
0.0	52424.0	2902.230681	1208
0.0	45871.0	2915.217107	1209
0.0	58977.0	2825.396909	1210
0.0	45871.0	2903.29808	1211
0.0	52424.0	2891.861777	1212
0.0	45871.0	2926.979186	1213
0.0	39318.0	2958.074417	1214
0.0	52424.0	2874.486315	1215
0.0	45871.0	2890.374924	1216
0.0	45871.0	2867.179102	1217
1.0	655360.0	3113.004646	1218
0.0	45871.0	2597.581632	1219
0.0	45871.0	2562.47885	1220
0.0	58977.0	2471.644375	1221
0.0	45871.0	2551.088625	1222
0.0	45871.0	2469.481039	1223
0.0	52424.0	2385.148859	1224
0.0	45871.0	2462.775422	1225
0.0	52424.0	2491.686419	1226
0.0	58977.0	2463.206687	1227
0.0	39318.0	2547.305274	1228
0.0	52424.0	2475.768372	1229
0.0	52424.0	2489.581605	1230
0.0	58977.0	2449.455372	1231
0.0	52424.0	2488.65426	1232
0.0	52424.0	2741.179878	1233
0.0	52424.0	2910.078109	1234
0.0	52424.0	2913.111373	1235
0.0	58977.0	2883.658944	1236
0.0	58977.0	2772.971377	1237
0.0	58977.0	2750.45563	1238
0.0	52424.0	2684.334839	1239
0.0	45871.0	2541.118241	1240
0.0	52424.0	2571.782099	1241
0.0	52424.0	2562.017065	1242
0.0	58977.0	2546.315641	1243
0.0	52424.0	2575.455699	1244
0.0	58977.0	2531.034494	1245
0.0	45871.0	2700.718323	1246
0.0	58977.0	2624.973803	1247
0.0	58977.0	2456.05304	1248
0.0	52424.0	2473.349805	1249
0.0	58977.0	2413.636333	1250
0.0	45871.0	2499.669913	1251
0.0	52424.0	2922.884232	1252
0.0	52424.0	2489.22804	1253
0.0	52424.0	2414.895771	1254
0.0	52424.0	2440.878516	1255
0.0	52424.0	2434.157013	1256
0.0	65530.0	2385.460639	1257
0.0	52424.0	2943.469373	1601
0.0	52424.0	2954.021203	1602
0.0	52424.0	2948.686118	1603
0.0	58977.0	2869.737703	1604
0.0	39318.0	2994.71036	1605
0.0	58977.0	2860.02044	1606
1.0	655360.0	3124.594338	1607
0.0	52424.0	2912.212927	1608
0.0	45871.0	2915.992851	1609
0.0	58977.0	2867.891009	1610
1.0	655360.0	3137.659201	1611
0.0	52424.0	2887.714817	1612
0.0	52424.0	2865.198132	1613
0.0	52424.0	2896.683686	1614
0.0	52424.0	2838.673319	1615
0.0	45871.0	2900.727793	1616
0.0	52424.0	2858.429978	1617
0.0	52424.0	2880.923825	1618
0.0	52424.0	2717.745048	1619
0.0	52424.0	2674.863227	1620
0.0	58977.0	2613.586983	1621
0.0	52424.0	2671.406936	1622
0.0	52424.0	2663.845614	1623
0.0	52424.0	2647.834179	1624
0.0	45871.0	2710.084457	1625
0.0	52424.0	2666.088934	1626
1.0	655360.0	2887.263059	1627
0.0	52424.0	2654.76368	1628
0.0	52424.0	2669.120575	1629
0.0	52424.0	2640.065685	1630
1.0	655360.0	2916.818861	1631
0.0	26212.0	2953.31149	1632
0.0	58977.0	2893.263248	1633
0.0	32765.0	3012.239952	1634
0.0	58977.0	2880.896488	1635
0.0	58977.0	2778.731202	1636
0.0	52424.0	2780.161699	1637
0.0	39318.0	2754.986497	1638
0.0	45871.0	2697.473162	1639
0.0	52424.0	2669.857033	1640
0.0	45871.0	2668.004522	1641
0.0	52424.0	2667.219688	1642
0.0	52424.0	2664.772421	1643
0.0	52424.0	2659.385143	1644
0.0	52424.0	2719.705708	1645
0.0	58977.0	3070.349517	1646
0.0	52424.0	2715.867973	1647
0.0	52424.0	2705.785666	1648
0.0	52424.0	2724.234506	1649
0.0	52424.0	2713.169629	1650
0.0	45871.0	2744.475598	1651
0.0	52424.0	2673.371511	1652
0.0	52424.0	2713.237197	1653
0.0	45871.0	2747.075485	1654
0.0	65530.0	2888.257092	2001
0.0	58977.0	2907.546565	2002
0.0	39318.0	3010.858066	2003
0.0	58977.0	2855.648395	2004
0.0	52424.0	2894.526564	2005
0.0	58977.0	2863.903138	2006
0.0	52424.0	2857.701408	2007
0.0	52424.0	2907.510687	2008
0.0	45871.0	2921.558156	2009
0.0	45871.0	2920.029545	2010
0.0	39318.0	2933.341065	2011
0.0	52424.0	2894.551651	2012
0.0	58977.0	2835.217169	2013
0.0	52424.0	2894.21996	2014
0.0	58977.0	2844.529267	2015
0.0	52424.0	2863.023794	2016
0.0	52424.0	2865.688215	2017
0.0	58977.0	2834.925632	2018
0.0	39318.0	2687.486813	2019
0.0	39318.0	2593.156856	2020
0.0	52424.0	2519.58616	2021
0.0	52424.0	2543.973655	2022
0.0	58977.0	2442.266587	2023
0.0	52424.0	2384.639359	2024
0.0	45871.0	2421.626061	2025
0.0	58977.0	2465.305381	2026
0.0	52424.0	2494.139518	2027
0.0	52424.0	2456.008897	2028
0.0	45871.0	2510.634336	2029
0.0	52424.0	2493.037168	2030
0.0	52424.0	2477.194319	2031
0.0	52424.0	2501.212715	2032
0.0	45871.0	2720.392148	2033
0.0	52424.0	2901.853947	2034
1.0	655360.0	3159.121973	2035
0.0	58977.0	2901.683376	2036
0.0	45871.0	2840.359013	2037
0.0	52424.0	2774.962553	2038
0.0	52424.0	2696.915545	2039
0.0	52424.0	2516.811256	2040
0.0	52424.0	2571.460786	2041
0.0	52424.0	2559.102711	2042
1.0	655360.0	2783.132615	2043
0.0	52424.0	2569.139806	2044
0.0	52424.0	2558.847746	2045
0.0	45871.0	2705.270798	2046
0.0	58977.0	2619.918562	2047
0.0	52424.0	2491.273078	2048
0.0	45871.0	2506.264868	2049
0.0	52424.0	2510.9154	2050
0.0	45871.0	2496.130128	2051
0.0	52424.0	2468.272844	2052
0.0	52424.0	2484.63283	2053
0.0	52424.0	2421.390785	2054
0.0	52424.0	2426.238564	2055
0.0	52424.0	2429.807619	2056
1.0	655360.0	2640.903385	2057
0.0	45871.0	2962.953247	2401
0.0	45871.0	2968.319471	2402
0.0	52424.0	2946.250752	2403
0.0	52424.0	2917.162073	2404
0.0	58977.0	2862.77832	2405
0.0	52424.0	2888.112064	2406
0.0	58977.0	2834.267602	2407
0.0	52424.0	2909.994604	2408
0.0	58977.0	2862.762627	2409
1.0	655360.0	3096.966338	2410
0.0	39318.0	2945.155961	2411
0.0	45871.0	2926.152035	2412
0.0	52424.0	2896.175451	2413
0.0	45871.0	2922.600778	2414
0.0	52424.0	2866.237512	2415
0.0	45871.0	2895.455441	2416
0.0	58977.0	2826.772914	2417
0.0	52424.0	2869.391872	2418
0.0	58977.0	2555.962275	2419
0.0	58977.0	2512.201378	2420
0.0	52424.0	2493.965517	2421
0.0	52424.0	2528.955138	2422
0.0	52424.0	2457.777057	2423
0.0	32765.0	2464.278757	2424
0.0	52424.0	2396.225911	2425
0.0	52424.0	2507.04248	2426
0.0	52424.0	2491.142727	2427
0.0	52424.0	2493.189094	2428
0.0	45871.0	2590.445063	2429
0.0	26212.0	2597.070628	2430
0.0	52424.0	2487.952684	2431
0.0	52424.0	2488.863791	2432
0.0	45871.0	2804.250823	2433
0.0	13106.0	3087.473056	2434
0.0	52424.0	2908.620933	2435
0.0	52424.0	2904.926581	2436
0.0	58977.0	2760.852476	2437
0.0	58977.0	2754.50353	2438
0.0	52424.0	2649.02643	2439
0.0	45871.0	2550.946431	2440
0.0	45871.0	2602.284275	2441
0.0	45871.0	2571.10816	2442
0.0	52424.0	2568.241773	2443
0.0	32765.0	2649.836305	2444
0.0	52424.0	2572.378705	2445
0.0	32765.0	2769.066724	2446
0.0	52424.0	2642.590437	2447
0.0	45871.0	2512.592747	2448
0.0	45871.0	2492.880616	2449
0.0	52424.0	2477.130616	2450
0.0	52424.0	2491.421714	2451
0.0	58977.0	2439.630361	2452
0.0	45871.0	2505.871204	2453
0.0	45871.0	2457.104145	2454
1.0	655360.0	2629.64043	2455
0.0	45871.0	2448.798432	2456
0.0	32765.0	3034.772456	2801
0.0	52424.0	2950.895719	2802
0.0	52424.0	2949.902023	2803
0.0	52424.0	2910.402713	2804
0.0	52424.0	2885.745218	2805
0.0	52424.0	2896.853145	2806
1.0	655360.0	3106.489459	2807
0.0	58977.0	2868.063597	2808
1.0	655360.0	3142.583432	2809
0.0	58977.0	2865.41901	2810
0.0	58977.0	2838.907146	2811
0.0	58977.0	2853.212069	2812
0.0	52424.0	2885.953107	2813
0.0	45871.0	2927.082503	2814
0.0	52424.0	2843.848924	2815
0.0	58977.0	2829.712633	2816
1.0	655360.0	3075.026713	2817
0.0	45871.0	2897.557608	2818
0.0	39318.0	2591.955769	2819
0.0	45871.0	2561.500151	2820
0.0	58977.0	2464.353002	2821
0.0	58977.0	2507.444084	2822
0.0	45871.0	2462.946401	2823
0.0	52424.0	6019.676107	2824
0.0	58977.0	2465.955387	2825
0.0	45871.0	2511.099001	2826
0.0	52424.0	2491.341115	2827
0.0	52424.0	2467.106107	2828
0.0	52424.0	2487.221917	2829
0.0	45871.0	2525.896963	2830
0.0	52424.0	2583.812046	2831
0.0	45871.0	2934.026915	2832
0.0	52424.0	2906.433258	2833
0.0	45871.0	2941.886228	2834
0.0	52424.0	2875.926268	2835
0.0	52424.0	2778.800749	2836
0.0	52424.0	2774.788196	2837
1.0	655360.0	2702.080831	2838
0.0	45871.0	2592.376628	2839
0.0	45871.0	2588.104398	2840
0.0	52424.0	2572.779043	2841
0.0	58977.0	2546.847926	2842
0.0	65530.0	2502.068371	2843
0.0	52424.0	2639.177794	2844
0.0	52424.0	2646.597287	2845
0.0	52424.0	2550.504356	2846
0.0	45871.0	2501.911516	2847
0.0	58977.0	2436.435709	2848
0.0	52424.0	2472.226075	2849
0.0	52424.0	2472.044726	2850
1.0	655360.0	2717.482544	2851
0.0	52424.0	2406.627935	2852
0.0	52424.0	2433.441012	2853
0.0	52424.0	2433.466216	2854
0.0	52424.0	2439.122086	2855
0.0	45871.0	2964.734204	3201
0.0	52424.0	2943.380218	3202
0.0	52424.0	2953.397092	3203
0.0	45871.0	2944.794902	3204
0.0	52424.0	2902.596096	3205
0.0	52424.0	2895.53592	3206
0.0	45871.0	2908.819612	3207
0.0	52424.0	2901.001568	3208
0.0	19659.0	3042.59941	3209
0.0	45871.0	2918.712051	3210
0.0	45871.0	2914.943626	3211
0.0	45871.0	2921.231243	3212
0.0	52424.0	2871.090441	3213
0.0	58977.0	2870.494619	3214
0.0	52424.0	2849.26944	3215
0.0	52424.0	2865.41725	3216
0.0	52424.0	2842.728903	3217
0.0	58977.0	2839.543933	3218
0.0	45871.0	2760.900107	3219
0.0	45871.0	2691.313532	3220
0.0	45871.0	2691.409695	3221
0.0	52424.0	2665.817425	3222
0.0	52424.0	2663.690287	3223
0.0	45871.0	2675.820549	3224
0.0	58977.0	2649.294631	3225
0.0	52424.0	2675.24074	3226
0.0	58977.0	2611.317665	3227
0.0	52424.0	2664.334664	3228
0.0	52424.0	2671.638293	3229
0.0	52424.0	2646.840629	3230
0.0	45871.0	2692.948572	3231
0.0	45871.0	2810.312975	3232
0.0	52424.0	2904.939572	3233
1.0	655360.0	3151.659775	3234
0.0	58977.0	2874.527875	3235
0.0	52424.0	2799.10572	3236
0.0	52424.0	2780.229242	3237
0.0	58977.0	2700.988867	3238
0.0	52424.0	2668.938581	3239
0.0	58977.0	2638.720002	3240
0.0	45871.0	2684.165877	3241
0.0	52424.0	2669.265885	3242
0.0	52424.0	2738.238057	3243
0.0	45871.0	2702.296704	3244
0.0	45871.0	2740.052584	3245
0.0	52424.0	2731.110154	3246
0.0	52424.0	2722.857096	3247
0.0	45871.0	2720.914114	3248
0.0	52424.0	2711.68866	3249
0.0	52424.0	2712.787627	3250
0.0	52424.0	2719.135662	3251
1.0	655360.0	2920.627482	3252
0.0	52424.0	2725.916291	3253
0.0	52424.0	2719.608808	3254
0.0	45871.0	2968.08898	3601
0.0	52424.0	3360.73325	3602
0.0	52424.0	2948.025165	3603
0.0	52424.0	2915.337464	3604
0.0	52424.0	2892.064668	3605
0.0	58977.0	2855.277947	3606
0.0	52424.0	2882.957088	3607
1.0	655360.0	3138.838089	3608
0.0	52424.0	2901.938582	3609
0.0	58977.0	2864.407392	3610
0.0	52424.0	2865.454318	3611
0.0	13106.0	3069.937149	3612
0.0	52424.0	2863.179053	3613
0.0	58977.0	2864.819815	3614
0.0	45871.0	2905.440775	3615
0.0	52424.0	2859.243659	3616
0.0	45871.0	2860.326335	3617
0.0	52424.0	2862.431768	3618
0.0	52424.0	2524.603	3619
0.0	52424.0	2534.979879	3620
0.0	52424.0	2491.621473	3621
0.0	58977.0	2504.226148	3622
0.0	13106.0	2584.452706	3623
0.0	45871.0	2397.534672	3624
0.0	52424.0	2431.507428	3625
0.0	52424.0	2492.241647	3626
0.0	45871.0	2516.111415	3627
1.0	655360.0	2709.526323	3628
1.0	655360.0	2673.503903	3629
0.0	52424.0	2490.70604	3630
0.0	39318.0	2521.825376	3631
0.0	45871.0	2523.926095	3632
0.0	45871.0	2937.643532	3633
0.0	52424.0	2912.702121	3634
0.0	45871.0	2937.872508	3635
0.0	58977.0	2871.646791	3636
0.0	52424.0	2796.772894	3637
0.0	52424.0	2779.017265	3638
0.0	52424.0	2565.447893	3639
0.0	52424.0	2548.570282	3640
0.0	52424.0	2568.155268	3641
0.0	52424.0	2587.777715	3642
0.0	58977.0	2546.119644	3643
0.0	19659.0	2695.141617	3644
0.0	65530.0	2555.697352	3645
0.0	52424.0	2652.43567	3646
0.0	45871.0	2616.220175	3647
0.0	58977.0	2443.046651	3648
0.0	52424.0	2483.739075	3649
0.0	52424.0	2482.864359	3650
0.0	45871.0	2498.148308	3651
0.0	58977.0	2441.107045	3652
0.0	45871.0	2495.499065	3653
0.0	52424.0	2429.011448	3654
0.0	52424.0	2440.743158	3655
0.0	52424.0	2435.58476	3656
0.0	45871.0	2975.346571	4001
0.0	45871.0	2976.59962	4002
0.0	52424.0	2947.847278	4003
0.0	52424.0	2887.911851	4004
0.0	58977.0	2860.504797	4005
0.0	52424.0	2896.505843	4006
0.0	45871.0	2898.3307	4007
0.0	58977.0	2875.208381	4008
0.0	52424.0	2881.430075	4009
0.0	32765.0	2941.445722	4010
0.0	52424.0	2869.695442	4011
0.0	58977.0	2875.875812	4012
0.0	52424.0	2867.653695	4013
0.0	52424.0	2893.309451	4014
0.0	52424.0	2853.474539	4015
0.0	52424.0	2861.905691	4016
0.0	52424.0	2842.840246	4017
0.0	58977.0	2838.640555	4018
0.0	65530.0	2630.551834	4019
0.0	52424.0	2497.097542	4020
0.0	45871.0	2550.662742	4021
1.0	655360.0	2755.679862	4022
1.0	655360.0	2663.093753	4023
0.0	52424.0	2378.44138	4024
0.0	58977.0	2377.783488	4025
0.0	58977.0	2478.964108	4026
0.0	52424.0	2490.769041	4027
0.0	52424.0	2491.770873	4028
0.0	52424.0	2482.431184	4029
0.0	52424.0	2491.109504	4030
0.0	52424.0	2490.22505	4031
0.0	32765.0	2570.106745	4032
1.0	655360.0	2995.255034	4033
0.0	52424.0	2903.177633	4034
0.0	52424.0	2906.706316	4035
0.0	52424.0	2907.875222	4036
0.0	52424.0	2800.666939	4037
0.0	52424.0	2774.491098	4038
0.0	45871.0	2709.72765	4039
0.0	58977.0	2496.863158	4040
0.0	58977.0	2543.655212	4041
0.0	52424.0	2553.596901	4042
0.0	52424.0	2568.756462	4043
0.0	52424.0	2569.12822	4044
0.0	58977.0	4766.94175	4045
0.0	52424.0	2653.247941	4046
0.0	58977.0	2479.931473	4047
0.0	32765.0	2550.503725	4048
0.0	52424.0	2460.02464	4049
0.0	45871.0	2498.963185	4050
0.0	52424.0	2466.805812	4051
0.0	52424.0	2490.672525	4052
0.0	45871.0	2440.030213	4053
0.0	45871.0	2462.490029	4054
0.0	45871.0	2459.442485	4055
0.0	52424.0	2434.111261	4056
0.0	39318.0	2996.649565	4401
0.0	52424.0	2945.800498	4402
0.0	45871.0	2974.037992	4403
0.0	45871.0	2937.473525	4404
0.0	52424.0	2886.568079	4405
0.0	58977.0	2855.976651	4406
0.0	52424.0	2863.778688	4407
0.0	39318.0	2965.473246	4408
0.0	45871.0	2915.48877	4409
0.0	45871.0	2928.756188	4410
0.0	52424.0	2881.543957	4411
0.0	45871.0	2920.503168	4412
0.0	52424.0	2891.220843	4413
0.0	52424.0	2933.335237	4414
0.0	45871.0	2878.549896	4415
0.0	45871.0	2893.874875	4416
0.0	52424.0	2839.628764	4417
0.0	52424.0	2869.775788	4418
0.0	52424.0	2577.259923	4419
1.0	655360.0	2753.313103	4420
0.0	52424.0	2491.270128	4421
0.0	45871.0	2559.161685	4422
0.0	58977.0	2422.090432	4423
0.0	45871.0	2419.738341	4424
0.0	52424.0	2412.360155	4425
0.0	39318.0	2548.884816	4426
0.0	52424.0	2486.290693	4427
0.0	52424.0	2496.712112	4428
0.0	26212.0	2578.425476	4429
0.0	45871.0	2521.836289	4430
0.0	39318.0	2531.155584	4431
0.0	58977.0	2462.483367	4432
0.0	39318.0	2837.464765	4433
0.0	39318.0	2969.53328	4434
0.0	58977.0	2880.590101	4435
0.0	52424.0	2911.518051	4436
0.0	45871.0	2813.942596	4437
0.0	52424.0	2774.373776	4438
0.0	65530.0	2585.030658	4439
0.0	45871.0	2549.439154	4440
0.0	52424.0	2573.38499	4441
0.0	58977.0	2536.336792	4442
0.0	52424.0	2563.760343	4443
0.0	58977.0	2542.199354	4444
0.0	58977.0	2549.316384	4445
0.0	52424.0	2674.278281	4446
1.0	655360.0	2854.212878	4447
0.0	45871.0	2510.127118	4448
0.0	52424.0	2472.370374	4449
0.0	52424.0	2467.47241	4450
0.0	52424.0	2486.524255	4451
0.0	52424.0	2471.888108	4452
0.0	52424.0	2508.939722	4453
0.0	65530.0	2347.827035	4454
0.0	52424.0	2430.663273	4455
0.0	52424.0	2432.43202	4456
0.0	26212.0	2540.188643	4457
0.0	52424.0	3079.464408	4801
0.0	45871.0	2972.039265	4802
1.0	655360.0	3190.43119	4803
0.0	52424.0	2919.053646	4804
0.0	52424.0	2888.067564	4805
0.0	58977.0	2860.645087	4806
0.0	58977.0	2838.868179	4807
0.0	52424.0	2898.799365	4808
0.0	58977.0	2854.962486	4809
0.0	52424.0	2892.517132	4810
0.0	52424.0	2891.219566	4811
0.0	65530.0	2825.783506	4812
0.0	52424.0	2869.499847	4813
0.0	58977.0	2865.044163	4814
0.0	52424.0	2861.083866	4815
0.0	39318.0	2920.446813	4816
0.0	45871.0	2872.282281	4817
0.0	52424.0	2868.537371	4818
0.0	45871.0	2611.540933	4819
0.0	19659.0	2662.74476	4820
0.0	58977.0	2487.36579	4821
0.0	52424.0	2535.461276	4822
0.0	52424.0	2449.714061	4823
0.0	52424.0	2383.901229	4824
0.0	52424.0	2401.045632	4825
0.0	58977.0	2477.431099	4826
1.0	655360.0	2691.762375	4827
0.0	58977.0	2472.009674	4828
0.0	39318.0	2522.720059	4829
1.0	655360.0	2717.436549	4830
0.0	45871.0	2511.016143	4831
0.0	19659.0	2618.046538	4832
0.0	58977.0	2826.839144	4833
0.0	58977.0	2874.898678	4834
0.0	45871.0	2939.889539	4835
0.0	58977.0	2882.936755	4836
0.0	45871.0	2804.264322	4837
0.0	45871.0	2805.513967	4838
0.0	39318.0	2677.902663	4839
0.0	6553.0	2718.336745	4840
0.0	58977.0	2558.234196	4841
0.0	45871.0	2561.671449	4842
0.0	39318.0	2619.229107	4843
0.0	26212.0	2668.738825	4844
0.0	45871.0	2617.244158	4845
0.0	45871.0	2695.590518	4846
0.0	58977.0	2573.509687	4847
0.0	52424.0	2477.790099	4848
0.0	45871.0	2491.33389	4849
0.0	52424.0	2472.212979	4850
0.0	52424.0	2498.324619	4851
0.0	45871.0	2494.043201	4852
0.0	58977.0	2433.908841	4853
0.0	52424.0	2439.570397	4854
0.0	52424.0	2432.147562	4855
0.0	58977.0	2401.823362	4856
0.0	58977.0	2901.45742	5201
0.0	52424.0	2941.099355	5202
0.0	45871.0	2983.543627	5203
0.0	45871.0	2925.049716	5204
0.0	52424.0	2896.255269	5205
0.0	52424.0	2897.930617	5206
0.0	58977.0	2853.815784	5207
1.0	655360.0	3156.136719	5208
0.0	45871.0	2916.977119	5209
0.0	26212.0	3013.310417	5210
1.0	655360.0	3107.050456	5211
0.0	52424.0	2893.108357	5212
0.0	52424.0	2887.717293	5213
0.0	58977.0	2866.380832	5214
0.0	52424.0	2841.195976	5215
0.0	52424.0	2859.886005	5216
0.0	39318.0	2895.856441	5217
1.0	655360.0	3106.81187	5218
0.0	52424.0	2514.474705	5219
0.0	52424.0	2530.538125	5220
0.0	52424.0	2504.369329	5221
0.0	52424.0	2533.276992	5222
0.0	45871.0	2456.153216	5223
0.0	52424.0	2376.63485	5224
0.0	52424.0	2426.640213	5225
0.0	52424.0	2490.357514	5226
0.0	52424.0	2479.122356	5227
1.0	655360.0	2707.15481	5228
0.0	52424.0	2473.035201	5229
0.0	58977.0	2463.960392	5230
0.0	58977.0	2461.166663	5231
0.0	52424.0	2493.914603	5232
0.0	52424.0	2856.265215	5233
0.0	45871.0	2939.955498	5234
0.0	52424.0	2908.101265	5235
0.0	52424.0	2901.290768	5236
0.0	52424.0	2822.660675	5237
0.0	52424.0	2777.997605	5238
0.0	58977.0	2588.278529	5239
0.0	52424.0	2525.985728	5240
0.0	58977.0	2543.764986	5241
0.0	45871.0	2566.112505	5242
0.0	52424.0	2569.512919	5243
0.0	52424.0	2564.045414	5244
0.0	45871.0	2612.709203	5245
0.0	52424.0	2670.622789	5246
0.0	52424.0	2624.925926	5247
0.0	45871.0	2509.539451	5248
0.0	52424.0	2469.795235	5249
0.0	52424.0	2485.361498	5250
0.0	52424.0	2465.34858	5251
0.0	19659.0	2597.808036	5252
0.0	45871.0	2505.843136	5253
0.0	52424.0	2422.666251	5254
0.0	52424.0	2425.121727	5255
0.0	52424.0	2434.798026	5256
0.0	58977.0	2907.404103	5601
0.0	45871.0	2971.927967	5602
0.0	45871.0	2982.57448	5603
0.0	52424.0	2897.000575	5604
0.0	52424.0	2887.348608	5605
0.0	52424.0	2896.031228	5606
0.0	52424.0	2882.495393	5607
0.0	45871.0	2931.325642	5608
0.0	45871.0	2917.415974	5609
0.0	45871.0	2918.826779	5610
0.0	45871.0	2908.996662	5611
0.0	39318.0	2956.27688	5612
0.0	39318.0	2941.523442	5613
0.0	52424.0	2895.500227	5614
0.0	52424.0	2847.063373	5615
1.0	655360.0	3107.124918	5616
0.0	52424.0	2844.53366	5617
0.0	45871.0	2912.492957	5618
0.0	45871.0	2581.776254	5619
0.0	58977.0	2509.55401	5620
0.0	52424.0	2520.989403	5621
0.0	52424.0	2546.433415	5622
0.0	52424.0	2441.931583	5623
0.0	52424.0	2384.847346	5624
1.0	655360.0	2630.763736	5625
0.0	52424.0	2525.489886	5626
0.0	52424.0	2490.310771	5627
0.0	6553.0	2671.054825	5628
0.0	19659.0	2604.578919	5629
0.0	58977.0	2467.257912	5630
0.0	52424.0	2467.337361	5631
0.0	52424.0	2490.237871	5632
0.0	52424.0	2869.905259	5633
0.0	52424.0	2908.64999	5634
0.0	39318.0	2965.627489	5635
0.0	52424.0	2931.535835	5636
0.0	45871.0	2847.619171	5637
0.0	45871.0	2801.14789	5638
0.0	45871.0	2628.442929	5639
0.0	45871.0	2567.660028	5640
0.0	52424.0	2582.364618	5641
0.0	45871.0	4760.023229	5642
0.0	52424.0	2566.601376	5643
0.0	45871.0	2610.802631	5644
0.0	52424.0	2793.519042	5645
0.0	52424.0	2624.356534	5646
0.0	45871.0	2508.80136	5647
0.0	13106.0	2627.309851	5648
0.0	45871.0	2500.054625	5649
0.0	45871.0	2494.922866	5650
0.0	52424.0	2472.293697	5651
0.0	52424.0	2479.84041	5652
0.0	58977.0	2405.825305	5653
0.0	45871.0	2461.165121	5654
0.0	58977.0	2409.919814	5655
0.0	58977.0	2908.966478	6001
0.0	58977.0	2912.090415	6002
0.0	52424.0	2951.632186	6003
0.0	45871.0	2949.996951	6004
0.0	52424.0	2890.622842	6005
0.0	52424.0	2886.395671	6006
0.0	45871.0	2896.213658	6007
0.0	52424.0	2904.925058	6008
0.0	58977.0	2870.701321	6009
0.0	52424.0	2856.957132	6010
0.0	58977.0	2844.513602	6011
0.0	52424.0	2899.359779	6012
0.0	45871.0	2895.320284	6013
0.0	58977.0	2872.78846	6014
0.0	52424.0	2850.861598	6015
0.0	52424.0	2867.402729	6016
0.0	32765.0	2922.243894	6017
0.0	58977.0	2837.215929	6018
0.0	45871.0	2661.073905	6019
0.0	52424.0	2522.119951	6020
0.0	52424.0	2506.440413	6021
0.0	52424.0	2539.283878	6022
0.0	52424.0	2476.159415	6023
0.0	45871.0	2411.607412	6024
0.0	52424.0	2391.087549	6025
0.0	45871.0	2530.05571	6026
0.0	52424.0	2495.197007	6027
0.0	52424.0	2480.993563	6028
0.0	52424.0	2495.104365	6029
0.0	45871.0	2525.689952	6030
0.0	52424.0	2487.025973	6031
0.0	52424.0	2498.002988	6032
0.0	45871.0	2716.726483	6033
0.0	58977.0	2885.697	6034
0.0	52424.0	2908.413491	6035
0.0	52424.0	2909.650142	6036
1.0	655360.0	3067.738316	6037
0.0	32765.0	2862.55787	6038
0.0	58977.0	2696.162973	6039
0.0	52424.0	2514.045625	6040
0.0	45871.0	2599.398355	6041
0.0	58977.0	2531.990808	6042
0.0	52424.0	2567.906878	6043
0.0	52424.0	2570.218313	6044
0.0	52424.0	2561.136141	6045
0.0	58977.0	2647.208348	6046
1.0	655360.0	2865.964842	6047
1.0	655360.0	2696.217141	6048
0.0	45871.0	2491.232837	6049
0.0	45871.0	2497.508009	6050
0.0	52424.0	2467.473897	6051
0.0	52424.0	2491.906329	6052
0.0	52424.0	2485.377677	6053
0.0	45871.0	2420.148553	6054
0.0	52424.0	2431.95414	6055
0.0	58977.0	2414.567524	6056
0.0	58977.0	2424.154916	6057
0.0	45871.0	2964.994885	6401
0.0	52424.0	2971.899009	6402
0.0	52424.0	2948.769043	6403
0.0	58977.0	2879.913819	6404
0.0	52424.0	2966.751484	6405
0.0	52424.0	2886.66021	6406
0.0	58977.0	2849.965391	6407
0.0	52424.0	2899.350227	6408
0.0	58977.0	2856.601407	6409
0.0	45871.0	2887.840304	6410
0.0	58977.0	2856.185575	6411
0.0	58977.0	2868.440924	6412
0.0	45871.0	2915.743885	6413
0.0	45871.0	2926.329247	6414
0.0	58977.0	2820.735694	6415
0.0	45871.0	2889.021722	6416
0.0	52424.0	2839.328998	6417
0.0	52424.0	2863.783116	6418
0.0	45871.0	2647.878514	6419
0.0	52424.0	2541.2542	6420
0.0	52424.0	2518.988228	6421
0.0	45871.0	2555.021152	6422
0.0	52424.0	2461.832408	6423
0.0	52424.0	2391.502742	6424
0.0	39318.0	2445.736837	6425
1.0	655360.0	2700.140353	6426
0.0	58977.0	2469.423148	6427
0.0	39318.0	2539.037215	6428
0.0	52424.0	2484.458217	6429
0.0	45871.0	2516.854427	6430
0.0	58977.0	2458.037464	6431
0.0	52424.0	2497.047303	6432
0.0	45871.0	2759.450065	6433
0.0	58977.0	2872.426313	6434
0.0	52424.0	2910.026943	6435
0.0	32765.0	2997.644179	6436
0.0	52424.0	2823.437192	6437
0.0	52424.0	2782.234679	6438
0.0	52424.0	2673.637356	6439
0.0	45871.0	2543.848726	6440
0.0	52424.0	2578.577676	6441
0.0	52424.0	2551.002193	6442
1.0	655360.0	2773.54255	6443
0.0	58977.0	2543.298029	6444
0.0	58977.0	2543.115831	6445
0.0	52424.0	2674.516215	6446
0.0	52424.0	2636.13968	6447
0.0	39318.0	2541.824268	6448
0.0	52424.0	2467.437159	6449
0.0	58977.0	2447.092633	6450
0.0	45871.0	2514.952719	6451
0.0	45871.0	2498.83394	6452
0.0	52424.0	2504.106437	6453
0.0	45871.0	2440.918791	6454
0.0	52424.0	2426.749347	6455
1.0	655360.0	2637.989612	6456
0.0	52424.0	2443.898079	6457
0.0	58977.0	2900.445425	6801
0.0	58977.0	2911.121751	6802
0.0	45871.0	2979.192147	6803
0.0	52424.0	2911.938986	6804
1.0	655360.0	3916.075568	6805
0.0	52424.0	2885.867372	6806
0.0	52424.0	2910.398033	6807
0.0	52424.0	2898.745328	6808
0.0	39318.0	2941.410009	6809
0.0	45871.0	2924.714165	6810
0.0	52424.0	2868.119767	6811
0.0	52424.0	2882.434987	6812
0.0	52424.0	2859.899012	6813
0.0	45871.0	2918.965815	6814
0.0	45871.0	2902.797805	6815
0.0	52424.0	2851.831748	6816
1.0	655360.0	3101.420716	6817
0.0	45871.0	2881.290363	6818
0.0	52424.0	2464.692578	6819
0.0	52424.0	2515.629071	6820
0.0	52424.0	2531.625528	6821
0.0	45871.0	2559.305837	6822
0.0	58977.0	2383.124722	6823
0.0	58977.0	2351.191675	6824
0.0	52424.0	2451.751354	6825
0.0	58977.0	2464.232467	6826
0.0	45871.0	2502.530588	6827
0.0	52424.0	2495.775335	6828
0.0	52424.0	2478.638684	6829
0.0	13106.0	2649.943512	6830
0.0	58977.0	2446.567849	6831
0.0	52424.0	2490.352239	6832
0.0	65530.0	2868.873312	6833
0.0	45871.0	2937.643691	6834
0.0	52424.0	2903.287921	6835
0.0	45871.0	2926.420678	6836
0.0	52424.0	2788.440894	6837
0.0	45871.0	2809.291158	6838
0.0	65530.0	2509.46295	6839
0.0	45871.0	2566.41825	6840
0.0	45871.0	2600.128792	6841
0.0	58977.0	2509.29572	6842
0.0	45871.0	2591.412025	6843
0.0	52424.0	2562.382832	6844
0.0	45871.0	3049.420332	6845
0.0	52424.0	2651.841063	6846
0.0	45871.0	2637.598532	6847
1.0	655360.0	2676.734853	6848
0.0	52424.0	2512.444002	6849
0.0	39318.0	2528.388459	6850
0.0	45871.0	2492.902086	6851
0.0	45871.0	2529.784383	6852
0.0	45871.0	2436.607348	6853
0.0	45871.0	2462.347655	6854
0.0	52424.0	2427.557553	6855
0.0	52424.0	2422.863001	6856
0.0	52424.0	2940.526635	7201
0.0	52424.0	2950.308553	7202
0.0	52424.0	2946.312239	7203
0.0	45871.0	2927.082253	7204
0.0	52424.0	2888.224003	7205
0.0	52424.0	2895.790441	7206
0.0	52424.0	2883.354116	7207
0.0	58977.0	2880.411939	7208
0.0	45871.0	2920.906773	7209
0.0	19659.0	3005.415864	7210
0.0	45871.0	2901.465151	7211
0.0	45871.0	2917.501082	7212
0.0	45871.0	2894.681588	7213
0.0	58977.0	2861.944825	7214
0.0	39318.0	2904.911074	7215
0.0	45871.0	2889.623519	7216
0.0	52424.0	2841.76574	7217
0.0	52424.0	2871.899831	7218
0.0	58977.0	2570.168778	7219
0.0	58977.0	2533.565085	7220
0.0	52424.0	2497.893014	7221
0.0	52424.0	2529.620559	7222
0.0	45871.0	2486.62731	7223
0.0	45871.0	2416.597277	7224
0.0	52424.0	2394.108801	7225
0.0	58977.0	2479.430078	7226
0.0	45871.0	2517.649362	7227
0.0	52424.0	2520.444368	7228
0.0	52424.0	2479.221006	7229
0.0	52424.0	2502.511647	7230
1.0	655360.0	2676.894286	7231
0.0	45871.0	2521.892586	7232
0.0	52424.0	2750.537572	7233
0.0	58977.0	2886.861332	7234
0.0	45871.0	2941.577794	7235
0.0	52424.0	2942.826972	7236
0.0	58977.0	2794.241846	7237
0.0	13106.0	2947.879928	7238
0.0	52424.0	2646.223582	7239
0.0	65530.0	2466.379306	7240
0.0	45871.0	2607.532929	7241
0.0	58977.0	2546.208922	7242
0.0	58977.0	2541.16232	7243
0.0	52424.0	2572.483142	7244
0.0	52424.0	2567.3558	7245
0.0	65530.0	2644.221435	7246
0.0	45871.0	2674.823718	7247
1.0	655360.0	2699.33913	7248
0.0	58977.0	2446.385265	7249
0.0	52424.0	2477.963071	7250
0.0	58977.0	2454.160531	7251
0.0	52424.0	2471.118083	7252
0.0	52424.0	2496.808972	7253
0.0	52424.0	2400.595791	7254
0.0	52424.0	2426.045137	7255
0.0	58977.0	2402.720156	7256
0.0	52424.0	2433.461311	7257
0.0	52424.0	2949.28093	7601
0.0	52424.0	2937.743836	7602
0.0	52424.0	2951.462744	7603
0.0	52424.0	3374.852446	7604
0.0	45871.0	2927.325119	7605
0.0	58977.0	2864.536504	7606
0.0	52424.0	2887.505536	7607
0.0	52424.0	2899.869714	7608
1.0	655360.0	3131.894651	7609
0.0	45871.0	2934.792689	7610
0.0	52424.0	2888.115707	7611
0.0	52424.0	2887.578479	7612
0.0	39318.0	2946.026741	7613
0.0	58977.0	2858.483765	7614
0.0	39318.0	2933.761162	7615
0.0	58977.0	2832.472882	7616
0.0	52424.0	2873.637495	7617
0.0	65530.0	2808.749679	7618
0.0	58977.0	2493.302355	7619
0.0	58977.0	2558.316404	7620
0.0	39318.0	2565.755688	7621
0.0	52424.0	2536.333249	7622
0.0	58977.0	2394.817293	7623
0.0	52424.0	2375.892094	7624
0.0	52424.0	2428.811728	7625
0.0	58977.0	2464.579194	7626
0.0	52424.0	2501.793601	7627
0.0	58977.0	2468.715107	7628
0.0	52424.0	2484.354086	7629
0.0	45871.0	2516.819146	7630
0.0	52424.0	2473.672643	7631
0.0	52424.0	2494.717584	7632
0.0	45871.0	2831.413393	7633
0.0	45871.0	2933.383815	7634
0.0	52424.0	2902.041409	7635
0.0	52424.0	2911.193234	7636
0.0	52424.0	2811.457847	7637
0.0	52424.0	2775.687283	7638
0.0	52424.0	2642.407517	7639
0.0	58977.0	2498.999828	7640
0.0	58977.0	2545.885487	7641
0.0	52424.0	2557.383365	7642
0.0	58977.0	2536.575829	7643
0.0	39318.0	2621.368655	7644
0.0	52424.0	2565.989933	7645
0.0	45871.0	2700.035933	7646
0.0	58977.0	2613.156927	7647
0.0	58977.0	2459.818511	7648
0.0	52424.0	2463.60941	7649
0.0	52424.0	2472.578205	7650
0.0	52424.0	2477.355714	7651
0.0	52424.0	2468.932361	7652
0.0	52424.0	2576.397763	7653
0.0	52424.0	2398.014176	7654
0.0	45871.0	2477.426916	7655
0.0	52424.0	2434.17954	7656
0.0	58977.0	2410.991899	7657
0.0	58977.0	2914.825157	8001
0.0	45871.0	2972.411541	8002
0.0	52424.0	2955.603334	8003
0.0	52424.0	2901.173334	8004
0.0	52424.0	2892.236279	8005
0.0	52424.0	2893.085484	8006
0.0	45871.0	2886.665123	8007
0.0	58977.0	2872.828527	8008
0.0	52424.0	2888.323181	8009
0.0	58977.0	2830.237261	8010
0.0	52424.0	2882.238815	8011
0.0	58977.0	2864.952175	8012
0.0	52424.0	2884.792769	8013
1.0	655360.0	3141.088685	8014
0.0	45871.0	2883.17488	8015
0.0	45871.0	2890.144662	8016
0.0	45871.0	2870.047974	8017
0.0	45871.0	2895.357257	8018
0.0	45871.0	2622.054898	8019
0.0	52424.0	2537.680896	8020
0.0	52424.0	2509.466305	8021
0.0	45871.0	2561.766019	8022
0.0	52424.0	2453.721017	8023
0.0	52424.0	2378.240561	8024
1.0	655360.0	2608.761623	8025
0.0	58977.0	2470.854019	8026
0.0	58977.0	2459.890809	8027
0.0	52424.0	2496.238737	8028
0.0	58977.0	2470.133879	8029
0.0	52424.0	2493.931299	8030
0.0	45871.0	2503.408824	8031
0.0	52424.0	2490.864702	8032
0.0	45871.0	2776.99778	8033
0.0	52424.0	2902.68045	8034
0.0	58977.0	2873.607634	8035
0.0	58977.0	2876.569489	8036
0.0	58977.0	2796.828244	8037
0.0	45871.0	2807.328007	8038
0.0	52424.0	2680.160329	8039
0.0	58977.0	2487.192711	8040
0.0	45871.0	2600.293451	8041
0.0	45871.0	2584.75745	8042
0.0	52424.0	2569.763134	8043
0.0	52424.0	2572.877718	8044
0.0	45871.0	2585.339793	8045
0.0	58977.0	2650.102123	8046
0.0	58977.0	2634.893034	8047
0.0	58977.0	2462.667244	8048
0.0	52424.0	2479.400841	8049
0.0	52424.0	2441.832967	8050
0.0	45871.0	2501.868069	8051
0.0	45871.0	2501.06746	8052
0.0	13106.0	2648.129421	8053
0.0	58977.0	2377.434116	8054
0.0	58977.0	2401.354089	8055
0.0	52424.0	2431.540629	8056
0.0	52424.0	2442.10359	8057
0.0	52424.0	2931.502897	8401
0.0	52424.0	2942.990073	8402
0.0	52424.0	2951.416083	8403
0.0	52424.0	2914.848637	8404
0.0	52424.0	2894.516574	8405
0.0	45871.0	2926.577277	8406
0.0	45871.0	2919.147341	8407
0.0	58977.0	2870.9381	8408
0.0	52424.0	2887.75102	8409
0.0	52424.0	2861.001326	8410
0.0	52424.0	2892.072625	8411
0.0	58977.0	2862.34367	8412
0.0	52424.0	2870.445745	8413
0.0	58977.0	2858.897485	8414
0.0	45871.0	2884.016481	8415
0.0	52424.0	2870.199407	8416
0.0	52424.0	2861.700642	8417
0.0	52424.0	2862.305988	8418
0.0	58977.0	2604.853449	8419
0.0	58977.0	2481.264251	8420
0.0	52424.0	2516.383609	8421
0.0	52424.0	2530.596987	8422
0.0	58977.0	2449.314159	8423
0.0	45871.0	2413.63458	8424
0.0	52424.0	2397.292123	8425
0.0	52424.0	2494.35498	8426
0.0	52424.0	2495.687326	8427
0.0	52424.0	2478.800241	8428
0.0	45871.0	2525.16719	8429
0.0	45871.0	2523.995195	8430
0.0	52424.0	2481.156607	8431
0.0	58977.0	2467.995162	8432
0.0	32765.0	2747.598361	8433
0.0	58977.0	2876.948772	8434
0.0	58977.0	2880.603761	8435
0.0	58977.0	2877.82274	8436
0.0	52424.0	2840.961826	8437
1.0	655360.0	3005.710964	8438
0.0	45871.0	2742.015844	8439
0.0	45871.0	2536.151229	8440
0.0	45871.0	2597.033442	8441
0.0	45871.0	2584.682569	8442
0.0	52424.0	2575.164473	8443
0.0	655360.0	2788.648875	8444
0.0	26212.0	2672.33783	8445
0.0	58977.0	2646.912963	8446
0.0	52424.0	2645.683933	8447
0.0	52424.0	2492.842617	8448
0.0	58977.0	2446.49195	8449
0.0	58977.0	2411.879076	8450
0.0	52424.0	2471.617771	8451
0.0	52424.0	2467.693237	8452
0.0	58977.0	2465.246258	8453
0.0	45871.0	2446.225602	8454
0.0	52424.0	2452.28971	8455
0.0	52424.0	2424.634349	8456
0.0	39318.0	2480.475825	8457
0.0	45871.0	2963.48697	8801
0.0	65530.0	2888.25764	8802
0.0	52424.0	2946.289932	8803
0.0	52424.0	2896.74904	8804
1.0	655360.0	3132.346965	8805
0.0	58977.0	2871.53199	8806
0.0	52424.0	2864.865857	8807
0.0	58977.0	2872.786075	8808
0.0	45871.0	2914.366335	8809
0.0	58977.0	2871.393543	8810
0.0	45871.0	2922.485168	8811
0.0	58977.0	2867.461799	8812
0.0	52424.0	2888.630722	8813
0.0	39318.0	2957.998053	8814
0.0	52424.0	2842.911202	8815
0.0	52424.0	2862.562129	8816
0.0	52424.0	2841.952412	8817
0.0	52424.0	2861.261522	8818
0.0	52424.0	2599.540002	8819
0.0	52424.0	2535.124024	8820
0.0	52424.0	2496.126953	8821
0.0	39318.0	2576.8228	8822
0.0	45871.0	2477.53577	8823
0.0	52424.0	2392.09499	8824
0.0	52424.0	2400.431078	8825
0.0	39318.0	2556.268124	8826
0.0	13106.0	2640.569211	8827
0.0	32765.0	2577.015336	8828
0.0	58977.0	2459.723239	8829
0.0	52424.0	2508.574749	8830
0.0	45871.0	2512.489667	8831
0.0	45871.0	2519.122085	8832
0.0	58977.0	2755.269695	8833
0.0	58977.0	2876.921615	8834
0.0	52424.0	2929.578421	8835
0.0	45871.0	2941.374414	8836
0.0	52424.0	2800.502641	8837
0.0	58977.0	2748.833157	8838
0.0	52424.0	2665.492918	8839
0.0	13106.0	2674.329022	8840
0.0	52424.0	2574.654565	8841
0.0	58977.0	2526.393015	8842
0.0	58977.0	2612.218493	8843
1.0	655360.0	2780.653599	8844
0.0	58977.0	2547.813843	8845
0.0	45871.0	2706.403345	8846
0.0	45871.0	2655.187319	8847
0.0	52424.0	2554.680166	8848
0.0	58977.0	2441.78333	8849
0.0	655360.0	2691.322721	8850
0.0	39318.0	2552.761832	8851
0.0	39318.0	2515.38037	8852
0.0	52424.0	2469.905665	8853
0.0	52424.0	2426.886304	8854
0.0	52424.0	2434.052625	8855
0.0	45871.0	2458.484876	8856
0.0	52424.0	2932.07153	9201
0.0	52424.0	2944.090681	9202
0.0	45871.0	2984.643957	9203
0.0	52424.0	2891.912798	9204
0.0	45871.0	2923.495463	9205
0.0	39318.0	2953.4215	9206
0.0	52424.0	2863.34741	9207
0.0	45871.0	2932.776562	9208
1.0	655360.0	3123.396163	9209
0.0	45871.0	2922.188408	9210
0.0	58977.0	2843.002129	9211
0.0	6553.0	3098.255643	9212
0.0	52424.0	2895.463546	9213
0.0	52424.0	2902.292877	9214
0.0	52424.0	2844.239246	9215
0.0	45871.0	2889.157555	9216
0.0	19659.0	2990.41933	9217
1.0	655360.0	3113.835112	9218
0.0	52424.0	2679.900311	9219
0.0	58977.0	2632.405038	9220
0.0	52424.0	2674.074902	9221
0.0	52424.0	2670.000799	9222
0.0	19659.0	2822.581749	9223
0.0	58977.0	2655.722933	9224
0.0	52424.0	2679.261609	9225
0.0	45871.0	2710.114805	9226
0.0	58977.0	2610.299573	9227
0.0	45871.0	2686.163571	9228
0.0	52424.0	2677.339046	9229
0.0	52424.0	2642.348906	9230
0.0	58977.0	2633.653428	9231
0.0	52424.0	2878.648909	9232
0.0	52424.0	2908.080408	9233
0.0	52424.0	2913.694522	9234
0.0	52424.0	2903.027589	9235
0.0	45871.0	2842.989413	9236
0.0	52424.0	2772.424947	9237
0.0	52424.0	2694.840358	9238
0.0	26212.0	2780.368803	9239
0.0	52424.0	2670.13414	9240
0.0	52424.0	2635.867537	9241
0.0	45871.0	2697.604213	9242
0.0	58977.0	2652.572484	9243
0.0	52424.0	2661.207298	9244
0.0	52424.0	2713.866675	9245
0.0	58977.0	2705.897416	9246
0.0	45871.0	2736.416418	9247
0.0	58977.0	2664.485743	9248
0.0	45871.0	2737.446032	9249
0.0	52424.0	2712.919211	9250
0.0	52424.0	2729.005986	9251
0.0	655360.0	2919.454852	9252
0.0	52424.0	2753.405366	9253
0.0	45871.0	2743.77296	9254
0.0	58977.0	2917.423459	10000
0.0	52424.0	2950.692804	9601
0.0	58977.0	2921.720798	9602
0.0	45871.0	2940.604162	9603
0.0	52424.0	2886.626863	9604
0.0	58977.0	2854.890831	9605
0.0	52424.0	2863.04518	9606
0.0	58977.0	2869.980825	9607
0.0	52424.0	2887.857023	9608
0.0	58977.0	2854.945633	9609
0.0	65530.0	2827.076097	9610
0.0	58977.0	2859.957345	9611
0.0	52424.0	2866.613902	9612
0.0	45871.0	2922.760113	9613
0.0	58977.0	2843.522847	9614
0.0	39318.0	3248.835756	9615
0.0	52424.0	2838.319831	9616
0.0	45871.0	2895.908719	9617
0.0	52424.0	2597.167308	9618
0.0	45871.0	2572.688444	9619
0.0	52424.0	2495.463456	9620
0.0	52424.0	2528.75154	9621
0.0	65530.0	2417.177847	9622
0.0	52424.0	2389.03975	9623
0.0	52424.0	2408.540432	9624
0.0	52424.0	2500.240898	9625
0.0	52424.0	2493.375172	9626
0.0	52424.0	2496.530518	9627
0.0	52424.0	2486.047321	9628
0.0	45871.0	2518.079554	9629
0.0	58977.0	2449.29813	9630
0.0	39318.0	2542.261698	9631
0.0	52424.0	2717.460252	9632
0.0	45871.0	2944.226202	9633
0.0	52424.0	2909.728259	9634
0.0	52424.0	2903.024888	9635
0.0	52424.0	2821.516897	9636
0.0	52424.0	2777.113714	9637
0.0	52424.0	2711.725224	9638
0.0	45871.0	2538.540242	9639
0.0	45871.0	2601.881054	9640
0.0	52424.0	2553.774831	9641
0.0	58977.0	2554.611815	9642
0.0	45871.0	2600.765527	9643
0.0	52424.0	2548.246009	9644
0.0	52424.0	2681.361289	9645
0.0	45871.0	2698.944442	9646
0.0	45871.0	2512.390589	9647
0.0	52424.0	2504.91795	9648
0.0	52424.0	2441.707311	9649
0.0	52424.0	2467.075895	9650
0.0	39318.0	2523.624376	9651
0.0	52424.0	2490.608583	9652
0.0	52424.0	2404.727996	9653
0.0	52424.0	2432.533688	9654
0.0	52424.0	2433.202957	9655
0.0	52424.0	2432.661463	9656
