#SA coloring
#N=65536  nIter=655360  c=12.35   NSamples=1244
#av(e)	24.789389067524116
#std(e)	0.13912749839538927
#av(t)	3020.7825803536975
#std(t)	8.215743547227595
32.0	655360.0	3271.396079	100
19.0	655360.0	3264.707794	101
33.0	655360.0	3263.978185	102
19.0	655360.0	3272.003421	103
21.0	655360.0	3274.683964	104
33.0	655360.0	3232.020301	105
17.0	655360.0	3255.899598	106
21.0	655360.0	3232.743411	107
21.0	655360.0	3263.596614	108
23.0	655360.0	3251.812115	109
20.0	655360.0	3312.135256	10
27.0	655360.0	3193.59902	110
26.0	655360.0	3145.889878	111
35.0	655360.0	3173.641079	112
20.0	655360.0	3152.587533	113
19.0	655360.0	3181.206459	114
29.0	655360.0	3153.918693	115
31.0	655360.0	3140.531898	116
28.0	655360.0	3166.158801	117
18.0	655360.0	3147.095367	118
30.0	655360.0	3162.585773	119
27.0	655360.0	3161.733809	11
22.0	655360.0	3210.978087	120
20.0	655360.0	3205.802571	121
33.0	655360.0	3138.539558	122
19.0	655360.0	3149.659883	123
26.0	655360.0	3141.97191	124
31.0	655360.0	3117.074577	125
33.0	655360.0	3132.627654	126
24.0	655360.0	3108.962298	127
23.0	655360.0	3097.228034	128
29.0	655360.0	2794.060083	129
22.0	655360.0	2669.428193	12
28.0	655360.0	2647.821822	130
24.0	655360.0	2670.394802	131
25.0	655360.0	2663.353199	132
29.0	655360.0	2650.10619	133
26.0	655360.0	2666.526677	134
17.0	655360.0	2663.194199	135
40.0	655360.0	2665.725809	136
21.0	655360.0	2669.489663	137
32.0	655360.0	2697.441245	138
24.0	655360.0	2670.381561	139
16.0	655360.0	2653.54123	13
30.0	655360.0	2668.590152	140
26.0	655360.0	2773.491061	141
28.0	655360.0	2877.010305	142
22.0	655360.0	2769.96436	143
31.0	655360.0	2854.825146	144
28.0	655360.0	2849.555248	145
28.0	655360.0	3261.368876	401
19.0	655360.0	3261.501604	402
16.0	655360.0	3252.998567	403
21.0	655360.0	3262.623788	404
26.0	655360.0	3261.854771	405
28.0	655360.0	3251.482615	406
25.0	655360.0	3262.06498	407
31.0	655360.0	3250.752843	408
20.0	655360.0	3268.72069	409
30.0	655360.0	3252.374389	410
25.0	655360.0	3207.28761	411
33.0	655360.0	3188.577325	412
24.0	655360.0	3147.169779	413
24.0	655360.0	3183.301013	414
19.0	655360.0	3159.661932	415
14.0	655360.0	3173.028634	416
20.0	655360.0	3158.03466	417
29.0	655360.0	3161.535202	418
20.0	655360.0	3160.106557	419
23.0	655360.0	3149.152184	420
23.0	655360.0	3161.680569	421
23.0	655360.0	3145.291321	422
25.0	655360.0	3212.534208	423
28.0	655360.0	3210.896374	424
24.0	655360.0	3160.172203	425
22.0	655360.0	3148.246756	426
31.0	655360.0	3135.361965	427
23.0	655360.0	3129.59252	428
35.0	655360.0	3118.818765	429
19.0	655360.0	3119.074621	430
28.0	655360.0	3103.995737	431
30.0	655360.0	2808.698434	432
29.0	655360.0	2669.216579	433
23.0	655360.0	2652.642031	434
20.0	655360.0	2667.966445	435
25.0	655360.0	2702.176458	436
21.0	655360.0	2649.96969	437
29.0	655360.0	2666.432818	438
22.0	655360.0	2666.932945	439
28.0	655360.0	2668.694566	440
22.0	655360.0	2666.910947	441
27.0	655360.0	2672.771418	442
33.0	655360.0	2666.882754	443
21.0	655360.0	2665.97383	444
19.0	655360.0	2672.369314	445
32.0	655360.0	2773.835875	446
26.0	655360.0	2872.986122	447
32.0	655360.0	2763.31868	448
26.0	655360.0	2864.647903	449
25.0	655360.0	2840.449692	450
22.0	655360.0	3245.831591	1000
31.0	655360.0	3252.61415	1001
20.0	655360.0	3247.587878	1002
20.0	655360.0	3303.624082	1003
30.0	655360.0	3247.485549	1004
22.0	655360.0	3239.417157	1005
21.0	655360.0	3239.062772	1006
23.0	655360.0	3229.29563	1007
26.0	655360.0	3240.972048	1008
23.0	655360.0	3233.989329	1009
25.0	655360.0	3182.062438	1010
26.0	655360.0	3192.299643	1011
23.0	655360.0	3134.348041	1012
23.0	655360.0	3155.835948	1013
21.0	655360.0	3140.467708	1014
30.0	655360.0	3159.19877	1015
17.0	655360.0	3150.512411	1016
26.0	655360.0	3142.838471	1017
25.0	655360.0	3141.27347	1018
18.0	655360.0	3156.496671	1019
17.0	655360.0	3146.060552	1020
28.0	655360.0	3143.519869	1021
23.0	655360.0	3196.99123	1022
23.0	655360.0	3204.923791	1023
23.0	655360.0	3171.488933	1024
28.0	655360.0	3136.56865	1025
22.0	655360.0	3134.661181	1026
32.0	655360.0	3124.688165	1027
22.0	655360.0	3174.979412	1028
19.0	655360.0	3103.566491	1029
21.0	655360.0	3087.868324	1030
24.0	655360.0	2836.726254	1031
15.0	655360.0	2674.476749	1032
26.0	655360.0	2650.314277	1033
26.0	655360.0	2668.194899	1034
22.0	655360.0	2675.191578	1035
29.0	655360.0	2646.032092	1036
32.0	655360.0	2663.721824	1037
25.0	655360.0	2657.052622	1038
30.0	655360.0	2663.767829	1039
31.0	655360.0	2659.287801	1040
14.0	655360.0	2653.528091	1041
32.0	655360.0	2665.685117	1042
22.0	655360.0	2652.60815	1043
34.0	655360.0	2662.019824	1044
21.0	655360.0	2746.554392	1045
34.0	655360.0	2878.788389	1046
20.0	655360.0	2756.855145	1047
24.0	655360.0	2860.884562	1048
28.0	655360.0	2831.244436	1049
29.0	655360.0	3256.006618	1201
23.0	655360.0	3268.767528	1202
21.0	655360.0	3250.957141	1203
27.0	655360.0	3272.105555	1204
29.0	655360.0	3262.268138	1205
23.0	655360.0	3230.78243	1206
23.0	655360.0	3266.899471	1207
31.0	655360.0	3250.643804	1208
31.0	655360.0	3263.17634	1209
22.0	655360.0	3251.435479	1210
31.0	655360.0	3215.310914	1211
21.0	655360.0	3188.489599	1212
27.0	655360.0	3145.675497	1213
29.0	655360.0	3173.521861	1214
29.0	655360.0	3171.188426	1215
17.0	655360.0	3180.080137	1216
25.0	655360.0	3167.258261	1217
22.0	655360.0	3126.967247	1218
27.0	655360.0	3166.357925	1219
12.0	655360.0	3149.275878	1220
25.0	655360.0	3162.382624	1221
27.0	655360.0	3229.629411	1222
19.0	655360.0	3210.639373	1223
24.0	655360.0	3204.11421	1224
28.0	655360.0	3146.79026	1225
27.0	655360.0	3144.842803	1226
32.0	655360.0	3135.723867	1227
26.0	655360.0	3132.882191	1228
20.0	655360.0	3120.873228	1229
35.0	655360.0	3116.055103	1230
31.0	655360.0	3085.480703	1231
32.0	655360.0	2822.028485	1232
25.0	655360.0	2668.662013	1233
30.0	655360.0	2665.44691	1234
24.0	655360.0	2670.295732	1235
33.0	655360.0	2664.404363	1236
30.0	655360.0	2644.530551	1237
27.0	655360.0	2667.881885	1238
28.0	655360.0	2731.340146	1239
20.0	655360.0	2669.198976	1240
32.0	655360.0	2669.105994	1241
22.0	655360.0	2680.640599	1242
21.0	655360.0	2665.521201	1243
30.0	655360.0	2631.632241	1244
21.0	655360.0	2673.175298	1245
15.0	655360.0	2776.434307	1246
27.0	655360.0	2878.030187	1247
26.0	655360.0	2757.182445	1248
27.0	655360.0	2859.305123	1249
32.0	655360.0	2839.776627	1250
21.0	655360.0	3256.92457	1601
23.0	655360.0	3265.761776	1602
16.0	655360.0	3259.864441	1603
21.0	655360.0	3257.753619	1604
21.0	655360.0	3267.015058	1605
18.0	655360.0	3245.423288	1606
25.0	655360.0	3257.934013	1607
20.0	655360.0	3233.287805	1608
24.0	655360.0	3257.002314	1609
21.0	655360.0	3244.723352	1610
22.0	655360.0	3206.16207	1611
15.0	655360.0	3191.437734	1612
16.0	655360.0	3179.408785	1613
34.0	655360.0	3174.786198	1614
21.0	655360.0	3164.059033	1615
23.0	655360.0	3176.637803	1616
26.0	655360.0	3159.19105	1617
23.0	655360.0	3143.82481	1618
29.0	655360.0	3177.324776	1619
36.0	655360.0	3159.542992	1620
21.0	655360.0	3163.171022	1621
23.0	655360.0	3147.118633	1622
23.0	655360.0	3205.706235	1623
28.0	655360.0	3209.897044	1624
26.0	655360.0	3162.417482	1625
31.0	655360.0	3146.13703	1626
20.0	655360.0	3134.829413	1627
37.0	655360.0	3134.825371	1628
26.0	655360.0	3125.538067	1629
37.0	655360.0	3112.820905	1630
29.0	655360.0	3104.499439	1631
20.0	655360.0	2801.811766	1632
31.0	655360.0	2664.463532	1633
23.0	655360.0	2650.215748	1634
31.0	655360.0	2666.879635	1635
31.0	655360.0	2673.588478	1636
29.0	655360.0	2641.218042	1637
32.0	655360.0	2670.091774	1638
29.0	655360.0	2657.561534	1639
25.0	655360.0	2670.35686	1640
24.0	655360.0	2667.432146	1641
29.0	655360.0	2655.745642	1642
35.0	655360.0	2662.663394	1643
24.0	655360.0	2629.107649	1644
19.0	655360.0	2676.275989	1645
27.0	655360.0	2760.422417	1646
21.0	655360.0	2874.136039	1647
17.0	655360.0	2761.854617	1648
22.0	655360.0	2857.917516	1649
31.0	655360.0	2861.004681	1650
30.0	655360.0	3251.121632	2001
25.0	655360.0	3264.515696	2002
19.0	655360.0	3261.812187	2003
21.0	655360.0	3261.021246	2004
31.0	655360.0	3268.274407	2005
24.0	655360.0	3230.914028	2006
25.0	655360.0	3258.219756	2007
17.0	655360.0	3233.363037	2008
27.0	655360.0	3268.292165	2009
21.0	655360.0	3245.30237	2010
16.0	655360.0	3213.432787	2011
27.0	655360.0	3209.749429	2012
27.0	655360.0	3160.974637	2013
25.0	655360.0	3186.31532	2014
28.0	655360.0	3164.327038	2015
22.0	655360.0	3175.248258	2016
24.0	655360.0	3155.385217	2017
15.0	655360.0	3117.286153	2018
28.0	655360.0	3173.077887	2019
26.0	655360.0	3145.777676	2020
29.0	655360.0	3164.726014	2021
35.0	655360.0	3159.835987	2022
21.0	655360.0	3220.142161	2023
26.0	655360.0	3211.250751	2024
21.0	655360.0	3145.379517	2025
26.0	655360.0	3141.174989	2026
32.0	655360.0	3135.424801	2027
29.0	655360.0	3120.646561	2028
30.0	655360.0	3121.423062	2029
26.0	655360.0	3133.614835	2030
29.0	655360.0	3104.268154	2031
22.0	655360.0	2805.362786	2032
16.0	655360.0	2670.260127	2033
20.0	655360.0	2648.774536	2034
20.0	655360.0	2663.487495	2035
20.0	655360.0	2666.21577	2036
13.0	655360.0	2645.407011	2037
26.0	655360.0	2670.61449	2038
25.0	655360.0	2666.050088	2039
32.0	655360.0	2665.475423	2040
25.0	655360.0	2712.508743	2041
22.0	655360.0	2677.649052	2042
23.0	655360.0	2667.408273	2043
25.0	655360.0	2656.044202	2044
26.0	655360.0	2662.254846	2045
31.0	655360.0	2770.483938	2046
28.0	655360.0	2880.355698	2047
20.0	655360.0	2764.622472	2048
30.0	655360.0	2858.887673	2049
21.0	655360.0	2842.848572	2050
23.0	655360.0	3251.015597	2401
24.0	655360.0	3269.674591	2402
25.0	655360.0	3267.314949	2403
33.0	655360.0	3277.003573	2404
33.0	655360.0	3268.778059	2405
22.0	655360.0	3228.450233	2406
12.0	655360.0	3268.12076	2407
32.0	655360.0	3244.947532	2408
22.0	655360.0	3264.343038	2409
17.0	655360.0	3251.112022	2410
28.0	655360.0	3208.15377	2411
25.0	655360.0	3191.964671	2412
34.0	655360.0	3169.502918	2413
20.0	655360.0	3180.290498	2414
30.0	655360.0	3165.948301	2415
35.0	655360.0	3180.472441	2416
21.0	655360.0	3168.561083	2417
20.0	655360.0	3122.759099	2418
25.0	655360.0	3172.444779	2419
18.0	655360.0	3147.396518	2420
26.0	655360.0	3249.896963	2421
23.0	655360.0	3150.612437	2422
18.0	655360.0	3204.273455	2423
25.0	655360.0	3299.815645	2424
23.0	655360.0	3150.78663	2425
33.0	655360.0	3157.135026	2426
26.0	655360.0	3145.424738	2427
25.0	655360.0	3142.106914	2428
24.0	655360.0	3126.203311	2429
16.0	655360.0	3152.61093	2430
24.0	655360.0	3092.513938	2431
32.0	655360.0	2785.976183	2432
21.0	655360.0	2665.703948	2433
24.0	655360.0	2658.403534	2434
27.0	655360.0	2665.336263	2435
22.0	655360.0	2669.011585	2436
19.0	655360.0	2634.916262	2437
27.0	655360.0	2669.761153	2438
21.0	655360.0	2662.343757	2439
28.0	655360.0	2673.088597	2440
23.0	655360.0	2665.819856	2441
21.0	655360.0	2668.252281	2442
28.0	655360.0	2674.011853	2443
17.0	655360.0	2629.126688	2444
19.0	655360.0	2673.612076	2445
20.0	655360.0	2801.636913	2446
33.0	655360.0	2880.484414	2447
21.0	655360.0	2764.602616	2448
24.0	655360.0	2859.290494	2449
25.0	655360.0	2847.673451	2450
27.0	655360.0	3257.752233	2801
27.0	655360.0	3260.034931	2802
23.0	655360.0	3261.448397	2803
15.0	655360.0	3273.009938	2804
27.0	655360.0	3261.054184	2805
34.0	655360.0	3238.703494	2806
26.0	655360.0	3265.213677	2807
24.0	655360.0	3257.59421	2808
18.0	655360.0	3266.147735	2809
23.0	655360.0	3248.587677	2810
25.0	655360.0	3305.659927	2811
31.0	655360.0	3196.357618	2812
21.0	655360.0	3163.768206	2813
26.0	655360.0	3188.712406	2814
22.0	655360.0	3156.480509	2815
30.0	655360.0	3184.791723	2816
33.0	655360.0	3163.583519	2817
15.0	655360.0	3114.988986	2818
25.0	655360.0	3159.580226	2819
21.0	655360.0	3138.80317	2820
27.0	655360.0	3164.954318	2821
26.0	655360.0	3160.825143	2822
25.0	655360.0	3211.876385	2823
30.0	655360.0	3215.974796	2824
28.0	655360.0	3131.766428	2825
23.0	655360.0	3146.726798	2826
23.0	655360.0	3134.495433	2827
20.0	655360.0	3122.588951	2828
21.0	655360.0	3124.171248	2829
33.0	655360.0	3115.340122	2830
17.0	655360.0	3099.532904	2831
21.0	655360.0	2801.87468	2832
27.0	655360.0	2678.632482	2833
25.0	655360.0	2662.911733	2834
28.0	655360.0	2666.897257	2835
17.0	655360.0	2670.034039	2836
31.0	655360.0	2653.017833	2837
23.0	655360.0	2676.045496	2838
21.0	655360.0	2662.829611	2839
24.0	655360.0	2667.330532	2840
28.0	655360.0	2669.975951	2841
24.0	655360.0	2673.054577	2842
25.0	655360.0	2671.762431	2843
17.0	655360.0	2645.287388	2844
22.0	655360.0	2671.736677	2845
26.0	655360.0	2776.438358	2846
20.0	655360.0	2880.992266	2847
26.0	655360.0	2765.00987	2848
20.0	655360.0	2861.656728	2849
22.0	655360.0	2853.01617	2850
28.0	655360.0	3253.37927	3201
28.0	655360.0	3270.237506	3202
27.0	655360.0	3251.459428	3203
27.0	655360.0	3262.024664	3204
22.0	655360.0	3271.422752	3205
22.0	655360.0	3231.027625	3206
33.0	655360.0	3274.971007	3207
23.0	655360.0	3252.709644	3208
18.0	655360.0	3259.599094	3209
37.0	655360.0	3244.022925	3210
34.0	655360.0	3212.340754	3211
19.0	655360.0	3193.71664	3212
28.0	655360.0	3172.411183	3213
18.0	655360.0	3179.541118	3214
22.0	655360.0	3162.532344	3215
18.0	655360.0	3173.891141	3216
32.0	655360.0	3162.855316	3217
32.0	655360.0	3120.494501	3218
27.0	655360.0	3165.627462	3219
26.0	655360.0	3144.079856	3220
30.0	655360.0	3164.512033	3221
21.0	655360.0	3151.448286	3222
26.0	655360.0	3227.501388	3223
23.0	655360.0	3207.564354	3224
28.0	655360.0	3148.98493	3225
25.0	655360.0	3155.045333	3226
24.0	655360.0	3139.716082	3227
17.0	655360.0	3116.633254	3228
23.0	655360.0	3125.125887	3229
30.0	655360.0	3111.050174	3230
28.0	655360.0	3092.086317	3231
34.0	655360.0	2811.206672	3232
29.0	655360.0	2670.285373	3233
16.0	655360.0	2657.37574	3234
22.0	655360.0	2693.184904	3235
24.0	655360.0	2677.704649	3236
27.0	655360.0	2656.634361	3237
30.0	655360.0	2664.604635	3238
20.0	655360.0	2654.600131	3239
32.0	655360.0	2665.155496	3240
26.0	655360.0	2674.838141	3241
25.0	655360.0	2676.621893	3242
27.0	655360.0	2673.337994	3243
29.0	655360.0	2634.484552	3244
35.0	655360.0	2665.335225	3245
19.0	655360.0	2768.42514	3246
30.0	655360.0	2881.166262	3247
23.0	655360.0	2761.228485	3248
26.0	655360.0	2864.49637	3249
35.0	655360.0	2847.86184	3250
31.0	655360.0	3260.631434	3601
29.0	655360.0	3272.053833	3602
26.0	655360.0	3260.118129	3603
31.0	655360.0	3261.414711	3604
19.0	655360.0	3256.24717	3605
26.0	655360.0	3249.187207	3606
27.0	655360.0	3267.913101	3607
20.0	655360.0	3238.678403	3608
21.0	655360.0	3262.073221	3609
25.0	655360.0	3257.371453	3610
20.0	655360.0	3208.939358	3611
29.0	655360.0	3205.033782	3612
35.0	655360.0	3172.238332	3613
25.0	655360.0	3176.486992	3614
25.0	655360.0	3167.585976	3615
26.0	655360.0	3177.557393	3616
22.0	655360.0	3154.407278	3617
29.0	655360.0	3117.125789	3618
16.0	655360.0	3158.575993	3619
16.0	655360.0	3170.621307	3620
25.0	655360.0	3170.556047	3621
24.0	655360.0	3154.371607	3622
28.0	655360.0	3216.554497	3623
27.0	655360.0	3213.052256	3624
20.0	655360.0	3148.727467	3625
27.0	655360.0	3139.473319	3626
34.0	655360.0	3141.896791	3627
31.0	655360.0	3135.695922	3628
29.0	655360.0	3145.101814	3629
24.0	655360.0	3102.620509	3630
30.0	655360.0	3082.755982	3631
22.0	655360.0	2806.209714	3632
28.0	655360.0	2665.794173	3633
37.0	655360.0	2652.477318	3634
26.0	655360.0	2666.604326	3635
21.0	655360.0	2672.222386	3636
18.0	655360.0	2644.334248	3637
16.0	655360.0	2664.437486	3638
23.0	655360.0	2663.204909	3639
20.0	655360.0	2670.108478	3640
28.0	655360.0	2666.332801	3641
21.0	655360.0	2683.285211	3642
17.0	655360.0	2669.590938	3643
28.0	655360.0	2670.252147	3644
21.0	655360.0	2667.289897	3645
26.0	655360.0	2773.11737	3646
27.0	655360.0	2880.550026	3647
34.0	655360.0	2760.858298	3648
27.0	655360.0	2870.29612	3649
30.0	655360.0	2922.472861	3650
25.0	655360.0	3695.289967	4001
29.0	655360.0	3244.223698	4002
28.0	655360.0	3238.20593	4003
36.0	655360.0	3243.497388	4004
25.0	655360.0	3239.286663	4005
29.0	655360.0	3212.215476	4006
32.0	655360.0	3243.125878	4007
28.0	655360.0	3223.448242	4008
27.0	655360.0	3244.290251	4009
24.0	655360.0	3241.745421	4010
27.0	655360.0	3175.581281	4011
24.0	655360.0	3175.273606	4012
24.0	655360.0	3146.885486	4013
28.0	655360.0	3160.604275	4014
22.0	655360.0	3409.583762	4015
25.0	655360.0	3155.551278	4016
21.0	655360.0	3145.295598	4017
28.0	655360.0	3152.419147	4018
27.0	655360.0	3158.678103	4019
31.0	655360.0	3137.026605	4020
24.0	655360.0	3140.094923	4021
20.0	655360.0	3139.441435	4022
22.0	655360.0	3203.996457	4023
23.0	655360.0	3198.580437	4024
17.0	655360.0	3131.501919	4025
22.0	655360.0	3137.023357	4026
25.0	655360.0	3128.820507	4027
31.0	655360.0	3108.497673	4028
29.0	655360.0	3114.004828	4029
19.0	655360.0	3106.754942	4030
27.0	655360.0	3074.479231	4031
18.0	655360.0	2770.449764	4032
30.0	655360.0	2661.448682	4033
25.0	655360.0	2650.847519	4034
26.0	655360.0	2659.724714	4035
22.0	655360.0	2655.134533	4036
26.0	655360.0	2634.23454	4037
28.0	655360.0	2664.725265	4038
26.0	655360.0	2662.016954	4039
25.0	655360.0	2659.332531	4040
23.0	655360.0	2661.287284	4041
21.0	655360.0	2662.993112	4042
27.0	655360.0	2659.534634	4043
27.0	655360.0	2653.114477	4044
17.0	655360.0	2655.457853	4045
24.0	655360.0	2767.146098	4046
28.0	655360.0	2876.039674	4047
22.0	655360.0	2751.120901	4048
23.0	655360.0	2854.561532	4049
25.0	655360.0	2849.980027	4050
16.0	655360.0	3260.042862	4401
25.0	655360.0	3257.772272	4402
25.0	655360.0	3249.930921	4403
22.0	655360.0	3266.049089	4404
23.0	655360.0	3272.845722	4405
27.0	655360.0	3232.258645	4406
22.0	655360.0	3270.118739	4407
20.0	655360.0	3251.518011	4408
26.0	655360.0	3268.816814	4409
25.0	655360.0	3332.267754	4410
23.0	655360.0	3212.125874	4411
30.0	655360.0	3188.93561	4412
13.0	655360.0	3150.758409	4413
32.0	655360.0	3176.036252	4414
25.0	655360.0	3154.330847	4415
21.0	655360.0	3177.002949	4416
21.0	655360.0	3158.665865	4417
16.0	655360.0	3117.024603	4418
25.0	655360.0	3164.812677	4419
19.0	655360.0	3162.210503	4420
22.0	655360.0	3209.665216	4421
30.0	655360.0	3144.022463	4422
24.0	655360.0	3202.799084	4423
20.0	655360.0	3207.616357	4424
20.0	655360.0	3147.743274	4425
21.0	655360.0	3140.306306	4426
26.0	655360.0	3137.06858	4427
29.0	655360.0	3113.367989	4428
19.0	655360.0	3125.913061	4429
21.0	655360.0	3109.501281	4430
31.0	655360.0	3183.15822	4431
30.0	655360.0	2802.931438	4432
25.0	655360.0	2667.461888	4433
21.0	655360.0	2721.416931	4434
24.0	655360.0	2672.107488	4435
33.0	655360.0	2673.117007	4436
19.0	655360.0	2640.84638	4437
28.0	655360.0	2687.894751	4438
22.0	655360.0	2660.758762	4439
18.0	655360.0	2669.45907	4440
29.0	655360.0	2662.122702	4441
26.0	655360.0	2672.03912	4442
28.0	655360.0	2675.565183	4443
22.0	655360.0	2627.635034	4444
24.0	655360.0	2666.276077	4445
29.0	655360.0	2787.285602	4446
29.0	655360.0	2882.651808	4447
29.0	655360.0	2761.239633	4448
28.0	655360.0	2857.016674	4449
17.0	655360.0	2842.063	4450
24.0	655360.0	3333.161526	4801
24.0	655360.0	3326.425785	4802
25.0	655360.0	3304.481884	4803
19.0	655360.0	3312.138043	4804
20.0	655360.0	3311.084407	4805
20.0	655360.0	3278.184303	4806
25.0	655360.0	3317.864546	4807
19.0	655360.0	3303.155146	4808
29.0	655360.0	3316.101001	4809
13.0	655360.0	3288.204994	4810
30.0	655360.0	3256.41611	4811
27.0	655360.0	3239.344521	4812
18.0	655360.0	3190.552533	4813
30.0	655360.0	3231.568671	4814
30.0	655360.0	3208.37142	4815
27.0	655360.0	3224.336632	4816
20.0	655360.0	3196.956462	4817
27.0	655360.0	3217.762814	4818
16.0	655360.0	3218.434773	4819
26.0	655360.0	3171.985981	4820
29.0	655360.0	3223.69472	4821
24.0	655360.0	3229.304646	4822
22.0	655360.0	3359.964671	4823
22.0	655360.0	3353.149926	4824
25.0	655360.0	3268.434362	4825
16.0	655360.0	3303.486097	4826
26.0	655360.0	3297.152204	4827
31.0	655360.0	3186.103928	4828
19.0	655360.0	3143.040653	4829
15.0	655360.0	3110.766325	4830
19.0	655360.0	2937.026402	4831
30.0	655360.0	2680.811681	4832
29.0	655360.0	2688.505916	4833
21.0	655360.0	2669.046551	4834
28.0	655360.0	2668.281138	4835
17.0	655360.0	2706.937115	4836
26.0	655360.0	2774.148213	4837
23.0	655360.0	2666.009822	4838
25.0	655360.0	2631.73925	4839
29.0	655360.0	2663.167562	4840
26.0	655360.0	2656.243514	4841
14.0	655360.0	2671.494091	4842
20.0	655360.0	2640.291985	4843
26.0	655360.0	2682.267844	4844
23.0	655360.0	2713.725081	4845
18.0	655360.0	2877.540985	4846
24.0	655360.0	2805.337656	4847
24.0	655360.0	2827.068382	4848
23.0	655360.0	2842.590298	4849
25.0	655360.0	3270.317818	5201
24.0	655360.0	3279.142218	5202
24.0	655360.0	3254.538594	5203
27.0	655360.0	3268.322969	5204
25.0	655360.0	3266.3181	5205
20.0	655360.0	3227.943224	5206
26.0	655360.0	3266.584707	5207
23.0	655360.0	3237.250251	5208
30.0	655360.0	3261.406138	5209
22.0	655360.0	3249.290053	5210
28.0	655360.0	3226.614376	5211
32.0	655360.0	3195.702406	5212
28.0	655360.0	3169.599486	5213
31.0	655360.0	3181.944998	5214
20.0	655360.0	3157.600965	5215
26.0	655360.0	3187.945836	5216
29.0	655360.0	3152.091247	5217
26.0	655360.0	3148.617703	5218
21.0	655360.0	3161.939044	5219
23.0	655360.0	3170.02551	5220
22.0	655360.0	3161.714569	5221
28.0	655360.0	3157.940927	5222
23.0	655360.0	3207.908991	5223
17.0	655360.0	3222.976362	5224
27.0	655360.0	3136.341813	5225
17.0	655360.0	3140.910835	5226
19.0	655360.0	3133.587254	5227
19.0	655360.0	3123.919408	5228
30.0	655360.0	3133.91863	5229
35.0	655360.0	3113.651719	5230
20.0	655360.0	3096.970615	5231
33.0	655360.0	2802.199183	5232
15.0	655360.0	2670.683311	5233
23.0	655360.0	2652.511193	5234
22.0	655360.0	2673.820899	5235
17.0	655360.0	3058.104945	5236
25.0	655360.0	2709.579085	5237
26.0	655360.0	2670.632464	5238
32.0	655360.0	2649.330296	5239
25.0	655360.0	2676.312541	5240
15.0	655360.0	2669.982072	5241
27.0	655360.0	2671.847525	5242
23.0	655360.0	2668.608601	5243
28.0	655360.0	2670.677441	5244
21.0	655360.0	2685.307415	5245
23.0	655360.0	2844.988417	5246
29.0	655360.0	2877.753617	5247
20.0	655360.0	2768.072286	5248
17.0	655360.0	3386.203662	5249
18.0	655360.0	3271.069735	5601
25.0	655360.0	3268.393072	5602
23.0	655360.0	3253.589409	5603
24.0	655360.0	3260.495837	5604
30.0	655360.0	3265.166824	5605
21.0	655360.0	3224.92898	5606
17.0	655360.0	3266.688119	5607
33.0	655360.0	3234.214485	5608
25.0	655360.0	3265.212529	5609
19.0	655360.0	3250.342405	5610
25.0	655360.0	3210.762676	5611
19.0	655360.0	3191.942762	5612
28.0	655360.0	3151.946989	5613
21.0	655360.0	3175.811357	5614
24.0	655360.0	3155.564223	5615
31.0	655360.0	3171.170844	5616
30.0	655360.0	3160.735946	5617
24.0	655360.0	3122.794163	5618
28.0	655360.0	3171.51628	5619
27.0	655360.0	3143.347064	5620
26.0	655360.0	3167.987496	5621
20.0	655360.0	3159.228509	5622
27.0	655360.0	3202.349735	5623
29.0	655360.0	3212.456235	5624
22.0	655360.0	3155.732984	5625
19.0	655360.0	3144.270782	5626
28.0	655360.0	3143.291536	5627
33.0	655360.0	3131.214546	5628
18.0	655360.0	3124.21486	5629
20.0	655360.0	3111.759428	5630
21.0	655360.0	3085.017771	5631
19.0	655360.0	2822.676684	5632
24.0	655360.0	2666.741863	5633
17.0	655360.0	2665.158612	5634
28.0	655360.0	2670.68638	5635
20.0	655360.0	2679.599263	5636
23.0	655360.0	2642.796991	5637
21.0	655360.0	2676.14582	5638
24.0	655360.0	2660.87508	5639
23.0	655360.0	2668.642908	5640
20.0	655360.0	2660.477027	5641
26.0	655360.0	2636.006583	5642
23.0	655360.0	2675.590927	5643
23.0	655360.0	2649.642524	5644
25.0	655360.0	2666.902996	5645
30.0	655360.0	2762.486517	5646
31.0	655360.0	2878.139552	5647
24.0	655360.0	2755.082885	5648
32.0	655360.0	2853.49272	5649
27.0	655360.0	2848.656627	5650
25.0	655360.0	3259.946911	6001
14.0	655360.0	3263.524144	6002
16.0	655360.0	3260.110941	6003
18.0	655360.0	3282.778754	6004
19.0	655360.0	3264.514144	6005
23.0	655360.0	3231.163307	6006
24.0	655360.0	3254.900444	6007
28.0	655360.0	3243.276264	6008
21.0	655360.0	3266.681615	6009
31.0	655360.0	3277.602353	6010
19.0	655360.0	3204.20085	6011
20.0	655360.0	3198.441375	6012
19.0	655360.0	3148.245284	6013
27.0	655360.0	3183.194881	6014
21.0	655360.0	3156.366447	6015
24.0	655360.0	3176.82834	6016
24.0	655360.0	3158.390732	6017
27.0	655360.0	3122.706075	6018
28.0	655360.0	3175.324678	6019
23.0	655360.0	3146.597793	6020
28.0	655360.0	3169.641463	6021
27.0	655360.0	3168.19914	6022
35.0	655360.0	3219.26981	6023
17.0	655360.0	3252.645483	6024
26.0	655360.0	3149.927763	6025
31.0	655360.0	3149.36093	6026
39.0	655360.0	3136.47005	6027
19.0	655360.0	3115.415054	6028
22.0	655360.0	3126.454238	6029
23.0	655360.0	3113.266438	6030
14.0	655360.0	3085.489727	6031
22.0	655360.0	2799.829109	6032
26.0	655360.0	2671.52589	6033
27.0	655360.0	2665.855628	6034
27.0	655360.0	2672.00889	6035
16.0	655360.0	2668.606846	6036
30.0	655360.0	2639.548253	6037
25.0	655360.0	2678.436827	6038
26.0	655360.0	2664.17069	6039
24.0	655360.0	2667.419926	6040
27.0	655360.0	2662.037947	6041
21.0	655360.0	3199.386788	6042
26.0	655360.0	2667.377542	6043
18.0	655360.0	2668.056179	6044
25.0	655360.0	2663.263333	6045
28.0	655360.0	2848.978989	6046
23.0	655360.0	2879.690551	6047
26.0	655360.0	2761.289299	6048
26.0	655360.0	2860.412357	6049
23.0	655360.0	2866.810589	6050
24.0	655360.0	3267.938606	6401
18.0	655360.0	3271.838238	6402
29.0	655360.0	3260.138411	6403
28.0	655360.0	3262.355207	6404
26.0	655360.0	3264.84898	6405
26.0	655360.0	3229.93488	6406
21.0	655360.0	3280.194281	6407
18.0	655360.0	3236.955286	6408
22.0	655360.0	3260.204824	6409
25.0	655360.0	3245.074722	6410
31.0	655360.0	3207.367514	6411
21.0	655360.0	3197.006642	6412
19.0	655360.0	3179.753917	6413
14.0	655360.0	3178.380749	6414
27.0	655360.0	3170.232746	6415
26.0	655360.0	3186.239321	6416
33.0	655360.0	3162.988292	6417
26.0	655360.0	3122.234491	6418
39.0	655360.0	3170.12317	6419
21.0	655360.0	3151.388341	6420
34.0	655360.0	3177.510976	6421
28.0	655360.0	3151.222528	6422
29.0	655360.0	3221.460649	6423
28.0	655360.0	3208.350045	6424
18.0	655360.0	3149.263804	6425
26.0	655360.0	3134.281736	6426
18.0	655360.0	3133.656762	6427
26.0	655360.0	3136.009139	6428
24.0	655360.0	3247.435508	6429
22.0	655360.0	3107.013936	6430
25.0	655360.0	3103.935319	6431
25.0	655360.0	2781.714801	6432
36.0	655360.0	2672.888295	6433
21.0	655360.0	2652.617884	6434
23.0	655360.0	2668.078916	6435
30.0	655360.0	2686.415085	6436
24.0	655360.0	2640.711034	6437
17.0	655360.0	2670.051468	6438
24.0	655360.0	2649.627935	6439
19.0	655360.0	2674.000134	6440
29.0	655360.0	2666.734327	6441
24.0	655360.0	2669.479232	6442
30.0	655360.0	2669.861132	6443
26.0	655360.0	2635.421026	6444
29.0	655360.0	2672.975034	6445
29.0	655360.0	2771.767017	6446
22.0	655360.0	2882.572722	6447
22.0	655360.0	2764.590348	6448
21.0	655360.0	2855.407335	6449
25.0	655360.0	2839.649944	6450
23.0	655360.0	3260.388617	6801
26.0	655360.0	3270.153631	6802
20.0	655360.0	3261.899619	6803
27.0	655360.0	3255.744893	6804
26.0	655360.0	3264.900197	6805
27.0	655360.0	3256.010845	6806
30.0	655360.0	3274.095879	6807
31.0	655360.0	3241.101266	6808
29.0	655360.0	3258.430742	6809
19.0	655360.0	3265.388417	6810
25.0	655360.0	3222.141231	6811
26.0	655360.0	3194.024866	6812
27.0	655360.0	3166.379036	6813
27.0	655360.0	3183.164675	6814
20.0	655360.0	3158.370852	6815
26.0	655360.0	3174.340725	6816
24.0	655360.0	3158.542801	6817
32.0	655360.0	3141.519653	6818
23.0	655360.0	3162.231492	6819
31.0	655360.0	3148.560512	6820
24.0	655360.0	3161.739659	6821
24.0	655360.0	3146.14757	6822
18.0	655360.0	3243.092644	6823
31.0	655360.0	3207.137945	6824
29.0	655360.0	3155.680251	6825
25.0	655360.0	3139.783337	6826
18.0	655360.0	3132.952583	6827
24.0	655360.0	3120.739547	6828
23.0	655360.0	3130.632687	6829
23.0	655360.0	3117.842556	6830
20.0	655360.0	3099.405549	6831
23.0	655360.0	2803.52818	6832
21.0	655360.0	2666.180068	6833
33.0	655360.0	2679.622181	6834
28.0	655360.0	2672.725076	6835
36.0	655360.0	2669.329989	6836
23.0	655360.0	2653.665564	6837
31.0	655360.0	2663.918608	6838
29.0	655360.0	2680.091869	6839
28.0	655360.0	2679.495826	6840
32.0	655360.0	2680.856242	6841
31.0	655360.0	2671.716135	6842
26.0	655360.0	2674.883605	6843
26.0	655360.0	2656.655914	6844
30.0	655360.0	2681.494248	6845
22.0	655360.0	2800.337368	6846
24.0	655360.0	2878.866933	6847
31.0	655360.0	2763.273644	6848
20.0	655360.0	2853.910086	6849
23.0	655360.0	2841.555099	6850
13.0	655360.0	3320.867237	7201
26.0	655360.0	3320.644758	7202
34.0	655360.0	3314.577214	7203
33.0	655360.0	3312.959792	7204
30.0	655360.0	3318.835119	7205
23.0	655360.0	3275.697369	7206
22.0	655360.0	3318.214869	7207
21.0	655360.0	3282.855396	7208
27.0	655360.0	3312.554225	7209
22.0	655360.0	3300.373401	7210
24.0	655360.0	3254.610783	7211
26.0	655360.0	3249.393046	7212
20.0	655360.0	3187.732662	7213
26.0	655360.0	3226.651964	7214
27.0	655360.0	3204.732323	7215
28.0	655360.0	3232.132719	7216
24.0	655360.0	3220.82366	7217
17.0	655360.0	3213.768555	7218
27.0	655360.0	3220.598347	7219
21.0	655360.0	8379.548968	7220
27.0	655360.0	3349.377829	7221
24.0	655360.0	3362.028657	7222
14.0	655360.0	3296.301984	7223
26.0	655360.0	3316.356012	7224
30.0	655360.0	3315.917418	7225
22.0	655360.0	3222.03976	7226
38.0	655360.0	3166.264694	7227
27.0	655360.0	3121.667661	7228
21.0	655360.0	3086.746356	7229
21.0	655360.0	2698.221641	7230
27.0	655360.0	2698.410638	7231
32.0	655360.0	2640.475033	7232
23.0	655360.0	2806.448802	7233
32.0	655360.0	2662.744237	7234
27.0	655360.0	2634.064387	7235
17.0	655360.0	2664.00943	7236
27.0	655360.0	2657.273811	7237
24.0	655360.0	2663.903879	7238
22.0	655360.0	2662.206963	7239
20.0	655360.0	2663.527029	7240
17.0	655360.0	2659.280511	7241
26.0	655360.0	2661.857269	7242
26.0	655360.0	2673.130457	7243
20.0	655360.0	2863.321969	7244
30.0	655360.0	2855.350884	7245
28.0	655360.0	2777.429341	7246
39.0	655360.0	2867.574537	7247
30.0	655360.0	3240.504251	7601
29.0	655360.0	3252.395028	7602
26.0	655360.0	3236.314571	7603
31.0	655360.0	3248.002629	7604
25.0	655360.0	3246.240567	7605
23.0	655360.0	3224.936941	7606
23.0	655360.0	3247.324108	7607
31.0	655360.0	3218.772448	7608
22.0	655360.0	3254.703722	7609
21.0	655360.0	3233.876922	7610
30.0	655360.0	3193.111263	7611
25.0	655360.0	3171.951307	7612
40.0	655360.0	3160.916145	7613
27.0	655360.0	3156.633992	7614
26.0	655360.0	3145.304857	7615
27.0	655360.0	3157.701148	7616
26.0	655360.0	3142.472635	7617
22.0	655360.0	3114.945437	7618
30.0	655360.0	3138.792513	7619
26.0	655360.0	3157.342159	7620
17.0	655360.0	3147.315554	7621
29.0	655360.0	3137.138543	7622
29.0	655360.0	3194.194535	7623
23.0	655360.0	3204.749778	7624
21.0	655360.0	3162.458379	7625
18.0	655360.0	3140.128139	7626
25.0	655360.0	3150.471502	7627
21.0	655360.0	3123.369392	7628
21.0	655360.0	3121.035317	7629
22.0	655360.0	3124.763355	7630
28.0	655360.0	3092.683176	7631
16.0	655360.0	2868.567501	7632
22.0	655360.0	2665.414342	7633
19.0	655360.0	2647.587998	7634
25.0	655360.0	2663.35827	7635
22.0	655360.0	2675.855049	7636
24.0	655360.0	2654.490996	7637
26.0	655360.0	2674.727103	7638
21.0	655360.0	2677.879901	7639
26.0	655360.0	2679.227431	7640
28.0	655360.0	2664.696766	7641
17.0	655360.0	2630.194719	7642
28.0	655360.0	2662.857369	7643
22.0	655360.0	2631.947858	7644
27.0	655360.0	2667.81124	7645
28.0	655360.0	2756.224004	7646
31.0	655360.0	2874.291224	7647
24.0	655360.0	2765.447309	7648
20.0	655360.0	2851.503339	7649
29.0	655360.0	2832.795537	7650
25.0	655360.0	3258.477454	8001
24.0	655360.0	3267.495542	8002
31.0	655360.0	3249.446206	8003
22.0	655360.0	3261.749529	8004
26.0	655360.0	3260.244481	8005
20.0	655360.0	3248.119425	8006
24.0	655360.0	3267.630178	8007
30.0	655360.0	3232.351868	8008
23.0	655360.0	3260.262693	8009
29.0	655360.0	3246.463519	8010
20.0	655360.0	3212.684054	8011
30.0	655360.0	3198.864728	8012
23.0	655360.0	3169.480679	8013
30.0	655360.0	3176.11484	8014
20.0	655360.0	3163.113888	8015
22.0	655360.0	3175.570938	8016
27.0	655360.0	3166.811775	8017
24.0	655360.0	3144.143572	8018
31.0	655360.0	3160.801053	8019
28.0	655360.0	3822.568482	8020
26.0	655360.0	3158.639093	8021
15.0	655360.0	3161.133897	8022
25.0	655360.0	3206.013649	8023
23.0	655360.0	3204.190346	8024
24.0	655360.0	3141.487406	8025
22.0	655360.0	3140.432311	8026
26.0	655360.0	3135.03414	8027
27.0	655360.0	3103.287477	8028
19.0	655360.0	3122.382904	8029
24.0	655360.0	3116.925717	8030
25.0	655360.0	3088.215721	8031
25.0	655360.0	2704.065135	8032
29.0	655360.0	2654.154357	8033
29.0	655360.0	2650.412038	8034
27.0	655360.0	2652.475218	8035
28.0	655360.0	2652.734074	8036
27.0	655360.0	2629.731993	8037
30.0	655360.0	2654.170268	8038
26.0	655360.0	2640.829566	8039
27.0	655360.0	2650.197143	8040
30.0	655360.0	2651.911167	8041
26.0	655360.0	2651.107856	8042
26.0	655360.0	2653.71431	8043
19.0	655360.0	2644.490764	8044
24.0	655360.0	2647.363331	8045
32.0	655360.0	2795.432967	8046
30.0	655360.0	2859.590354	8047
25.0	655360.0	2745.717358	8048
24.0	655360.0	2835.785238	8049
17.0	655360.0	2826.834212	8050
21.0	655360.0	3322.538111	8401
29.0	655360.0	3322.925847	8402
16.0	655360.0	3319.352415	8403
20.0	655360.0	3325.598519	8404
27.0	655360.0	3319.361843	8405
20.0	655360.0	3273.218649	8406
28.0	655360.0	3322.086889	8407
18.0	655360.0	3283.512505	8408
29.0	655360.0	3311.274578	8409
24.0	655360.0	3286.506361	8410
31.0	655360.0	3261.897913	8411
25.0	655360.0	3244.165613	8412
31.0	655360.0	3188.184908	8413
27.0	655360.0	3238.130306	8414
22.0	655360.0	3202.05267	8415
15.0	655360.0	3231.731791	8416
27.0	655360.0	3215.068991	8417
19.0	655360.0	3219.485275	8418
30.0	655360.0	3221.470842	8419
25.0	655360.0	3173.325152	8420
21.0	655360.0	3202.425515	8421
39.0	655360.0	3237.202137	8422
33.0	655360.0	3356.845274	8423
29.0	655360.0	3347.494496	8424
32.0	655360.0	3260.723362	8425
23.0	655360.0	3307.874402	8426
16.0	655360.0	3297.75405	8427
25.0	655360.0	3167.720778	8428
21.0	655360.0	3160.282031	8429
22.0	655360.0	3113.825032	8430
27.0	655360.0	2940.078234	8431
27.0	655360.0	3161.490679	8432
17.0	655360.0	2662.46621	8433
33.0	655360.0	2678.683465	8434
30.0	655360.0	2666.338119	8435
21.0	655360.0	2661.469337	8436
17.0	655360.0	2664.714285	8437
19.0	655360.0	2659.146426	8438
22.0	655360.0	2670.093224	8439
30.0	655360.0	2663.846411	8440
25.0	655360.0	2650.594959	8441
23.0	655360.0	2664.701409	8442
20.0	655360.0	2639.153491	8443
35.0	655360.0	2670.281424	8444
22.0	655360.0	2745.776739	8445
20.0	655360.0	2883.190383	8446
16.0	655360.0	2776.814906	8447
23.0	655360.0	2842.019477	8448
36.0	655360.0	2848.005651	8449
27.0	655360.0	3245.283445	8801
23.0	655360.0	3247.95811	8802
29.0	655360.0	3248.88232	8803
29.0	655360.0	3238.616575	8804
25.0	655360.0	3243.384094	8805
33.0	655360.0	3243.574594	8806
20.0	655360.0	3248.681252	8807
23.0	655360.0	3219.310882	8808
33.0	655360.0	3243.349877	8809
19.0	655360.0	3225.975948	8810
28.0	655360.0	3190.298413	8811
28.0	655360.0	3172.180091	8812
31.0	655360.0	3158.986647	8813
23.0	655360.0	3158.613462	8814
30.0	655360.0	3155.48179	8815
20.0	655360.0	3148.959549	8816
16.0	655360.0	3144.815126	8817
17.0	655360.0	3120.399743	8818
30.0	655360.0	3147.630953	8819
28.0	655360.0	3156.375561	8820
21.0	655360.0	3148.092691	8821
31.0	655360.0	3133.208749	8822
15.0	655360.0	3202.190593	8823
20.0	655360.0	3630.437301	8824
29.0	655360.0	3139.989476	8825
21.0	655360.0	3135.032774	8826
24.0	655360.0	3125.693193	8827
26.0	655360.0	3132.234208	8828
23.0	655360.0	3117.888808	8829
23.0	655360.0	3096.933658	8830
25.0	655360.0	3090.697242	8831
25.0	655360.0	2800.99998	8832
28.0	655360.0	2661.502921	8833
27.0	655360.0	2654.208041	8834
30.0	655360.0	2657.679336	8835
27.0	655360.0	2661.291912	8836
19.0	655360.0	2636.576261	8837
17.0	655360.0	2662.831651	8838
26.0	655360.0	2656.722059	8839
31.0	655360.0	2663.120377	8840
32.0	655360.0	2664.829841	8841
11.0	655360.0	2623.30123	8842
26.0	655360.0	2658.01685	8843
25.0	655360.0	2629.890375	8844
20.0	655360.0	2729.333589	8845
23.0	655360.0	2761.462714	8846
26.0	655360.0	2879.121242	8847
20.0	655360.0	2758.801504	8848
25.0	655360.0	2854.769453	8849
19.0	655360.0	2840.205051	8850
18.0	655360.0	3251.720647	9201
32.0	655360.0	3259.127943	9202
25.0	655360.0	3259.256993	9203
22.0	655360.0	3266.164907	9204
35.0	655360.0	3260.898432	9205
27.0	655360.0	3228.652563	9206
11.0	655360.0	3282.790001	9207
23.0	655360.0	3240.150541	9208
21.0	655360.0	3263.330894	9209
26.0	655360.0	3251.043612	9210
18.0	655360.0	3201.550988	9211
26.0	655360.0	3189.922647	9212
25.0	655360.0	3183.823182	9213
22.0	655360.0	3195.326889	9214
18.0	655360.0	3177.799527	9215
25.0	655360.0	3177.424982	9216
24.0	655360.0	3165.724333	9217
29.0	655360.0	3125.430899	9218
29.0	655360.0	3164.695112	9219
26.0	655360.0	3163.556524	9220
24.0	655360.0	3174.401835	9221
29.0	655360.0	3152.812942	9222
18.0	655360.0	3213.41676	9223
28.0	655360.0	3204.598038	9224
22.0	655360.0	3133.808227	9225
30.0	655360.0	3126.818933	9226
24.0	655360.0	3129.829594	9227
21.0	655360.0	3110.579641	9228
35.0	655360.0	3129.858844	9229
25.0	655360.0	3101.221484	9230
13.0	655360.0	3092.749763	9231
27.0	655360.0	2796.922992	9232
20.0	655360.0	2654.538955	9233
24.0	655360.0	2652.712401	9234
21.0	655360.0	2654.914509	9235
26.0	655360.0	2658.838784	9236
17.0	655360.0	2628.719519	9237
26.0	655360.0	2652.833884	9238
27.0	655360.0	2642.953091	9239
29.0	655360.0	2656.148829	9240
23.0	655360.0	2655.910043	9241
22.0	655360.0	2645.851737	9242
20.0	655360.0	2647.903621	9243
27.0	655360.0	2652.674554	9244
18.0	655360.0	2655.986647	9245
26.0	655360.0	2737.78256	9246
25.0	655360.0	2875.755516	9247
24.0	655360.0	2743.471356	9248
27.0	655360.0	2837.181426	9249
29.0	655360.0	2817.100923	9250
24.0	655360.0	3257.371061	10000
33.0	655360.0	3270.891709	9601
28.0	655360.0	3264.152872	9602
28.0	655360.0	3360.337954	9603
31.0	655360.0	3271.244218	9604
33.0	655360.0	3235.181227	9605
29.0	655360.0	3268.708189	9606
19.0	655360.0	3249.307595	9607
27.0	655360.0	3270.537046	9608
31.0	655360.0	3254.034929	9609
26.0	655360.0	3207.828063	9610
31.0	655360.0	3191.238503	9611
35.0	655360.0	3148.542118	9612
24.0	655360.0	3186.293942	9613
19.0	655360.0	3157.427795	9614
20.0	655360.0	3178.696445	9615
19.0	655360.0	3160.432206	9616
28.0	655360.0	3173.621151	9617
22.0	655360.0	3172.524402	9618
15.0	655360.0	3155.18505	9619
20.0	655360.0	3171.006636	9620
28.0	655360.0	3157.018439	9621
29.0	655360.0	3213.520679	9622
17.0	655360.0	3224.769532	9623
23.0	655360.0	3135.796366	9624
22.0	655360.0	3135.344275	9625
26.0	655360.0	3141.279631	9626
19.0	655360.0	3114.14942	9627
18.0	655360.0	3119.032827	9628
32.0	655360.0	3107.801292	9629
21.0	655360.0	3100.05718	9630
28.0	655360.0	2786.228161	9631
27.0	655360.0	2668.414279	9632
28.0	655360.0	2674.777522	9633
23.0	655360.0	2668.55593	9634
22.0	655360.0	2670.705412	9635
20.0	655360.0	2643.080613	9636
21.0	655360.0	2672.347315	9637
21.0	655360.0	2660.605803	9638
20.0	655360.0	2667.223163	9639
26.0	655360.0	2671.644617	9640
11.0	655360.0	2676.090944	9641
31.0	655360.0	2720.207772	9642
35.0	655360.0	2628.4218	9643
29.0	655360.0	2661.364844	9644
26.0	655360.0	2777.06928	9645
29.0	655360.0	2873.350962	9646
17.0	655360.0	2761.979848	9647
26.0	655360.0	2856.160528	9648
15.0	655360.0	2858.87909	9649
