#SA coloring
#N=16384  nIter=16384000  c=12.7   NSamples=2023
#av(e)	3.7113198220464656
#std(e)	0.04203544344342369
#av(t)	21301.562473394464
#std(t)	96.80932110373378
6.0	16384000.0	16641.439014	34
1.0	16384000.0	16637.073198	35
5.0	16384000.0	16787.793867	36
7.0	16384000.0	16823.70792	37
4.0	16384000.0	16518.760182	38
6.0	16384000.0	16620.59268	39
7.0	16384000.0	16655.849885	3
3.0	16384000.0	16539.356362	40
1.0	16384000.0	16641.360301	41
5.0	16384000.0	16535.553097	42
4.0	16384000.0	16641.909885	100
6.0	16384000.0	16734.260749	101
6.0	16384000.0	16809.331628	102
3.0	16384000.0	16797.394481	103
5.0	16384000.0	16550.723971	104
4.0	16384000.0	16539.214872	105
4.0	16384000.0	16653.663024	106
5.0	16384000.0	16667.731298	121
2.0	16384000.0	16670.943014	122
6.0	16384000.0	16600.033142	123
7.0	16384000.0	16552.542327	161
1.0	16384000.0	16633.120156	162
6.0	16384000.0	16805.833198	163
4.0	16384000.0	16838.666034	164
3.0	16384000.0	16549.862536	165
2.0	16384000.0	16555.930315	166
5.0	16384000.0	16640.146106	167
5.0	16384000.0	16569.710472	182
7.0	16384000.0	16651.781953	183
2.0	16384000.0	16525.762558	184
1.0	16384000.0	20457.326853	246
3.0	16384000.0	20388.537343	247
5.0	16384000.0	20344.995603	262
3.0	16384000.0	20459.170918	263
3.0	16384000.0	20512.470948	264
5.0	16384000.0	20363.469604	265
6.0	16384000.0	20388.361147	266
5.0	16384000.0	20366.296178	267
5.0	16384000.0	20354.472168	321
2.0	16384000.0	20347.657735	322
3.0	16384000.0	20449.708703	323
5.0	16384000.0	20458.325413	324
6.0	16384000.0	20467.197555	325
3.0	16384000.0	20383.809989	326
7.0	16384000.0	20419.76597	327
5.0	16384000.0	20428.520819	342
9.0	16384000.0	20520.898647	422
2.0	16384000.0	20506.875263	423
6.0	16384000.0	20395.857563	424
4.0	16384000.0	20373.981854	425
3.0	16384000.0	20585.972554	426
1.0	16384000.0	20406.742361	427
5.0	16384000.0	20387.186089	428
10.0	16384000.0	20445.352049	429
2.0	16384000.0	16533.686254	481
3.0	16384000.0	17130.171317	482
4.0	16384000.0	16780.49555	483
5.0	16384000.0	16800.496929	484
4.0	16384000.0	16528.071788	485
4.0	16384000.0	16560.116743	486
5.0	16384000.0	16723.12129	487
4.0	16384000.0	16591.517662	488
5.0	16384000.0	16650.112187	489
2.0	16384000.0	16556.02734	499
2.0	16384000.0	20390.694556	566
2.0	16384000.0	20327.403542	567
4.0	16384000.0	20340.470363	582
2.0	16384000.0	20325.181791	583
3.0	16384000.0	20347.690106	584
7.0	16384000.0	20614.209587	585
4.0	16384000.0	20417.184863	586
2.0	16384000.0	20398.975427	587
3.0	16384000.0	20414.174165	641
3.0	16384000.0	20501.942724	642
1.0	16384000.0	20498.32789	643
2.0	16384000.0	20359.806626	644
4.0	16384000.0	20397.158336	645
2.0	16384000.0	20333.130007	646
3.0	16384000.0	20474.795642	647
9.0	16384000.0	20417.515144	648
4.0	16384000.0	20403.956101	726
1.0	16384000.0	20433.2631	727
3.0	16384000.0	20366.676557	737
2.0	16384000.0	20337.600288	738
2.0	16384000.0	20376.652184	739
5.0	16384000.0	20469.147904	740
1.0	16384000.0	20379.467087	741
0.0	1474560.0	18652.366926	742
4.0	16384000.0	20425.65248	824
8.0	16384000.0	20925.405461	825
4.0	16384000.0	20337.5533	826
2.0	16384000.0	20326.295455	827
1.0	16384000.0	20376.545227	828
7.0	16384000.0	20386.600299	829
2.0	16384000.0	20394.536535	830
4.0	16384000.0	20426.618165	831
4.0	16384000.0	20416.570911	886
3.0	16384000.0	20656.237218	887
5.0	16384000.0	20472.648494	902
4.0	16384000.0	22931.542183	903
4.0	16384000.0	20497.332267	904
2.0	16384000.0	20343.599557	905
2.0	16384000.0	20329.920174	906
1.0	16384000.0	20403.998997	907
3.0	16384000.0	20404.65312	1000
5.0	16384000.0	20345.536521	1001
4.0	16384000.0	20379.539103	1002
5.0	16384000.0	20368.288642	1003
3.0	16384000.0	20378.062615	1004
4.0	16384000.0	20383.897061	1005
3.0	16384000.0	20406.573495	1006
6.0	16384000.0	20393.673095	1016
3.0	16384000.0	16545.593207	1046
3.0	16384000.0	16591.804378	1047
6.0	16384000.0	16780.674994	1057
5.0	16384000.0	16833.796362	1058
2.0	16384000.0	16562.848953	1059
2.0	16384000.0	16544.482642	1060
2.0	16384000.0	17100.950846	1061
5.0	16384000.0	16605.462018	1062
4.0	16384000.0	16625.074138	1063
6.0	16384000.0	16548.140538	1064
5.0	16384000.0	16547.108537	1126
5.0	16384000.0	16619.473566	1127
1.0	16384000.0	16953.072217	1137
2.0	16384000.0	16821.989129	1138
5.0	16384000.0	16562.574474	1139
1.0	16384000.0	16674.383976	1140
4.0	16384000.0	16707.034418	1141
6.0	16384000.0	16563.137795	1142
4.0	16384000.0	16637.399727	1143
3.0	16384000.0	16565.28797	1144
5.0	16384000.0	16531.280479	1229
3.0	16384000.0	16609.166021	1230
6.0	16384000.0	16811.807359	1231
6.0	16384000.0	16808.100196	1232
4.0	16384000.0	16569.331697	1233
3.0	16384000.0	16536.152117	1234
3.0	16384000.0	16661.906116	1235
3.0	16384000.0	16523.610939	1236
2.0	16384000.0	16653.955515	1237
4.0	16384000.0	16503.243822	1238
1.0	16384000.0	20440.780375	1281
2.0	16384000.0	20448.271316	1282
2.0	16384000.0	20364.963596	1283
7.0	16384000.0	20377.15094	1284
7.0	16384000.0	20415.323126	1285
3.0	16384000.0	20359.073532	1286
2.0	16384000.0	20387.797189	1287
3.0	16384000.0	20411.199748	1297
8.0	16384000.0	20380.919168	1361
6.0	16384000.0	20463.371973	1362
5.0	16384000.0	20300.997264	1363
6.0	16384000.0	20338.401027	1364
4.0	16384000.0	20388.89755	1365
1.0	16384000.0	20370.665247	1366
5.0	16384000.0	20343.682053	1367
4.0	16384000.0	20368.058967	1377
6.0	16384000.0	16526.789287	1441
4.0	16384000.0	16646.154761	1442
7.0	16384000.0	16874.573433	1443
2.0	16384000.0	16951.134559	1444
4.0	16384000.0	16554.954778	1445
6.0	16384000.0	16560.483783	1446
2.0	16384000.0	16672.148707	1447
2.0	16384000.0	16537.832229	1463
4.0	16384000.0	16617.912647	1464
4.0	16384000.0	16569.413775	1465
4.0	16384000.0	20388.631167	1526
3.0	16384000.0	20345.177288	1527
2.0	16384000.0	20392.431834	1528
1.0	16384000.0	20319.254217	1529
4.0	16384000.0	20384.557953	1539
7.0	16384000.0	20477.580917	1540
5.0	16384000.0	20371.592357	1541
5.0	16384000.0	20366.530715	1542
5.0	16384000.0	20368.340618	1617
2.0	16384000.0	20343.985948	1618
4.0	16384000.0	20324.93517	1619
7.0	16384000.0	20346.831459	1620
2.0	16384000.0	20359.429481	1621
1.0	16384000.0	20422.126767	1622
5.0	16384000.0	20382.430415	1623
5.0	16384000.0	23014.778876	1624
5.0	16384000.0	20377.409317	1686
6.0	16384000.0	20425.66573	1687
2.0	16384000.0	20377.553544	1697
4.0	16384000.0	20359.953341	1698
3.0	16384000.0	20400.330512	1699
4.0	16384000.0	20458.360152	1700
3.0	16384000.0	20399.343659	1701
2.0	16384000.0	20503.254841	1702
5.0	16384000.0	20387.684374	1766
3.0	16384000.0	20420.000239	1767
4.0	16384000.0	20350.844393	1768
4.0	16384000.0	20456.693349	1769
8.0	16384000.0	20381.97083	1779
6.0	16384000.0	20440.465231	1780
4.0	16384000.0	20362.021821	1781
4.0	16384000.0	20435.431829	1782
1.0	16384000.0	16566.576861	1846
0.0	1310720.0	15361.999364	1847
2.0	16384000.0	16836.875706	1857
2.0	16384000.0	16862.037471	1858
7.0	16384000.0	16656.108841	1859
6.0	16384000.0	16572.95962	1860
4.0	16384000.0	16653.420381	1861
2.0	16384000.0	16558.039879	1862
1.0	16384000.0	16665.904626	1863
6.0	16384000.0	16518.981001	1864
2.0	16384000.0	16543.049631	1921
2.0	16384000.0	16702.19854	1922
2.0	16384000.0	16812.068033	1923
4.0	16384000.0	16831.800411	1924
2.0	16384000.0	16611.09001	1925
1.0	16384000.0	16583.986346	1926
5.0	16384000.0	16684.448727	1927
0.0	1474560.0	15139.10357	1942
4.0	16384000.0	16683.842758	1943
3.0	16384000.0	16576.930855	1944
3.0	16384000.0	20425.54005	2017
1.0	16384000.0	20326.654893	2018
6.0	16384000.0	20458.735893	2019
4.0	16384000.0	20343.703857	2020
2.0	16384000.0	20466.459551	2021
6.0	16384000.0	20386.700866	2022
4.0	16384000.0	20495.491122	2023
1.0	16384000.0	20506.823275	2024
3.0	16384000.0	16615.951006	2081
3.0	16384000.0	16690.061785	2082
4.0	16384000.0	16876.432539	2083
4.0	16384000.0	17352.115532	2084
1.0	16384000.0	16847.341952	2085
3.0	16384000.0	16703.921292	2086
3.0	16384000.0	16607.845546	2087
8.0	16384000.0	16705.629459	2088
4.0	16384000.0	16759.140549	2089
6.0	16384000.0	16554.502811	2104
1.0	16384000.0	20411.341963	2161
5.0	16384000.0	20463.32307	2162
6.0	16384000.0	20368.95887	2163
3.0	16384000.0	20365.096859	2164
4.0	16384000.0	20387.631984	2165
5.0	16384000.0	20501.336513	2166
3.0	16384000.0	20453.149737	2167
2.0	16384000.0	20410.2676	2177
1.0	16384000.0	20411.279156	2241
1.0	16384000.0	20374.794121	2242
3.0	16384000.0	20320.820506	2243
2.0	16384000.0	20292.487297	2244
6.0	16384000.0	20490.55167	2245
2.0	16384000.0	20482.026763	2246
5.0	16384000.0	20925.190191	2247
3.0	16384000.0	20404.173792	2262
1.0	16384000.0	16626.665431	2326
3.0	16384000.0	16639.974467	2327
0.0	1310720.0	15436.326304	2328
8.0	16384000.0	16984.498473	2329
6.0	16384000.0	16660.992549	2344
5.0	16384000.0	16581.235953	2345
5.0	16384000.0	16651.973609	2346
3.0	16384000.0	16540.412258	2347
7.0	16384000.0	16621.005424	2348
3.0	16384000.0	16544.256667	2349
2.0	16384000.0	20506.435516	2423
3.0	16384000.0	20363.810195	2424
1.0	16384000.0	20363.148135	2425
2.0	16384000.0	20296.731798	2426
5.0	16384000.0	20375.636979	2427
5.0	16384000.0	20387.259555	2428
4.0	16384000.0	20387.193974	2429
4.0	16384000.0	20410.092148	2430
6.0	16384000.0	16555.446482	2486
5.0	16384000.0	16717.336556	2487
3.0	16384000.0	16785.076079	2502
3.0	16384000.0	16799.425356	2503
5.0	16384000.0	16571.973913	2504
8.0	16384000.0	16565.082552	2505
5.0	16384000.0	16639.702932	2506
1.0	16384000.0	16539.06971	2507
3.0	16384000.0	16649.534575	2508
1.0	16384000.0	16652.742949	2509
3.0	16384000.0	20413.231412	2566
5.0	16384000.0	20366.905743	2567
3.0	16384000.0	20353.19572	2582
5.0	16384000.0	20330.467981	2583
3.0	16384000.0	20381.696234	2584
2.0	16384000.0	20373.459394	2585
5.0	16384000.0	20371.769516	2586
4.0	16384000.0	20366.968453	2587
1.0	16384000.0	20384.543644	2641
3.0	16384000.0	20353.741418	2642
7.0	16384000.0	20339.659868	2643
3.0	16384000.0	20338.706477	2644
1.0	16384000.0	20445.064912	2645
5.0	16384000.0	20374.2789	2646
4.0	16384000.0	20356.439737	2647
3.0	16384000.0	20419.33826	2648
9.0	16384000.0	20478.918456	2726
6.0	16384000.0	20351.100923	2727
5.0	16384000.0	20337.97159	2737
3.0	16384000.0	20336.077567	2738
3.0	16384000.0	20383.247939	2739
4.0	16384000.0	20328.86965	2740
5.0	16384000.0	20436.865589	2741
5.0	16384000.0	20408.009876	2742
7.0	16384000.0	20415.076037	2817
3.0	16384000.0	23096.689576	2818
7.0	16384000.0	21013.902946	2819
5.0	16384000.0	20374.10209	2820
5.0	16384000.0	20374.613938	2821
3.0	16384000.0	20347.532136	2822
3.0	16384000.0	20436.149529	2823
7.0	16384000.0	20391.061551	2824
5.0	16384000.0	20416.529338	2881
2.0	16384000.0	20365.039649	2882
3.0	16384000.0	20330.380517	2883
2.0	16384000.0	20431.435365	2884
6.0	16384000.0	20378.228165	2885
3.0	16384000.0	20382.047046	2886
2.0	16384000.0	20372.337181	2887
2.0	16384000.0	20415.709949	2897
5.0	16384000.0	20389.375764	2966
7.0	16384000.0	20464.943298	2967
7.0	16384000.0	20340.119071	2968
8.0	16384000.0	20348.055837	2969
7.0	16384000.0	20357.798822	2985
5.0	16384000.0	20911.561481	2986
4.0	16384000.0	20439.59851	2987
6.0	16384000.0	20356.990971	2988
1.0	16384000.0	20377.713824	3041
3.0	16384000.0	20301.261264	3042
2.0	16384000.0	20331.454798	3043
9.0	16384000.0	20337.237639	3044
5.0	16384000.0	20361.350829	3045
4.0	16384000.0	20379.548281	3046
2.0	16384000.0	20411.453425	3047
5.0	16384000.0	20363.890892	3048
3.0	16384000.0	20395.712124	3126
1.0	16384000.0	20397.69255	3127
8.0	16384000.0	20589.618224	3137
3.0	16384000.0	20314.456904	3138
1.0	16384000.0	20350.449377	3139
2.0	16384000.0	20394.863937	3140
5.0	16384000.0	20339.837912	3141
2.0	16384000.0	20406.302198	3142
3.0	16384000.0	20374.031872	3222
2.0	16384000.0	20443.313745	3223
4.0	16384000.0	20406.711219	3224
2.0	16384000.0	20301.924164	3225
2.0	16384000.0	20445.243903	3226
4.0	16384000.0	20405.808286	3227
10.0	16384000.0	20393.364919	3228
2.0	16384000.0	20380.836167	3229
6.0	16384000.0	20490.021256	3286
1.0	16384000.0	20383.006678	3287
3.0	16384000.0	20391.499978	3288
5.0	16384000.0	20354.071151	3289
2.0	16384000.0	20376.859123	3299
5.0	16384000.0	20354.029583	3300
4.0	16384000.0	20365.416483	3301
2.0	16384000.0	20447.542277	3302
5.0	16384000.0	20444.694232	3366
2.0	16384000.0	20303.530842	3367
3.0	16384000.0	20344.993412	3377
3.0	16384000.0	20318.658523	3378
4.0	16384000.0	20404.615959	3379
2.0	16384000.0	20393.06705	3380
4.0	16384000.0	20401.458694	3381
2.0	16384000.0	20457.283737	3382
3.0	16384000.0	20405.942215	3441
4.0	16384000.0	20325.669661	3442
3.0	16384000.0	20453.268087	3443
5.0	16384000.0	20319.465876	3444
5.0	16384000.0	20425.540861	3445
4.0	16384000.0	23265.352405	3446
6.0	16384000.0	20357.839653	3447
7.0	16384000.0	20366.489824	3448
2.0	16384000.0	20395.362053	3526
4.0	16384000.0	20327.275953	3527
4.0	16384000.0	20340.820477	3543
4.0	16384000.0	20465.684648	3544
2.0	16384000.0	20411.465922	3545
3.0	16384000.0	20420.898393	3546
5.0	16384000.0	21022.089275	3547
1.0	16384000.0	20415.712874	3548
3.0	16384000.0	20490.228766	3627
3.0	16384000.0	20526.087628	3628
0.0	1310720.0	18749.548342	3629
1.0	16384000.0	20370.664486	3630
4.0	16384000.0	20373.576222	3631
3.0	16384000.0	20366.751934	3632
2.0	16384000.0	20385.175206	3633
1.0	16384000.0	20368.536279	3634
5.0	16384000.0	28294.801551	3686
5.0	16384000.0	20765.945883	3687
4.0	16384000.0	20645.170891	3702
4.0	16384000.0	20676.122438	3703
5.0	16384000.0	20691.609695	3704
4.0	16384000.0	21051.747693	3705
1.0	16384000.0	20660.045306	3706
4.0	16384000.0	16521.268661	3761
5.0	16384000.0	16721.690782	3762
5.0	16384000.0	16777.933743	3763
3.0	16384000.0	16847.463082	3764
3.0	16384000.0	16601.238449	3765
3.0	16384000.0	16582.975791	3766
3.0	16384000.0	16584.512426	3767
3.0	16384000.0	16553.815228	3782
4.0	16384000.0	16692.291893	3783
3.0	16384000.0	16619.400465	3784
3.0	16384000.0	16543.029206	3846
7.0	16384000.0	16606.688556	3847
0.0	1474560.0	15337.424599	3863
4.0	16384000.0	16732.725151	3864
6.0	16384000.0	16796.240901	3865
2.0	16384000.0	16518.281998	3866
4.0	16384000.0	16748.964896	3867
3.0	16384000.0	16534.066827	3868
5.0	16384000.0	16632.956981	3869
2.0	16384000.0	16579.973715	3870
6.0	16384000.0	16628.303878	3921
4.0	16384000.0	16640.206229	3922
5.0	16384000.0	16924.426145	3923
1.0	16384000.0	16869.01248	3924
3.0	16384000.0	16537.559994	3925
5.0	16384000.0	16528.709352	3926
1.0	16384000.0	16675.981965	3927
5.0	16384000.0	16544.577752	3928
5.0	16384000.0	16648.319409	3929
4.0	16384000.0	16554.326655	3939
5.0	16384000.0	20690.482489	4006
2.0	16384000.0	20364.477593	4007
2.0	16384000.0	20352.793129	4008
4.0	16384000.0	20344.245295	4009
3.0	16384000.0	20410.398655	4010
3.0	16384000.0	20464.325691	4011
4.0	16384000.0	20439.764867	4012
4.0	16384000.0	20370.909515	4013
6.0	16384000.0	20436.977178	4086
7.0	16384000.0	20360.597918	4087
4.0	16384000.0	20318.125364	4088
2.0	16384000.0	20322.109798	4089
8.0	16384000.0	20505.637747	4090
4.0	16384000.0	20387.586197	4091
6.0	16384000.0	20471.579779	4092
1.0	16384000.0	20406.349501	4093
6.0	16384000.0	16542.516626	4161
5.0	16384000.0	16568.352161	4162
4.0	16384000.0	16749.305811	4163
7.0	16384000.0	17009.81803	4164
6.0	16384000.0	16855.514659	4165
4.0	16384000.0	16800.211384	4166
5.0	16384000.0	16588.062747	4167
5.0	16384000.0	16922.431547	4168
0.0	1146880.0	15584.60069	4169
4.0	16384000.0	16539.34322	4170
4.0	16384000.0	20415.738946	4246
3.0	16384000.0	20334.883874	4247
3.0	16384000.0	20340.059884	4248
3.0	16384000.0	20448.899678	4249
0.0	1310720.0	19007.75575	4250
2.0	16384000.0	20374.58312	4251
4.0	16384000.0	20493.130365	4252
8.0	16384000.0	20434.266934	4253
5.0	16384000.0	20544.370032	4326
1.0	16384000.0	20369.728752	4327
0.0	1474560.0	18725.472235	4328
1.0	16384000.0	20334.870786	4329
6.0	16384000.0	20388.886007	4330
1.0	16384000.0	20434.271786	4331
7.0	16384000.0	20458.588548	4332
4.0	16384000.0	20383.734614	4333
3.0	16384000.0	20398.679329	4406
5.0	16384000.0	20313.881488	4407
5.0	16384000.0	20312.166371	4408
3.0	16384000.0	20431.54754	4409
3.0	16384000.0	20372.574184	4410
2.0	16384000.0	20427.968971	4411
2.0	16384000.0	20457.470635	4412
4.0	16384000.0	20375.316212	4413
1.0	16384000.0	16562.61377	4481
6.0	16384000.0	16649.50346	4482
1.0	16384000.0	16778.480729	4483
6.0	16384000.0	16863.243007	4484
6.0	16384000.0	16543.029472	4485
4.0	16384000.0	16635.128832	4486
1.0	16384000.0	16617.405148	4487
5.0	16384000.0	16547.723216	4488
0.0	1310720.0	15472.09055	4489
5.0	16384000.0	16543.312339	4490
5.0	16384000.0	20378.682399	4566
3.0	16384000.0	20356.802269	4567
3.0	16384000.0	20335.170211	4568
2.0	16384000.0	20335.656724	4569
3.0	16384000.0	20495.474751	4570
3.0	16384000.0	20383.48846	4571
1.0	16384000.0	20355.496964	4572
4.0	16384000.0	20385.038625	4573
2.0	16384000.0	16549.101632	4641
3.0	16384000.0	16742.257341	4642
5.0	16384000.0	16817.06773	4643
3.0	16384000.0	16802.151965	4644
6.0	16384000.0	16542.840943	4645
4.0	16384000.0	16520.222961	4646
5.0	16384000.0	16641.841659	4647
4.0	16384000.0	16530.882622	4648
2.0	16384000.0	16638.271745	4649
2.0	16384000.0	16572.5528	4650
3.0	16384000.0	20473.271118	4726
3.0	16384000.0	20332.049864	4727
4.0	16384000.0	20396.307497	4728
1.0	16384000.0	20350.239373	4729
4.0	16384000.0	20380.838868	4730
2.0	16384000.0	20353.716181	4731
6.0	16384000.0	20393.564648	4732
5.0	16384000.0	20369.740519	4733
5.0	16384000.0	20402.405624	4806
4.0	16384000.0	20347.665339	4807
3.0	16384000.0	20957.568803	4808
7.0	16384000.0	20368.882778	4809
3.0	16384000.0	20390.79871	4810
4.0	16384000.0	21095.448156	4811
3.0	16384000.0	20353.587516	4812
4.0	16384000.0	20368.949954	4813
0.0	1474560.0	18700.131306	4886
2.0	16384000.0	20336.172583	4887
1.0	16384000.0	20312.170294	4888
5.0	16384000.0	20322.319703	4889
2.0	16384000.0	20390.30117	4890
2.0	16384000.0	20368.406464	4891
6.0	16384000.0	20370.043618	4892
4.0	16384000.0	20374.001349	4893
4.0	16384000.0	20364.496853	4961
5.0	16384000.0	20338.565332	4962
3.0	16384000.0	20354.305412	4963
3.0	16384000.0	20406.18234	4964
6.0	16384000.0	20336.688187	4965
2.0	16384000.0	20419.856458	4966
3.0	16384000.0	20376.157859	4967
7.0	16384000.0	20382.648545	4968
5.0	16384000.0	20388.640374	5046
4.0	16384000.0	20351.893874	5047
2.0	16384000.0	20315.792019	5048
6.0	16384000.0	20339.137584	5049
3.0	16384000.0	20364.487848	5050
2.0	16384000.0	20393.245577	5051
4.0	16384000.0	20366.055116	5052
2.0	16384000.0	20464.28141	5053
6.0	16384000.0	20430.090015	5121
5.0	16384000.0	20409.668236	5122
2.0	16384000.0	20487.618285	5123
3.0	16384000.0	20349.754549	5124
4.0	16384000.0	20355.845926	5125
1.0	16384000.0	20344.734206	5126
1.0	16384000.0	20341.909886	5127
2.0	16384000.0	20962.207833	5128
6.0	16384000.0	20482.63195	5206
5.0	16384000.0	20438.790982	5207
10.0	16384000.0	20343.728651	5208
4.0	16384000.0	20318.095263	5209
4.0	16384000.0	20365.669138	5210
1.0	16384000.0	20417.134121	5211
9.0	16384000.0	20511.719334	5212
3.0	16384000.0	20418.922938	5213
3.0	16384000.0	20531.711239	5286
4.0	16384000.0	20454.341071	5287
2.0	16384000.0	20305.286448	5288
2.0	16384000.0	20293.304193	5289
2.0	16384000.0	20488.148858	5290
3.0	16384000.0	20480.179151	5291
6.0	16384000.0	20459.955031	5292
2.0	16384000.0	20400.718521	5293
3.0	16384000.0	20383.003583	5361
3.0	16384000.0	20352.904754	5362
1.0	16384000.0	20561.053399	5363
4.0	16384000.0	20403.085416	5364
5.0	16384000.0	20387.201707	5365
1.0	16384000.0	20443.576109	5366
3.0	16384000.0	20475.540479	5367
3.0	16384000.0	20362.467823	5368
5.0	16384000.0	16567.154046	5446
5.0	16384000.0	16751.110347	5447
0.0	1474560.0	15383.913763	5448
5.0	16384000.0	16731.687245	5449
3.0	16384000.0	16685.346079	5450
2.0	16384000.0	16621.808813	5451
5.0	16384000.0	23393.354974	5452
2.0	16384000.0	16528.651913	5453
2.0	16384000.0	16636.777709	5454
3.0	16384000.0	20415.313893	5521
1.0	16384000.0	20306.446127	5522
3.0	16384000.0	20365.545605	5523
5.0	16384000.0	20346.479695	5524
1.0	16384000.0	20376.562932	5525
2.0	16384000.0	20430.313942	5526
2.0	16384000.0	20387.29452	5527
1.0	16384000.0	20390.578239	5528
0.0	1638400.0	14943.664611	5606
4.0	16384000.0	16518.721058	5607
3.0	16384000.0	16828.52759	5608
1.0	16384000.0	16838.698196	5609
9.0	16384000.0	16667.024053	5610
4.0	16384000.0	16541.519528	5611
4.0	16384000.0	16745.307279	5612
2.0	16384000.0	16532.967265	5613
3.0	16384000.0	16728.350617	5614
5.0	16384000.0	16652.891062	5615
0.0	1474560.0	18620.351315	5681
3.0	16384000.0	20366.099108	5682
3.0	16384000.0	20346.524618	5683
3.0	16384000.0	20344.102029	5684
7.0	16384000.0	20473.652287	5685
5.0	16384000.0	20475.71732	5686
6.0	16384000.0	20379.477934	5687
2.0	16384000.0	20395.462832	5688
3.0	16384000.0	16516.102658	5761
0.0	1310720.0	15289.914398	5762
2.0	16384000.0	16800.936827	5763
2.0	16384000.0	16782.620481	5764
3.0	16384000.0	16666.490132	5765
3.0	16384000.0	16516.869186	5766
3.0	16384000.0	16614.698857	5767
4.0	16384000.0	16552.254967	5768
2.0	16384000.0	16626.114589	5769
2.0	16384000.0	16557.45989	5770
2.0	16384000.0	20563.881962	5841
3.0	16384000.0	20448.530681	5842
3.0	16384000.0	20650.260474	5843
4.0	16384000.0	20337.727654	5844
5.0	16384000.0	20396.9703	5845
3.0	16384000.0	20481.751283	5846
3.0	16384000.0	20360.575133	5847
7.0	16384000.0	20421.233156	5848
5.0	16384000.0	20393.576353	5926
5.0	16384000.0	20354.164355	5927
5.0	16384000.0	20335.283551	5928
6.0	16384000.0	20340.27713	5929
6.0	16384000.0	20458.460522	5930
10.0	16384000.0	20356.090317	5931
3.0	16384000.0	20329.002347	5932
3.0	16384000.0	20361.108468	5933
4.0	16384000.0	20392.394233	6001
4.0	16384000.0	20326.845867	6002
5.0	16384000.0	20349.88897	6003
1.0	16384000.0	20494.984143	6004
2.0	16384000.0	20354.593452	6005
4.0	16384000.0	20371.596849	6006
6.0	16384000.0	20374.891094	6007
5.0	16384000.0	20397.855561	6008
4.0	16384000.0	20418.357404	6081
6.0	16384000.0	20319.886065	6082
2.0	16384000.0	20457.661457	6083
4.0	16384000.0	20339.938356	6084
2.0	16384000.0	20329.099733	6085
5.0	16384000.0	20345.077367	6086
3.0	16384000.0	20371.828997	6087
4.0	16384000.0	20475.402849	6088
2.0	16384000.0	16566.772233	6166
5.0	16384000.0	16616.030748	6167
5.0	16384000.0	16770.037827	6168
7.0	16384000.0	16789.459347	6169
2.0	16384000.0	16575.548012	6170
2.0	16384000.0	16543.115319	6171
4.0	16384000.0	16626.02671	6172
3.0	16384000.0	16531.989951	6173
3.0	16384000.0	16728.491285	6174
2.0	16384000.0	16559.485904	6175
4.0	16384000.0	20430.824804	6246
6.0	16384000.0	37456.121039	6247
2.0	16384000.0	20370.26915	6248
1.0	16384000.0	37395.29938	6249
2.0	16384000.0	20419.184203	6250
0.0	1474560.0	18606.57177	6251
4.0	16384000.0	16514.789469	6326
3.0	16384000.0	16727.157743	6327
4.0	16384000.0	16950.384909	6328
5.0	16384000.0	16796.133932	6329
1.0	16384000.0	16560.252536	6330
5.0	16384000.0	16640.688688	6331
6.0	16384000.0	16639.424033	6332
4.0	16384000.0	16617.170108	6333
5.0	16384000.0	16617.899432	6334
4.0	16384000.0	16571.989637	6335
4.0	16384000.0	16561.862314	6406
3.0	16384000.0	16608.963185	6407
6.0	16384000.0	16779.872697	6408
8.0	16384000.0	17561.572279	6409
4.0	16384000.0	17169.026873	6410
5.0	16384000.0	16732.022256	6411
3.0	16384000.0	16585.804588	6412
4.0	16384000.0	17446.422713	6413
7.0	16384000.0	16713.066708	6414
6.0	16384000.0	16618.975856	6415
3.0	16384000.0	20412.449194	6481
3.0	16384000.0	20358.860341	6482
8.0	16384000.0	20368.114249	6483
6.0	16384000.0	20387.482331	6484
7.0	16384000.0	20485.073411	6485
3.0	16384000.0	20332.140412	6486
3.0	16384000.0	20354.46424	6487
4.0	16384000.0	20367.349616	6488
3.0	16384000.0	20413.01571	6561
2.0	16384000.0	20512.991118	6562
2.0	16384000.0	20345.619292	6563
1.0	16384000.0	20357.847801	6564
0.0	1638400.0	18471.777486	6565
1.0	16384000.0	20324.869405	6566
6.0	16384000.0	20423.53915	6567
6.0	16384000.0	20472.589135	6568
4.0	16384000.0	20402.729921	6641
4.0	16384000.0	20318.022165	6642
3.0	16384000.0	20321.274448	6643
5.0	16384000.0	20379.140007	6644
6.0	16384000.0	20363.990059	6645
4.0	16384000.0	20357.787484	6646
8.0	16384000.0	20382.482272	6647
7.0	16384000.0	20368.132146	6648
7.0	16384000.0	20425.614918	6721
1.0	16384000.0	20336.096073	6722
4.0	16384000.0	20497.758819	6723
3.0	16384000.0	20361.20319	6724
5.0	16384000.0	20382.154215	6725
3.0	16384000.0	20392.120705	6726
2.0	16384000.0	20539.161858	6727
7.0	16384000.0	20383.949826	6728
5.0	16384000.0	20420.434121	6806
2.0	16384000.0	20378.952611	6807
4.0	16384000.0	20340.07011	6808
2.0	16384000.0	20389.176608	6809
2.0	16384000.0	20389.658417	6810
6.0	16384000.0	20329.4247	6811
4.0	16384000.0	20394.857321	6812
0.0	1474560.0	18708.497698	6813
3.0	16384000.0	20473.863652	6881
7.0	16384000.0	20449.738928	6882
3.0	16384000.0	20341.554831	6883
3.0	16384000.0	20520.701812	6884
7.0	16384000.0	20386.649165	6885
6.0	16384000.0	20373.592881	6886
4.0	16384000.0	20382.000307	6887
5.0	16384000.0	20505.051371	6888
3.0	16384000.0	20420.401595	6966
4.0	16384000.0	20408.527257	6967
1.0	16384000.0	20368.521258	6968
7.0	16384000.0	20334.206227	6969
2.0	16384000.0	20402.197055	6970
1.0	16384000.0	20392.10255	6971
6.0	16384000.0	20393.451821	6972
1.0	16384000.0	20417.460266	6973
2.0	16384000.0	20408.011128	7041
5.0	16384000.0	20321.573252	7042
6.0	16384000.0	20331.772746	7043
2.0	16384000.0	20316.62407	7044
8.0	16384000.0	20359.21656	7045
2.0	16384000.0	20481.642063	7046
2.0	16384000.0	20420.868476	7047
2.0	16384000.0	20362.371747	7048
7.0	16384000.0	20422.924124	7126
4.0	16384000.0	20334.513451	7127
3.0	16384000.0	20317.866829	7128
2.0	16384000.0	20407.80198	7129
3.0	16384000.0	20384.088858	7130
6.0	16384000.0	20446.166386	7131
5.0	16384000.0	20365.358614	7132
4.0	16384000.0	20460.204	7133
6.0	16384000.0	20484.694702	7201
2.0	16384000.0	20342.617506	7202
5.0	16384000.0	20333.396095	7203
2.0	16384000.0	20402.799822	7204
0.0	1474560.0	18681.716652	7205
5.0	16384000.0	20365.022451	7206
5.0	16384000.0	20378.211029	7207
5.0	16384000.0	20359.057975	7208
6.0	16384000.0	20357.890933	7286
3.0	16384000.0	20321.052861	7287
2.0	16384000.0	20306.962814	7288
6.0	16384000.0	20343.661875	7289
7.0	16384000.0	20368.3624	7290
0.0	1474560.0	18592.006913	7291
4.0	16384000.0	20466.581835	7292
4.0	16384000.0	20410.990081	7293
8.0	16384000.0	20381.883133	7366
4.0	16384000.0	20334.859835	7367
4.0	16384000.0	20293.426437	7368
3.0	16384000.0	20377.332978	7369
3.0	16384000.0	20392.137112	7370
2.0	16384000.0	20380.240759	7371
4.0	16384000.0	20477.431521	7372
4.0	16384000.0	20349.568681	7373
2.0	16384000.0	20397.554001	7441
3.0	16384000.0	20355.481296	7442
4.0	16384000.0	20360.850595	7443
3.0	16384000.0	20333.891321	7444
2.0	16384000.0	20352.692982	7445
3.0	16384000.0	20471.382382	7446
3.0	16384000.0	20349.587095	7447
5.0	16384000.0	20366.739183	7448
6.0	16384000.0	20445.670764	7526
4.0	16384000.0	20345.243198	7527
5.0	16384000.0	20365.957495	7528
4.0	16384000.0	20344.943146	7529
2.0	16384000.0	20416.100566	7530
3.0	16384000.0	20490.242593	7531
4.0	16384000.0	20596.841508	7532
3.0	16384000.0	20427.361978	7533
3.0	16384000.0	20636.049246	7601
2.0	16384000.0	20371.392829	7602
3.0	16384000.0	20353.202226	7603
2.0	16384000.0	20406.232445	7604
5.0	16384000.0	20507.350288	7605
4.0	16384000.0	20388.078206	7606
4.0	16384000.0	20402.884551	7607
2.0	16384000.0	20400.476626	7608
3.0	16384000.0	20404.460991	7681
4.0	16384000.0	20354.09582	7682
7.0	16384000.0	20418.470442	7683
3.0	16384000.0	20343.274374	7684
4.0	16384000.0	20386.877718	7685
5.0	16384000.0	20409.544023	7686
7.0	16384000.0	20365.53278	7687
6.0	16384000.0	20414.52582	7688
4.0	16384000.0	20415.453944	7761
4.0	16384000.0	20334.477388	7762
2.0	16384000.0	20330.314122	7763
6.0	16384000.0	20361.746137	7764
6.0	16384000.0	20390.170743	7765
3.0	16384000.0	20374.670194	7766
5.0	16384000.0	20372.796871	7767
7.0	16384000.0	20352.09792	7768
5.0	16384000.0	16575.590072	7841
4.0	16384000.0	16594.809919	7842
4.0	16384000.0	16738.543711	7843
3.0	16384000.0	17039.304906	7844
7.0	16384000.0	16932.079258	7845
3.0	16384000.0	16746.174668	7846
2.0	16384000.0	16587.518337	7847
3.0	16384000.0	16861.59738	7848
3.0	16384000.0	16727.954047	7849
3.0	16384000.0	16538.403448	7850
4.0	16384000.0	20631.023339	7926
1.0	16384000.0	20432.106713	7927
4.0	16384000.0	20350.301839	7928
4.0	16384000.0	20354.184018	7929
5.0	16384000.0	20461.514312	7930
1.0	16384000.0	20390.884088	7931
6.0	16384000.0	20361.571213	7932
5.0	16384000.0	20523.418109	7933
4.0	16384000.0	20369.423146	8001
6.0	16384000.0	20352.364521	8002
2.0	16384000.0	20290.777827	8003
2.0	16384000.0	20354.369298	8004
3.0	16384000.0	20369.069917	8005
2.0	16384000.0	20374.384644	8006
10.0	16384000.0	20343.732894	8007
5.0	16384000.0	20405.423386	8008
3.0	16384000.0	20424.438053	8086
6.0	16384000.0	20327.251844	8087
7.0	16384000.0	20324.19671	8088
4.0	16384000.0	20382.751467	8089
3.0	16384000.0	20420.541507	8090
1.0	16384000.0	20385.680203	8091
4.0	16384000.0	20363.507194	8092
2.0	16384000.0	20423.804574	8093
2.0	16384000.0	20378.092141	8166
1.0	16384000.0	20457.395887	8167
2.0	16384000.0	20359.674322	8168
3.0	16384000.0	20334.832307	8169
2.0	16384000.0	20393.043464	8170
9.0	16384000.0	20368.123005	8171
1.0	16384000.0	20516.354188	8172
3.0	16384000.0	20390.718952	8173
1.0	16384000.0	20406.625535	8246
5.0	16384000.0	20336.415227	8247
1.0	16384000.0	20367.401443	8248
3.0	16384000.0	20330.767569	8249
9.0	16384000.0	20400.20431	8250
3.0	16384000.0	20357.469638	8251
3.0	16384000.0	20393.410264	8252
3.0	16384000.0	20400.741753	8253
1.0	16384000.0	20402.354134	8321
5.0	16384000.0	20443.64306	8322
3.0	16384000.0	20345.735352	8323
3.0	16384000.0	20345.923564	8324
2.0	16384000.0	20383.406096	8325
4.0	16384000.0	20396.800335	8326
4.0	16384000.0	20396.380903	8327
2.0	16384000.0	20429.990073	8328
1.0	16384000.0	20423.510392	8406
3.0	16384000.0	20378.930607	8407
2.0	16384000.0	20410.663512	8408
4.0	16384000.0	20364.79183	8409
3.0	16384000.0	20510.489828	8410
3.0	16384000.0	20477.762388	8411
2.0	16384000.0	20379.067873	8412
6.0	16384000.0	20397.017076	8413
1.0	16384000.0	20365.129727	8486
12.0	16384000.0	20363.111166	8487
5.0	16384000.0	20322.727915	8488
4.0	16384000.0	20319.221639	8489
5.0	16384000.0	20403.646143	8490
2.0	16384000.0	20397.752311	8491
5.0	16384000.0	20440.812399	8492
4.0	16384000.0	20386.565105	8493
2.0	16384000.0	16574.685391	8566
5.0	16384000.0	16616.146499	8567
4.0	16384000.0	16736.485227	8568
5.0	16384000.0	17383.94161	8569
2.0	16384000.0	16975.615079	8570
1.0	16384000.0	16878.708047	8571
2.0	16384000.0	16663.041909	8572
5.0	16384000.0	16832.186472	8573
2.0	16384000.0	16635.891519	8574
8.0	16384000.0	16661.582216	8575
9.0	16384000.0	20387.830194	8641
1.0	16384000.0	20372.502724	8642
3.0	16384000.0	20318.158291	8643
2.0	16384000.0	20913.876191	8644
9.0	16384000.0	20387.831254	8645
5.0	16384000.0	20385.306103	8646
2.0	16384000.0	20337.244787	8647
8.0	16384000.0	20408.285611	8648
1.0	16384000.0	20417.34923	8721
4.0	16384000.0	20336.297441	8722
2.0	16384000.0	20317.236974	8723
4.0	16384000.0	20319.206264	8724
5.0	16384000.0	20356.663151	8725
9.0	16384000.0	20380.378316	8726
5.0	16384000.0	20504.037193	8727
4.0	16384000.0	20394.517461	8728
4.0	16384000.0	16649.142806	8801
2.0	16384000.0	16607.168801	8802
3.0	16384000.0	16811.300703	8803
3.0	16384000.0	17014.517659	8804
1.0	16384000.0	16551.071713	8805
8.0	16384000.0	16545.741458	8806
3.0	16384000.0	16631.936288	8807
5.0	16384000.0	16565.881114	8808
3.0	16384000.0	16713.316193	8809
5.0	16384000.0	16532.365776	8810
6.0	16384000.0	20409.648439	8881
1.0	16384000.0	20343.501943	8882
2.0	16384000.0	20299.532414	8883
5.0	16384000.0	20343.08293	8884
4.0	16384000.0	20533.14323	8885
5.0	16384000.0	20345.054184	8886
6.0	16384000.0	20355.358423	8887
5.0	16384000.0	20384.116481	8888
2.0	16384000.0	20416.276963	8966
7.0	16384000.0	20471.058685	8967
3.0	16384000.0	20457.280934	8968
4.0	16384000.0	20310.785694	8969
3.0	16384000.0	20438.383554	8970
2.0	16384000.0	20362.471531	8971
4.0	16384000.0	20465.78519	8972
6.0	16384000.0	20370.016498	8973
11.0	16384000.0	20560.03904	9046
3.0	16384000.0	20322.9632	9047
1.0	16384000.0	20345.827314	9048
6.0	16384000.0	20381.678282	9049
4.0	16384000.0	20342.018463	9050
4.0	16384000.0	20360.546777	9051
3.0	16384000.0	20372.292625	9052
3.0	16384000.0	20405.807699	9053
3.0	16384000.0	20484.499697	9121
1.0	16384000.0	20380.90578	9122
2.0	16384000.0	20336.443263	9123
2.0	16384000.0	20359.745792	9124
3.0	16384000.0	20528.47439	9125
4.0	16384000.0	20380.763513	9126
4.0	16384000.0	20363.078147	9127
4.0	16384000.0	20394.922631	9128
5.0	16384000.0	20402.066375	9201
4.0	16384000.0	20327.805659	9202
1.0	16384000.0	20326.152822	9203
2.0	16384000.0	20296.026778	9204
4.0	16384000.0	20375.574396	9205
3.0	16384000.0	20368.818757	9206
2.0	16384000.0	20388.47791	9207
2.0	16384000.0	20413.171388	9208
2.0	16384000.0	20397.004849	9286
4.0	16384000.0	20334.223999	9287
5.0	16384000.0	20318.550766	9288
4.0	16384000.0	20440.720054	9289
3.0	16384000.0	20608.748045	9290
3.0	16384000.0	20391.813376	9291
4.0	16384000.0	20401.674918	9292
4.0	16384000.0	20371.486295	9293
4.0	16384000.0	16565.808202	9361
3.0	16384000.0	16666.460945	9362
5.0	16384000.0	16799.178539	9363
1.0	16384000.0	17017.561705	9364
4.0	16384000.0	16528.142619	9365
3.0	16384000.0	16571.155255	9366
2.0	16384000.0	16623.192304	9367
7.0	16384000.0	16539.099463	9368
7.0	16384000.0	16721.28876	9369
3.0	16384000.0	16566.606581	9370
2.0	16384000.0	20389.639737	9441
3.0	16384000.0	23024.820411	9442
6.0	16384000.0	20365.468891	9443
2.0	16384000.0	20322.838416	9444
6.0	16384000.0	22941.220964	9445
3.0	16384000.0	20389.703915	9446
3.0	16384000.0	20360.794958	9447
6.0	16384000.0	20381.465095	9448
1.0	16384000.0	20418.509327	9521
1.0	16384000.0	20360.163451	9522
4.0	16384000.0	20494.403798	9523
2.0	16384000.0	20338.512014	9524
1.0	16384000.0	20414.872265	9525
4.0	16384000.0	20362.707059	9526
4.0	16384000.0	20392.527277	9527
5.0	16384000.0	20422.257086	9528
7.0	16384000.0	22352.510415	9606
3.0	16384000.0	20319.345633	9607
2.0	16384000.0	20343.871853	9608
2.0	16384000.0	20321.458649	9609
4.0	16384000.0	20370.225968	9610
5.0	16384000.0	20333.860894	9611
3.0	16384000.0	20426.108788	9612
6.0	16384000.0	20360.163112	9613
2.0	16384000.0	20405.630442	9681
5.0	16384000.0	20370.90812	9682
3.0	16384000.0	20329.910429	9683
7.0	16384000.0	20418.712834	9684
3.0	16384000.0	20485.979653	9685
3.0	16384000.0	20382.061858	9686
3.0	16384000.0	20411.03011	9687
5.0	16384000.0	20431.370772	9688
3.0	16384000.0	20384.522471	9761
1.0	16384000.0	20340.674707	9762
3.0	16384000.0	20344.599357	9763
4.0	16384000.0	20318.791891	9764
4.0	16384000.0	20473.795203	9765
5.0	16384000.0	20373.3214	9766
3.0	16384000.0	20349.348209	9767
8.0	16384000.0	20367.668543	9768
5.0	16384000.0	20384.306331	9846
3.0	16384000.0	20338.201089	9847
5.0	16384000.0	20359.833614	9848
2.0	16384000.0	20311.197303	9849
0.0	1474560.0	18616.312957	9850
1.0	16384000.0	20378.625274	9851
6.0	16384000.0	20417.101546	9852
7.0	16384000.0	20533.450661	9853
2.0	16384000.0	20361.37406	9925
3.0	16384000.0	20314.875661	9926
4.0	16384000.0	20341.610406	9927
2.0	16384000.0	20360.326072	9928
4.0	16384000.0	20478.709964	9929
4.0	16384000.0	20377.856158	9930
4.0	16384000.0	20450.24146	9931
6.0	16384000.0	20433.295642	9932
3.0	16384000.0	28668.718978	2
4.0	16384000.0	29612.375938	30
3.0	16384000.0	28922.878439	31
1.0	16384000.0	29013.429134	32
5.0	16384000.0	29419.116991	33
6.0	16384000.0	29410.218979	241
5.0	16384000.0	29485.491903	242
3.0	16384000.0	29529.863385	243
2.0	16384000.0	29345.017404	244
4.0	16384000.0	29423.785987	245
6.0	16384000.0	28867.03338	561
5.0	16384000.0	29443.381533	562
1.0	16384000.0	28945.889685	563
4.0	16384000.0	29038.111111	564
3.0	16384000.0	29526.410955	565
6.0	16384000.0	28922.620493	721
4.0	16384000.0	29126.648111	722
1.0	16384000.0	29594.123242	723
0.0	1638400.0	26234.493934	724
4.0	16384000.0	29178.991157	725
3.0	16384000.0	28877.731045	881
4.0	16384000.0	29212.688086	882
3.0	16384000.0	29345.912201	883
6.0	16384000.0	28820.705896	884
1.0	16384000.0	29137.663307	885
5.0	16384000.0	29451.171423	1041
2.0	16384000.0	28970.061127	1042
4.0	16384000.0	29584.604695	1043
1.0	16384000.0	28913.774855	1044
4.0	16384000.0	29058.990131	1045
4.0	16384000.0	29268.253774	1121
0.0	1146880.0	27374.561669	1122
5.0	16384000.0	29419.629806	1123
8.0	16384000.0	29246.839962	1124
8.0	16384000.0	28829.823982	1125
5.0	16384000.0	28980.299601	1224
1.0	16384000.0	29396.702881	1225
4.0	16384000.0	29074.516822	1226
6.0	16384000.0	28768.982957	1227
4.0	16384000.0	29026.686394	1228
3.0	16384000.0	28670.567926	1521
6.0	16384000.0	29003.858507	1522
2.0	16384000.0	28812.456661	1523
3.0	16384000.0	29020.080755	1524
3.0	16384000.0	29646.06438	1525
7.0	16384000.0	28793.62997	1681
6.0	16384000.0	29220.178605	1682
3.0	16384000.0	29156.408941	1683
3.0	16384000.0	28904.17086	1684
1.0	16384000.0	29383.453178	1685
3.0	16384000.0	29445.166745	1761
2.0	16384000.0	29248.590516	1762
3.0	16384000.0	28861.442495	1763
2.0	16384000.0	28894.355178	1764
5.0	16384000.0	29133.342171	1765
3.0	16384000.0	29299.324338	1841
1.0	16384000.0	29116.566151	1842
5.0	16384000.0	29006.213413	1843
3.0	16384000.0	29282.482895	1844
3.0	16384000.0	28942.257883	1845
0.0	1310720.0	26778.10384	2321
4.0	16384000.0	29269.609841	2322
3.0	16384000.0	28971.848726	2323
4.0	16384000.0	29267.595366	2324
4.0	16384000.0	29375.980354	2325
5.0	16384000.0	28897.696122	2481
3.0	16384000.0	29210.161681	2482
4.0	16384000.0	28985.740645	2483
3.0	16384000.0	28983.702947	2484
3.0	16384000.0	29203.886391	2485
3.0	16384000.0	29505.697835	2561
4.0	16384000.0	29350.659153	2562
6.0	16384000.0	29767.438356	2563
3.0	16384000.0	29249.49714	2564
3.0	16384000.0	29664.499494	2565
4.0	16384000.0	29169.142131	2721
3.0	16384000.0	29230.59255	2722
7.0	16384000.0	29686.542045	2723
5.0	16384000.0	28997.764522	2724
3.0	16384000.0	28840.761511	2725
4.0	16384000.0	29127.522964	2961
3.0	16384000.0	29522.16878	2962
6.0	16384000.0	29182.400176	2963
1.0	16384000.0	29243.63684	2964
2.0	16384000.0	29093.590661	2965
3.0	16384000.0	28983.624881	3121
1.0	16384000.0	29473.869899	3122
4.0	16384000.0	29555.680892	3123
6.0	16384000.0	29101.108991	3124
2.0	16384000.0	29334.196484	3125
2.0	16384000.0	28703.127894	3217
2.0	16384000.0	29006.2618	3218
5.0	16384000.0	29105.364937	3219
3.0	16384000.0	29058.738298	3220
3.0	16384000.0	28993.464869	3221
2.0	16384000.0	29555.421258	3281
7.0	16384000.0	29160.596597	3282
4.0	16384000.0	29159.807	3283
3.0	16384000.0	29680.585648	3284
3.0	16384000.0	29061.12881	3285
7.0	16384000.0	29316.258245	3361
2.0	16384000.0	28936.552203	3362
5.0	16384000.0	29361.859598	3363
5.0	16384000.0	29537.778412	3364
3.0	16384000.0	29318.933437	3365
5.0	16384000.0	28835.780575	3521
7.0	16384000.0	28820.106658	3522
2.0	16384000.0	29308.667689	3523
3.0	16384000.0	28920.29084	3524
3.0	16384000.0	29125.043642	3525
5.0	16384000.0	28715.365939	3622
1.0	16384000.0	29103.570617	3623
3.0	16384000.0	29148.466939	3624
4.0	16384000.0	29492.63075	3625
3.0	16384000.0	29374.457273	3626
1.0	16384000.0	28910.688363	3681
2.0	16384000.0	29136.383306	3682
1.0	16384000.0	29372.477585	3683
6.0	16384000.0	29305.995534	3684
7.0	16384000.0	29211.398553	3685
7.0	16384000.0	28636.123694	3841
3.0	16384000.0	28998.220229	3842
2.0	16384000.0	30013.861129	3843
5.0	16384000.0	29283.40149	3844
3.0	16384000.0	29178.081346	3845
5.0	16384000.0	28982.098247	4001
5.0	16384000.0	28891.369513	4002
8.0	16384000.0	29218.627877	4003
2.0	16384000.0	29028.116415	4004
8.0	16384000.0	28932.997727	4005
4.0	16384000.0	29380.536887	4081
3.0	16384000.0	29350.065578	4082
4.0	16384000.0	29533.465535	4083
4.0	16384000.0	28971.470634	4084
0.0	1310720.0	26569.617976	4085
2.0	16384000.0	28781.362633	4241
3.0	16384000.0	29139.993359	4242
2.0	16384000.0	29447.743899	4243
6.0	16384000.0	29245.572484	4244
3.0	16384000.0	29184.218472	4245
2.0	16384000.0	28684.483749	4321
5.0	16384000.0	29285.201421	4322
5.0	16384000.0	29391.788815	4323
1.0	16384000.0	29082.31238	4324
6.0	16384000.0	28760.1973	4325
7.0	16384000.0	28859.868448	4401
5.0	16384000.0	28994.349302	4402
3.0	16384000.0	29474.0108	4403
5.0	16384000.0	29423.89274	4404
5.0	16384000.0	29130.421003	4405
3.0	16384000.0	29256.911094	4561
4.0	16384000.0	29009.400917	4562
2.0	16384000.0	29365.053644	4563
7.0	16384000.0	29133.069815	4564
8.0	16384000.0	29211.775668	4565
4.0	16384000.0	28953.53986	4721
5.0	16384000.0	29627.458921	4722
1.0	16384000.0	28944.874946	4723
7.0	16384000.0	29476.626371	4724
1.0	16384000.0	29042.788197	4725
2.0	16384000.0	28888.757762	4801
2.0	16384000.0	29033.252985	4802
1.0	16384000.0	29486.83319	4803
4.0	16384000.0	28889.552239	4804
4.0	16384000.0	29361.097499	4805
2.0	16384000.0	28962.60141	4881
3.0	16384000.0	29128.291848	4882
3.0	16384000.0	28856.239327	4883
5.0	16384000.0	29083.936884	4884
2.0	16384000.0	28811.526317	4885
4.0	16384000.0	29023.497689	5041
3.0	16384000.0	29456.297449	5042
2.0	16384000.0	29508.325212	5043
8.0	16384000.0	29028.524128	5044
2.0	16384000.0	29515.468814	5045
4.0	16384000.0	29201.190545	5201
4.0	16384000.0	29186.407816	5202
6.0	16384000.0	29183.530463	5203
3.0	16384000.0	29092.219251	5204
3.0	16384000.0	29098.086071	5205
4.0	16384000.0	29062.079571	5281
3.0	16384000.0	29355.3282	5282
2.0	16384000.0	29241.425963	5283
3.0	16384000.0	28886.816751	5284
5.0	16384000.0	29140.783912	5285
3.0	16384000.0	28645.114109	5441
4.0	16384000.0	29518.876233	5442
3.0	16384000.0	29310.571641	5443
4.0	16384000.0	29140.888053	5444
3.0	16384000.0	29116.196715	5445
1.0	16384000.0	28868.827567	5601
5.0	16384000.0	29211.406166	5602
2.0	16384000.0	29090.584698	5603
3.0	16384000.0	29009.418856	5604
4.0	16384000.0	28822.814441	5605
6.0	16384000.0	29067.19001	5921
1.0	16384000.0	29167.208677	5922
3.0	16384000.0	29279.398877	5923
0.0	1474560.0	26458.349726	5924
3.0	16384000.0	28778.844701	5925
1.0	16384000.0	28988.985951	6161
3.0	16384000.0	29396.480639	6162
3.0	16384000.0	29475.67239	6163
2.0	16384000.0	29267.546081	6164
6.0	16384000.0	28994.515118	6165
7.0	16384000.0	29348.964742	6241
3.0	16384000.0	29204.493186	6242
5.0	16384000.0	29101.719906	6243
5.0	16384000.0	28982.072638	6244
3.0	16384000.0	29476.599301	6245
3.0	16384000.0	28754.367016	6321
3.0	16384000.0	28932.917612	6322
3.0	16384000.0	29330.325493	6323
6.0	16384000.0	28623.580521	6324
4.0	16384000.0	29209.643944	6325
4.0	16384000.0	28924.900862	6401
5.0	16384000.0	29361.569568	6402
3.0	16384000.0	29412.387849	6403
5.0	16384000.0	29005.440597	6404
3.0	16384000.0	29470.249265	6405
5.0	16384000.0	29318.227156	6801
2.0	16384000.0	29133.400757	6802
4.0	16384000.0	29365.205572	6803
5.0	16384000.0	29445.651816	6804
4.0	16384000.0	32263.546263	6805
6.0	16384000.0	28723.547506	6961
7.0	16384000.0	29267.203429	6962
5.0	16384000.0	29586.222366	6963
7.0	16384000.0	29190.937515	6964
3.0	16384000.0	29067.011535	6965
3.0	16384000.0	29080.491627	7121
5.0	16384000.0	29222.116551	7122
5.0	16384000.0	29117.156181	7123
4.0	16384000.0	29054.064626	7124
1.0	16384000.0	28792.468742	7125
3.0	16384000.0	28875.737007	7281
3.0	16384000.0	29565.955518	7282
2.0	16384000.0	29686.71483	7283
3.0	16384000.0	29120.753802	7284
0.0	1638400.0	26187.861632	7285
3.0	16384000.0	29017.734388	7361
5.0	16384000.0	29080.84301	7362
2.0	16384000.0	29087.894754	7363
2.0	16384000.0	29195.831629	7364
5.0	16384000.0	29320.905945	7365
4.0	16384000.0	28897.025337	7521
5.0	16384000.0	29329.326674	7522
4.0	16384000.0	28960.815976	7523
2.0	16384000.0	29115.501257	7524
5.0	16384000.0	29104.44426	7525
3.0	16384000.0	28899.375034	7921
1.0	16384000.0	29091.275094	7922
5.0	16384000.0	29527.440913	7923
5.0	16384000.0	28972.526313	7924
5.0	16384000.0	29004.120852	7925
5.0	16384000.0	28940.391113	8081
5.0	16384000.0	29569.801251	8082
3.0	16384000.0	29260.915233	8083
2.0	16384000.0	29088.125307	8084
8.0	16384000.0	29468.622762	8085
1.0	16384000.0	29441.541562	8161
2.0	16384000.0	29106.21909	8162
3.0	16384000.0	29084.661183	8163
4.0	16384000.0	29131.189918	8164
2.0	16384000.0	29201.324188	8165
5.0	16384000.0	28836.958188	8241
7.0	16384000.0	29283.747693	8242
4.0	16384000.0	29797.901452	8243
0.0	1638400.0	26258.611782	8244
3.0	16384000.0	29024.484227	8245
1.0	16384000.0	28969.774034	8401
6.0	16384000.0	29148.114695	8402
3.0	16384000.0	29632.247708	8403
4.0	16384000.0	29305.967319	8404
3.0	16384000.0	29245.644607	8405
7.0	16384000.0	29314.396089	8481
4.0	16384000.0	29732.465807	8482
1.0	16384000.0	29265.303916	8483
2.0	16384000.0	29105.970976	8484
5.0	16384000.0	29381.693051	8485
2.0	16384000.0	29096.15805	8561
9.0	16384000.0	29247.225683	8562
8.0	16384000.0	29369.908468	8563
3.0	16384000.0	28955.010408	8564
1.0	16384000.0	29113.610395	8565
7.0	16384000.0	28776.111976	8961
2.0	16384000.0	29221.719618	8962
4.0	16384000.0	29112.826882	8963
2.0	16384000.0	29162.608529	8964
5.0	16384000.0	29492.688887	8965
1.0	16384000.0	28799.403563	9041
5.0	16384000.0	29215.920681	9042
5.0	16384000.0	29348.687505	9043
4.0	16384000.0	29081.34907	9044
0.0	1146880.0	27012.0588	9045
2.0	16384000.0	29041.475487	9281
2.0	16384000.0	29117.628278	9282
2.0	16384000.0	29329.165708	9283
4.0	16384000.0	29124.349811	9284
1.0	16384000.0	29167.426642	9285
3.0	16384000.0	28898.272799	9601
3.0	16384000.0	29502.280136	9602
2.0	16384000.0	29107.715554	9603
3.0	16384000.0	28948.111877	9604
1.0	16384000.0	29188.917206	9605
2.0	16384000.0	29178.95691	9841
5.0	16384000.0	29708.898788	9842
2.0	16384000.0	29080.637054	9843
0.0	983040.0	26944.898718	9844
5.0	16384000.0	29472.601056	9845
5.0	16384000.0	28709.391543	10000
3.0	16384000.0	29456.695733	9921
3.0	16384000.0	29123.907655	9922
2.0	16384000.0	28860.606736	9923
3.0	16384000.0	29150.893613	9924
4.0	16384000.0	16914.779606	21
4.0	16384000.0	17697.785156	22
5.0	16384000.0	18341.020659	23
3.0	16384000.0	18354.081508	24
4.0	16384000.0	18442.246313	25
7.0	16384000.0	18699.036708	26
7.0	16384000.0	18765.258652	27
5.0	16384000.0	18390.998457	28
3.0	16384000.0	18434.147471	29
2.0	16384000.0	16928.451825	112
4.0	16384000.0	17727.516985	113
5.0	16384000.0	18367.617932	114
5.0	16384000.0	18345.993528	115
1.0	16384000.0	18545.107483	116
2.0	16384000.0	18669.528726	117
5.0	16384000.0	18751.486546	118
1.0	16384000.0	18371.777558	119
4.0	16384000.0	18409.666221	120
6.0	16384000.0	16911.544648	173
4.0	16384000.0	17730.152451	174
2.0	16384000.0	18390.610864	175
7.0	16384000.0	18459.413916	176
5.0	16384000.0	18594.886773	177
6.0	16384000.0	18749.991719	178
4.0	16384000.0	18693.818868	179
6.0	16384000.0	18383.468744	180
0.0	1638400.0	16605.925282	181
1.0	16384000.0	16995.039971	253
6.0	16384000.0	17752.2814	254
4.0	16384000.0	18472.158347	255
0.0	1474560.0	16712.910055	256
6.0	16384000.0	18387.613258	257
3.0	16384000.0	18668.756828	258
3.0	16384000.0	18785.172682	259
3.0	16384000.0	18336.712848	260
1.0	16384000.0	21428.553293	261
3.0	16384000.0	16897.560088	333
2.0	16384000.0	17782.855768	334
5.0	16384000.0	18334.492544	335
4.0	16384000.0	18360.21472	336
7.0	16384000.0	18461.888027	337
6.0	16384000.0	18667.580412	338
4.0	16384000.0	18699.249942	339
5.0	16384000.0	18359.024297	340
4.0	16384000.0	18400.824804	341
6.0	16384000.0	16914.38482	413
5.0	16384000.0	17726.932687	414
1.0	16384000.0	18336.301353	415
1.0	16384000.0	18312.542042	416
3.0	16384000.0	18405.658776	417
2.0	16384000.0	18669.870881	418
4.0	16384000.0	18640.307262	419
1.0	16384000.0	18332.093701	420
3.0	16384000.0	18548.25403	421
1.0	16384000.0	16894.345778	490
4.0	16384000.0	17717.084805	491
8.0	16384000.0	18334.108629	492
3.0	16384000.0	18356.384161	493
0.0	1474560.0	16865.547709	494
1.0	16384000.0	18705.35071	495
5.0	16384000.0	18733.006637	496
5.0	16384000.0	18355.030226	497
3.0	16384000.0	18372.473925	498
2.0	16384000.0	16887.33799	573
3.0	16384000.0	17830.815778	574
3.0	16384000.0	18356.087086	575
5.0	16384000.0	18336.590524	576
4.0	16384000.0	18646.012753	577
5.0	16384000.0	18650.76359	578
5.0	16384000.0	18794.203288	579
4.0	16384000.0	18371.603392	580
4.0	16384000.0	18378.961853	581
4.0	16384000.0	17019.534956	655
6.0	16384000.0	17804.904385	656
3.0	16384000.0	18362.67973	657
3.0	16384000.0	18300.514237	658
1.0	16384000.0	18478.019627	659
2.0	16384000.0	18680.465564	660
6.0	16384000.0	18665.281934	661
1.0	16384000.0	18432.558811	662
3.0	16384000.0	18433.759859	663
5.0	16384000.0	17004.576392	728
6.0	16384000.0	17773.974465	729
2.0	16384000.0	18450.822855	730
5.0	16384000.0	18333.717713	731
6.0	16384000.0	18446.652313	732
2.0	16384000.0	18638.392221	733
5.0	16384000.0	18656.520258	734
4.0	16384000.0	18359.606945	735
2.0	16384000.0	18432.845543	736
7.0	16384000.0	16976.053463	815
4.0	16384000.0	17939.272612	816
5.0	16384000.0	18393.795802	817
1.0	16384000.0	18435.640568	818
6.0	16384000.0	18592.224401	819
3.0	16384000.0	18631.458475	820
5.0	16384000.0	18719.928414	821
5.0	16384000.0	18455.075715	822
4.0	16384000.0	18379.612143	823
4.0	16384000.0	17996.987058	893
7.0	16384000.0	18186.406622	894
5.0	16384000.0	18857.496017	895
6.0	16384000.0	18843.573429	896
4.0	16384000.0	18822.26818	897
6.0	16384000.0	18335.995755	898
1.0	16384000.0	16964.675152	899
7.0	16384000.0	16844.686071	900
4.0	16384000.0	16956.717478	901
3.0	16384000.0	16908.191149	1007
3.0	16384000.0	17839.151514	1008
3.0	16384000.0	18333.407704	1009
3.0	16384000.0	18312.057191	1010
1.0	16384000.0	18420.212306	1011
3.0	16384000.0	18684.697415	1012
2.0	16384000.0	18666.977601	1013
1.0	16384000.0	18326.531737	1014
6.0	16384000.0	18410.103367	1015
6.0	16384000.0	16932.099058	1048
1.0	16384000.0	17709.916596	1049
2.0	16384000.0	18359.631443	1050
1.0	16384000.0	18437.362007	1051
2.0	16384000.0	18438.218294	1052
4.0	16384000.0	18654.682267	1053
7.0	16384000.0	18692.164575	1054
6.0	16384000.0	18340.649347	1055
3.0	16384000.0	18405.281245	1056
3.0	16384000.0	16918.002571	1128
3.0	16384000.0	17733.786732	1129
6.0	16384000.0	18317.475502	1130
3.0	16384000.0	18291.53573	1131
5.0	16384000.0	18439.504095	1132
4.0	16384000.0	18667.090168	1133
2.0	16384000.0	18631.310825	1134
5.0	16384000.0	18330.845515	1135
4.0	16384000.0	18390.377353	1136
3.0	16384000.0	16922.590119	1215
2.0	16384000.0	17750.217725	1216
8.0	16384000.0	18311.935971	1217
3.0	16384000.0	18354.535205	1218
3.0	16384000.0	18464.533242	1219
6.0	16384000.0	18863.03306	1220
4.0	16384000.0	18739.705531	1221
1.0	16384000.0	18326.888785	1222
2.0	16384000.0	18374.522275	1223
8.0	16384000.0	16977.716557	1288
4.0	16384000.0	17703.689558	1289
4.0	16384000.0	18333.105074	1290
3.0	16384000.0	18330.197714	1291
2.0	16384000.0	18426.590599	1292
4.0	16384000.0	18669.281545	1293
3.0	16384000.0	18677.484685	1294
2.0	16384000.0	18367.707788	1295
5.0	16384000.0	18411.34946	1296
3.0	16384000.0	16920.95702	1368
5.0	16384000.0	17720.379333	1369
4.0	16384000.0	18314.395298	1370
3.0	16384000.0	18363.705843	1371
5.0	16384000.0	18462.625611	1372
1.0	16384000.0	18696.782648	1373
4.0	16384000.0	18708.358731	1374
7.0	16384000.0	18337.581428	1375
1.0	16384000.0	18402.065631	1376
4.0	16384000.0	16924.919501	1454
6.0	16384000.0	17772.408143	1455
3.0	16384000.0	18417.44203	1456
2.0	16384000.0	18360.073405	1457
4.0	16384000.0	18453.845626	1458
1.0	16384000.0	18792.723325	1459
1.0	16384000.0	18679.400221	1460
5.0	16384000.0	18347.12872	1461
1.0	16384000.0	18491.522071	1462
3.0	16384000.0	16857.103954	1530
5.0	16384000.0	17713.730503	1531
7.0	16384000.0	18333.881574	1532
4.0	16384000.0	18311.495806	1533
4.0	16384000.0	18449.095539	1534
4.0	16384000.0	18681.882936	1535
5.0	16384000.0	18698.59691	1536
4.0	16384000.0	18369.19081	1537
3.0	16384000.0	18493.489052	1538
0.0	1474560.0	15514.709519	1608
4.0	16384000.0	17653.908622	1609
4.0	16384000.0	18350.647078	1610
0.0	1638400.0	16524.905829	1611
4.0	16384000.0	18411.123022	1612
4.0	16384000.0	19185.060004	1613
6.0	16384000.0	18715.856555	1614
2.0	16384000.0	18389.997082	1615
4.0	16384000.0	18376.242237	1616
2.0	16384000.0	16911.843543	1688
4.0	16384000.0	17826.890155	1689
4.0	16384000.0	18362.710612	1690
0.0	1638400.0	16544.097338	1691
2.0	16384000.0	18480.435663	1692
4.0	16384000.0	18726.894427	1693
2.0	16384000.0	18711.322325	1694
4.0	16384000.0	18340.753173	1695
1.0	16384000.0	18413.89986	1696
2.0	16384000.0	16971.518259	1770
6.0	16384000.0	17700.981318	1771
1.0	16384000.0	18405.532161	1772
1.0	16384000.0	18321.887817	1773
4.0	16384000.0	18459.508409	1774
6.0	16384000.0	18672.07854	1775
4.0	16384000.0	18672.460591	1776
1.0	16384000.0	18469.337281	1777
3.0	16384000.0	18410.018982	1778
4.0	16384000.0	16932.733267	1848
5.0	16384000.0	17734.81244	1849
3.0	16384000.0	18330.785249	1850
5.0	16384000.0	18302.875641	1851
2.0	16384000.0	18469.845715	1852
5.0	16384000.0	18772.8017	1853
4.0	16384000.0	18685.144364	1854
8.0	16384000.0	18439.564764	1855
6.0	16384000.0	18412.574108	1856
2.0	16384000.0	16935.19499	1933
4.0	16384000.0	17697.910573	1934
4.0	16384000.0	18337.723265	1935
6.0	16384000.0	18319.800571	1936
5.0	16384000.0	18442.750816	1937
6.0	16384000.0	18665.311627	1938
4.0	16384000.0	18702.766688	1939
2.0	16384000.0	18445.643785	1940
6.0	16384000.0	18425.592827	1941
7.0	16384000.0	17075.387789	2008
3.0	16384000.0	17739.443462	2009
1.0	16384000.0	18338.639754	2010
1.0	16384000.0	18350.721855	2011
1.0	16384000.0	18494.289905	2012
5.0	16384000.0	18649.458601	2013
2.0	16384000.0	18661.082453	2014
3.0	16384000.0	18344.877935	2015
3.0	16384000.0	18514.187918	2016
5.0	16384000.0	16891.89112	2095
3.0	16384000.0	17695.587431	2096
4.0	16384000.0	18355.488929	2097
6.0	16384000.0	18376.708946	2098
5.0	16384000.0	18520.939677	2099
1.0	16384000.0	18688.139496	2100
3.0	16384000.0	18651.20893	2101
4.0	16384000.0	18389.764655	2102
4.0	16384000.0	18389.551952	2103
3.0	16384000.0	17507.813075	2168
5.0	16384000.0	17742.183259	2169
3.0	16384000.0	18334.965781	2170
5.0	16384000.0	18294.589585	2171
6.0	16384000.0	18460.899941	2172
4.0	16384000.0	18684.598011	2173
1.0	16384000.0	18699.446298	2174
3.0	16384000.0	18534.87328	2175
7.0	16384000.0	18401.558901	2176
2.0	16384000.0	16918.546662	2253
1.0	16384000.0	17810.132211	2254
3.0	16384000.0	18320.542694	2255
2.0	16384000.0	18331.265484	2256
4.0	16384000.0	18462.018809	2257
4.0	16384000.0	18666.263079	2258
6.0	16384000.0	18719.045797	2259
2.0	16384000.0	18333.301985	2260
2.0	16384000.0	18617.924415	2261
2.0	16384000.0	16945.834474	2335
1.0	16384000.0	17751.259143	2336
7.0	16384000.0	18378.176296	2337
3.0	16384000.0	18357.64073	2338
4.0	16384000.0	18592.285744	2339
4.0	16384000.0	18647.117518	2340
4.0	16384000.0	18670.265937	2341
7.0	16384000.0	18347.187668	2342
2.0	16384000.0	18416.224786	2343
1.0	16384000.0	16910.657857	2414
4.0	16384000.0	17826.964688	2415
4.0	16384000.0	18345.63932	2416
4.0	16384000.0	18450.759161	2417
3.0	16384000.0	18461.547349	2418
4.0	16384000.0	18791.495862	2419
3.0	16384000.0	18685.697199	2420
4.0	16384000.0	18359.984724	2421
5.0	16384000.0	18388.306339	2422
7.0	16384000.0	16916.583526	2493
1.0	16384000.0	17714.889279	2494
1.0	16384000.0	18352.889559	2495
8.0	16384000.0	18324.562335	2496
2.0	16384000.0	18449.54983	2497
3.0	16384000.0	18655.860463	2498
5.0	16384000.0	18783.411864	2499
4.0	16384000.0	18442.43023	2500
4.0	16384000.0	18383.116262	2501
5.0	16384000.0	17861.078627	2573
0.0	1310720.0	16794.077884	2574
2.0	16384000.0	19009.40037	2575
1.0	16384000.0	18857.815608	2576
3.0	16384000.0	18828.031	2577
4.0	16384000.0	18526.551055	2578
3.0	16384000.0	16898.806017	2579
5.0	16384000.0	16810.081543	2580
2.0	16384000.0	17049.559798	2581
3.0	16384000.0	16925.505604	2650
1.0	16384000.0	17723.769572	2651
3.0	16384000.0	18338.010813	2652
3.0	16384000.0	18483.296619	2653
2.0	16384000.0	18455.692879	2654
2.0	16384000.0	18771.840321	2655
6.0	16384000.0	18743.361434	2656
3.0	16384000.0	18343.818714	2657
4.0	16384000.0	18415.985993	2658
5.0	16384000.0	16907.143396	2728
8.0	16384000.0	17750.34932	2729
7.0	16384000.0	18348.618259	2730
2.0	16384000.0	18334.014079	2731
6.0	16384000.0	18427.33222	2732
3.0	16384000.0	18673.068526	2733
4.0	16384000.0	18705.56296	2734
2.0	16384000.0	18348.725132	2735
1.0	16384000.0	18391.114756	2736
4.0	16384000.0	16915.96289	2808
5.0	16384000.0	17734.004389	2809
5.0	16384000.0	18545.661367	2810
2.0	16384000.0	18339.249285	2811
2.0	16384000.0	18426.990963	2812
6.0	16384000.0	19042.861869	2813
4.0	16384000.0	18796.606399	2814
3.0	16384000.0	18330.163184	2815
3.0	16384000.0	18370.139671	2816
4.0	16384000.0	16913.542071	2888
4.0	16384000.0	17788.316168	2889
4.0	16384000.0	18343.5222	2890
5.0	16384000.0	18371.480879	2891
4.0	16384000.0	18427.299477	2892
2.0	16384000.0	18645.949876	2893
3.0	16384000.0	18688.881441	2894
4.0	16384000.0	18361.059692	2895
5.0	16384000.0	18417.314479	2896
5.0	16384000.0	17023.331137	2976
4.0	16384000.0	17704.957691	2977
5.0	16384000.0	18336.408507	2978
3.0	16384000.0	18314.147667	2979
6.0	16384000.0	18563.742428	2980
2.0	16384000.0	18723.506953	2981
3.0	16384000.0	18659.195597	2982
2.0	16384000.0	18399.661059	2983
5.0	16384000.0	18457.575787	2984
3.0	16384000.0	16902.721321	3050
1.0	16384000.0	17729.189748	3051
2.0	16384000.0	18388.874825	3052
5.0	16384000.0	18375.92167	3053
4.0	16384000.0	18522.018128	3054
1.0	16384000.0	18693.535525	3055
7.0	16384000.0	19275.515714	3056
8.0	16384000.0	18349.364376	3057
6.0	16384000.0	18391.129043	3058
6.0	16384000.0	16897.550297	3128
2.0	16384000.0	17740.832056	3129
2.0	16384000.0	18298.730015	3130
6.0	16384000.0	18432.932927	3131
2.0	16384000.0	18431.231599	3132
2.0	16384000.0	18636.540855	3133
5.0	16384000.0	18812.173278	3134
2.0	16384000.0	18328.870863	3135
6.0	16384000.0	18429.482857	3136
2.0	16384000.0	16901.018211	3208
4.0	16384000.0	17705.616787	3209
4.0	16384000.0	18352.327387	3210
5.0	16384000.0	18319.551176	3211
6.0	16384000.0	18469.296608	3212
3.0	16384000.0	18678.940745	3213
3.0	16384000.0	18641.875049	3214
4.0	16384000.0	18335.647522	3215
7.0	16384000.0	18478.889445	3216
5.0	16384000.0	16896.315199	3290
1.0	16384000.0	17710.221766	3291
6.0	16384000.0	18427.349617	3292
7.0	16384000.0	18319.35925	3293
3.0	16384000.0	18435.3296	3294
3.0	16384000.0	18744.742752	3295
3.0	16384000.0	18662.964241	3296
1.0	16384000.0	18349.290104	3297
3.0	16384000.0	18390.328741	3298
6.0	16384000.0	16977.725106	3368
3.0	16384000.0	17836.914171	3369
7.0	16384000.0	18441.686431	3370
2.0	16384000.0	18317.258098	3371
2.0	16384000.0	18455.337193	3372
0.0	1474560.0	17014.062004	3373
8.0	16384000.0	18722.975206	3374
3.0	16384000.0	18341.910438	3375
1.0	16384000.0	18403.956598	3376
4.0	16384000.0	16886.883424	3450
4.0	16384000.0	17810.162365	3451
2.0	16384000.0	18334.375037	3452
0.0	1474560.0	16760.39462	3453
3.0	16384000.0	18457.118759	3454
5.0	16384000.0	18828.918913	3455
10.0	16384000.0	18710.472317	3456
3.0	16384000.0	18361.533465	3457
3.0	16384000.0	18402.491478	3458
4.0	16384000.0	16877.651913	3534
4.0	16384000.0	17707.430123	3535
2.0	16384000.0	18410.704762	3536
6.0	16384000.0	18394.10738	3537
4.0	16384000.0	18463.222949	3538
5.0	16384000.0	18653.504746	3539
7.0	16384000.0	18684.73031	3540
5.0	16384000.0	18344.778284	3541
3.0	16384000.0	18406.047618	3542
2.0	16384000.0	16904.369774	3613
2.0	16384000.0	17687.516439	3614
4.0	16384000.0	18498.827209	3615
2.0	16384000.0	18345.424529	3616
4.0	16384000.0	18469.534331	3617
2.0	16384000.0	18801.101912	3618
3.0	16384000.0	18653.549295	3619
5.0	16384000.0	18363.163038	3620
5.0	16384000.0	18609.746455	3621
3.0	16384000.0	16884.433127	3693
3.0	16384000.0	17773.766723	3694
3.0	16384000.0	18347.020819	3695
3.0	16384000.0	18838.520223	3696
5.0	16384000.0	18564.279134	3697
3.0	16384000.0	18666.592191	3698
6.0	16384000.0	18659.888537	3699
1.0	16384000.0	18354.902036	3700
6.0	16384000.0	18591.334267	3701
4.0	16384000.0	17012.689649	3773
3.0	16384000.0	17683.553061	3774
4.0	16384000.0	18363.082289	3775
4.0	16384000.0	18334.387405	3776
4.0	16384000.0	18439.696539	3777
7.0	16384000.0	18838.440382	3778
6.0	16384000.0	18787.197177	3779
2.0	16384000.0	18351.66621	3780
5.0	16384000.0	18483.729571	3781
5.0	16384000.0	17888.564621	3854
3.0	16384000.0	18368.975316	3855
6.0	16384000.0	18937.935689	3856
6.0	16384000.0	18858.161226	3857
3.0	16384000.0	18814.101148	3858
2.0	16384000.0	18385.212593	3859
3.0	16384000.0	20463.617972	3860
6.0	16384000.0	16754.024359	3861
4.0	16384000.0	17208.77913	3862
2.0	16384000.0	18027.513708	3930
1.0	16384000.0	18187.629453	3931
5.0	16384000.0	18830.918541	3932
4.0	16384000.0	18862.365347	3933
7.0	16384000.0	18842.961278	3934
1.0	16384000.0	18284.037308	3935
6.0	16384000.0	17074.101888	3936
1.0	16384000.0	16903.925039	3937
3.0	16384000.0	16979.417277	3938
3.0	16384000.0	28012.812519	17
3.0	16384000.0	28238.995214	18
2.0	16384000.0	28910.219632	19
3.0	16384000.0	28638.045403	1
5.0	16384000.0	28494.738154	20
6.0	16384000.0	28253.643678	107
3.0	16384000.0	28111.446417	108
9.0	16384000.0	28923.763337	109
7.0	16384000.0	28568.377333	110
8.0	16384000.0	28276.578907	111
2.0	16384000.0	28036.586966	168
4.0	16384000.0	28294.626033	169
6.0	16384000.0	28628.641751	170
4.0	16384000.0	28737.129599	171
6.0	16384000.0	28520.896621	172
2.0	16384000.0	28327.234412	248
5.0	16384000.0	28405.673759	249
4.0	16384000.0	28672.821532	250
6.0	16384000.0	28903.813287	251
2.0	16384000.0	28417.937445	252
4.0	16384000.0	28348.187774	328
5.0	16384000.0	28164.496677	329
5.0	16384000.0	28695.960737	330
7.0	16384000.0	28810.109039	331
6.0	16384000.0	28271.932174	332
2.0	16384000.0	28279.767308	408
4.0	16384000.0	31678.289271	409
3.0	16384000.0	28650.983476	410
3.0	16384000.0	28552.592608	411
2.0	16384000.0	28671.006038	412
3.0	16384000.0	28105.402751	568
3.0	16384000.0	28601.285357	569
1.0	16384000.0	28594.238296	570
1.0	16384000.0	28648.894584	571
3.0	16384000.0	28601.06469	572
2.0	16384000.0	28090.105397	650
3.0	16384000.0	28592.727093	651
4.0	16384000.0	28380.858698	652
5.0	16384000.0	28394.191117	653
2.0	16384000.0	29098.216561	654
3.0	16384000.0	27760.766833	810
2.0	16384000.0	28528.939238	811
3.0	16384000.0	28634.497228	812
2.0	16384000.0	28944.859646	813
2.0	16384000.0	28486.776213	814
4.0	16384000.0	28015.535067	888
3.0	16384000.0	28666.505719	889
3.0	16384000.0	28761.345655	890
2.0	16384000.0	32001.970226	891
3.0	16384000.0	29026.950584	892
4.0	16384000.0	27860.498441	1210
7.0	16384000.0	28245.013191	1211
4.0	16384000.0	28622.968241	1212
2.0	16384000.0	28264.781682	1213
5.0	16384000.0	28601.186855	1214
6.0	16384000.0	28146.552083	1448
6.0	16384000.0	28123.337737	1449
2.0	16384000.0	28572.21492	1450
0.0	1310720.0	26175.030415	1451
1.0	16384000.0	28901.85107	1452
2.0	16384000.0	28691.341178	1453
5.0	16384000.0	27731.719205	1928
4.0	16384000.0	27998.291578	1929
4.0	16384000.0	28455.400485	1930
3.0	16384000.0	28842.45062	1931
5.0	16384000.0	28456.611178	1932
3.0	16384000.0	28185.240467	2090
5.0	16384000.0	28251.306186	2091
4.0	16384000.0	28808.477457	2092
2.0	16384000.0	29032.521653	2093
5.0	16384000.0	28938.692827	2094
0.0	983040.0	26490.312732	2248
9.0	16384000.0	28708.075031	2249
4.0	16384000.0	28595.552496	2250
4.0	16384000.0	28386.209911	2251
5.0	16384000.0	31406.473721	2252
7.0	16384000.0	27852.201701	2330
3.0	16384000.0	28438.279012	2331
4.0	16384000.0	29042.854864	2332
3.0	16384000.0	28428.729776	2333
3.0	16384000.0	28803.669806	2334
2.0	16384000.0	27971.331273	2408
5.0	16384000.0	28380.489224	2409
0.0	1310720.0	26314.335083	2410
1.0	16384000.0	28582.267058	2411
5.0	16384000.0	28716.534456	2412
1.0	16384000.0	28559.88219	2413
6.0	16384000.0	28105.089346	2488
3.0	16384000.0	28201.25517	2489
4.0	16384000.0	28499.853391	2490
4.0	16384000.0	28387.75242	2491
4.0	16384000.0	28725.102448	2492
2.0	16384000.0	28113.110792	2568
2.0	16384000.0	28377.665951	2569
3.0	16384000.0	28875.024583	2570
3.0	16384000.0	28848.786799	2571
2.0	16384000.0	28299.973434	2572
1.0	16384000.0	28167.208191	2970
0.0	1310720.0	26380.630438	2971
5.0	16384000.0	28601.370552	2972
4.0	16384000.0	28693.786946	2973
2.0	16384000.0	28443.203899	2974
5.0	16384000.0	28745.274379	2975
2.0	16384000.0	28109.374538	3528
3.0	16384000.0	28044.625531	3529
3.0	16384000.0	28541.911198	3530
5.0	16384000.0	28494.352122	3531
3.0	16384000.0	28228.896563	3532
2.0	16384000.0	28362.482734	3533
2.0	16384000.0	28435.895125	3608
5.0	16384000.0	28595.320948	3609
3.0	16384000.0	28881.393883	3610
5.0	16384000.0	28908.636836	3611
7.0	16384000.0	28239.838506	3612
4.0	16384000.0	27877.603494	3688
9.0	16384000.0	28493.15498	3689
3.0	16384000.0	28398.176885	3690
1.0	16384000.0	28741.380532	3691
4.0	16384000.0	29162.692734	3692
2.0	16384000.0	28354.973898	3768
4.0	16384000.0	28408.022543	3769
4.0	16384000.0	28544.748877	3770
4.0	16384000.0	28984.480915	3771
2.0	16384000.0	28256.878226	3772
3.0	16384000.0	27755.357447	3848
4.0	16384000.0	28246.011887	3849
3.0	16384000.0	28348.317664	3850
0.0	1638400.0	25592.765587	3851
4.0	16384000.0	29235.63531	3852
1.0	16384000.0	28578.47603	3853
5.0	16384000.0	22333.480308	10
4.0	16384000.0	22334.570612	11
6.0	16384000.0	22397.44141	12
1.0	16384000.0	22384.806729	13
5.0	16384000.0	22375.006774	14
2.0	16384000.0	22345.196339	15
5.0	16384000.0	22274.028465	16
6.0	16384000.0	22371.870988	401
6.0	16384000.0	22311.515692	402
4.0	16384000.0	22359.180042	403
2.0	16384000.0	22373.510097	404
5.0	16384000.0	22333.549075	405
5.0	16384000.0	22373.453039	406
5.0	16384000.0	22275.181499	407
9.0	16384000.0	18418.348062	801
4.0	16384000.0	18149.863586	802
1.0	16384000.0	18129.932753	803
5.0	16384000.0	18155.010253	804
2.0	16384000.0	18188.581921	805
5.0	16384000.0	18192.962777	806
4.0	16384000.0	18130.576928	807
0.0	1474560.0	16554.448655	808
4.0	16384000.0	18144.45556	809
3.0	16384000.0	18412.014473	1201
3.0	16384000.0	18182.530445	1202
3.0	16384000.0	18158.761846	1203
3.0	16384000.0	18136.562688	1204
1.0	16384000.0	18154.355871	1205
5.0	16384000.0	18142.607046	1206
7.0	16384000.0	18208.627238	1207
7.0	16384000.0	18126.865828	1208
4.0	16384000.0	18176.821044	1209
6.0	16384000.0	22346.328229	1601
5.0	16384000.0	22312.251662	1602
6.0	16384000.0	22336.835582	1603
5.0	16384000.0	22358.121598	1604
5.0	16384000.0	22349.894705	1605
2.0	16384000.0	22347.732459	1606
6.0	16384000.0	22285.446594	1607
3.0	16384000.0	22346.575988	2001
2.0	16384000.0	22357.709048	2002
2.0	16384000.0	22326.242163	2003
2.0	16384000.0	22360.546695	2004
2.0	16384000.0	22376.543573	2005
4.0	16384000.0	22378.583357	2006
2.0	16384000.0	22303.396055	2007
1.0	16384000.0	22340.619319	2401
2.0	16384000.0	22351.076412	2402
2.0	16384000.0	22365.624388	2403
5.0	16384000.0	22387.040937	2404
4.0	16384000.0	22388.452021	2405
1.0	16384000.0	22354.96092	2406
6.0	16384000.0	22267.09641	2407
6.0	16384000.0	22359.614539	2801
1.0	16384000.0	22339.829922	2802
3.0	16384000.0	22359.847137	2803
7.0	16384000.0	22355.195344	2804
0.0	1146880.0	20851.762749	2805
2.0	16384000.0	22339.092744	2806
4.0	16384000.0	22261.808917	2807
5.0	16384000.0	22339.039051	3201
7.0	16384000.0	22323.341228	3202
6.0	16384000.0	22362.212221	3203
3.0	16384000.0	22387.315261	3204
7.0	16384000.0	22337.507665	3205
3.0	16384000.0	22358.576831	3206
4.0	16384000.0	22317.373272	3207
3.0	16384000.0	22347.936939	3601
3.0	16384000.0	22335.180728	3602
0.0	1310720.0	20603.252628	3603
5.0	16384000.0	22385.220702	3604
5.0	16384000.0	22371.43447	3605
3.0	16384000.0	22350.354706	3606
6.0	16384000.0	22347.120817	3607
