#SA coloring
#N=16384  nIter=16384000  c=12.55   NSamples=3019
#av(e)	1.1699238158330574
#std(e)	0.019746273840779458
#av(t)	18861.5080283478
#std(t)	49.10948032543787
0.0	1474560.0	18444.537759	3
1.0	16384000.0	20308.71584	40
2.0	16384000.0	20228.178362	41
1.0	16384000.0	20242.586352	42
2.0	16384000.0	20160.608273	43
1.0	16384000.0	20195.036284	44
0.0	1474560.0	18436.50911	45
2.0	16384000.0	20161.409424	46
1.0	16384000.0	16416.778343	126
0.0	1310720.0	15150.963103	127
2.0	16384000.0	16613.541731	128
0.0	1310720.0	15176.412324	129
1.0	16384000.0	16623.035911	130
1.0	16384000.0	16428.909345	131
0.0	1802240.0	14663.269572	132
0.0	1474560.0	15124.782079	133
2.0	16384000.0	16518.683338	134
0.0	1310720.0	15165.433192	135
1.0	16384000.0	20235.985595	178
0.0	1638400.0	18208.405502	179
2.0	16384000.0	20189.946703	180
1.0	16384000.0	20286.869946	181
2.0	16384000.0	20176.859824	182
1.0	16384000.0	20192.259334	183
0.0	1146880.0	18834.594521	184
1.0	16384000.0	20142.370981	185
1.0	16384000.0	20209.740981	258
0.0	983040.0	18974.369202	259
0.0	1146880.0	18847.60146	260
2.0	16384000.0	20137.733905	261
3.0	16384000.0	20134.768241	262
2.0	16384000.0	20151.352488	263
0.0	1474560.0	18410.929101	264
0.0	1474560.0	18589.38143	265
1.0	16384000.0	16437.028273	338
2.0	16384000.0	16553.494876	339
2.0	16384000.0	16527.95935	340
1.0	16384000.0	16539.993226	341
0.0	983040.0	16313.801313	342
0.0	1474560.0	15081.381961	343
2.0	16384000.0	16491.78185	344
1.0	16384000.0	16436.112913	345
2.0	16384000.0	16502.170249	346
2.0	16384000.0	16544.229121	347
2.0	16384000.0	20208.684187	437
2.0	16384000.0	20184.767322	438
2.0	16384000.0	20205.777677	439
1.0	16384000.0	20345.116366	440
0.0	1474560.0	18401.615356	441
0.0	1474560.0	18415.697792	442
0.0	1638400.0	18300.184133	443
1.0	16384000.0	20260.778332	444
2.0	16384000.0	20224.035384	498
1.0	16384000.0	20199.726889	499
2.0	16384000.0	20278.976252	500
1.0	16384000.0	20162.086639	501
3.0	16384000.0	20200.725097	502
1.0	16384000.0	20211.70963	503
1.0	16384000.0	20157.749008	504
1.0	16384000.0	20329.30698	505
1.0	16384000.0	16446.869357	584
3.0	16384000.0	16505.505027	585
2.0	16384000.0	16530.066299	586
0.0	1474560.0	14989.535945	587
0.0	1310720.0	15280.259251	588
0.0	1474560.0	15040.238989	589
1.0	16384000.0	16448.441028	590
1.0	16384000.0	16562.137653	591
2.0	16384000.0	16516.477297	592
2.0	16384000.0	16406.148489	593
3.0	16384000.0	20173.667044	658
3.0	16384000.0	20272.241841	659
0.0	1474560.0	18434.420039	660
2.0	16384000.0	20141.660868	661
2.0	16384000.0	20313.137749	662
0.0	1474560.0	18481.179177	663
1.0	16384000.0	20182.094835	664
1.0	16384000.0	20160.841731	665
0.0	1638400.0	18269.212751	738
1.0	16384000.0	20139.132281	739
0.0	1638400.0	18335.179085	740
2.0	16384000.0	20118.41645	741
0.0	1638400.0	18200.366016	742
6.0	16384000.0	20153.726941	743
1.0	16384000.0	20144.851768	744
5.0	16384000.0	20144.218671	745
1.0	16384000.0	20218.690096	827
0.0	1474560.0	18452.984077	828
0.0	1474560.0	18418.291687	829
2.0	16384000.0	20144.313524	830
0.0	1474560.0	18499.960095	831
1.0	16384000.0	20158.36201	832
1.0	16384000.0	20855.41326	833
1.0	16384000.0	20170.134065	834
1.0	16384000.0	20313.296282	898
1.0	16384000.0	20185.946377	899
2.0	16384000.0	20215.36798	900
1.0	16384000.0	20101.837224	901
1.0	16384000.0	20302.272893	902
1.0	16384000.0	20178.538586	903
1.0	16384000.0	20126.703468	904
1.0	16384000.0	20182.749731	905
1.0	16384000.0	20323.489435	1031
2.0	16384000.0	20172.510406	1032
1.0	16384000.0	20186.427302	1033
0.0	1146880.0	18757.963814	1034
1.0	16384000.0	20148.608703	1035
1.0	16384000.0	20120.117304	1036
4.0	16384000.0	20165.750219	1037
1.0	16384000.0	20399.910404	1038
0.0	1474560.0	18440.763027	1060
0.0	1802240.0	18041.597861	1061
2.0	16384000.0	20188.554702	1062
2.0	16384000.0	20145.884759	1063
1.0	16384000.0	20121.087885	1064
2.0	16384000.0	20125.223325	1065
1.0	16384000.0	20260.694622	1066
1.0	16384000.0	20156.406267	1067
0.0	1310720.0	18637.590793	1140
0.0	1474560.0	18428.11737	1141
2.0	16384000.0	20194.025073	1142
1.0	16384000.0	20749.385645	1143
0.0	1474560.0	18418.240768	1144
0.0	1474560.0	18447.100481	1145
1.0	16384000.0	20285.650325	1146
0.0	1474560.0	18449.712237	1147
1.0	16384000.0	20196.709311	1243
1.0	16384000.0	20150.26656	1244
0.0	1638400.0	18371.146198	1245
3.0	16384000.0	20148.67395	1246
2.0	16384000.0	20166.902155	1247
0.0	1310720.0	18572.955177	1248
1.0	16384000.0	20155.875143	1249
0.0	1474560.0	18490.564378	1250
0.0	1310720.0	18611.217671	1303
2.0	16384000.0	20184.323273	1304
1.0	16384000.0	20313.946404	1305
2.0	16384000.0	20196.714779	1306
2.0	16384000.0	20158.480356	1307
0.0	1638400.0	18252.92191	1308
2.0	16384000.0	20184.909288	1309
2.0	16384000.0	20170.41316	1310
1.0	16384000.0	20211.071711	1378
1.0	16384000.0	20199.62198	1379
1.0	16384000.0	20198.128961	1380
2.0	16384000.0	20152.575672	1381
0.0	1310720.0	18631.671422	1382
1.0	16384000.0	20219.751655	1383
2.0	16384000.0	20177.279662	1384
3.0	16384000.0	20198.69369	1385
2.0	16384000.0	20233.449555	1464
2.0	16384000.0	20171.073872	1465
0.0	1474560.0	18464.435332	1466
1.0	16384000.0	20145.754229	1467
1.0	16384000.0	20173.982729	1468
0.0	1474560.0	18407.71165	1469
1.0	16384000.0	20175.390918	1470
2.0	16384000.0	20309.898997	1471
0.0	1474560.0	18548.068262	1544
1.0	16384000.0	20201.161882	1545
2.0	16384000.0	20232.623277	1546
3.0	16384000.0	20165.308512	1547
0.0	1474560.0	18426.108701	1548
2.0	16384000.0	20138.066162	1549
0.0	1474560.0	18398.168778	1550
1.0	16384000.0	20183.207706	1551
2.0	16384000.0	20192.170832	1638
0.0	1474560.0	18428.524525	1639
0.0	1310720.0	18650.176207	1640
3.0	16384000.0	20156.613399	1641
1.0	16384000.0	20195.257397	1642
1.0	16384000.0	20250.351329	1643
1.0	16384000.0	20164.159581	1644
1.0	16384000.0	20178.257012	1645
0.0	1638400.0	18270.770506	1704
2.0	16384000.0	20411.676337	1705
1.0	16384000.0	20190.662206	1706
1.0	16384000.0	20130.520582	1707
0.0	1474560.0	18419.919384	1708
3.0	16384000.0	20203.946408	1709
0.0	1638400.0	18255.739536	1710
0.0	1474560.0	18421.020579	1711
1.0	16384000.0	20241.511606	1778
0.0	1474560.0	18424.134507	1779
1.0	16384000.0	20180.648185	1780
1.0	16384000.0	20152.559217	1781
0.0	1638400.0	18177.494487	1782
1.0	16384000.0	20289.955264	1783
0.0	1310720.0	18622.523779	1784
0.0	1474560.0	18400.901373	1785
0.0	1474560.0	15082.119553	1863
2.0	16384000.0	16448.687257	1864
0.0	1474560.0	15130.176487	1865
2.0	16384000.0	16544.027328	1866
1.0	16384000.0	16562.404108	1867
2.0	16384000.0	16442.575156	1868
2.0	16384000.0	16511.095754	1869
1.0	16384000.0	16410.811662	1870
1.0	16384000.0	16523.777742	1871
1.0	16384000.0	16410.221223	1872
1.0	16384000.0	20298.958012	1944
0.0	1474560.0	18432.333455	1945
1.0	16384000.0	20279.797127	1946
0.0	1474560.0	18387.311831	1947
3.0	16384000.0	20186.45402	1948
1.0	16384000.0	20199.557841	1949
4.0	16384000.0	20172.657071	1950
0.0	1310720.0	18624.213925	1951
2.0	16384000.0	20191.32637	2042
0.0	1474560.0	18425.77984	2043
0.0	1638400.0	18292.562493	2044
2.0	16384000.0	20168.541563	2045
2.0	16384000.0	20382.29145	2046
0.0	1474560.0	18413.935942	2047
1.0	16384000.0	20185.751309	2048
1.0	16384000.0	20148.291441	2049
0.0	1638400.0	18251.957457	2098
1.0	16384000.0	20210.074223	2099
3.0	16384000.0	20232.99739	2100
2.0	16384000.0	20166.069546	2101
1.0	16384000.0	20140.812706	2102
0.0	1474560.0	18467.036512	2103
1.0	16384000.0	20169.772071	2104
1.0	16384000.0	20240.575062	2105
1.0	16384000.0	20332.441941	2186
0.0	1474560.0	18420.151941	2187
0.0	1638400.0	18263.581253	2188
0.0	1474560.0	18380.424328	2189
2.0	16384000.0	20212.229554	2190
1.0	16384000.0	20175.720071	2191
3.0	16384000.0	20272.994289	2192
2.0	16384000.0	20163.646329	2193
2.0	16384000.0	20262.686046	2264
0.0	1638400.0	18242.468148	2265
1.0	16384000.0	20228.951097	2266
0.0	1474560.0	18393.131922	2267
0.0	1474560.0	18474.929037	2268
0.0	1146880.0	18813.322986	2269
0.0	1146880.0	18912.002475	2270
1.0	16384000.0	20297.559858	2271
1.0	16384000.0	16423.255221	2338
1.0	16384000.0	16511.694803	2339
1.0	16384000.0	16501.686074	2340
2.0	16384000.0	16418.849944	2341
1.0	16384000.0	16562.290073	2342
1.0	16384000.0	16440.919178	2343
0.0	1474560.0	15186.656697	2344
0.0	1474560.0	14992.148157	2345
2.0	16384000.0	16600.086644	2346
1.0	16384000.0	16493.750713	2347
0.0	1638400.0	18271.181713	2441
3.0	16384000.0	20304.362706	2442
2.0	16384000.0	20214.036961	2443
1.0	16384000.0	20148.360958	2444
0.0	1638400.0	18317.059232	2445
1.0	16384000.0	20239.331143	2446
0.0	1638400.0	18250.714155	2447
1.0	16384000.0	20330.889511	2448
1.0	16384000.0	20245.612792	2500
3.0	16384000.0	20175.535832	2501
1.0	16384000.0	20208.773535	2502
1.0	16384000.0	20229.796435	2503
0.0	1474560.0	18410.971779	2504
2.0	16384000.0	20174.100804	2505
5.0	16384000.0	20204.515433	2506
0.0	1146880.0	18892.47367	2507
3.0	16384000.0	20231.604721	2580
1.0	16384000.0	20179.312871	2581
4.0	16384000.0	20205.442977	2582
0.0	1474560.0	18396.571154	2583
0.0	1146880.0	18796.636505	2584
2.0	16384000.0	20249.881451	2585
1.0	16384000.0	20219.410394	2586
1.0	16384000.0	20324.614098	2587
1.0	16384000.0	20217.05686	2660
0.0	1146880.0	18825.914455	2661
3.0	16384000.0	20170.528121	2662
1.0	16384000.0	20223.646576	2663
2.0	16384000.0	20176.173316	2664
1.0	16384000.0	20240.28058	2665
3.0	16384000.0	20229.072134	2666
1.0	16384000.0	20210.755308	2667
4.0	16384000.0	20213.103736	2743
0.0	1638400.0	18192.534161	2744
1.0	16384000.0	20221.105334	2745
1.0	16384000.0	20158.189231	2746
0.0	1474560.0	18427.537481	2747
2.0	16384000.0	20194.714073	2748
2.0	16384000.0	20170.790506	2749
2.0	16384000.0	20251.221097	2750
1.0	16384000.0	20210.179536	2842
1.0	16384000.0	20309.641124	2843
0.0	1146880.0	18840.347893	2844
0.0	1474560.0	18378.799003	2845
2.0	16384000.0	20245.374344	2846
1.0	16384000.0	20148.50064	2847
0.0	1474560.0	18523.185181	2848
1.0	16384000.0	20160.390362	2849
4.0	16384000.0	16576.141843	2904
1.0	16384000.0	16587.836383	2905
1.0	16384000.0	16501.532085	2906
2.0	16384000.0	16404.308298	2907
2.0	16384000.0	16571.914731	2908
0.0	1474560.0	14998.259442	2909
3.0	16384000.0	16491.936909	2910
1.0	16384000.0	16440.79547	2911
3.0	16384000.0	16499.039245	2912
1.0	16384000.0	16439.309868	2913
1.0	16384000.0	20240.100314	2983
0.0	1638400.0	18314.807565	2984
0.0	1310720.0	18654.930746	2985
0.0	1310720.0	18593.692707	2986
2.0	16384000.0	20129.380122	2987
2.0	16384000.0	20244.381159	2988
0.0	1474560.0	18419.599586	2989
0.0	1310720.0	18586.169894	2990
1.0	16384000.0	16451.01133	3058
3.0	16384000.0	16610.174485	3059
0.0	1474560.0	15056.430297	3060
0.0	1474560.0	15085.4643	3061
1.0	16384000.0	16547.582548	3062
0.0	1474560.0	15015.642287	3063
1.0	16384000.0	16476.471313	3064
1.0	16384000.0	16527.124922	3065
0.0	1638400.0	14908.766757	3066
1.0	16384000.0	16409.277728	3067
0.0	1310720.0	15537.628088	3138
2.0	16384000.0	16398.396194	3139
1.0	16384000.0	16569.451847	3140
2.0	16384000.0	16413.513544	3141
0.0	1146880.0	15451.814356	3142
2.0	16384000.0	16435.932655	3143
3.0	16384000.0	16608.374079	3144
1.0	16384000.0	16519.288169	3145
0.0	1638400.0	14917.743721	3146
1.0	16384000.0	16532.752351	3147
0.0	1474560.0	18433.18136	3239
2.0	16384000.0	20290.335789	3240
1.0	16384000.0	20290.7388	3241
0.0	1474560.0	18432.641184	3242
0.0	1474560.0	18418.43524	3243
0.0	1310720.0	18586.633217	3244
2.0	16384000.0	20243.973668	3245
1.0	16384000.0	20189.496266	3246
1.0	16384000.0	20237.924056	3304
5.0	16384000.0	20232.525763	3305
0.0	1802240.0	18063.447451	3306
0.0	1310720.0	18538.444513	3307
2.0	16384000.0	20190.343665	3308
1.0	16384000.0	20235.805096	3309
2.0	16384000.0	20181.532885	3310
1.0	16384000.0	20268.836189	3311
2.0	16384000.0	20250.125161	3383
0.0	1310720.0	18675.229803	3384
3.0	16384000.0	20291.462814	3385
3.0	16384000.0	20185.496402	3386
0.0	1310720.0	18693.71524	3387
1.0	16384000.0	20246.305301	3388
0.0	1638400.0	18249.461499	3389
1.0	16384000.0	20176.25205	3390
0.0	1638400.0	18264.8955	3464
2.0	16384000.0	20211.937992	3465
1.0	16384000.0	20216.443844	3466
2.0	16384000.0	20120.418934	3467
1.0	16384000.0	20231.44396	3468
0.0	1638400.0	18194.224807	3469
2.0	16384000.0	20135.269639	3470
2.0	16384000.0	20158.704759	3471
2.0	16384000.0	20212.880932	3546
0.0	1146880.0	18807.962845	3547
1.0	16384000.0	20175.166132	3548
1.0	16384000.0	20237.114467	3549
2.0	16384000.0	20161.760682	3550
2.0	16384000.0	20243.368754	3551
0.0	1310720.0	18682.892817	3552
1.0	16384000.0	20247.822211	3553
0.0	1638400.0	18247.869542	3643
1.0	16384000.0	20141.179668	3644
1.0	16384000.0	20153.400328	3645
3.0	16384000.0	20154.710124	3646
1.0	16384000.0	59946.244881	3647
0.0	1638400.0	18308.424846	3648
0.0	1146880.0	18856.301435	3704
0.0	1474560.0	18448.334761	3705
3.0	16384000.0	20153.323186	3706
2.0	16384000.0	20157.525125	3707
2.0	16384000.0	20177.855214	3708
1.0	16384000.0	20161.187027	3709
2.0	16384000.0	20206.685582	3710
2.0	16384000.0	20250.447134	3711
1.0	16384000.0	20240.392196	3784
1.0	16384000.0	20166.001869	3785
2.0	16384000.0	20174.488714	3786
4.0	16384000.0	20146.593412	3787
1.0	16384000.0	20194.205256	3788
1.0	16384000.0	20129.217339	3789
1.0	16384000.0	20176.541215	3790
3.0	16384000.0	20267.401909	3791
2.0	16384000.0	20228.022073	3858
1.0	16384000.0	20139.210115	3859
0.0	1638400.0	18338.130148	3860
2.0	16384000.0	20160.35268	3861
1.0	16384000.0	20159.076763	3862
3.0	16384000.0	20152.066836	3863
0.0	1310720.0	18626.824843	3864
2.0	16384000.0	20207.098502	3865
2.0	16384000.0	20361.17145	3938
1.0	16384000.0	20164.931594	3939
0.0	1310720.0	18663.139825	3940
1.0	16384000.0	20166.071504	3941
2.0	16384000.0	20194.477717	3942
3.0	16384000.0	20145.570524	3943
1.0	16384000.0	20382.665352	3944
1.0	16384000.0	20362.705451	3945
1.0	16384000.0	20189.122685	4018
0.0	1474560.0	18499.570031	4019
1.0	16384000.0	20321.996699	4020
2.0	16384000.0	20153.564746	4021
1.0	16384000.0	20175.594136	4022
3.0	16384000.0	20160.165564	4023
2.0	16384000.0	20121.393605	4024
0.0	1474560.0	18497.659666	4025
1.0	16384000.0	20374.608391	4089
0.0	1310720.0	18798.212233	4090
1.0	16384000.0	20244.100346	4091
2.0	16384000.0	36750.750723	4092
1.0	16384000.0	20305.166031	4093
0.0	1638400.0	18316.647723	4094
0.0	1310720.0	18610.702201	4095
1.0	16384000.0	20307.401408	4169
0.0	1474560.0	18421.995902	4170
1.0	16384000.0	20423.115525	4171
1.0	16384000.0	20171.444954	4172
1.0	16384000.0	20161.733744	4173
0.0	1310720.0	18604.108064	4174
1.0	16384000.0	20162.88979	4175
0.0	1310720.0	18585.335104	4176
0.0	1474560.0	15002.858534	4249
1.0	16384000.0	16434.56128	4250
0.0	1146880.0	15482.815078	4251
0.0	1474560.0	15080.703936	4252
3.0	16384000.0	17199.550009	4253
2.0	16384000.0	16800.343423	4254
0.0	819200.0	15686.49752	4255
0.0	1638400.0	14912.527515	4256
0.0	1474560.0	15048.521787	4257
1.0	16384000.0	16457.670565	4258
1.0	16384000.0	20200.147233	4329
4.0	16384000.0	20336.11694	4330
1.0	16384000.0	20206.31189	4331
0.0	1310720.0	18583.659827	4332
2.0	16384000.0	20185.595341	4333
1.0	16384000.0	20162.617834	4334
1.0	16384000.0	20182.617564	4335
0.0	983040.0	18979.519963	4336
1.0	16384000.0	20181.238684	4418
1.0	16384000.0	20320.047898	4419
1.0	16384000.0	20197.523826	4420
2.0	16384000.0	20148.635407	4421
0.0	1474560.0	18447.143051	4422
1.0	16384000.0	20283.77746	4423
0.0	1310720.0	18601.933351	4424
1.0	16384000.0	20147.674847	4425
1.0	16384000.0	16393.710519	4491
1.0	16384000.0	16509.615882	4492
1.0	16384000.0	16491.780455	4493
1.0	16384000.0	16412.408253	4494
1.0	16384000.0	16525.17078	4495
0.0	1146880.0	15417.168646	4496
0.0	1310720.0	15287.472004	4497
1.0	16384000.0	16434.007484	4498
1.0	16384000.0	16509.993578	4499
1.0	16384000.0	16421.486654	4500
1.0	16384000.0	20371.395725	4571
2.0	16384000.0	20169.100481	4572
6.0	16384000.0	20181.314792	4573
1.0	16384000.0	20133.314718	4574
1.0	16384000.0	20233.887565	4575
2.0	16384000.0	20156.053638	4576
0.0	1310720.0	18756.97308	4577
1.0	16384000.0	20213.051828	4578
0.0	1638400.0	18272.279333	4649
0.0	1638400.0	18233.943213	4650
0.0	1474560.0	18439.58746	4651
2.0	16384000.0	20140.92402	4652
1.0	16384000.0	20285.106258	4653
1.0	16384000.0	20151.172034	4654
1.0	16384000.0	20183.877147	4655
0.0	1474560.0	18379.771746	4656
1.0	16384000.0	16421.234334	4729
3.0	16384000.0	16579.764784	4730
1.0	16384000.0	16487.636853	4731
3.0	16384000.0	16566.532867	4732
3.0	16384000.0	16656.982484	4733
0.0	1638400.0	14818.973794	4734
1.0	16384000.0	16561.961845	4735
0.0	1638400.0	14866.753616	4736
0.0	819200.0	15702.586288	4737
1.0	16384000.0	16434.656379	4738
1.0	16384000.0	20201.962536	4820
1.0	16384000.0	20391.765781	4821
0.0	1310720.0	18664.654798	4822
2.0	16384000.0	20103.991473	4823
2.0	16384000.0	20205.155424	4824
1.0	16384000.0	20172.875454	4825
0.0	1310720.0	18626.91229	4826
1.0	16384000.0	20186.683122	4827
2.0	16384000.0	20201.514549	4891
5.0	16384000.0	20172.145288	4892
2.0	16384000.0	20202.869372	4893
0.0	1638400.0	18180.957047	4894
2.0	16384000.0	20215.98294	4895
2.0	16384000.0	20182.489119	4896
2.0	16384000.0	20191.738414	4897
1.0	16384000.0	20190.844564	4898
1.0	16384000.0	20223.736986	4969
1.0	16384000.0	20171.684958	4970
2.0	16384000.0	20330.738966	4971
3.0	16384000.0	20287.472801	4972
3.0	16384000.0	20190.400445	4973
5.0	16384000.0	20112.831193	4974
1.0	16384000.0	20174.305567	4975
0.0	1474560.0	18413.072057	4976
3.0	16384000.0	20233.058784	5049
0.0	1474560.0	18409.462736	5050
0.0	1474560.0	18424.827754	5051
1.0	16384000.0	20267.860869	5052
0.0	1474560.0	18448.947421	5053
2.0	16384000.0	20124.029934	5054
1.0	16384000.0	20195.837948	5055
0.0	1310720.0	18639.759709	5056
1.0	16384000.0	16502.897112	5129
4.0	16384000.0	16523.037132	5130
1.0	16384000.0	16469.622353	5131
0.0	1638400.0	14868.747189	5132
1.0	16384000.0	17364.655895	5133
3.0	16384000.0	16596.288301	5134
1.0	16384000.0	16549.220642	5135
1.0	16384000.0	16418.821505	5136
1.0	16384000.0	16493.823088	5137
0.0	1310720.0	15170.465156	5138
1.0	16384000.0	16480.95441	5220
0.0	1310720.0	15320.789343	5221
3.0	16384000.0	16551.822926	5222
2.0	16384000.0	16441.966075	5223
0.0	1474560.0	15108.86111	5224
1.0	16384000.0	16479.132995	5225
3.0	16384000.0	16524.632572	5226
0.0	1474560.0	15090.460226	5227
0.0	1310720.0	15203.696769	5228
1.0	16384000.0	16414.921048	5229
2.0	16384000.0	20382.557487	5289
0.0	1474560.0	18485.067194	5290
2.0	16384000.0	20261.965915	5291
2.0	16384000.0	20124.056795	5292
2.0	16384000.0	20238.467979	5293
0.0	1310720.0	18692.69195	5294
3.0	16384000.0	20197.047985	5295
2.0	16384000.0	20152.752869	5296
0.0	1638400.0	18280.416188	5369
2.0	16384000.0	20178.515972	5370
2.0	16384000.0	20235.510326	5371
1.0	16384000.0	20222.875747	5372
0.0	1310720.0	18597.573023	5373
0.0	1146880.0	18809.163494	5374
1.0	16384000.0	20178.101505	5375
2.0	16384000.0	20139.180554	5376
2.0	16384000.0	20190.223449	5449
1.0	16384000.0	20170.447163	5450
0.0	1310720.0	18668.749518	5451
1.0	16384000.0	20137.371877	5452
1.0	16384000.0	20169.406073	5453
2.0	16384000.0	20143.009586	5454
0.0	1474560.0	18439.169172	5455
0.0	1310720.0	18588.77867	5456
3.0	16384000.0	20169.467547	5531
1.0	16384000.0	20212.584695	5532
3.0	16384000.0	20177.151895	5533
1.0	16384000.0	20279.463566	5534
0.0	1474560.0	18440.701694	5535
2.0	16384000.0	20147.572098	5536
0.0	1310720.0	18735.610312	5537
1.0	16384000.0	20138.329236	5538
1.0	16384000.0	20217.80237	5620
0.0	1638400.0	18217.998619	5621
4.0	16384000.0	20229.450653	5622
0.0	1638400.0	18225.993117	5623
4.0	16384000.0	20324.032407	5624
0.0	1474560.0	18420.708315	5625
0.0	1310720.0	18741.941995	5626
0.0	1638400.0	18206.850507	5627
2.0	16384000.0	16473.458061	5689
0.0	1474560.0	14994.314946	5690
0.0	1474560.0	15123.307775	5691
1.0	16384000.0	16464.337685	5692
1.0	16384000.0	16626.370913	5693
0.0	1310720.0	15154.411348	5694
1.0	16384000.0	16450.626805	5695
2.0	16384000.0	16526.777076	5696
2.0	16384000.0	16586.48356	5697
0.0	1474560.0	15013.041877	5698
2.0	16384000.0	16432.906	5771
1.0	16384000.0	16472.794761	5772
2.0	16384000.0	16557.528841	5773
1.0	16384000.0	16580.210933	5774
0.0	1474560.0	15174.193658	5775
0.0	1474560.0	15059.094053	5776
1.0	16384000.0	16492.00193	5777
0.0	1638400.0	14889.982877	5778
0.0	1310720.0	15264.852854	5779
1.0	16384000.0	16424.149003	5780
2.0	16384000.0	20213.782095	5851
1.0	16384000.0	20232.268192	5852
1.0	16384000.0	20300.647216	5853
0.0	1474560.0	18505.638721	5854
2.0	16384000.0	20204.39924	5855
1.0	16384000.0	20156.287976	5856
0.0	1474560.0	18484.311946	5857
0.0	1638400.0	18203.208262	5858
0.0	1474560.0	14999.375568	5931
3.0	16384000.0	16419.134976	5932
1.0	16384000.0	16613.320254	5933
1.0	16384000.0	16537.309809	5934
2.0	16384000.0	16621.098036	5935
3.0	16384000.0	16443.824864	5936
2.0	16384000.0	16514.249469	5937
1.0	16384000.0	16705.084978	5938
0.0	1638400.0	15286.83901	5939
0.0	1474560.0	15043.185908	5940
0.0	1474560.0	18451.400343	6018
1.0	16384000.0	20173.777488	6019
3.0	16384000.0	20224.469044	6020
0.0	1474560.0	18390.700822	6021
2.0	16384000.0	20155.219251	6022
1.0	16384000.0	20152.0617	6023
0.0	1638400.0	18214.714198	6024
0.0	1146880.0	18853.386926	6025
2.0	16384000.0	20317.813316	6091
1.0	16384000.0	20157.585186	6092
1.0	16384000.0	20332.125561	6093
2.0	16384000.0	20149.40422	6094
0.0	1638400.0	18214.331677	6095
3.0	16384000.0	20165.991135	6096
2.0	16384000.0	20179.48557	6097
1.0	16384000.0	20198.054583	6098
1.0	16384000.0	16442.435495	6169
0.0	1474560.0	15045.495794	6170
1.0	16384000.0	16575.738032	6171
1.0	16384000.0	16433.358004	6172
0.0	1474560.0	15119.816799	6173
0.0	1474560.0	15014.349729	6174
5.0	16384000.0	16473.159977	6175
0.0	1474560.0	15151.400448	6176
2.0	16384000.0	16509.820583	6177
2.0	16384000.0	16415.86019	6178
0.0	1310720.0	18610.06472	6249
1.0	16384000.0	20198.011201	6250
1.0	16384000.0	20287.708379	6251
2.0	16384000.0	20168.616886	6252
0.0	1474560.0	18394.689938	6253
0.0	1474560.0	18408.279071	6254
0.0	1638400.0	18308.602067	6255
1.0	16384000.0	20165.66346	6256
2.0	16384000.0	16435.095563	6329
3.0	16384000.0	16526.772127	6330
0.0	1310720.0	15287.239493	6331
2.0	16384000.0	16429.938524	6332
0.0	1474560.0	15135.62379	6333
3.0	16384000.0	16427.099697	6334
1.0	16384000.0	16510.345536	6335
1.0	16384000.0	16449.613844	6336
0.0	1474560.0	15049.785459	6337
1.0	16384000.0	16438.844781	6338
0.0	1474560.0	18490.992413	6418
2.0	16384000.0	20180.988215	6419
1.0	16384000.0	20213.597305	6420
2.0	16384000.0	20255.524	6421
2.0	16384000.0	20283.787132	6422
0.0	1474560.0	18408.564712	6423
3.0	16384000.0	20202.265697	6424
1.0	16384000.0	20163.008536	6425
1.0	16384000.0	20199.875672	6489
0.0	1474560.0	18403.667229	6490
2.0	16384000.0	20227.473187	6491
2.0	16384000.0	21386.357574	6492
3.0	16384000.0	20149.025756	6493
0.0	1474560.0	18387.702465	6494
0.0	1146880.0	18809.926186	6495
1.0	16384000.0	20162.133852	6496
0.0	1146880.0	15293.135227	6569
2.0	16384000.0	16426.544223	6570
1.0	16384000.0	16557.262959	6571
1.0	16384000.0	16605.872407	6572
1.0	16384000.0	17353.471965	6573
0.0	1474560.0	15100.675193	6574
0.0	1474560.0	15103.295789	6575
3.0	16384000.0	16465.885926	6576
2.0	16384000.0	16519.395805	6577
2.0	16384000.0	16561.499476	6578
1.0	16384000.0	20216.207146	6649
1.0	16384000.0	20154.950902	6650
3.0	16384000.0	20197.149114	6651
2.0	16384000.0	20293.612472	6652
1.0	16384000.0	20194.044637	6653
1.0	16384000.0	20151.838326	6654
0.0	1310720.0	18674.111011	6655
2.0	16384000.0	20192.258469	6656
1.0	16384000.0	20224.986908	6729
0.0	1310720.0	18743.559344	6730
1.0	16384000.0	20194.799621	6731
0.0	1474560.0	18372.968055	6732
0.0	1474560.0	18455.925198	6733
2.0	16384000.0	20111.930153	6734
1.0	16384000.0	20159.420196	6735
1.0	16384000.0	20163.045991	6736
0.0	1474560.0	15040.579343	6820
1.0	16384000.0	16518.004551	6821
0.0	1146880.0	15445.397131	6822
2.0	16384000.0	16492.765349	6823
1.0	16384000.0	16537.669187	6824
0.0	1474560.0	15012.900224	6825
1.0	16384000.0	16425.07945	6826
1.0	16384000.0	16435.188225	6827
3.0	16384000.0	16458.542884	6828
2.0	16384000.0	16413.8654	6829
2.0	16384000.0	16534.847641	6889
0.0	1638400.0	14859.464861	6890
0.0	1802240.0	14806.642713	6891
2.0	16384000.0	16453.787284	6892
1.0	16384000.0	16551.806366	6893
0.0	1310720.0	15135.827259	6894
1.0	16384000.0	16497.356804	6895
0.0	1474560.0	15174.602791	6896
2.0	16384000.0	16629.23485	6897
2.0	16384000.0	16435.155504	6898
1.0	16384000.0	20363.350483	6969
0.0	1310720.0	18631.758204	6970
0.0	1474560.0	18437.644849	6971
3.0	16384000.0	20162.850687	6972
1.0	16384000.0	20212.878715	6973
0.0	1474560.0	18471.360585	6974
2.0	16384000.0	20192.721241	6975
1.0	16384000.0	20275.14312	6976
2.0	16384000.0	20293.540996	7049
1.0	16384000.0	20179.951071	7050
0.0	1310720.0	18702.616181	7051
1.0	16384000.0	20122.487241	7052
1.0	16384000.0	20193.697683	7053
3.0	16384000.0	20243.397786	7054
0.0	1638400.0	18261.807608	7055
3.0	16384000.0	20168.567096	7056
1.0	16384000.0	16419.891857	7129
0.0	1474560.0	15004.623815	7130
2.0	16384000.0	16570.503169	7131
0.0	1802240.0	14690.17768	7132
1.0	16384000.0	17090.174328	7133
0.0	1474560.0	15071.017589	7134
3.0	16384000.0	16450.451875	7135
1.0	16384000.0	16478.497063	7136
1.0	16384000.0	16465.656498	7137
3.0	16384000.0	16498.700691	7138
0.0	1310720.0	18631.495577	7218
1.0	16384000.0	20182.697674	7219
1.0	16384000.0	20163.426815	7220
0.0	1310720.0	18607.576125	7221
0.0	1638400.0	18215.137192	7222
1.0	16384000.0	20724.361822	7223
1.0	16384000.0	20202.74343	7224
1.0	16384000.0	20291.015716	7225
1.0	16384000.0	16477.341243	7289
0.0	1310720.0	15132.627716	7290
2.0	16384000.0	16563.112471	7291
3.0	16384000.0	16904.155002	7292
0.0	1310720.0	15262.169809	7293
0.0	1474560.0	14987.474725	7294
3.0	16384000.0	16604.449496	7295
2.0	16384000.0	16452.852913	7296
0.0	1146880.0	15394.260166	7297
2.0	16384000.0	16433.873783	7298
0.0	1474560.0	18568.463376	7369
1.0	16384000.0	20269.516831	7370
1.0	16384000.0	20209.881102	7371
1.0	16384000.0	20127.215468	7372
1.0	16384000.0	20409.478353	7373
0.0	1146880.0	18810.018084	7374
2.0	16384000.0	20198.041202	7375
0.0	1310720.0	18727.620026	7376
2.0	16384000.0	16428.847707	7449
1.0	16384000.0	16490.555628	7450
0.0	1310720.0	15227.674177	7451
1.0	16384000.0	16545.175695	7452
0.0	1310720.0	16163.191513	7453
1.0	16384000.0	16638.972904	7454
4.0	16384000.0	16504.387903	7455
3.0	16384000.0	16401.642264	7456
0.0	1638400.0	14915.135054	7457
2.0	16384000.0	16414.425172	7458
1.0	16384000.0	20185.044298	7529
1.0	16384000.0	20144.540204	7530
0.0	1638400.0	18338.559572	7531
2.0	16384000.0	20126.335171	7532
1.0	16384000.0	20198.964811	7533
3.0	16384000.0	20144.548542	7534
0.0	1474560.0	18403.70546	7535
1.0	16384000.0	20193.128892	7536
1.0	16384000.0	20250.259732	7618
0.0	1638400.0	18205.705642	7619
0.0	1310720.0	18623.593666	7620
2.0	16384000.0	20234.40715	7621
1.0	16384000.0	20202.473324	7622
1.0	16384000.0	20157.24379	7623
0.0	1146880.0	18834.968097	7624
2.0	16384000.0	20175.471881	7625
0.0	1474560.0	18453.836993	7689
1.0	16384000.0	20150.938308	7690
2.0	16384000.0	20176.047654	7691
3.0	16384000.0	20218.725526	7692
3.0	16384000.0	20271.295192	7693
0.0	1474560.0	18388.756634	7694
1.0	16384000.0	20171.037967	7695
0.0	1310720.0	18626.278661	7696
0.0	1474560.0	18460.045591	7769
2.0	16384000.0	20203.164873	7770
2.0	16384000.0	20232.392695	7771
0.0	1638400.0	18171.385436	7772
1.0	16384000.0	20269.332473	7773
0.0	1310720.0	18590.846752	7774
2.0	16384000.0	20174.982094	7775
2.0	16384000.0	20163.367677	7776
1.0	16384000.0	20225.026412	7849
4.0	16384000.0	20197.646582	7850
4.0	16384000.0	20191.086673	7851
3.0	16384000.0	20134.249811	7852
2.0	16384000.0	20187.907494	7853
0.0	1146880.0	18752.30552	7854
0.0	1310720.0	18594.306857	7855
1.0	16384000.0	20201.585117	7856
3.0	16384000.0	20342.288336	7931
0.0	1474560.0	18430.769315	7932
0.0	655360.0	19443.533677	7933
1.0	16384000.0	20189.063664	7934
0.0	1474560.0	18434.034723	7935
0.0	1638400.0	18443.911142	7936
1.0	16384000.0	20160.065427	7937
0.0	1638400.0	18201.672969	7938
0.0	655360.0	19445.987717	8018
1.0	16384000.0	20209.508162	8019
0.0	983040.0	19190.158185	8020
0.0	1638400.0	18142.958254	8021
1.0	16384000.0	20190.519631	8022
2.0	16384000.0	20322.244329	8023
1.0	16384000.0	20192.556824	8024
0.0	1474560.0	18367.089083	8025
1.0	16384000.0	20191.576317	8089
2.0	16384000.0	20258.402303	8090
0.0	1638400.0	18278.392373	8091
1.0	16384000.0	20094.483804	8092
0.0	1146880.0	18806.272792	8093
3.0	16384000.0	20160.611209	8094
1.0	16384000.0	20251.887229	8095
1.0	16384000.0	20184.579335	8096
0.0	1474560.0	18438.641917	8169
2.0	16384000.0	20149.014641	8170
1.0	16384000.0	20250.175477	8171
0.0	983040.0	19078.096342	8172
1.0	16384000.0	20296.380695	8173
0.0	327680.0	19826.631082	8174
2.0	16384000.0	20297.07171	8175
2.0	16384000.0	20175.529662	8176
2.0	16384000.0	20162.17728	8249
2.0	16384000.0	20166.058127	8250
1.0	16384000.0	20514.579802	8251
4.0	16384000.0	20120.906164	8252
2.0	16384000.0	20195.955715	8253
2.0	16384000.0	20217.470247	8254
2.0	16384000.0	20167.686062	8255
2.0	16384000.0	20224.310396	8256
1.0	16384000.0	16614.709062	8331
0.0	1638400.0	14817.478011	8332
0.0	1474560.0	15125.954732	8333
2.0	16384000.0	16442.264641	8334
1.0	16384000.0	16557.669112	8335
1.0	16384000.0	16423.519213	8336
2.0	16384000.0	16497.749565	8337
1.0	16384000.0	16470.221395	8338
1.0	16384000.0	16678.612797	8339
0.0	1310720.0	15179.832271	8340
2.0	16384000.0	20222.526398	8417
2.0	16384000.0	20186.300692	8418
1.0	16384000.0	20258.067263	8419
2.0	16384000.0	20132.528588	8420
0.0	1474560.0	18411.304344	8421
1.0	16384000.0	20164.89719	8422
2.0	16384000.0	20186.929546	8423
1.0	16384000.0	20256.025988	8424
0.0	1474560.0	18435.022149	8489
0.0	1474560.0	18433.143058	8490
2.0	16384000.0	20188.746963	8491
0.0	1474560.0	18377.910258	8492
1.0	16384000.0	20164.039476	8493
2.0	16384000.0	20127.615389	8494
1.0	16384000.0	20323.727209	8495
0.0	1638400.0	18187.063324	8496
0.0	1310720.0	18673.67384	8569
1.0	16384000.0	20143.091821	8570
0.0	1474560.0	18429.847502	8571
0.0	1474560.0	18385.565167	8572
0.0	1310720.0	18627.876763	8573
5.0	16384000.0	20174.277144	8574
0.0	1310720.0	18588.748054	8575
0.0	1474560.0	18397.448212	8576
1.0	16384000.0	20196.403036	8649
1.0	16384000.0	20270.538291	8650
1.0	16384000.0	20789.835438	8651
1.0	16384000.0	20135.201366	8652
2.0	16384000.0	20176.986714	8653
1.0	16384000.0	20177.579368	8654
1.0	16384000.0	20161.333967	8655
1.0	16384000.0	20213.154923	8656
1.0	16384000.0	16391.411419	8729
1.0	16384000.0	16591.431061	8730
1.0	16384000.0	16552.988612	8731
0.0	1638400.0	14857.641115	8732
2.0	16384000.0	16535.292918	8733
1.0	16384000.0	16397.4711	8734
0.0	1146880.0	15396.01058	8735
1.0	16384000.0	16439.210821	8736
1.0	16384000.0	16603.682902	8737
3.0	16384000.0	16441.100097	8738
0.0	1146880.0	18922.707733	8820
0.0	1638400.0	18211.70942	8821
0.0	1638400.0	18268.45865	8822
2.0	16384000.0	20289.912093	8823
1.0	16384000.0	20182.402529	8824
0.0	1638400.0	18190.476797	8825
0.0	1310720.0	18624.784181	8826
0.0	1474560.0	18377.263524	8827
0.0	1474560.0	15099.792992	8891
0.0	1310720.0	15158.054822	8892
0.0	1474560.0	15168.913413	8893
1.0	16384000.0	16476.854055	8894
0.0	1474560.0	15378.904734	8895
2.0	16384000.0	16443.188877	8896
2.0	16384000.0	16399.98834	8897
3.0	16384000.0	16585.026583	8898
1.0	16384000.0	17035.484573	8899
0.0	1146880.0	15336.059521	8900
3.0	16384000.0	20299.320096	8969
1.0	16384000.0	20291.365663	8970
2.0	16384000.0	20215.593471	8971
2.0	16384000.0	20167.244726	8972
0.0	1474560.0	18385.654329	8973
1.0	16384000.0	20252.14981	8974
2.0	16384000.0	20238.217299	8975
4.0	16384000.0	20185.831062	8976
0.0	1310720.0	18657.64715	9049
3.0	16384000.0	20327.604212	9050
0.0	1474560.0	18441.974764	9051
1.0	16384000.0	20165.217751	9052
0.0	1474560.0	18392.329575	9053
1.0	16384000.0	20143.099896	9054
0.0	1310720.0	18594.313438	9055
1.0	16384000.0	20250.847024	9056
1.0	16384000.0	16516.762906	9129
1.0	16384000.0	16512.041643	9130
3.0	16384000.0	16544.898519	9131
0.0	1310720.0	15128.662653	9132
0.0	1310720.0	15275.28009	9133
1.0	16384000.0	16436.452529	9134
1.0	16384000.0	16471.712062	9135
2.0	16384000.0	16460.943903	9136
2.0	16384000.0	16496.845412	9137
1.0	16384000.0	16423.97867	9138
0.0	1474560.0	18433.200852	9218
4.0	16384000.0	20147.427952	9219
1.0	16384000.0	20231.497277	9220
0.0	1638400.0	18239.050808	9221
2.0	16384000.0	20153.109165	9222
1.0	16384000.0	20162.060878	9223
0.0	1310720.0	18690.153561	9224
0.0	1638400.0	18253.128129	9225
3.0	16384000.0	20200.071005	9289
1.0	16384000.0	20182.275025	9290
1.0	16384000.0	20152.787314	9291
1.0	16384000.0	20119.408484	9292
2.0	16384000.0	20184.747814	9293
1.0	16384000.0	20187.932617	9294
0.0	1310720.0	18688.699283	9295
1.0	16384000.0	20268.620867	9296
2.0	16384000.0	20231.04031	9369
0.0	163840.0	19965.040186	9370
1.0	16384000.0	20200.821839	9371
1.0	16384000.0	20259.0484	9372
0.0	1310720.0	18664.205145	9373
0.0	1474560.0	18411.584462	9374
2.0	16384000.0	20231.189925	9375
0.0	1638400.0	18196.066534	9376
2.0	16384000.0	20260.80473	9450
1.0	16384000.0	20203.188376	9451
2.0	16384000.0	20223.308177	9452
3.0	16384000.0	20184.825335	9453
1.0	16384000.0	20148.358898	9454
2.0	16384000.0	20233.92655	9455
1.0	16384000.0	20158.421473	9456
0.0	1310720.0	18634.278207	9457
1.0	16384000.0	20222.592772	9531
1.0	16384000.0	20419.913016	9532
0.0	1474560.0	18468.819488	9533
1.0	16384000.0	20195.763381	9534
1.0	16384000.0	20151.308779	9535
1.0	16384000.0	20165.067333	9536
1.0	16384000.0	20149.442359	9537
2.0	16384000.0	20178.104395	9538
1.0	16384000.0	20234.110707	9617
2.0	16384000.0	20189.905785	9618
1.0	16384000.0	20319.378938	9619
2.0	16384000.0	20142.642122	9620
3.0	16384000.0	20145.59585	9621
1.0	16384000.0	20177.798434	9622
3.0	16384000.0	20177.905501	9623
1.0	16384000.0	20187.669452	9624
0.0	1474560.0	18519.049117	9689
2.0	16384000.0	20158.502898	9690
0.0	1638400.0	18381.046715	9691
0.0	1474560.0	18387.884782	9692
1.0	16384000.0	20235.666354	9693
1.0	16384000.0	20284.044398	9694
1.0	16384000.0	20191.809609	9695
1.0	16384000.0	20126.539554	9696
3.0	16384000.0	16419.015759	9769
3.0	16384000.0	16477.858928	9770
1.0	16384000.0	16534.803527	9771
0.0	1474560.0	15022.513111	9772
1.0	16384000.0	16630.679353	9773
1.0	16384000.0	16482.773041	9774
2.0	16384000.0	16553.214554	9775
0.0	1474560.0	15076.882322	9776
3.0	16384000.0	16468.75794	9777
0.0	1638400.0	14856.777984	9778
1.0	16384000.0	20199.700145	9849
1.0	16384000.0	20240.205904	9850
1.0	16384000.0	20230.478507	9851
1.0	16384000.0	20148.644163	9852
2.0	16384000.0	20169.002712	9853
2.0	16384000.0	20150.113595	9854
3.0	16384000.0	20168.746847	9855
1.0	16384000.0	20182.579343	9856
2.0	16384000.0	20207.866307	9929
2.0	16384000.0	20183.309881	9930
2.0	16384000.0	20227.902297	9931
0.0	1310720.0	18584.403681	9932
1.0	16384000.0	20174.991223	9933
3.0	16384000.0	20163.357438	9934
0.0	1310720.0	18619.544595	9935
0.0	1474560.0	18485.221008	9936
1.0	16384000.0	20116.501143	32
1.0	16384000.0	19979.084416	33
1.0	16384000.0	20032.441722	34
1.0	16384000.0	19968.270581	35
1.0	16384000.0	20076.65536	36
4.0	16384000.0	20726.44354	37
2.0	16384000.0	20293.584328	38
2.0	16384000.0	19992.336991	39
2.0	16384000.0	20081.949525	118
1.0	16384000.0	19975.083824	119
2.0	16384000.0	20072.591253	120
2.0	16384000.0	19950.57568	121
0.0	1638400.0	18130.878603	122
1.0	16384000.0	20197.23079	123
2.0	16384000.0	20217.147076	124
4.0	16384000.0	19911.534309	125
1.0	16384000.0	20110.823045	170
0.0	1474560.0	18267.198772	171
2.0	16384000.0	20075.02466	172
3.0	16384000.0	19941.881791	173
0.0	1146880.0	18736.55196	174
1.0	16384000.0	20142.149618	175
3.0	16384000.0	20210.5873	176
2.0	16384000.0	19887.236211	177
1.0	16384000.0	28644.374051	250
0.0	1310720.0	18527.701911	251
2.0	16384000.0	20005.959069	252
0.0	1310720.0	18551.283154	253
1.0	16384000.0	20182.684741	254
1.0	16384000.0	20260.329286	255
1.0	16384000.0	20071.912417	256
1.0	16384000.0	20015.114115	257
2.0	16384000.0	20080.300928	330
2.0	16384000.0	19966.830247	331
1.0	16384000.0	20051.28506	332
1.0	16384000.0	19933.587012	333
1.0	16384000.0	21622.921407	334
0.0	1638400.0	18197.975631	335
3.0	16384000.0	20382.761225	336
1.0	16384000.0	19881.59298	337
0.0	1638400.0	18299.983167	429
2.0	16384000.0	19942.810404	430
0.0	1802240.0	17960.271213	431
1.0	16384000.0	20067.755166	432
0.0	1638400.0	18163.242393	433
1.0	16384000.0	20160.088499	434
2.0	16384000.0	20262.234111	435
1.0	16384000.0	20070.52688	436
1.0	16384000.0	20079.163911	490
3.0	16384000.0	19991.176159	491
0.0	1310720.0	18503.641767	492
1.0	16384000.0	19921.631876	493
0.0	1474560.0	18368.464156	494
1.0	16384000.0	20172.887066	495
0.0	1310720.0	18680.394128	496
2.0	16384000.0	20033.026375	497
0.0	1638400.0	18151.646812	570
2.0	16384000.0	19958.888433	577
3.0	16384000.0	20059.295983	578
1.0	16384000.0	19969.896194	579
1.0	16384000.0	20115.057967	580
4.0	16384000.0	20153.870666	581
1.0	16384000.0	20206.601942	582
1.0	16384000.0	19945.660728	583
0.0	1638400.0	18210.822671	650
2.0	16384000.0	19961.271513	651
0.0	1474560.0	18364.910121	652
0.0	1474560.0	18237.895661	653
1.0	16384000.0	20323.528841	654
5.0	16384000.0	20247.042079	655
1.0	16384000.0	20255.482298	656
2.0	16384000.0	19894.71904	657
3.0	16384000.0	20142.071561	730
0.0	1474560.0	18240.161475	731
1.0	16384000.0	20059.341629	732
4.0	16384000.0	19915.954045	733
2.0	16384000.0	20100.040077	734
2.0	16384000.0	20258.854917	735
0.0	1638400.0	18320.312478	736
2.0	16384000.0	20064.113244	737
0.0	1638400.0	18178.063277	819
1.0	16384000.0	20040.20851	820
0.0	1474560.0	18305.463556	821
1.0	16384000.0	19939.634182	822
1.0	16384000.0	20082.404101	823
0.0	1474560.0	18442.336042	824
2.0	16384000.0	20190.141189	825
2.0	16384000.0	20038.700267	826
0.0	1474560.0	18365.579709	890
2.0	16384000.0	19948.875589	891
0.0	1802240.0	18026.538601	892
1.0	16384000.0	19931.534066	893
1.0	16384000.0	20129.180865	894
0.0	1474560.0	18481.798538	895
1.0	16384000.0	20238.049118	896
1.0	16384000.0	19948.082356	897
0.0	1474560.0	18333.006107	1023
0.0	1474560.0	18305.290113	1024
0.0	1638400.0	18109.183022	1025
0.0	1802240.0	17836.74243	1026
0.0	1638400.0	18217.594129	1027
0.0	1146880.0	18702.888784	1028
2.0	16384000.0	20195.229449	1029
1.0	16384000.0	19988.501691	1030
1.0	16384000.0	16851.303636	1050
2.0	16384000.0	17018.042476	1051
2.0	16384000.0	16831.064502	1052
2.0	16384000.0	17192.658892	1053
0.0	1474560.0	15361.98462	1054
1.0	16384000.0	16821.932957	1055
2.0	16384000.0	16829.334201	1056
2.0	16384000.0	16719.745482	1057
0.0	1638400.0	15948.740237	1058
3.0	16384000.0	17784.788187	1059
2.0	16384000.0	16580.922235	1130
2.0	16384000.0	16771.989907	1131
3.0	16384000.0	16562.097566	1132
1.0	16384000.0	16678.370733	1133
2.0	16384000.0	16700.072208	1134
3.0	16384000.0	16502.804097	1135
0.0	1474560.0	15133.840072	1136
0.0	1310720.0	15158.897948	1137
2.0	16384000.0	17056.452289	1138
0.0	1474560.0	16094.650504	1139
0.0	1474560.0	15069.699962	1233
3.0	16384000.0	16717.526434	1234
2.0	16384000.0	16508.039208	1235
0.0	1638400.0	14929.832584	1236
2.0	16384000.0	16668.827989	1237
0.0	1802240.0	14839.075768	1238
3.0	16384000.0	16780.602069	1239
1.0	16384000.0	16480.750398	1240
1.0	16384000.0	16907.02703	1241
0.0	1310720.0	16308.570853	1242
1.0	16384000.0	20093.612484	1295
1.0	16384000.0	20087.497431	1296
3.0	16384000.0	20078.620149	1297
2.0	16384000.0	19971.831936	1298
2.0	16384000.0	20087.215305	1299
0.0	1474560.0	18447.935899	1300
0.0	1638400.0	18219.666145	1301
3.0	16384000.0	19899.199719	1302
2.0	16384000.0	20104.52056	1370
4.0	16384000.0	19968.57714	1371
3.0	16384000.0	20016.444832	1372
3.0	16384000.0	19931.055978	1373
5.0	16384000.0	20084.90174	1374
1.0	16384000.0	20183.213061	1375
1.0	16384000.0	20250.110906	1376
0.0	1474560.0	18287.874562	1377
0.0	1474560.0	18393.516706	1450
3.0	16384000.0	19995.939118	1457
1.0	16384000.0	20206.012624	1458
3.0	16384000.0	19977.462142	1459
3.0	16384000.0	20049.899937	1460
1.0	16384000.0	20272.75217	1461
1.0	16384000.0	20182.948534	1462
0.0	1474560.0	18212.872319	1463
0.0	1146880.0	19169.641389	1536
3.0	16384000.0	20006.059575	1537
2.0	16384000.0	20237.515216	1538
0.0	1474560.0	18235.219748	1539
1.0	16384000.0	20086.15755	1540
2.0	16384000.0	20170.965156	1541
1.0	16384000.0	20187.259257	1542
0.0	1638400.0	18051.517493	1543
0.0	1638400.0	14903.248168	1628
0.0	1474560.0	15272.781115	1629
2.0	16384000.0	16511.592235	1630
2.0	16384000.0	16674.446509	1631
2.0	16384000.0	16596.561072	1632
2.0	16384000.0	16513.755913	1633
3.0	16384000.0	16625.068639	1634
4.0	16384000.0	16437.592999	1635
1.0	16384000.0	17037.066057	1636
1.0	16384000.0	17547.946249	1637
0.0	1638400.0	19673.38391	1696
0.0	1310720.0	18528.33982	1697
1.0	16384000.0	20088.109938	1698
2.0	16384000.0	20051.965852	1699
2.0	16384000.0	20066.533278	1700
1.0	16384000.0	20216.956116	1701
1.0	16384000.0	20207.40026	1702
1.0	16384000.0	19955.798218	1703
0.0	1310720.0	18631.099697	1770
1.0	16384000.0	20102.379489	1771
3.0	16384000.0	20084.396794	1772
1.0	16384000.0	19964.48545	1773
2.0	16384000.0	20181.470407	1774
2.0	16384000.0	20186.053796	1775
0.0	1474560.0	18453.103161	1776
0.0	1310720.0	18448.881627	1777
0.0	1474560.0	18313.407725	1855
1.0	16384000.0	19934.13038	1856
1.0	16384000.0	20036.867608	1857
1.0	16384000.0	20099.625916	1858
0.0	1310720.0	18695.884238	1859
1.0	16384000.0	20146.235774	1860
0.0	1474560.0	18529.284945	1861
3.0	16384000.0	19917.65092	1862
1.0	16384000.0	20092.22901	1936
0.0	1310720.0	18479.711957	1937
1.0	16384000.0	20061.376204	1938
2.0	16384000.0	20019.563097	1939
0.0	1310720.0	18559.385635	1940
3.0	16384000.0	20182.453762	1941
1.0	16384000.0	20197.254074	1942
0.0	1310720.0	18335.717508	1943
1.0	16384000.0	20113.737622	2034
1.0	16384000.0	19960.400899	2035
0.0	163840.0	19909.400471	2036
1.0	16384000.0	19932.727793	2037
0.0	1310720.0	18545.131529	2038
4.0	16384000.0	20155.943013	2039
3.0	16384000.0	20233.028732	2040
1.0	16384000.0	19881.82024	2041
0.0	1474560.0	18514.043545	2090
0.0	1310720.0	18405.512298	2091
1.0	16384000.0	20146.662706	2092
0.0	1474560.0	18201.401859	2093
2.0	16384000.0	20087.161255	2094
2.0	16384000.0	20115.29783	2095
2.0	16384000.0	20173.202355	2096
0.0	1146880.0	18544.431154	2097
3.0	16384000.0	16616.81974	2170
0.0	1638400.0	15109.356948	2177
2.0	16384000.0	16531.413803	2178
0.0	1474560.0	15112.332433	2179
2.0	16384000.0	16610.284527	2180
0.0	1474560.0	15041.749824	2181
0.0	1474560.0	15237.270396	2182
0.0	1310720.0	15171.428819	2183
2.0	16384000.0	16707.767838	2184
1.0	16384000.0	17667.267777	2185
1.0	16384000.0	20040.381604	2256
0.0	1474560.0	18281.584519	2257
2.0	16384000.0	20098.895964	2258
3.0	16384000.0	19946.446268	2259
2.0	16384000.0	20065.864203	2260
1.0	16384000.0	20140.291328	2261
1.0	16384000.0	20321.418398	2262
0.0	1802240.0	17892.077342	2263
2.0	16384000.0	20078.008496	2330
1.0	16384000.0	20027.420853	2331
2.0	16384000.0	20089.146719	2332
0.0	1310720.0	18367.772895	2333
0.0	1474560.0	18440.061977	2334
0.0	1474560.0	18372.302201	2335
2.0	16384000.0	20180.917907	2336
1.0	16384000.0	19932.416799	2337
0.0	1474560.0	18372.219852	2433
0.0	1310720.0	18396.382564	2434
1.0	16384000.0	20059.82296	2435
2.0	16384000.0	19905.084945	2436
2.0	16384000.0	20067.340596	2437
3.0	16384000.0	20131.917768	2438
1.0	16384000.0	20156.007698	2439
2.0	16384000.0	30009.173752	2440
0.0	1310720.0	15276.134855	2490
2.0	16384000.0	16856.245	2491
1.0	16384000.0	16541.75009	2492
2.0	16384000.0	16564.256285	2493
0.0	1474560.0	15161.726679	2494
2.0	16384000.0	16531.326594	2495
2.0	16384000.0	16625.81693	2496
2.0	16384000.0	16555.05835	2497
2.0	16384000.0	17070.545497	2498
2.0	16384000.0	17526.734962	2499
0.0	1474560.0	15058.487472	2570
0.0	1474560.0	15302.804228	2571
0.0	1638400.0	14945.805	2572
1.0	16384000.0	16543.847638	2573
1.0	16384000.0	16651.605789	2574
2.0	16384000.0	16477.805253	2575
0.0	16384000.0	16658.271845	2576
3.0	16384000.0	16563.61802	2577
1.0	16384000.0	16984.960343	2578
0.0	1474560.0	17366.706036	2579
2.0	16384000.0	16507.816725	2650
1.0	16384000.0	16744.086288	2651
1.0	16384000.0	16591.095865	2652
0.0	1474560.0	15080.25934	2653
0.0	1474560.0	15158.939794	2654
2.0	16384000.0	16541.693452	2655
0.0	1474560.0	15170.615234	2656
0.0	1474560.0	14966.107768	2657
0.0	1802240.0	14884.954904	2658
0.0	1474560.0	17225.42162	2659
0.0	1474560.0	18377.412006	2735
1.0	16384000.0	19957.822881	2736
0.0	1310720.0	18524.317738	2737
1.0	16384000.0	19933.176583	2738
1.0	16384000.0	20077.160097	2739
0.0	1310720.0	18572.254088	2740
1.0	16384000.0	20191.770625	2741
1.0	16384000.0	19992.407466	2742
0.0	1310720.0	18557.063519	2834
2.0	16384000.0	19995.955303	2835
3.0	16384000.0	20162.833579	2836
0.0	1474560.0	18219.690816	2837
2.0	16384000.0	20103.74204	2838
2.0	16384000.0	20132.710705	2839
2.0	16384000.0	20346.922932	2840
1.0	16384000.0	19891.937224	2841
1.0	16384000.0	20102.150668	2896
2.0	16384000.0	19959.471044	2897
2.0	16384000.0	20049.308335	2898
5.0	16384000.0	19944.440993	2899
2.0	16384000.0	20069.755143	2900
1.0	16384000.0	20133.339262	2901
2.0	16384000.0	20185.626258	2902
3.0	16384000.0	19865.948344	2903
0.0	983040.0	18905.95314	2970
0.0	1310720.0	18441.568517	2976
0.0	1474560.0	18314.131817	2977
2.0	16384000.0	19937.551981	2978
3.0	16384000.0	20106.184661	2979
1.0	16384000.0	20125.147834	2980
1.0	16384000.0	20219.562858	2981
2.0	16384000.0	20044.406807	2982
1.0	16384000.0	20092.398083	3050
0.0	1146880.0	18651.277764	3051
0.0	1474560.0	18276.950796	3052
1.0	16384000.0	19969.848055	3053
2.0	16384000.0	20101.614613	3054
3.0	16384000.0	20154.320995	3055
0.0	1638400.0	18235.280204	3056
2.0	16384000.0	19922.118877	3057
3.0	16384000.0	20070.339003	3130
1.0	16384000.0	19989.376705	3131
0.0	1474560.0	18284.333704	3132
0.0	1638400.0	18035.227962	3133
0.0	1638400.0	18156.155228	3134
1.0	16384000.0	20200.459134	3135
0.0	1474560.0	18483.199632	3136
1.0	16384000.0	19921.455798	3137
0.0	1146880.0	15447.533179	3229
0.0	1474560.0	15307.250715	3230
1.0	16384000.0	16531.084643	3231
1.0	16384000.0	16621.427306	3232
1.0	16384000.0	16623.179027	3233
3.0	16384000.0	16516.068166	3234
0.0	1474560.0	15268.61862	3235
0.0	1474560.0	15020.587969	3236
3.0	16384000.0	16798.398761	3237
1.0	16384000.0	17753.286622	3238
2.0	16384000.0	20107.097227	3290
1.0	16384000.0	20016.153593	3297
2.0	16384000.0	20160.55143	3298
1.0	16384000.0	20040.795914	3299
1.0	16384000.0	20085.807838	3300
0.0	1146880.0	18910.533812	3301
0.0	1310720.0	18642.674792	3302
0.0	1474560.0	18170.691233	3303
2.0	16384000.0	20090.054815	3370
1.0	16384000.0	19974.645672	3376
2.0	16384000.0	20029.788608	3377
4.0	16384000.0	19953.343695	3378
2.0	16384000.0	20202.060016	3379
3.0	16384000.0	20187.365548	3380
1.0	16384000.0	20271.522808	3381
2.0	16384000.0	20046.349221	3382
0.0	1146880.0	18738.654287	3450
1.0	16384000.0	19942.14386	3457
1.0	16384000.0	20076.905322	3458
3.0	16384000.0	20020.746409	3459
0.0	1638400.0	18134.759852	3460
0.0	1474560.0	18428.90498	3461
0.0	1474560.0	18441.021049	3462
0.0	1474560.0	18189.172665	3463
3.0	16384000.0	16587.026899	3536
0.0	1474560.0	15295.225616	3537
1.0	16384000.0	16572.074978	3538
0.0	1638400.0	14959.605845	3539
0.0	1310720.0	15368.265595	3540
3.0	16384000.0	16482.907292	3541
0.0	1474560.0	15282.819785	3542
2.0	16384000.0	16488.818866	3543
2.0	16384000.0	16786.321691	3544
2.0	16384000.0	17716.01861	3545
0.0	1638400.0	15090.084403	3633
2.0	16384000.0	16732.720344	3634
1.0	16384000.0	16519.59725	3635
3.0	16384000.0	16574.072485	3636
1.0	16384000.0	16578.192344	3637
4.0	16384000.0	16586.150988	3638
1.0	16384000.0	16651.929303	3639
1.0	16384000.0	16552.974125	3640
1.0	16384000.0	17090.833125	3641
1.0	16384000.0	17445.631078	3642
3.0	16384000.0	20029.511462	3696
0.0	1310720.0	18453.059777	3697
0.0	1474560.0	18305.302335	3698
0.0	1310720.0	18356.358593	3699
1.0	16384000.0	20098.542749	3700
4.0	16384000.0	20114.382569	3701
0.0	1474560.0	18441.382768	3702
1.0	16384000.0	19889.337261	3703
1.0	16384000.0	20060.781113	3770
1.0	16384000.0	20015.706718	3777
1.0	16384000.0	20049.413946	3778
3.0	16384000.0	19937.138752	3779
2.0	16384000.0	20113.707966	3780
2.0	16384000.0	20171.539961	3781
1.0	16384000.0	20221.987328	3782
2.0	16384000.0	19900.70686	3783
0.0	1310720.0	18582.994685	3850
3.0	16384000.0	19941.25369	3851
3.0	16384000.0	20062.193714	3852
0.0	1474560.0	18224.205981	3853
1.0	16384000.0	20134.297668	3854
3.0	16384000.0	20368.791812	3855
1.0	16384000.0	20214.955203	3856
0.0	1474560.0	18249.484484	3857
2.0	16384000.0	20085.59321	3930
0.0	1474560.0	18255.043281	3931
0.0	1638400.0	18112.11855	3932
0.0	1310720.0	18387.559259	3933
1.0	16384000.0	20150.256597	3934
0.0	1474560.0	18365.650667	3935
1.0	16384000.0	20306.654655	3936
0.0	1474560.0	18316.031382	3937
1.0	16384000.0	20227.273426	4010
2.0	16384000.0	20009.276308	4011
2.0	16384000.0	20130.67897	4012
1.0	16384000.0	19975.34935	4013
0.0	1638400.0	18137.023891	4014
3.0	16384000.0	20148.137733	4015
0.0	1310720.0	18635.869907	4016
2.0	16384000.0	19896.232714	4017
1.0	16384000.0	20083.478826	4081
2.0	16384000.0	19968.626983	4082
1.0	16384000.0	20064.453288	4083
1.0	16384000.0	19939.67248	4084
1.0	16384000.0	20083.647591	4085
2.0	16384000.0	20176.019135	4086
0.0	1474560.0	18437.305066	4087
1.0	16384000.0	19909.368757	4088
1.0	16384000.0	20049.243667	4161
7.0	16384000.0	19955.512446	4162
1.0	16384000.0	20055.588701	4163
2.0	16384000.0	19941.366793	4164
0.0	1310720.0	18526.115284	4165
3.0	16384000.0	20173.383246	4166
0.0	1310720.0	18636.764438	4167
0.0	1310720.0	18418.955058	4168
1.0	16384000.0	20055.288582	4241
2.0	16384000.0	19970.172334	4242
0.0	1146880.0	18706.417285	4243
2.0	16384000.0	19930.053582	4244
2.0	16384000.0	20058.80773	4245
0.0	1474560.0	18373.963102	4246
0.0	1474560.0	18444.791457	4247
1.0	16384000.0	19961.768578	4248
2.0	16384000.0	20091.403306	4321
0.0	1638400.0	18016.175977	4322
0.0	1146880.0	18668.412299	4323
0.0	1474560.0	18160.004904	4324
1.0	16384000.0	20229.101358	4325
1.0	16384000.0	20137.678488	4326
3.0	16384000.0	20217.324704	4327
2.0	16384000.0	19919.952491	4328
1.0	16384000.0	20039.398346	4410
0.0	1802240.0	17819.181137	4411
0.0	1146880.0	18693.002772	4412
1.0	16384000.0	19928.133582	4413
1.0	16384000.0	20200.896596	4414
1.0	16384000.0	20153.572969	4415
2.0	16384000.0	20182.05851	4416
1.0	16384000.0	19898.089733	4417
3.0	16384000.0	16573.444349	4481
2.0	16384000.0	16812.264175	4482
2.0	16384000.0	16627.409785	4483
0.0	1310720.0	15235.741804	4484
0.0	1638400.0	15051.027506	4485
3.0	16384000.0	16521.666058	4486
1.0	16384000.0	16568.682134	4487
1.0	16384000.0	16442.5623	4488
1.0	16384000.0	16976.983417	4489
2.0	16384000.0	17651.210621	4490
1.0	16384000.0	16774.477679	4561
0.0	1310720.0	15533.252795	4562
1.0	16384000.0	16532.608389	4563
1.0	16384000.0	16538.135559	4564
1.0	16384000.0	16647.902234	4565
1.0	16384000.0	16503.327827	4566
1.0	16384000.0	16592.999311	4567
0.0	1474560.0	15014.7576	4568
1.0	16384000.0	17053.160819	4569
2.0	16384000.0	17559.347993	4570
0.0	1638400.0	18207.471186	4641
1.0	16384000.0	19987.175731	4642
0.0	1146880.0	18826.091212	4643
0.0	1474560.0	18200.985076	4644
0.0	1474560.0	18371.39767	4645
0.0	1638400.0	18171.5821	4646
3.0	16384000.0	20304.41731	4647
1.0	16384000.0	20074.795296	4648
2.0	16384000.0	20088.62523	4721
3.0	16384000.0	20006.23326	4722
3.0	16384000.0	20062.237975	4723
0.0	1638400.0	17998.214476	4724
1.0	16384000.0	20103.464535	4725
3.0	16384000.0	20124.117323	4726
0.0	1474560.0	18419.838856	4727
1.0	16384000.0	19987.445561	4728
3.0	16384000.0	16506.040071	4810
1.0	16384000.0	16780.590763	4811
1.0	16384000.0	16508.585065	4812
2.0	16384000.0	16653.040821	4813
0.0	1638400.0	15012.520621	4814
0.0	1310720.0	15233.190383	4815
2.0	16384000.0	16607.226006	4816
2.0	16384000.0	16526.912317	4817
3.0	16384000.0	17057.942987	4818
0.0	1474560.0	16091.266318	4819
0.0	1474560.0	15186.865389	4881
3.0	16384000.0	16796.175225	4882
3.0	16384000.0	16599.457104	4883
1.0	16384000.0	16568.164093	4884
3.0	16384000.0	16612.464436	4885
1.0	16384000.0	16550.317693	4886
2.0	16384000.0	16549.638637	4887
3.0	16384000.0	16435.298959	4888
0.0	1474560.0	15676.713634	4889
1.0	16384000.0	17550.581673	4890
0.0	1474560.0	18354.662128	4961
1.0	16384000.0	19979.368922	4962
3.0	16384000.0	20127.737996	4963
3.0	16384000.0	20046.527504	4964
2.0	16384000.0	20062.56583	4965
0.0	1310720.0	18637.880029	4966
2.0	16384000.0	20291.403874	4967
1.0	16384000.0	19933.998988	4968
0.0	1310720.0	18548.117536	5041
1.0	16384000.0	19960.242935	5042
0.0	1474560.0	18276.303976	5043
0.0	1474560.0	18172.868579	5044
1.0	16384000.0	20313.793171	5045
0.0	1474560.0	18415.491703	5046
1.0	16384000.0	20174.597096	5047
4.0	16384000.0	19898.783459	5048
3.0	16384000.0	20076.446701	5121
1.0	16384000.0	19991.405571	5122
1.0	16384000.0	20044.280981	5123
3.0	16384000.0	19987.399623	5124
2.0	16384000.0	20085.482859	5125
2.0	16384000.0	20164.386987	5126
0.0	1146880.0	18802.760432	5127
0.0	1310720.0	18338.306636	5128
2.0	16384000.0	16555.997273	5210
0.0	1638400.0	15124.527809	5211
1.0	16384000.0	16528.331846	5212
0.0	1474560.0	15182.530225	5213
3.0	16384000.0	16591.772449	5214
0.0	1474560.0	15044.375605	5215
1.0	16384000.0	16789.29182	5216
0.0	1474560.0	14981.084903	5217
1.0	16384000.0	17017.637062	5218
1.0	16384000.0	18171.893299	5219
0.0	1474560.0	18332.672099	5281
0.0	1474560.0	18246.185684	5282
3.0	16384000.0	20058.824765	5283
1.0	16384000.0	20172.796546	5284
1.0	16384000.0	20121.665397	5285
3.0	16384000.0	20135.057138	5286
0.0	1310720.0	18610.156981	5287
1.0	16384000.0	19934.263237	5288
1.0	16384000.0	20054.212957	5361
4.0	16384000.0	20006.306606	5362
2.0	16384000.0	20170.46452	5363
1.0	16384000.0	19905.198902	5364
0.0	1310720.0	18620.693655	5365
1.0	16384000.0	20161.524575	5366
2.0	16384000.0	20288.360947	5367
1.0	16384000.0	19905.88234	5368
0.0	1474560.0	18366.735872	5441
1.0	16384000.0	19984.907039	5442
1.0	16384000.0	20056.238877	5443
2.0	16384000.0	19977.243879	5444
0.0	1310720.0	18522.096991	5445
2.0	16384000.0	20202.414161	5446
0.0	1474560.0	18468.966773	5447
0.0	1474560.0	18214.184509	5448
2.0	16384000.0	16509.887533	5521
1.0	16384000.0	16722.899908	5522
1.0	16384000.0	16538.88417	5523
1.0	16384000.0	16571.501049	5524
0.0	1638400.0	14999.245826	5525
2.0	16384000.0	16511.191726	5526
2.0	16384000.0	16608.817056	5527
2.0	16384000.0	16433.95439	5528
2.0	16384000.0	17126.828956	5529
1.0	16384000.0	17520.610217	5530
0.0	1474560.0	15128.381251	5610
1.0	16384000.0	16779.40951	5611
3.0	16384000.0	16539.947016	5612
1.0	16384000.0	16636.443038	5613
2.0	16384000.0	16682.387319	5614
3.0	16384000.0	16503.593516	5615
1.0	16384000.0	16688.298087	5616
1.0	16384000.0	16458.829346	5617
2.0	16384000.0	17177.820752	5618
2.0	16384000.0	17520.640804	5619
1.0	16384000.0	20116.106095	5681
1.0	16384000.0	20113.990983	5682
3.0	16384000.0	20066.961796	5683
0.0	1310720.0	18376.118853	5684
1.0	16384000.0	20119.165625	5685
3.0	16384000.0	20232.595597	5686
1.0	16384000.0	20207.70268	5687
1.0	16384000.0	19834.389992	5688
2.0	16384000.0	16505.5502	5761
0.0	1474560.0	15281.172248	5762
1.0	16384000.0	16547.869999	5763
0.0	1310720.0	15336.842836	5764
1.0	16384000.0	16681.512849	5765
1.0	16384000.0	16524.271069	5766
2.0	16384000.0	16666.408404	5767
2.0	16384000.0	16452.362427	5768
1.0	16384000.0	17052.357745	5769
3.0	16384000.0	17574.794726	5770
0.0	1638400.0	14935.905703	5841
2.0	16384000.0	16727.581721	5842
2.0	16384000.0	16531.647163	5843
0.0	1474560.0	15108.205612	5844
2.0	16384000.0	16622.860108	5845
1.0	16384000.0	16572.99764	5846
2.0	16384000.0	16603.873929	5847
0.0	1474560.0	14995.500648	5848
2.0	16384000.0	16976.482822	5849
0.0	1146880.0	17662.815881	5850
2.0	16384000.0	18614.755462	5921
1.0	16384000.0	16704.044151	5922
3.0	16384000.0	16588.563525	5923
1.0	16384000.0	16638.155288	5924
1.0	16384000.0	16553.277507	5925
1.0	16384000.0	16515.576314	5926
1.0	16384000.0	17135.844006	5927
3.0	16384000.0	16547.857659	5928
2.0	16384000.0	17519.874462	5929
0.0	1474560.0	15896.174599	5930
2.0	16384000.0	20075.21031	6010
2.0	16384000.0	20040.792074	6011
3.0	16384000.0	20031.274753	6012
0.0	1474560.0	18261.29064	6013
1.0	16384000.0	20080.988015	6014
0.0	1638400.0	18217.600662	6015
0.0	1310720.0	18630.359641	6016
1.0	16384000.0	19936.626135	6017
0.0	1638400.0	14973.389071	6081
0.0	1146880.0	15667.906325	6082
1.0	16384000.0	16554.229315	6083
1.0	16384000.0	17123.209855	6084
0.0	1638400.0	15003.446988	6085
1.0	16384000.0	16461.346583	6086
0.0	1474560.0	15196.385315	6087
0.0	1310720.0	15174.567816	6088
2.0	16384000.0	16764.219576	6089
2.0	16384000.0	17616.546277	6090
0.0	1474560.0	18425.668178	6161
0.0	1474560.0	18274.839498	6162
2.0	16384000.0	20186.934498	6163
0.0	1638400.0	18016.389353	6164
0.0	1638400.0	18156.586771	6165
2.0	16384000.0	20101.466529	6166
2.0	16384000.0	20220.087474	6167
0.0	1474560.0	18328.017685	6168
3.0	16384000.0	20109.985408	6241
2.0	16384000.0	19985.581933	6242
4.0	16384000.0	20021.823316	6243
1.0	16384000.0	19920.040921	6244
0.0	1638400.0	18136.988639	6245
0.0	1638400.0	18188.704219	6246
1.0	16384000.0	20219.532809	6247
1.0	16384000.0	19917.479824	6248
1.0	16384000.0	20086.245964	6321
1.0	16384000.0	19935.00068	6322
0.0	1310720.0	18493.403146	6323
0.0	1638400.0	18018.944649	6324
1.0	16384000.0	20116.078317	6325
0.0	1474560.0	18386.651987	6326
2.0	16384000.0	20187.366327	6327
1.0	16384000.0	19966.393375	6328
1.0	16384000.0	20096.949397	6410
1.0	16384000.0	20182.371867	6411
1.0	16384000.0	20026.444063	6412
1.0	16384000.0	19913.118751	6413
2.0	16384000.0	20072.03701	6414
2.0	16384000.0	20194.62497	6415
1.0	16384000.0	20161.756617	6416
1.0	16384000.0	20054.144795	6417
0.0	1638400.0	18184.064057	6481
1.0	16384000.0	19962.355516	6482
2.0	16384000.0	20138.861711	6483
3.0	16384000.0	19884.078059	6484
5.0	16384000.0	20086.809221	6485
0.0	1474560.0	18421.054451	6486
3.0	16384000.0	20201.316625	6487
3.0	16384000.0	19918.849437	6488
1.0	16384000.0	20077.756451	6561
1.0	16384000.0	20194.254869	6562
0.0	1474560.0	18308.714021	6563
0.0	1474560.0	18277.561481	6564
1.0	16384000.0	20075.152992	6565
0.0	1638400.0	18179.930964	6566
0.0	1638400.0	18251.423634	6567
0.0	1638400.0	18030.368278	6568
0.0	1474560.0	18422.844356	6641
3.0	16384000.0	19951.896276	6642
1.0	16384000.0	20043.20432	6643
3.0	16384000.0	19968.447412	6644
0.0	1638400.0	18144.68894	6645
0.0	1310720.0	18550.950224	6646
2.0	16384000.0	20185.717911	6647
1.0	16384000.0	19941.824234	6648
1.0	16384000.0	20202.999321	6721
2.0	16384000.0	20011.587756	6722
0.0	1310720.0	18527.387304	6723
1.0	16384000.0	19945.869304	6724
0.0	1310720.0	18542.979155	6725
0.0	1146880.0	18815.441977	6726
0.0	1474560.0	18465.709191	6727
0.0	1474560.0	18203.235134	6728
1.0	16384000.0	16678.152074	6810
0.0	1310720.0	15613.81373	6811
2.0	16384000.0	16584.908852	6812
0.0	1474560.0	15082.51911	6813
2.0	16384000.0	16611.84698	6814
1.0	16384000.0	16560.652374	6815
1.0	16384000.0	16580.625993	6816
2.0	16384000.0	16449.584168	6817
0.0	1474560.0	15494.874717	6818
0.0	1638400.0	16024.99878	6819
5.0	16384000.0	20202.270763	6881
2.0	16384000.0	19945.870255	6882
2.0	16384000.0	20082.395487	6883
2.0	16384000.0	19954.971545	6884
1.0	16384000.0	20098.990342	6885
0.0	1802240.0	18006.418838	6886
0.0	1310720.0	18643.210715	6887
1.0	16384000.0	19995.059104	6888
1.0	16384000.0	20121.305746	6961
0.0	1146880.0	18594.455746	6962
0.0	1638400.0	18110.108005	6963
1.0	16384000.0	20963.296477	6964
0.0	1310720.0	18533.103287	6965
2.0	16384000.0	20135.138718	6966
1.0	16384000.0	20307.140287	6967
1.0	16384000.0	19977.675155	6968
0.0	1310720.0	18519.504496	7041
0.0	1310720.0	18391.110315	7042
2.0	16384000.0	20092.910992	7043
1.0	16384000.0	19950.237232	7044
3.0	16384000.0	20110.102973	7045
2.0	16384000.0	20162.38167	7046
0.0	1474560.0	18438.467309	7047
4.0	16384000.0	19953.064418	7048
1.0	16384000.0	20190.448344	7121
1.0	16384000.0	20009.61583	7122
1.0	16384000.0	20102.029737	7123
3.0	16384000.0	19915.306872	7124
1.0	16384000.0	20088.236761	7125
0.0	1310720.0	18598.515427	7126
1.0	16384000.0	20159.712909	7127
2.0	16384000.0	19911.45637	7128
2.0	16384000.0	20077.560953	7210
1.0	16384000.0	19988.653518	7211
1.0	16384000.0	20177.694351	7212
1.0	16384000.0	19944.477707	7213
2.0	16384000.0	22408.145671	7214
0.0	1638400.0	18351.548223	7215
2.0	16384000.0	20184.464084	7216
1.0	16384000.0	19918.954743	7217
0.0	1802240.0	18005.141634	7281
0.0	1310720.0	18411.503616	7282
0.0	1638400.0	18228.897104	7283
3.0	16384000.0	19930.635739	7284
2.0	16384000.0	20078.595629	7285
0.0	1474560.0	18360.380566	7286
1.0	16384000.0	20180.69331	7287
2.0	16384000.0	19956.020984	7288
2.0	16384000.0	20119.955063	7361
1.0	16384000.0	19947.774588	7362
0.0	983040.0	18895.693384	7363
3.0	16384000.0	19933.553926	7364
2.0	16384000.0	20179.520036	7365
0.0	1474560.0	18527.846396	7366
0.0	1474560.0	18471.937558	7367
2.0	16384000.0	19910.085723	7368
0.0	1310720.0	18545.901964	7441
1.0	16384000.0	19962.305143	7442
0.0	1474560.0	18310.166308	7443
0.0	1638400.0	18030.367762	7444
1.0	16384000.0	20114.682081	7445
3.0	16384000.0	20140.928881	7446
1.0	16384000.0	20175.281934	7447
0.0	1638400.0	17958.857656	7448
3.0	16384000.0	20108.13854	7521
2.0	16384000.0	19961.964495	7522
1.0	16384000.0	20104.300379	7523
1.0	16384000.0	19944.832442	7524
0.0	1310720.0	18516.056989	7525
1.0	16384000.0	20219.68288	7526
1.0	16384000.0	20204.325415	7527
3.0	16384000.0	19885.038832	7528
2.0	16384000.0	20220.465421	7610
2.0	16384000.0	19940.264866	7611
0.0	1310720.0	18502.267998	7612
0.0	1474560.0	18203.073716	7613
0.0	1310720.0	18560.200043	7614
0.0	1310720.0	18571.476558	7615
1.0	16384000.0	20182.846162	7616
1.0	16384000.0	19945.491633	7617
0.0	1802240.0	17946.305902	7681
1.0	16384000.0	19948.799822	7682
2.0	16384000.0	20079.162318	7683
1.0	16384000.0	20020.618203	7684
1.0	16384000.0	20155.966284	7685
3.0	16384000.0	20266.508747	7686
1.0	16384000.0	20208.05183	7687
1.0	16384000.0	20063.95977	7688
2.0	16384000.0	20080.730163	7761
1.0	16384000.0	20056.847994	7762
2.0	16384000.0	20055.64338	7763
1.0	16384000.0	19937.817531	7764
0.0	1802240.0	17926.223998	7765
0.0	1474560.0	18399.838584	7766
2.0	16384000.0	20178.783286	7767
2.0	16384000.0	20023.797525	7768
1.0	16384000.0	20044.239231	7841
3.0	16384000.0	19995.380025	7842
4.0	16384000.0	20065.936746	7843
1.0	16384000.0	19930.397269	7844
2.0	16384000.0	20102.845806	7845
0.0	1310720.0	18803.948014	7846
1.0	16384000.0	20184.598864	7847
3.0	16384000.0	19947.80468	7848
0.0	1310720.0	15294.60961	7921
0.0	1310720.0	15483.325104	7922
1.0	16384000.0	16512.477393	7923
2.0	16384000.0	16558.257948	7924
1.0	16384000.0	16608.356867	7925
0.0	1310720.0	15322.557585	7926
1.0	16384000.0	16635.355771	7927
1.0	16384000.0	16499.836905	7928
1.0	16384000.0	16937.955372	7929
1.0	16384000.0	17570.647661	7930
1.0	16384000.0	20069.587831	8010
0.0	1310720.0	18467.454554	8011
1.0	16384000.0	20038.323298	8012
0.0	1146880.0	18576.441445	8013
4.0	16384000.0	20602.708778	8014
1.0	16384000.0	20181.132123	8015
1.0	16384000.0	20140.318951	8016
1.0	16384000.0	19956.406516	8017
1.0	16384000.0	20174.910311	8081
3.0	16384000.0	19974.67968	8082
1.0	16384000.0	20073.875902	8083
3.0	16384000.0	19939.673852	8084
2.0	16384000.0	20197.000316	8085
2.0	16384000.0	20207.726853	8086
1.0	16384000.0	20215.162571	8087
1.0	16384000.0	19944.357072	8088
0.0	1474560.0	18364.662376	8161
0.0	1638400.0	18021.672497	8162
1.0	16384000.0	20064.721211	8163
2.0	16384000.0	19941.665564	8164
0.0	1310720.0	18540.567749	8165
0.0	1638400.0	18164.247125	8166
0.0	1638400.0	18269.606731	8167
3.0	16384000.0	20090.847412	8168
0.0	1310720.0	18514.848566	8241
0.0	1474560.0	18244.951086	8242
4.0	16384000.0	20174.911125	8243
1.0	16384000.0	19961.60533	8244
0.0	1310720.0	18556.738802	8245
0.0	1310720.0	18589.562555	8246
2.0	16384000.0	20212.621954	8247
1.0	16384000.0	19918.367506	8248
1.0	16384000.0	17375.300452	8321
1.0	16384000.0	18466.708991	8322
1.0	16384000.0	17069.033768	8323
0.0	1474560.0	16221.553435	8324
0.0	1474560.0	16310.689106	8325
2.0	16384000.0	16565.474195	8326
0.0	1310720.0	15273.621483	8327
4.0	16384000.0	16432.458593	8328
0.0	1474560.0	15983.719713	8329
0.0	1310720.0	17657.047925	8330
1.0	16384000.0	20028.419059	8410
1.0	16384000.0	20067.749825	8411
0.0	1310720.0	18506.305517	8412
1.0	16384000.0	36901.410286	8413
0.0	1474560.0	18416.209627	8414
1.0	16384000.0	20194.922358	8415
2.0	16384000.0	19942.230721	8416
2.0	16384000.0	20173.041309	8481
0.0	1474560.0	18271.023641	8482
0.0	1474560.0	18314.850812	8483
2.0	16384000.0	19977.643226	8484
1.0	16384000.0	20117.212257	8485
2.0	16384000.0	20201.699354	8486
5.0	16384000.0	20179.954863	8487
0.0	1638400.0	17964.045351	8488
2.0	16384000.0	20087.900628	8561
0.0	1310720.0	18439.759752	8562
3.0	16384000.0	20085.976417	8563
0.0	1638400.0	17986.009143	8564
1.0	16384000.0	20236.972389	8565
1.0	16384000.0	20152.360233	8566
4.0	16384000.0	20173.265141	8567
0.0	1638400.0	18002.817589	8568
1.0	16384000.0	20076.040304	8641
0.0	1310720.0	18526.615592	8642
4.0	16384000.0	20056.412161	8643
2.0	16384000.0	20036.594186	8644
1.0	16384000.0	20046.602615	8645
0.0	1474560.0	18475.354381	8646
0.0	1310720.0	18744.583407	8647
2.0	16384000.0	19943.774012	8648
1.0	16384000.0	20085.591973	8721
1.0	16384000.0	20001.83042	8722
2.0	16384000.0	20060.672817	8723
0.0	1474560.0	18186.224702	8724
0.0	1474560.0	18474.055623	8725
2.0	16384000.0	20146.116655	8726
1.0	16384000.0	20206.665375	8727
2.0	16384000.0	19891.610609	8728
2.0	16384000.0	16541.672025	8810
3.0	16384000.0	16696.871559	8811
2.0	16384000.0	16537.521442	8812
2.0	16384000.0	16579.480568	8813
0.0	1638400.0	14959.9951	8814
5.0	16384000.0	16611.572465	8815
1.0	16384000.0	16598.777223	8816
1.0	16384000.0	16451.764094	8817
1.0	16384000.0	17107.237461	8818
2.0	16384000.0	17530.060596	8819
0.0	1638400.0	14987.268223	8881
1.0	16384000.0	16831.52227	8882
1.0	16384000.0	16544.789542	8883
0.0	1146880.0	15416.843866	8884
2.0	16384000.0	16586.519342	8885
1.0	16384000.0	16496.371182	8886
1.0	16384000.0	16613.697848	8887
0.0	1802240.0	14767.905715	8888
1.0	16384000.0	16858.698988	8889
1.0	16384000.0	17635.50695	8890
5.0	16384000.0	20044.812112	8961
0.0	1474560.0	18229.217259	8962
0.0	1638400.0	18371.767121	8963
1.0	16384000.0	19916.480646	8964
0.0	1474560.0	18452.111448	8965
0.0	1310720.0	18542.127001	8966
0.0	1474560.0	18436.57916	8967
0.0	1146880.0	18610.3832	8968
0.0	1474560.0	18368.325382	9041
3.0	16384000.0	19940.8058	9042
0.0	1474560.0	18425.642911	9043
2.0	16384000.0	19946.041564	9044
0.0	1638400.0	18162.379349	9045
1.0	16384000.0	20130.770481	9046
3.0	16384000.0	20202.329942	9047
2.0	16384000.0	19903.49869	9048
0.0	1310720.0	18562.81987	9121
3.0	16384000.0	20107.127702	9122
1.0	16384000.0	20084.988463	9123
1.0	16384000.0	19898.924985	9124
2.0	16384000.0	20288.562716	9125
0.0	1638400.0	18210.363029	9126
0.0	1310720.0	18714.129477	9127
1.0	16384000.0	20050.314559	9128
0.0	1310720.0	18671.04474	9210
2.0	16384000.0	19944.183634	9211
1.0	16384000.0	20105.943248	9212
1.0	16384000.0	19961.818201	9213
1.0	16384000.0	20061.004078	9214
1.0	16384000.0	20295.696211	9215
1.0	16384000.0	20296.050405	9216
1.0	16384000.0	20023.498729	9217
2.0	16384000.0	20089.311702	9281
0.0	1474560.0	18228.681028	9282
1.0	16384000.0	20167.94739	9283
4.0	16384000.0	19939.915712	9284
5.0	16384000.0	20051.282724	9285
3.0	16384000.0	20155.240776	9286
0.0	1310720.0	18686.027114	9287
0.0	1310720.0	18357.808816	9288
2.0	16384000.0	20029.763024	9361
0.0	983040.0	18916.430368	9362
1.0	16384000.0	20024.675829	9363
2.0	16384000.0	20044.420228	9364
1.0	16384000.0	20182.278194	9365
1.0	16384000.0	20179.056826	9366
1.0	16384000.0	20203.081895	9367
4.0	16384000.0	19913.287075	9368
3.0	16384000.0	17423.505618	9441
1.0	16384000.0	18283.389591	9442
0.0	163840.0	16880.41781	9443
2.0	16384000.0	18094.594668	9444
2.0	16384000.0	17380.553056	9445
1.0	16384000.0	16629.501068	9446
0.0	1474560.0	15374.464844	9447
1.0	16384000.0	16436.569776	9448
0.0	1146880.0	16680.601701	9449
1.0	16384000.0	16581.123639	9521
2.0	16384000.0	16755.456584	9522
6.0	16384000.0	16548.620248	9523
2.0	16384000.0	16567.345866	9524
2.0	16384000.0	16571.261644	9525
0.0	1310720.0	15239.70893	9526
1.0	16384000.0	16730.087385	9527
1.0	16384000.0	16493.90981	9528
2.0	16384000.0	17103.708446	9529
2.0	16384000.0	17420.117482	9530
2.0	16384000.0	20075.457499	9609
0.0	1146880.0	18780.771045	9610
0.0	1474560.0	18343.974472	9611
0.0	1474560.0	18576.584526	9612
1.0	16384000.0	20100.158813	9613
2.0	16384000.0	20170.079122	9614
1.0	16384000.0	20174.02653	9615
2.0	16384000.0	20011.837932	9616
1.0	16384000.0	20106.317011	9681
0.0	1474560.0	18238.259697	9682
0.0	1474560.0	18302.189006	9683
1.0	16384000.0	20140.713986	9684
0.0	1310720.0	18715.666579	9685
1.0	16384000.0	20106.681493	9686
2.0	16384000.0	20172.449511	9687
0.0	1474560.0	18253.161115	9688
0.0	1310720.0	18536.160715	9761
2.0	16384000.0	19924.967936	9762
0.0	1310720.0	18498.790169	9763
1.0	16384000.0	19992.822685	9764
0.0	1310720.0	18589.150334	9765
1.0	16384000.0	20147.30245	9766
2.0	16384000.0	20272.356515	9767
2.0	16384000.0	19893.701939	9768
1.0	16384000.0	20170.976839	9841
0.0	1310720.0	18477.333839	9842
0.0	1474560.0	18429.071225	9843
1.0	16384000.0	19965.536686	9844
1.0	16384000.0	20056.467758	9845
2.0	16384000.0	20166.123872	9846
2.0	16384000.0	20200.15507	9847
3.0	16384000.0	19929.226318	9848
0.0	1638400.0	18128.968736	9921
0.0	1474560.0	18314.665018	9922
3.0	16384000.0	20047.948832	9923
2.0	16384000.0	20044.097501	9924
1.0	16384000.0	20099.794721	9925
1.0	16384000.0	20117.538761	9926
1.0	16384000.0	20302.476987	9927
0.0	1310720.0	18482.855011	9928
0.0	1310720.0	17437.27643	24
1.0	16384000.0	19016.090029	25
2.0	16384000.0	18798.800711	26
0.0	819200.0	17903.907375	27
1.0	16384000.0	18003.810314	28
0.0	1310720.0	17098.981179	29
1.0	16384000.0	20252.945269	2
2.0	16384000.0	16500.338072	30
1.0	16384000.0	16438.863493	31
0.0	1638400.0	17058.15678	109
2.0	16384000.0	18983.031065	110
4.0	16384000.0	18900.079369	111
2.0	16384000.0	18847.791997	112
1.0	16384000.0	18001.861489	113
0.0	1146880.0	17497.12014	114
1.0	16384000.0	20083.704447	115
0.0	1638400.0	14918.503185	116
2.0	16384000.0	16419.629509	117
0.0	983040.0	16260.102772	161
1.0	16384000.0	17386.857994	162
1.0	16384000.0	18157.173971	163
1.0	16384000.0	18044.977531	164
1.0	16384000.0	18102.917636	165
0.0	1802240.0	16240.744656	166
1.0	16384000.0	18684.413643	167
0.0	1474560.0	16502.046241	168
1.0	16384000.0	18036.942676	169
0.0	1638400.0	17068.642627	241
1.0	16384000.0	18876.524918	242
1.0	16384000.0	18870.271529	243
4.0	16384000.0	18814.923096	244
1.0	16384000.0	18008.065637	245
2.0	16384000.0	18795.953848	246
0.0	1474560.0	18377.041785	247
0.0	1310720.0	15187.236607	248
2.0	16384000.0	16405.32876	249
1.0	16384000.0	18910.780175	321
1.0	16384000.0	18934.013031	322
0.0	1474560.0	17184.158748	323
1.0	16384000.0	18849.948985	324
1.0	16384000.0	17973.379902	325
4.0	16384000.0	18788.565937	326
1.0	16384000.0	19712.357788	327
1.0	16384000.0	16449.361267	328
2.0	16384000.0	16449.386753	329
1.0	16384000.0	18849.269896	420
0.0	1802240.0	16885.357284	421
2.0	16384000.0	18915.546415	422
4.0	16384000.0	18818.309527	423
0.0	1638400.0	16259.389385	424
0.0	983040.0	17309.576119	425
0.0	1474560.0	18772.91644	426
0.0	1474560.0	15242.560994	427
1.0	16384000.0	16440.871774	428
1.0	16384000.0	18861.019609	481
0.0	1474560.0	17319.110897	482
3.0	16384000.0	18862.895657	483
0.0	1638400.0	17030.745344	484
1.0	16384000.0	18107.142183	485
0.0	1474560.0	16732.364941	486
1.0	16384000.0	20385.467092	487
0.0	1310720.0	15432.187293	488
2.0	16384000.0	16471.773672	489
1.0	16384000.0	17273.021895	561
2.0	16384000.0	17551.485696	562
1.0	16384000.0	18084.532281	563
1.0	16384000.0	18165.752345	564
1.0	16384000.0	18257.887394	565
5.0	16384000.0	18193.872294	566
2.0	16384000.0	18191.401552	567
1.0	16384000.0	18137.382889	568
0.0	1310720.0	16701.719666	569
2.0	16384000.0	18896.969063	641
3.0	16384000.0	18878.910369	642
0.0	1638400.0	17007.382297	643
0.0	1474560.0	17193.276442	644
2.0	16384000.0	18148.49246	645
0.0	1310720.0	16999.631622	646
2.0	16384000.0	20284.362891	647
2.0	16384000.0	16557.736917	648
0.0	1638400.0	15265.956493	649
0.0	1310720.0	17539.665128	721
2.0	16384000.0	18949.394372	722
2.0	16384000.0	18811.991843	723
3.0	16384000.0	18877.061888	724
0.0	1474560.0	16379.648779	725
0.0	1638400.0	16694.363211	726
1.0	16384000.0	20350.94364	727
2.0	16384000.0	16557.847841	728
0.0	1638400.0	14927.235994	729
1.0	16384000.0	18847.017007	810
5.0	16384000.0	18928.726631	811
4.0	16384000.0	18851.719485	812
3.0	16384000.0	18827.74863	813
1.0	16384000.0	17935.532051	814
0.0	1474560.0	17549.470704	815
1.0	16384000.0	20121.212151	816
0.0	1474560.0	15010.872529	817
3.0	16384000.0	16462.451354	818
0.0	1310720.0	17415.240835	881
1.0	16384000.0	18997.522789	882
1.0	16384000.0	18840.637814	883
1.0	16384000.0	18837.256238	884
4.0	16384000.0	17963.301389	885
2.0	16384000.0	19205.040654	886
0.0	1802240.0	18311.782221	887
2.0	16384000.0	16442.449569	888
1.0	16384000.0	16450.776343	889
1.0	16384000.0	18965.613354	1009
1.0	16384000.0	18926.615138	1010
2.0	16384000.0	18861.592679	1011
1.0	16384000.0	18816.394332	1012
3.0	16384000.0	17960.806528	1013
1.0	16384000.0	19011.749045	1014
0.0	1474560.0	17924.215437	1015
2.0	16384000.0	16417.015281	1016
4.0	16384000.0	16460.984942	1017
1.0	16384000.0	18887.047844	1041
0.0	1310720.0	17424.462095	1042
1.0	16384000.0	18830.980909	1043
4.0	16384000.0	18904.708274	1044
1.0	16384000.0	18110.117936	1045
0.0	1474560.0	17027.938986	1046
2.0	16384000.0	20043.84767	1047
1.0	16384000.0	16482.288568	1048
1.0	16384000.0	16462.473071	1049
2.0	16384000.0	18897.750207	1121
0.0	1474560.0	17224.475301	1122
1.0	16384000.0	18808.195654	1123
1.0	16384000.0	19087.545028	1124
2.0	16384000.0	18014.49419	1125
0.0	1146880.0	17422.827464	1126
2.0	16384000.0	20031.191724	1127
1.0	16384000.0	16430.318963	1128
3.0	16384000.0	16430.137413	1129
2.0	16384000.0	18882.522155	1224
0.0	1474560.0	17269.638725	1225
1.0	16384000.0	18840.895834	1226
0.0	1474560.0	17186.805268	1227
1.0	16384000.0	18162.91268	1228
2.0	16384000.0	18528.387236	1229
0.0	1474560.0	18602.782358	1230
1.0	16384000.0	16594.102033	1231
2.0	16384000.0	16427.237995	1232
1.0	16384000.0	18820.764148	1281
1.0	16384000.0	19095.564497	1282
1.0	16384000.0	18826.080174	1283
1.0	16384000.0	18925.541399	1284
1.0	16384000.0	18016.7588	1285
1.0	16384000.0	19383.976072	1286
1.0	16384000.0	19652.459789	1287
0.0	1638400.0	15090.959223	1288
2.0	16384000.0	16432.337652	1289
0.0	1638400.0	15631.158444	1361
1.0	16384000.0	17321.374094	1362
0.0	1474560.0	16625.150428	1363
1.0	16384000.0	18057.345189	1364
1.0	16384000.0	18116.377202	1365
1.0	16384000.0	18305.454156	1366
3.0	16384000.0	18143.323279	1367
3.0	16384000.0	18127.356618	1368
2.0	16384000.0	18047.554564	1369
0.0	1310720.0	17408.082308	1441
0.0	1474560.0	17266.75366	1442
0.0	1310720.0	17369.391082	1443
0.0	1474560.0	17242.525643	1444
2.0	16384000.0	18417.834597	1445
1.0	16384000.0	17956.503705	1446
0.0	1310720.0	19145.54734	1447
3.0	16384000.0	16972.718815	1448
1.0	16384000.0	16424.360124	1449
1.0	16384000.0	19009.15038	1521
3.0	16384000.0	18919.919294	1522
2.0	16384000.0	18886.734923	1523
1.0	16384000.0	18959.997321	1524
0.0	1310720.0	16552.810294	1525
1.0	16384000.0	18906.880271	1526
1.0	16384000.0	19758.84271	1527
0.0	1310720.0	15167.032189	1528
0.0	1474560.0	15002.833493	1529
0.0	1310720.0	17457.287524	1619
1.0	16384000.0	18888.356359	1620
2.0	16384000.0	18807.845216	1621
2.0	16384000.0	18830.796934	1622
0.0	1310720.0	16577.576453	1623
1.0	16384000.0	18660.693557	1624
2.0	16384000.0	20009.578825	1625
1.0	16384000.0	16570.954177	1626
3.0	16384000.0	16439.285895	1627
1.0	16384000.0	18934.714946	1681
3.0	16384000.0	18971.855435	1682
2.0	16384000.0	18863.582112	1683
2.0	16384000.0	18856.895038	1684
0.0	1310720.0	16555.079484	1685
1.0	16384000.0	18892.524206	1686
2.0	16384000.0	19595.769268	1687
1.0	16384000.0	16449.117679	1688
2.0	16384000.0	16575.837396	1689
0.0	1638400.0	17072.804126	1761
5.0	16384000.0	18887.619449	1762
1.0	16384000.0	18826.717715	1763
1.0	16384000.0	23053.04679	1764
0.0	1474560.0	16267.7883	1765
3.0	16384000.0	19189.249791	1766
1.0	16384000.0	19193.86553	1767
2.0	16384000.0	16436.214163	1768
0.0	1310720.0	15133.961939	1769
4.0	16384000.0	18960.647258	1841
2.0	16384000.0	18926.061766	1842
3.0	16384000.0	18825.864261	1843
2.0	16384000.0	18958.791117	1844
1.0	16384000.0	17958.664639	1845
1.0	16384000.0	19216.793009	1846
3.0	16384000.0	19338.456269	1847
1.0	16384000.0	16563.863262	1848
1.0	16384000.0	16469.818702	1849
1.0	16384000.0	18859.089225	1921
0.0	819200.0	18051.302988	1922
2.0	16384000.0	18819.554559	1923
1.0	16384000.0	18929.609597	1924
0.0	1474560.0	16384.596671	1925
0.0	1310720.0	17150.932229	1926
1.0	16384000.0	20190.552877	1927
4.0	16384000.0	16519.472268	1928
2.0	16384000.0	16464.492386	1929
0.0	983040.0	17887.714926	2025
2.0	16384000.0	18895.171285	2026
0.0	1638400.0	16982.80233	2027
0.0	1638400.0	17009.460338	2028
1.0	16384000.0	18274.840967	2029
0.0	1802240.0	18477.343845	2030
0.0	1474560.0	18748.431854	2031
1.0	16384000.0	16732.734921	2032
1.0	16384000.0	16453.635928	2033
2.0	16384000.0	18935.655293	2081
1.0	16384000.0	18886.014543	2082
0.0	1474560.0	17200.69896	2083
3.0	16384000.0	18821.540685	2084
3.0	16384000.0	18110.813887	2085
0.0	1310720.0	17244.649156	2086
1.0	16384000.0	20031.693189	2087
1.0	16384000.0	16432.785131	2088
2.0	16384000.0	16487.141417	2089
1.0	16384000.0	18806.360301	2161
0.0	1638400.0	17048.568547	2162
3.0	16384000.0	18819.293801	2163
1.0	16384000.0	18815.146046	2164
0.0	1310720.0	16659.026096	2165
0.0	1638400.0	16616.064849	2166
2.0	16384000.0	20939.641937	2167
0.0	1638400.0	15060.638032	2168
1.0	16384000.0	16448.85315	2169
0.0	1802240.0	16872.423577	2241
3.0	16384000.0	18882.668064	2242
2.0	16384000.0	18846.255449	2243
1.0	16384000.0	18821.349651	2244
0.0	1474560.0	16473.554552	2245
1.0	16384000.0	18502.545046	2246
2.0	16384000.0	20172.555548	2247
0.0	1310720.0	15298.851597	2248
1.0	16384000.0	16436.861989	2249
3.0	16384000.0	18983.900497	2321
0.0	1310720.0	17430.866119	2322
2.0	16384000.0	18861.84668	2323
1.0	16384000.0	19040.725761	2324
0.0	1310720.0	16582.738233	2325
1.0	16384000.0	18670.315311	2326
0.0	1310720.0	18641.331819	2327
2.0	16384000.0	16565.348577	2328
1.0	16384000.0	16438.008912	2329
0.0	1310720.0	17425.235295	2424
1.0	16384000.0	18979.7886	2425
0.0	1310720.0	17336.916408	2426
0.0	1474560.0	17204.34561	2427
2.0	16384000.0	18433.528596	2428
0.0	1474560.0	16532.327444	2429
1.0	16384000.0	20486.714045	2430
1.0	16384000.0	16707.706641	2431
4.0	16384000.0	16437.05493	2432
1.0	16384000.0	18908.629222	2481
0.0	1310720.0	17452.564119	2482
0.0	1310720.0	17381.466355	2483
2.0	16384000.0	18917.344273	2484
3.0	16384000.0	18023.125854	2485
1.0	16384000.0	18661.897068	2486
2.0	16384000.0	20017.077929	2487
0.0	1474560.0	15026.304012	2488
1.0	16384000.0	16411.176513	2489
0.0	1474560.0	17209.41639	2561
2.0	16384000.0	18905.600876	2562
3.0	16384000.0	18842.251579	2563
1.0	16384000.0	18831.764343	2564
1.0	16384000.0	18023.718116	2565
0.0	1310720.0	17219.475473	2566
0.0	1474560.0	18535.802337	2567
0.0	1310720.0	15418.109212	2568
2.0	16384000.0	16454.220402	2569
1.0	16384000.0	18912.842974	2641
1.0	16384000.0	18923.217633	2642
2.0	16384000.0	18930.137289	2643
1.0	16384000.0	18895.079335	2644
1.0	16384000.0	17957.455171	2645
0.0	1638400.0	17005.777317	2646
4.0	16384000.0	19815.463472	2647
1.0	16384000.0	16416.255352	2648
0.0	1474560.0	15165.116684	2649
1.0	16384000.0	18880.306185	2721
1.0	16384000.0	18971.106422	2722
0.0	1474560.0	17206.190348	2723
0.0	1310720.0	17413.202122	2724
1.0	16384000.0	18071.914465	2725
3.0	16384000.0	18789.239399	2726
3.0	16384000.0	20561.396927	2727
3.0	16384000.0	16456.015851	2728
0.0	1310720.0	15167.626359	2729
2.0	16384000.0	17273.769146	2825
1.0	16384000.0	17513.145638	2826
2.0	16384000.0	18094.230048	2827
0.0	1474560.0	16536.943443	2828
0.0	1474560.0	16591.075335	2829
0.0	1146880.0	17063.763912	2830
3.0	16384000.0	18117.211512	2831
1.0	16384000.0	18202.500838	2832
1.0	16384000.0	18123.469587	2833
3.0	16384000.0	18939.713701	2881
2.0	16384000.0	18953.721549	2882
0.0	1146880.0	17571.585581	2883
1.0	16384000.0	18836.937674	2884
0.0	1310720.0	16579.015896	2885
1.0	16384000.0	18708.60249	2886
0.0	1474560.0	18451.344978	2887
1.0	16384000.0	16553.595416	2888
0.0	1474560.0	15000.531185	2889
1.0	16384000.0	18934.265115	2961
1.0	16384000.0	18892.736043	2962
1.0	16384000.0	18774.831249	2963
3.0	16384000.0	18835.606529	2964
0.0	1310720.0	16591.706809	2965
1.0	16384000.0	18869.361696	2966
2.0	16384000.0	19686.713286	2967
2.0	16384000.0	16460.107627	2968
2.0	16384000.0	16428.73736	2969
1.0	16384000.0	18865.433164	3041
0.0	1474560.0	17392.979771	3042
2.0	16384000.0	18838.005381	3043
2.0	16384000.0	18846.787242	3044
2.0	16384000.0	18062.244247	3045
1.0	16384000.0	18933.353401	3046
0.0	1474560.0	18236.936025	3047
2.0	16384000.0	16488.963759	3048
0.0	1474560.0	15029.18547	3049
0.0	1310720.0	17395.96796	3121
0.0	1310720.0	17494.247408	3122
1.0	16384000.0	18906.439758	3123
1.0	16384000.0	18838.311804	3124
0.0	1638400.0	16444.189881	3125
1.0	16384000.0	18266.251106	3126
0.0	1638400.0	18560.67099	3127
1.0	16384000.0	16719.384404	3128
1.0	16384000.0	16421.348764	3129
2.0	16384000.0	18909.120438	3220
3.0	16384000.0	18861.182577	3221
1.0	16384000.0	18853.89888	3222
1.0	16384000.0	18840.155022	3223
0.0	1638400.0	16213.347025	3224
1.0	16384000.0	18917.132836	3225
1.0	16384000.0	20170.628815	3226
0.0	1310720.0	15214.257466	3227
0.0	1310720.0	15233.301616	3228
0.0	1310720.0	17432.148817	3281
1.0	16384000.0	18866.928694	3282
2.0	16384000.0	18838.891751	3283
1.0	16384000.0	18819.883769	3284
1.0	16384000.0	17998.887803	3285
0.0	1474560.0	17141.28152	3286
3.0	16384000.0	19990.926749	3287
0.0	1638400.0	14941.485921	3288
0.0	1802240.0	14697.509363	3289
1.0	16384000.0	18854.700801	3361
1.0	16384000.0	18917.230802	3362
2.0	16384000.0	18814.899879	3363
3.0	16384000.0	18821.560873	3364
0.0	1474560.0	16345.4666	3365
0.0	1310720.0	17314.409948	3366
0.0	1638400.0	18387.214967	3367
1.0	16384000.0	16561.420302	3368
2.0	16384000.0	16469.649279	3369
3.0	16384000.0	18853.645699	3441
2.0	16384000.0	18915.545047	3442
1.0	16384000.0	18805.118872	3443
2.0	16384000.0	18826.486322	3444
1.0	16384000.0	17964.144782	3445
0.0	1638400.0	16988.196458	3446
0.0	1638400.0	18257.707897	3447
1.0	16384000.0	16479.79564	3448
2.0	16384000.0	16461.175774	3449
1.0	16384000.0	18896.448919	3521
0.0	1474560.0	17224.033313	3522
0.0	1474560.0	17152.006951	3523
1.0	16384000.0	18808.33858	3524
1.0	16384000.0	18053.611294	3525
2.0	16384000.0	18640.750588	3526
1.0	16384000.0	20081.288768	3527
0.0	1310720.0	15176.479663	3528
0.0	1474560.0	15045.430887	3529
1.0	16384000.0	18920.632006	3624
1.0	16384000.0	18899.960591	3625
2.0	16384000.0	18827.741795	3626
0.0	1146880.0	17626.935361	3627
0.0	1474560.0	16405.368401	3628
1.0	16384000.0	18672.797609	3629
1.0	16384000.0	19981.111631	3630
2.0	16384000.0	16447.092626	3631
1.0	16384000.0	16411.575406	3632
1.0	16384000.0	18915.876296	3681
0.0	1474560.0	17363.564741	3682
0.0	1146880.0	17553.701625	3683
1.0	16384000.0	18880.126557	3684
0.0	1474560.0	16643.557054	3685
0.0	1474560.0	16575.152918	3686
1.0	16384000.0	20463.708674	3687
0.0	1474560.0	15264.523419	3688
1.0	16384000.0	16532.917853	3689
0.0	1474560.0	17241.31508	3761
3.0	16384000.0	18926.789755	3762
1.0	16384000.0	18839.718686	3763
4.0	16384000.0	18840.952258	3764
0.0	1310720.0	16565.14108	3765
1.0	16384000.0	18635.825827	3766
0.0	1638400.0	18303.158823	3767
2.0	16384000.0	16576.48485	3768
2.0	16384000.0	16455.217966	3769
1.0	16384000.0	18867.744846	3841
0.0	1310720.0	17441.81611	3842
0.0	1638400.0	17033.665757	3843
2.0	16384000.0	18800.92349	3844
0.0	1474560.0	16750.398085	3845
0.0	983040.0	17223.433322	3846
1.0	16384000.0	21042.154248	3847
1.0	16384000.0	16684.393449	3848
0.0	1474560.0	15022.376794	3849
1.0	16384000.0	18923.607985	3921
1.0	16384000.0	18908.146738	3922
0.0	1638400.0	17003.81276	3923
1.0	16384000.0	19490.128993	3924
1.0	16384000.0	17974.66273	3925
2.0	16384000.0	18904.147073	3926
1.0	16384000.0	19608.863318	3927
1.0	16384000.0	16425.225944	3928
1.0	16384000.0	16457.002035	3929
0.0	1474560.0	24903.250694	1
1.0	16384000.0	27798.566036	20
3.0	16384000.0	28614.578233	21
0.0	1310720.0	26559.106648	22
0.0	1310720.0	26625.404865	23
0.0	1474560.0	24967.361462	571
0.0	1310720.0	25471.412279	572
1.0	16384000.0	28864.741497	573
0.0	1310720.0	26277.688627	574
1.0	16384000.0	28641.923568	575
0.0	1146880.0	26740.446893	576
1.0	16384000.0	27960.958742	1018
2.0	16384000.0	27967.99081	1019
2.0	16384000.0	28506.285975	1020
1.0	16384000.0	29016.51682	1021
2.0	16384000.0	28549.162366	1022
1.0	16384000.0	27588.344054	1219
3.0	16384000.0	28174.933422	1220
2.0	16384000.0	28694.434867	1221
2.0	16384000.0	28466.212029	1222
1.0	16384000.0	28796.162721	1223
1.0	16384000.0	27501.676424	1290
1.0	16384000.0	27778.379313	1291
2.0	16384000.0	28814.952404	1292
1.0	16384000.0	28638.200632	1293
4.0	16384000.0	28559.387186	1294
0.0	1146880.0	25533.453834	1451
1.0	16384000.0	27437.000321	1452
0.0	1474560.0	26488.01328	1453
0.0	1638400.0	25834.225123	1454
1.0	16384000.0	28591.946905	1455
1.0	16384000.0	28677.191186	1456
3.0	16384000.0	27569.912223	1530
1.0	16384000.0	27495.632053	1531
0.0	1638400.0	26290.25717	1532
2.0	16384000.0	28760.616497	1533
0.0	1474560.0	26332.077751	1534
1.0	16384000.0	28805.088214	1535
2.0	16384000.0	27406.257363	1690
0.0	1638400.0	25159.042165	1691
1.0	16384000.0	28632.237832	1692
0.0	1310720.0	26754.250034	1693
1.0	16384000.0	29102.849482	1694
2.0	16384000.0	28661.796595	1695
2.0	16384000.0	27492.19643	1850
2.0	16384000.0	27510.622068	1851
0.0	1310720.0	29200.756636	1852
1.0	16384000.0	28743.551649	1853
1.0	16384000.0	28820.161169	1854
0.0	1310720.0	25442.713386	1930
3.0	16384000.0	27642.250649	1931
1.0	16384000.0	28883.285299	1932
1.0	16384000.0	28697.445935	1933
0.0	1310720.0	26598.769003	1934
1.0	16384000.0	29339.964021	1935
2.0	16384000.0	27523.383274	2020
0.0	1638400.0	24886.570398	2021
0.0	1474560.0	28641.327459	2022
1.0	16384000.0	28841.607474	2023
0.0	1310720.0	26598.178293	2024
3.0	16384000.0	27698.432559	2171
0.0	1474560.0	25024.595752	2172
0.0	1310720.0	26428.143107	2173
2.0	16384000.0	29098.640747	2174
2.0	16384000.0	28680.147248	2175
3.0	16384000.0	28524.325082	2176
1.0	16384000.0	27291.456983	2250
0.0	1474560.0	25529.532153	2251
0.0	1638400.0	26249.115539	2252
1.0	16384000.0	28784.054959	2253
2.0	16384000.0	28651.184904	2254
1.0	16384000.0	28950.081433	2255
2.0	16384000.0	27703.668532	2419
2.0	16384000.0	27761.619885	2420
4.0	16384000.0	28585.214949	2421
1.0	16384000.0	28426.671973	2422
0.0	1310720.0	26525.955972	2423
1.0	16384000.0	27412.704433	2730
3.0	16384000.0	27840.675479	2731
1.0	16384000.0	28606.28458	2732
3.0	16384000.0	29337.222914	2733
2.0	16384000.0	28950.857359	2734
0.0	1474560.0	25027.898073	2820
3.0	16384000.0	27364.40899	2821
0.0	1638400.0	26029.469869	2822
0.0	1310720.0	26921.807403	2823
0.0	1474560.0	26280.755056	2824
0.0	1310720.0	25482.951032	2890
1.0	16384000.0	27530.964277	2891
0.0	1310720.0	26406.392033	2892
0.0	1474560.0	25931.1879	2893
4.0	16384000.0	28962.081808	2894
6.0	16384000.0	28979.367797	2895
2.0	16384000.0	27244.996411	2971
2.0	16384000.0	27692.200809	2972
2.0	16384000.0	31504.422805	2973
3.0	16384000.0	28664.092331	2974
1.0	16384000.0	29050.098446	2975
1.0	16384000.0	27530.678532	3291
0.0	1474560.0	25354.035876	3292
1.0	16384000.0	28935.363219	3293
1.0	16384000.0	28376.380794	3294
1.0	16384000.0	28824.697785	3295
1.0	16384000.0	28824.623203	3296
4.0	16384000.0	27499.550124	3371
3.0	16384000.0	27590.455417	3372
2.0	16384000.0	28788.371839	3373
1.0	16384000.0	29269.61864	3374
2.0	16384000.0	28926.42583	3375
2.0	16384000.0	27286.604514	3451
0.0	1310720.0	25431.802764	3452
3.0	16384000.0	28544.537576	3453
1.0	16384000.0	28764.960055	3454
1.0	16384000.0	28910.545819	3455
0.0	1474560.0	26733.76271	3456
0.0	1310720.0	25510.330232	3530
1.0	16384000.0	28725.835706	3531
2.0	16384000.0	28782.314081	3532
2.0	16384000.0	28913.923583	3533
1.0	16384000.0	28638.203933	3534
1.0	16384000.0	28838.393674	3535
1.0	16384000.0	27568.752965	3619
1.0	16384000.0	27779.366144	3620
0.0	1474560.0	26387.99414	3621
1.0	16384000.0	28842.365954	3622
1.0	16384000.0	28946.139435	3623
3.0	16384000.0	27606.381199	3690
0.0	1474560.0	27973.10205	3691
0.0	983040.0	27091.673825	3692
0.0	1474560.0	26343.126329	3693
0.0	1474560.0	26173.447573	3694
3.0	16384000.0	28487.300868	3695
2.0	16384000.0	27383.296505	3771
0.0	1474560.0	25241.554299	3772
1.0	16384000.0	28799.21912	3773
2.0	16384000.0	28883.237624	3774
2.0	16384000.0	29128.66201	3775
0.0	1474560.0	26385.065385	3776
0.0	1474560.0	16458.624865	10
2.0	16384000.0	17979.819953	11
0.0	1638400.0	16266.932423	12
0.0	1638400.0	15897.030688	13
3.0	16384000.0	18075.081343	14
0.0	1310720.0	17793.318974	15
1.0	16384000.0	17541.930003	16
1.0	16384000.0	16504.928432	17
0.0	1310720.0	15157.782511	18
4.0	16384000.0	16470.745792	19
1.0	16384000.0	17997.250962	411
3.0	16384000.0	17951.585987	412
0.0	1474560.0	16950.501591	413
2.0	16384000.0	17247.025866	414
2.0	16384000.0	18680.659783	415
1.0	16384000.0	19037.257123	416
5.0	16384000.0	16904.519169	417
2.0	16384000.0	16506.644755	418
0.0	1474560.0	15078.85348	419
2.0	16384000.0	18031.36232	801
2.0	16384000.0	17978.015185	802
2.0	16384000.0	18067.061967	803
1.0	16384000.0	17144.454222	804
1.0	16384000.0	18876.387648	805
1.0	16384000.0	18971.941551	806
1.0	16384000.0	16867.36409	807
2.0	16384000.0	16407.784518	808
3.0	16384000.0	16457.037553	809
3.0	16384000.0	17999.248888	1210
1.0	16384000.0	18575.90666	1211
1.0	16384000.0	17999.852386	1212
1.0	16384000.0	17081.655813	1213
0.0	1638400.0	17055.884147	1214
2.0	16384000.0	19433.978991	1215
2.0	16384000.0	16946.652096	1216
0.0	1310720.0	15158.344329	1217
1.0	16384000.0	16431.200697	1218
2.0	16384000.0	17985.78654	1610
3.0	16384000.0	17994.229159	1611
3.0	16384000.0	17970.457531	1612
0.0	1638400.0	16705.412222	1613
4.0	16384000.0	18772.235516	1614
1.0	16384000.0	19016.500065	1615
2.0	16384000.0	16847.941468	1616
1.0	16384000.0	16399.809129	1617
0.0	1474560.0	15063.46064	1618
0.0	1146880.0	16747.053205	2010
1.0	16384000.0	17992.980792	2011
1.0	16384000.0	17996.670836	2012
2.0	16384000.0	17267.167578	2013
0.0	1474560.0	16974.029325	2014
1.0	16384000.0	19071.745034	2015
1.0	16384000.0	17163.132169	2016
0.0	1310720.0	15165.031142	2017
0.0	1638400.0	14860.752492	2018
2.0	16384000.0	16614.961779	2019
2.0	16384000.0	17988.851675	2410
1.0	16384000.0	17950.563926	2411
1.0	16384000.0	18163.646921	2412
1.0	16384000.0	17233.864821	2413
0.0	1474560.0	17242.301193	2414
0.0	1310720.0	17588.804195	2415
1.0	16384000.0	17349.764274	2416
2.0	16384000.0	16424.109573	2417
1.0	16384000.0	16418.834912	2418
1.0	16384000.0	17987.514573	2810
0.0	1638400.0	16237.224609	2811
2.0	16384000.0	17990.096445	2812
1.0	16384000.0	17291.025961	2813
2.0	16384000.0	18732.989302	2814
0.0	1310720.0	17693.710796	2815
0.0	1310720.0	15856.184676	2816
1.0	16384000.0	16441.486045	2817
2.0	16384000.0	16441.86295	2818
0.0	1474560.0	15194.467368	2819
1.0	16384000.0	18072.489734	3210
0.0	1474560.0	16480.64232	3211
0.0	1638400.0	16322.274814	3212
1.0	16384000.0	17460.176109	3213
2.0	16384000.0	18392.866192	3214
2.0	16384000.0	19149.63373	3215
0.0	983040.0	16207.16543	3216
2.0	16384000.0	16444.930038	3217
2.0	16384000.0	16472.07574	3218
0.0	1474560.0	15235.166435	3219
2.0	16384000.0	17957.844486	3610
2.0	16384000.0	17973.627517	3611
2.0	16384000.0	18045.805009	3612
2.0	16384000.0	17158.831936	3613
3.0	16384000.0	18855.106477	3614
2.0	16384000.0	19097.471576	3615
1.0	16384000.0	16911.442923	3616
2.0	16384000.0	16413.627267	3617
0.0	1638400.0	14898.504853	3618
1.0	16384000.0	17492.587806	100
0.0	1474560.0	16402.217774	101
1.0	16384000.0	17950.419391	102
1.0	16384000.0	17928.269097	103
1.0	16384000.0	18070.377477	104
0.0	1474560.0	16373.714034	105
0.0	1474560.0	16449.214751	106
0.0	819200.0	17062.656938	107
0.0	1310720.0	16553.719493	108
1.0	16384000.0	16433.134609	401
0.0	1802240.0	14691.264955	402
0.0	1638400.0	14843.264542	403
0.0	1474560.0	15004.67972	404
0.0	1310720.0	15140.841642	405
2.0	16384000.0	16521.378542	406
0.0	1146880.0	15318.715713	407
2.0	16384000.0	16431.177178	408
2.0	16384000.0	16963.284215	409
2.0	16384000.0	16469.67295	410
3.0	16384000.0	17446.310192	1000
2.0	16384000.0	17922.274951	1001
1.0	16384000.0	17950.271629	1002
0.0	1474560.0	16573.490692	1003
0.0	1638400.0	16292.965184	1004
3.0	16384000.0	17906.531637	1005
2.0	16384000.0	18058.408914	1006
1.0	16384000.0	17912.562547	1007
1.0	16384000.0	17879.493336	1008
1.0	16384000.0	17482.035694	1201
0.0	1474560.0	16394.944263	1202
1.0	16384000.0	18069.944241	1203
1.0	16384000.0	18002.982665	1204
1.0	16384000.0	17970.620648	1205
1.0	16384000.0	17968.681913	1206
0.0	1474560.0	16396.772466	1207
3.0	16384000.0	17933.295608	1208
0.0	1474560.0	16315.560002	1209
0.0	1638400.0	15731.675491	1601
3.0	16384000.0	17973.706918	1602
2.0	16384000.0	17967.623208	1603
1.0	16384000.0	17999.435735	1604
0.0	1474560.0	16367.244206	1605
1.0	16384000.0	17993.582701	1606
2.0	16384000.0	17940.671467	1607
1.0	16384000.0	18173.437216	1608
0.0	1638400.0	16184.962376	1609
1.0	16384000.0	17390.273289	2001
2.0	16384000.0	17985.435808	2002
3.0	16384000.0	17934.934414	2003
1.0	16384000.0	17980.063699	2004
1.0	16384000.0	17960.486898	2005
0.0	1310720.0	16610.500842	2006
1.0	16384000.0	17962.405823	2007
1.0	16384000.0	17957.91373	2008
2.0	16384000.0	17944.051328	2009
0.0	1146880.0	16274.795966	2401
3.0	16384000.0	17975.953873	2402
1.0	16384000.0	17951.570531	2403
2.0	16384000.0	17978.534199	2404
1.0	16384000.0	17917.35154	2405
0.0	1146880.0	16758.378474	2406
2.0	16384000.0	17934.816046	2407
1.0	16384000.0	17948.020468	2408
0.0	1474560.0	16332.437992	2409
0.0	1638400.0	15720.273492	2801
2.0	16384000.0	18034.279721	2802
2.0	16384000.0	17957.365084	2803
1.0	16384000.0	17967.218657	2804
0.0	1638400.0	16203.617081	2805
1.0	16384000.0	18104.705379	2806
2.0	16384000.0	17923.479793	2807
1.0	16384000.0	17908.525231	2808
0.0	1802240.0	15995.929505	2809
0.0	1474560.0	15928.956528	3201
1.0	16384000.0	17961.475858	3202
2.0	16384000.0	17934.817993	3203
2.0	16384000.0	18000.074613	3204
0.0	1310720.0	16553.664482	3205
2.0	16384000.0	17955.490544	3206
1.0	16384000.0	18003.86154	3207
1.0	16384000.0	17904.556248	3208
2.0	16384000.0	18005.183201	3209
0.0	1474560.0	15890.341763	3601
2.0	16384000.0	17910.067029	3602
1.0	16384000.0	17957.976601	3603
0.0	1474560.0	16378.8154	3604
0.0	1638400.0	16228.714108	3605
2.0	16384000.0	18003.305184	3606
3.0	16384000.0	17932.561949	3607
2.0	16384000.0	17930.05142	3608
1.0	16384000.0	17919.407227	3609
1.0	16384000.0	17433.969527	4001
1.0	16384000.0	18046.585335	4002
2.0	16384000.0	17963.16255	4003
3.0	16384000.0	17947.954915	4004
1.0	16384000.0	17919.566001	4005
1.0	16384000.0	17940.781616	4006
0.0	1802240.0	16003.896317	4007
0.0	1474560.0	16356.697563	4008
2.0	16384000.0	17899.103667	4009
0.0	1146880.0	16231.159027	4401
0.0	1310720.0	16542.046626	4402
1.0	16384000.0	18027.462204	4403
0.0	1638400.0	16260.4697	4404
1.0	16384000.0	17928.072241	4405
0.0	1310720.0	16578.621934	4406
1.0	16384000.0	17958.195027	4407
2.0	16384000.0	17944.966341	4408
2.0	16384000.0	17900.267138	4409
0.0	1638400.0	15694.632699	4801
0.0	1474560.0	16406.121924	4802
1.0	16384000.0	17979.834181	4803
1.0	16384000.0	17983.066845	4804
1.0	16384000.0	17959.792731	4805
4.0	16384000.0	17917.912119	4806
1.0	16384000.0	18037.934113	4807
1.0	16384000.0	18438.391988	4808
1.0	16384000.0	17906.551708	4809
1.0	16384000.0	17437.374777	5201
1.0	16384000.0	17958.88299	5202
1.0	16384000.0	18041.565409	5203
2.0	16384000.0	17946.315416	5204
0.0	1638400.0	16233.972246	5205
3.0	16384000.0	17977.169958	5206
3.0	16384000.0	17939.766746	5207
2.0	16384000.0	18017.706075	5208
0.0	1474560.0	16428.786631	5209
1.0	16384000.0	17408.575304	5601
2.0	16384000.0	17932.265072	5602
1.0	16384000.0	18004.284554	5603
1.0	16384000.0	17974.530706	5604
1.0	16384000.0	17936.990442	5605
1.0	16384000.0	17947.497536	5606
4.0	16384000.0	17928.212875	5607
1.0	16384000.0	17895.704222	5608
0.0	1638400.0	16130.646157	5609
0.0	1310720.0	16020.425132	6001
3.0	16384000.0	17951.926328	6002
1.0	16384000.0	17970.782796	6003
1.0	16384000.0	17985.570764	6004
1.0	16384000.0	17963.169585	6005
2.0	16384000.0	17935.608535	6006
1.0	16384000.0	18014.364792	6007
1.0	16384000.0	18446.697475	6008
0.0	1310720.0	16575.994583	6009
0.0	1638400.0	15872.348932	6401
0.0	1310720.0	16540.976366	6402
0.0	1474560.0	16384.25072	6403
2.0	16384000.0	17996.813396	6404
1.0	16384000.0	17958.309323	6405
3.0	16384000.0	17930.383754	6406
0.0	1638400.0	16194.619195	6407
2.0	16384000.0	17966.38763	6408
2.0	16384000.0	17964.259744	6409
1.0	16384000.0	17431.639178	6801
3.0	16384000.0	17924.131544	6802
2.0	16384000.0	17935.818964	6803
0.0	1310720.0	16560.764243	6804
2.0	16384000.0	17948.621411	6805
1.0	16384000.0	17967.817499	6806
3.0	16384000.0	17953.85666	6807
4.0	16384000.0	18029.038228	6808
1.0	16384000.0	17855.206064	6809
0.0	1802240.0	15543.983922	7201
3.0	16384000.0	17943.949401	7202
0.0	1474560.0	16425.258501	7203
2.0	16384000.0	17948.402313	7204
0.0	1474560.0	16400.860527	7205
1.0	16384000.0	17973.926684	7206
0.0	1474560.0	16352.167737	7207
1.0	16384000.0	17908.84531	7208
1.0	16384000.0	17947.541414	7209
2.0	16384000.0	17496.102372	7601
1.0	16384000.0	17953.259944	7602
3.0	16384000.0	17967.530505	7603
0.0	1638400.0	16234.428102	7604
2.0	16384000.0	17967.384538	7605
3.0	16384000.0	17946.995181	7606
0.0	1310720.0	16612.826734	7607
0.0	1474560.0	16460.026554	7608
1.0	16384000.0	18031.838518	7609
1.0	16384000.0	17456.755507	8001
0.0	1474560.0	16385.409969	8002
1.0	16384000.0	17948.201344	8003
1.0	16384000.0	17964.404894	8004
0.0	1474560.0	16529.460035	8005
1.0	16384000.0	17937.753504	8006
2.0	16384000.0	18128.26824	8007
4.0	16384000.0	17950.726526	8008
1.0	16384000.0	17902.510232	8009
0.0	1474560.0	16073.946595	8401
0.0	1474560.0	16387.067706	8402
0.0	1474560.0	16394.715371	8403
0.0	1638400.0	16228.493405	8404
2.0	16384000.0	17943.871926	8405
1.0	16384000.0	17946.271081	8406
2.0	16384000.0	18074.776914	8407
0.0	1638400.0	16170.216198	8408
0.0	1474560.0	16352.401899	8409
1.0	16384000.0	17584.97765	8801
1.0	16384000.0	17965.622695	8802
0.0	1310720.0	16567.368272	8803
2.0	16384000.0	17970.48653	8804
0.0	1310720.0	16595.781667	8805
2.0	16384000.0	17928.515011	8806
3.0	16384000.0	17939.158792	8807
3.0	16384000.0	18019.246953	8808
2.0	16384000.0	17907.900571	8809
0.0	983040.0	16386.723942	9201
2.0	16384000.0	17937.782103	9202
1.0	16384000.0	18033.089285	9203
2.0	16384000.0	17940.216406	9204
1.0	16384000.0	17954.238036	9205
1.0	16384000.0	17973.845924	9206
0.0	1310720.0	16644.851555	9207
2.0	16384000.0	17991.600307	9208
2.0	16384000.0	18009.788408	9209
2.0	16384000.0	17422.000084	10000
1.0	16384000.0	17936.182905	9601
3.0	16384000.0	18003.390368	9602
1.0	16384000.0	17939.938281	9603
1.0	16384000.0	17919.961321	9604
1.0	16384000.0	17930.82313	9605
1.0	16384000.0	17947.872367	9606
0.0	1474560.0	16377.294229	9607
1.0	16384000.0	17906.825504	9608
