#SA coloring
#N=16384  nIter=1638400  c=11.9   NSamples=2385
#av(e)	0.12578616352201258
#std(e)	0.0072896208072025185
#av(t)	1765.3091223777778
#std(t)	2.7532661085774723
0.0	163840.0	1611.623652	100
0.0	163840.0	1645.573455	101
0.0	163840.0	1640.118277	102
0.0	147456.0	1660.911958	103
1.0	1638400.0	1823.618079	104
0.0	114688.0	1700.330807	105
0.0	163840.0	1654.90281	106
0.0	147456.0	1663.025485	107
0.0	163840.0	1647.856981	108
0.0	147456.0	1669.114025	109
0.0	163840.0	1647.665995	10
0.0	131072.0	1690.272823	110
0.0	147456.0	1670.332774	111
0.0	147456.0	1665.12666	112
0.0	81920.0	1742.915016	113
0.0	147456.0	1666.564171	114
0.0	147456.0	1666.200123	115
0.0	163840.0	1647.257833	116
0.0	147456.0	1663.491329	117
0.0	147456.0	1664.169377	118
0.0	147456.0	1666.081273	119
0.0	131072.0	1680.737612	11
0.0	114688.0	1695.847284	120
0.0	180224.0	1641.056494	121
0.0	163840.0	1711.108722	122
0.0	131072.0	1694.497676	123
0.0	114688.0	1716.383393	124
0.0	147456.0	1685.167897	125
0.0	147456.0	1691.201143	126
0.0	131072.0	1769.329864	127
0.0	147456.0	1768.90774	128
0.0	163840.0	1756.931577	129
0.0	131072.0	1783.477519	12
0.0	163840.0	1747.639914	130
0.0	180224.0	1727.775438	131
0.0	147456.0	1772.970143	132
0.0	131072.0	1792.915321	133
0.0	163840.0	1746.804339	134
0.0	163840.0	1745.456307	135
0.0	147456.0	1764.751138	136
0.0	65536.0	1855.824088	137
1.0	1638400.0	1930.77021	138
0.0	147456.0	1762.630451	139
1.0	1638400.0	1935.821814	13
0.0	147456.0	1764.657207	140
1.0	1638400.0	1928.337681	141
1.0	1638400.0	1934.722919	142
0.0	163840.0	1746.86225	143
0.0	163840.0	1746.35659	144
0.0	131072.0	1785.028035	145
0.0	163840.0	1743.31338	146
0.0	163840.0	1745.299508	147
1.0	1638400.0	1929.877676	148
0.0	147456.0	1764.654071	149
0.0	163840.0	1747.343949	14
1.0	1638400.0	1938.221799	150
0.0	163840.0	1748.177605	151
0.0	131072.0	1783.937382	152
0.0	147456.0	1766.504934	153
0.0	131072.0	1778.016579	154
0.0	147456.0	1764.299296	155
0.0	163840.0	1746.279672	156
0.0	147456.0	1762.017073	157
0.0	147456.0	1763.182985	158
0.0	131072.0	1777.785446	159
0.0	131072.0	1782.279812	15
1.0	1638400.0	1930.823545	160
0.0	147456.0	1772.270867	161
0.0	114688.0	1804.272829	162
0.0	131072.0	1779.879473	163
0.0	163840.0	1745.687142	164
0.0	163840.0	1733.604244	165
0.0	114688.0	1791.274299	166
0.0	180224.0	1730.235382	167
1.0	1638400.0	1930.977303	168
0.0	147456.0	1757.322752	169
0.0	147456.0	1801.743451	16
0.0	163840.0	1733.21791	170
0.0	180224.0	1713.5815	171
0.0	147456.0	1753.483792	172
0.0	163840.0	1743.994791	173
0.0	131072.0	1776.15741	174
0.0	147456.0	1761.185569	175
0.0	131072.0	1781.610904	176
0.0	180224.0	1720.64235	177
0.0	163840.0	1735.85744	178
0.0	147456.0	1750.677845	179
1.0	1638400.0	1914.191477	17
0.0	147456.0	1747.663598	180
0.0	147456.0	1748.734584	181
0.0	131072.0	1776.981614	182
0.0	180224.0	1709.218945	183
0.0	147456.0	1743.431823	184
0.0	180224.0	1702.45743	185
0.0	180224.0	1704.823882	186
0.0	147456.0	1741.254411	187
0.0	131072.0	1636.460371	401
0.0	131072.0	1678.673218	402
0.0	163840.0	1648.584011	403
0.0	147456.0	1663.785812	404
0.0	131072.0	1682.072662	405
0.0	147456.0	1664.10991	406
0.0	147456.0	1666.07072	407
0.0	163840.0	1660.511795	408
0.0	131072.0	1683.841806	409
0.0	131072.0	1684.961917	410
0.0	147456.0	1662.588303	411
0.0	180224.0	1630.092995	412
0.0	163840.0	1700.992475	413
0.0	131072.0	1686.053853	414
0.0	147456.0	1663.306655	415
0.0	147456.0	1665.07103	416
0.0	163840.0	1659.175582	417
0.0	147456.0	1664.98133	418
0.0	98304.0	1716.265014	419
0.0	163840.0	1647.333935	420
0.0	131072.0	1682.7406	421
0.0	180224.0	1628.83567	422
0.0	147456.0	1666.962314	423
2.0	1638400.0	1833.246874	424
0.0	147456.0	1678.580738	425
0.0	163840.0	1665.230852	426
0.0	147456.0	1681.396101	427
0.0	147456.0	1679.385337	428
0.0	163840.0	1673.94425	429
0.0	163840.0	1728.044843	430
0.0	180224.0	1727.061382	431
1.0	1638400.0	1933.535841	432
0.0	131072.0	1781.087762	433
1.0	1638400.0	1932.403633	434
0.0	147456.0	1766.677115	435
1.0	1638400.0	1933.600544	436
0.0	131072.0	1781.071523	437
0.0	163840.0	1744.318548	438
0.0	163840.0	1750.170753	439
0.0	131072.0	1780.669769	440
0.0	147456.0	1765.41229	441
0.0	147456.0	1762.467084	442
0.0	114688.0	1799.901014	443
0.0	65536.0	1854.980483	444
0.0	147456.0	1757.809022	445
0.0	131072.0	1790.435697	446
0.0	147456.0	1771.789396	447
0.0	163840.0	1747.307497	448
1.0	1638400.0	1931.345045	449
0.0	147456.0	1763.595205	450
0.0	131072.0	1782.778856	451
0.0	147456.0	1768.608154	452
0.0	16384.0	1912.526194	453
0.0	163840.0	1744.507247	454
0.0	147456.0	1762.881245	455
0.0	163840.0	1752.821624	456
0.0	147456.0	1759.551622	457
0.0	163840.0	1759.082936	458
0.0	163840.0	1745.076862	459
0.0	163840.0	1742.737041	460
0.0	98304.0	1829.2835	461
0.0	131072.0	1897.124473	462
0.0	147456.0	1772.128706	463
0.0	131072.0	1781.647384	464
1.0	1638400.0	1924.20084	465
0.0	147456.0	1764.904035	466
0.0	131072.0	1780.032552	467
0.0	131072.0	1782.558028	468
0.0	131072.0	1777.555225	469
0.0	147456.0	1759.538948	470
1.0	1638400.0	1919.523896	471
1.0	1638400.0	1920.62684	472
0.0	163840.0	1734.946929	473
0.0	147456.0	1754.398353	474
0.0	163840.0	1742.084792	475
1.0	1638400.0	1919.855913	476
0.0	163840.0	1735.066936	477
1.0	1638400.0	1922.963165	478
0.0	98304.0	1805.279385	479
0.0	163840.0	1733.238778	480
1.0	1638400.0	1936.117345	481
0.0	147456.0	1769.320334	482
0.0	147456.0	1764.100004	483
0.0	147456.0	1754.802752	484
0.0	131072.0	1768.851091	485
0.0	163840.0	1735.563852	486
0.0	32768.0	1884.011154	487
0.0	163840.0	1729.684837	488
1.0	1638400.0	1912.681612	489
0.0	163840.0	1729.152274	490
0.0	65536.0	1839.424055	491
0.0	147456.0	1745.060838	492
0.0	147456.0	1737.452243	493
0.0	131072.0	1814.941263	494
0.0	147456.0	1740.759934	495
0.0	147456.0	1742.786309	496
0.0	131072.0	1646.539452	1000
0.0	131072.0	1705.540339	1001
0.0	147456.0	1662.255304	1002
2.0	1638400.0	1823.44119	1003
1.0	1638400.0	1822.538123	1004
0.0	163840.0	1650.204098	1005
0.0	180224.0	1630.343823	1006
0.0	147456.0	1669.830223	1007
0.0	147456.0	1668.611973	1008
0.0	131072.0	1682.038922	1009
0.0	131072.0	1681.255805	1010
0.0	163840.0	1646.294552	1011
0.0	131072.0	1685.073294	1012
1.0	1638400.0	1834.323786	1013
0.0	180224.0	1633.461429	1014
0.0	163840.0	1655.391785	1015
0.0	147456.0	1664.534695	1016
0.0	180224.0	1634.484735	1017
0.0	163840.0	1650.186493	1018
1.0	1638400.0	1824.303778	1019
0.0	81920.0	1744.237945	1020
1.0	1638400.0	1820.424627	1021
1.0	1638400.0	1822.942467	1022
0.0	147456.0	1691.730215	1023
0.0	163840.0	1663.076205	1024
0.0	131072.0	1700.965687	1025
0.0	163840.0	1668.395514	1026
0.0	147456.0	1691.809376	1027
0.0	131072.0	1716.629859	1028
0.0	180224.0	1737.065941	1029
0.0	131072.0	3206.586542	1030
0.0	131072.0	1784.956018	1031
0.0	163840.0	1749.572977	1032
0.0	147456.0	1764.191615	1033
0.0	163840.0	1745.395053	1034
0.0	163840.0	1752.960802	1035
0.0	163840.0	1742.086293	1036
0.0	131072.0	1781.93307	1037
0.0	147456.0	1775.034065	1038
0.0	180224.0	1730.595552	1039
0.0	147456.0	1773.794273	1040
0.0	147456.0	1763.996977	1041
0.0	147456.0	1764.18614	1042
0.0	147456.0	1761.934765	1043
0.0	131072.0	1783.763997	1044
0.0	131072.0	1782.865848	1045
0.0	163840.0	1746.773002	1046
0.0	147456.0	1764.457415	1047
1.0	1638400.0	1934.215192	1048
0.0	131072.0	1780.561509	1049
1.0	1638400.0	1930.557374	1050
0.0	147456.0	1764.943022	1051
0.0	131072.0	1784.111115	1052
0.0	147456.0	1778.866105	1053
2.0	1638400.0	1932.691179	1054
1.0	1638400.0	1942.535151	1055
0.0	163840.0	1744.250136	1056
0.0	147456.0	1765.311096	1057
1.0	1638400.0	1933.950527	1058
0.0	147456.0	1762.454728	1059
0.0	131072.0	1781.416595	1060
1.0	1638400.0	1927.690651	1061
0.0	163840.0	1747.181841	1062
0.0	131072.0	1787.260282	1063
0.0	147456.0	1761.279635	1064
0.0	163840.0	1744.705264	1065
0.0	163840.0	1744.664547	1066
0.0	147456.0	1761.94922	1067
0.0	114688.0	1796.59135	1068
0.0	147456.0	1749.322212	1069
0.0	163840.0	1734.804771	1070
0.0	147456.0	1755.412712	1071
0.0	163840.0	1733.519177	1072
0.0	163840.0	1736.262838	1073
0.0	147456.0	1752.707872	1074
0.0	163840.0	1733.886462	1075
0.0	163840.0	1748.107847	1076
1.0	1638400.0	1920.806223	1077
0.0	131072.0	1769.300222	1078
0.0	147456.0	1756.287227	1079
0.0	163840.0	1739.305451	1080
2.0	1638400.0	1930.021332	1081
1.0	1638400.0	1925.389261	1082
0.0	147456.0	1751.168971	1083
0.0	147456.0	1752.055745	1084
0.0	163840.0	1726.687927	1085
0.0	163840.0	1727.641811	1086
0.0	163840.0	1738.512285	1087
0.0	114688.0	1786.053701	1088
0.0	180224.0	1710.493502	1089
0.0	81920.0	1819.734622	1090
0.0	131072.0	1757.872072	1091
0.0	131072.0	1766.18107	1092
1.0	1638400.0	1912.772909	1093
0.0	131072.0	1757.575049	1094
0.0	147456.0	1638.393729	1201
0.0	147456.0	1676.794954	1202
0.0	131072.0	1685.40151	1203
0.0	147456.0	1677.299979	1204
0.0	163840.0	1677.545165	1205
0.0	147456.0	1663.267199	1206
0.0	147456.0	1666.697882	1207
1.0	1638400.0	1821.970993	1208
0.0	147456.0	1666.560896	1209
0.0	147456.0	1663.621738	1210
0.0	147456.0	1662.953861	1211
0.0	131072.0	1691.56893	1212
1.0	1638400.0	1843.323785	1213
0.0	163840.0	1656.559261	1214
1.0	1638400.0	1826.581372	1215
0.0	131072.0	1692.701821	1216
0.0	163840.0	1647.507705	1217
0.0	147456.0	1662.993611	1218
0.0	163840.0	1649.083131	1219
0.0	147456.0	1668.230856	1220
0.0	147456.0	1673.352988	1221
0.0	131072.0	1706.227171	1222
1.0	1638400.0	1822.142912	1223
0.0	147456.0	1681.650592	1224
1.0	1638400.0	1837.352043	1225
0.0	180224.0	1641.720087	1226
0.0	163840.0	1663.021364	1227
0.0	163840.0	1669.578099	1228
0.0	147456.0	1686.017558	1229
0.0	147456.0	1767.175703	1230
0.0	131072.0	1784.034468	1231
0.0	131072.0	1784.123008	1232
0.0	163840.0	1745.8066	1233
0.0	147456.0	1761.49691	1234
0.0	147456.0	1764.253018	1235
0.0	147456.0	1768.701078	1236
0.0	131072.0	1784.737766	1237
0.0	163840.0	1747.199867	1238
0.0	147456.0	1766.070014	1239
0.0	147456.0	1766.282923	1240
0.0	131072.0	1780.973607	1241
0.0	131072.0	1786.354806	1242
0.0	147456.0	1760.292696	1243
0.0	131072.0	1783.556502	1244
0.0	65536.0	1858.938535	1245
0.0	147456.0	1766.743222	1246
0.0	147456.0	1764.954629	1247
0.0	131072.0	1780.523648	1248
0.0	98304.0	1820.071037	1249
1.0	1638400.0	1943.989651	1250
0.0	131072.0	1781.087127	1251
0.0	163840.0	1751.879311	1252
0.0	163840.0	1746.423292	1253
1.0	1638400.0	1942.519633	1254
0.0	131072.0	1780.386496	1255
0.0	147456.0	1780.822226	1256
0.0	131072.0	1780.012511	1257
0.0	180224.0	1727.160226	1258
0.0	147456.0	1775.184157	1259
0.0	163840.0	1744.908443	1260
0.0	147456.0	1844.194198	1261
0.0	131072.0	1781.903781	1262
0.0	147456.0	1760.111475	1263
0.0	180224.0	1724.575621	1264
0.0	147456.0	1766.903761	1265
0.0	131072.0	1787.374177	1266
0.0	147456.0	1766.023003	1267
0.0	147456.0	1762.121774	1268
1.0	1638400.0	1932.252712	1269
0.0	147456.0	1764.259264	1270
0.0	147456.0	1752.301523	1271
0.0	147456.0	1754.216048	1272
0.0	163840.0	1736.721716	1273
1.0	1638400.0	1931.237394	1274
0.0	131072.0	1780.2113	1275
0.0	32768.0	1884.143622	1276
1.0	1638400.0	1918.343682	1277
0.0	147456.0	1749.354781	1278
0.0	163840.0	1735.797013	1279
0.0	163840.0	1735.017062	1280
0.0	131072.0	1791.746481	1281
0.0	196608.0	1702.056618	1282
0.0	147456.0	1760.814181	1283
0.0	147456.0	1759.686336	1284
0.0	147456.0	1764.685128	1285
1.0	1638400.0	1922.426747	1286
0.0	147456.0	1749.440778	1287
0.0	16384.0	1907.537882	1288
0.0	163840.0	1727.067304	1289
0.0	147456.0	1754.977736	1290
1.0	1638400.0	1913.414508	1291
1.0	1638400.0	1922.057956	1292
0.0	163840.0	1719.09753	1293
0.0	147456.0	1759.651166	1294
0.0	147456.0	1736.423701	1295
0.0	163840.0	1750.713342	1296
0.0	163840.0	1440.862354	1601
0.0	131072.0	1470.469209	1602
0.0	131072.0	1472.51435	1603
0.0	147456.0	1551.030794	1604
0.0	131072.0	1591.767085	1605
0.0	147456.0	1585.406451	1606
0.0	163840.0	1555.785134	1607
0.0	163840.0	1580.096792	1608
0.0	147456.0	1587.400438	1609
0.0	131072.0	1594.603392	1610
0.0	147456.0	1597.615067	1611
0.0	131072.0	1803.555448	1612
0.0	147456.0	1783.184278	1613
0.0	163840.0	1773.957043	1614
0.0	131072.0	1804.683341	1615
0.0	147456.0	1788.630454	1616
0.0	147456.0	1789.883828	1617
0.0	163840.0	1771.314225	1618
1.0	1638400.0	1956.815031	1619
0.0	131072.0	1827.481386	1620
0.0	131072.0	1840.750804	1621
0.0	163840.0	1802.953601	1622
1.0	1638400.0	1993.679266	1623
0.0	81920.0	1865.821536	1624
0.0	147456.0	1773.65516	1625
0.0	163840.0	1752.08973	1626
0.0	114688.0	1813.755374	1627
0.0	163840.0	1750.792808	1628
1.0	1638400.0	1947.232732	1629
0.0	163840.0	1751.074891	1630
0.0	163840.0	1744.754444	1631
0.0	163840.0	1750.781513	1632
0.0	131072.0	1788.231864	1633
0.0	1638400.0	1939.159274	1634
0.0	147456.0	1773.414557	1635
0.0	131072.0	1791.745693	1636
0.0	163840.0	1863.412882	1637
0.0	114688.0	1806.333366	1638
0.0	147456.0	1769.982728	1639
0.0	163840.0	1759.849103	1640
0.0	163840.0	1757.185231	1641
0.0	147456.0	1771.261063	1642
0.0	147456.0	1768.188256	1643
0.0	147456.0	1766.916361	1644
0.0	163840.0	1745.966279	1645
0.0	114688.0	1800.527684	1646
0.0	131072.0	1784.616908	1647
0.0	147456.0	1773.252557	1648
0.0	163840.0	1748.704112	1649
1.0	1638400.0	1935.248654	1650
0.0	147456.0	1764.946668	1651
0.0	114688.0	1803.495069	1652
0.0	163840.0	1745.349148	1653
1.0	1638400.0	1935.664183	1654
0.0	147456.0	1768.163923	1655
0.0	147456.0	1769.151375	1656
0.0	163840.0	1757.948257	1657
1.0	1638400.0	1935.723842	1658
0.0	147456.0	1768.802932	1659
0.0	147456.0	1775.844581	1660
1.0	1638400.0	1937.38416	1661
0.0	147456.0	1766.980986	1662
0.0	131072.0	1786.898491	1663
0.0	147456.0	1767.777053	1664
1.0	1638400.0	1935.664992	1665
0.0	163840.0	1796.087463	1666
0.0	131072.0	1785.76015	1667
1.0	1638400.0	1932.88637	1668
0.0	147456.0	1768.730702	1669
0.0	147456.0	1767.974203	1670
0.0	131072.0	1788.726788	1671
0.0	163840.0	1751.213846	1672
0.0	147456.0	1766.618375	1673
1.0	1638400.0	1934.397142	1674
1.0	1638400.0	1942.712416	1675
0.0	147456.0	1768.675493	1676
0.0	114688.0	1808.519535	1677
0.0	147456.0	1772.297378	1678
0.0	131072.0	1792.020112	1679
0.0	131072.0	1787.644262	1680
0.0	147456.0	1767.725636	1681
0.0	147456.0	1768.422049	1682
0.0	131072.0	1786.925167	1683
0.0	147456.0	1769.539346	1684
0.0	131072.0	1786.007305	1685
0.0	147456.0	1765.996834	1686
0.0	163840.0	1752.989372	1687
0.0	131072.0	1795.4002	1688
0.0	163840.0	1752.103228	1689
1.0	1638400.0	1938.529764	1690
0.0	163840.0	1749.845892	1691
0.0	163840.0	1747.279642	1692
0.0	49152.0	1885.671857	1693
0.0	163840.0	1756.025822	1694
0.0	131072.0	1786.355228	1695
0.0	147456.0	1623.19909	2001
0.0	180224.0	1633.404365	2002
0.0	147456.0	1661.115824	2003
0.0	147456.0	1660.571335	2004
0.0	163840.0	1945.996043	2005
0.0	131072.0	1692.539439	2006
0.0	163840.0	1648.172885	2007
0.0	147456.0	1663.758794	2008
0.0	147456.0	1674.252276	2009
0.0	163840.0	1646.754268	2010
0.0	131072.0	1680.91751	2011
0.0	147456.0	1675.383493	2012
0.0	147456.0	1665.45325	2013
0.0	131072.0	1685.952058	2014
0.0	147456.0	1664.789176	2015
0.0	163840.0	1653.371048	2016
0.0	147456.0	1666.342669	2017
0.0	163840.0	1944.084329	2018
1.0	1638400.0	1824.157634	2019
0.0	147456.0	1667.598981	2020
0.0	163840.0	1652.380861	2021
0.0	131072.0	1678.44071	2022
0.0	147456.0	1661.065607	2023
0.0	163840.0	1663.76685	2024
0.0	180224.0	1642.699895	2025
0.0	131072.0	1700.672589	2026
0.0	131072.0	1698.336861	2027
1.0	1638400.0	1852.640096	2028
0.0	131072.0	1707.813698	2029
0.0	81920.0	1844.861199	2030
0.0	98304.0	1818.989814	2031
1.0	1638400.0	1930.142356	2032
0.0	147456.0	1767.836134	2033
0.0	147456.0	1767.131805	2034
1.0	1638400.0	1934.955361	2035
0.0	163840.0	1745.206632	2036
0.0	131072.0	1785.832532	2037
0.0	131072.0	1781.672157	2038
0.0	147456.0	1760.486908	2039
0.0	163840.0	1742.980257	2040
0.0	131072.0	1781.773916	2041
0.0	163840.0	1744.360792	2042
0.0	147456.0	1764.876398	2043
0.0	180224.0	1727.976993	2044
0.0	163840.0	1746.637422	2045
2.0	1638400.0	1932.644874	2046
0.0	163840.0	1746.114814	2047
0.0	131072.0	1781.321551	2048
1.0	1638400.0	1930.396137	2049
0.0	147456.0	1761.394945	2050
0.0	131072.0	1780.51772	2051
0.0	147456.0	1764.057717	2052
1.0	1638400.0	1928.403505	2053
0.0	131072.0	1783.674856	2054
0.0	163840.0	1744.568899	2055
0.0	163840.0	1746.203881	2056
0.0	131072.0	1779.785703	2057
0.0	147456.0	1762.66597	2058
0.0	147456.0	1764.582952	2059
0.0	163840.0	1742.541839	2060
0.0	147456.0	1762.318272	2061
0.0	163840.0	1746.818443	2062
0.0	147456.0	1761.254442	2063
0.0	163840.0	1746.539927	2064
0.0	98304.0	1820.602936	2065
0.0	147456.0	1762.835269	2066
0.0	131072.0	1785.052272	2067
0.0	147456.0	1770.878996	2068
0.0	163840.0	1743.299973	2069
0.0	131072.0	1777.794568	2070
0.0	131072.0	1770.574333	2071
0.0	147456.0	1775.654129	2072
1.0	1638400.0	1920.228622	2073
0.0	147456.0	1753.8952	2074
0.0	147456.0	1755.136753	2075
0.0	180224.0	1716.696291	2076
0.0	147456.0	1765.822808	2077
1.0	1638400.0	1925.912812	2078
1.0	1638400.0	1916.017029	2079
0.0	163840.0	1733.856894	2080
0.0	147456.0	1755.421051	2081
0.0	147456.0	1762.584222	2082
0.0	163840.0	1745.034756	2083
0.0	131072.0	1785.058142	2084
0.0	163840.0	1735.814879	2085
0.0	81920.0	1838.537718	2086
0.0	147456.0	1747.672172	2087
0.0	131072.0	1762.718284	2088
0.0	147456.0	1747.203002	2089
1.0	1638400.0	1909.174997	2090
0.0	163840.0	1726.31981	2091
0.0	147456.0	1755.144865	2092
0.0	163840.0	1723.178703	2093
0.0	131072.0	1759.496463	2094
0.0	147456.0	1738.016878	2095
0.0	163840.0	1721.972588	2096
0.0	163840.0	1596.656434	2401
0.0	147456.0	1669.800754	2402
0.0	147456.0	1662.233991	2403
0.0	147456.0	1663.495734	2404
0.0	147456.0	1663.99298	2405
0.0	163840.0	1646.264388	2406
0.0	147456.0	1666.998158	2407
0.0	16384.0	1805.719456	2408
0.0	163840.0	1646.679556	2409
0.0	163840.0	1651.508048	2410
0.0	131072.0	1681.744811	2411
0.0	114688.0	1700.16267	2412
0.0	163840.0	1648.049322	2413
0.0	131072.0	1685.632037	2414
0.0	114688.0	1707.064912	2415
0.0	147456.0	1672.695758	2416
0.0	147456.0	1663.689734	2417
0.0	131072.0	1678.887542	2418
0.0	147456.0	1666.006259	2419
1.0	1638400.0	1832.084932	2420
0.0	163840.0	1648.618958	2421
0.0	114688.0	1702.106731	2422
1.0	1638400.0	1819.205968	2423
0.0	163840.0	1676.708249	2424
0.0	163840.0	1662.383019	2425
0.0	163840.0	1665.006584	2426
1.0	1638400.0	1843.82075	2427
0.0	147456.0	1685.700409	2428
0.0	163840.0	1664.484476	2429
0.0	147456.0	1761.820188	2430
0.0	147456.0	1767.598892	2431
0.0	147456.0	1765.827116	2432
0.0	180224.0	1728.308829	2433
0.0	163840.0	1745.144271	2434
0.0	163840.0	1756.817906	2435
0.0	131072.0	1780.13921	2436
1.0	1638400.0	1941.622691	2437
0.0	147456.0	1773.21267	2438
0.0	131072.0	1791.550828	2439
0.0	163840.0	1753.351671	2440
0.0	49152.0	1883.185003	2441
0.0	131072.0	1783.650951	2442
0.0	163840.0	1742.810789	2443
0.0	147456.0	1813.440061	2444
0.0	163840.0	1746.230568	2445
0.0	131072.0	1780.678566	2446
0.0	147456.0	1762.163677	2447
0.0	147456.0	1765.126338	2448
0.0	147456.0	1774.830696	2449
0.0	147456.0	1765.622346	2450
0.0	147456.0	1782.5852	2451
0.0	131072.0	1786.994749	2452
1.0	1638400.0	1929.752567	2453
0.0	147456.0	1762.82698	2454
0.0	163840.0	1747.750388	2455
0.0	163840.0	1753.729884	2456
1.0	1638400.0	1928.43502	2457
0.0	163840.0	1745.756799	2458
0.0	163840.0	1742.957449	2459
0.0	163840.0	1745.505474	2460
1.0	1638400.0	1932.70388	2461
0.0	163840.0	1755.773263	2462
0.0	131072.0	1783.243929	2463
0.0	147456.0	1764.537686	2464
0.0	147456.0	1764.681519	2465
0.0	131072.0	1778.261951	2466
0.0	131072.0	1781.813545	2467
1.0	1638400.0	1931.64573	2468
0.0	147456.0	1759.123219	2469
0.0	131072.0	1785.065356	2470
0.0	163840.0	1735.281122	2471
0.0	147456.0	1752.532748	2472
1.0	1638400.0	1925.138624	2473
0.0	147456.0	1755.771062	2474
0.0	131072.0	1776.828642	2475
0.0	147456.0	1751.995752	2476
1.0	1638400.0	1918.155418	2477
0.0	163840.0	1734.953796	2478
0.0	147456.0	1750.399691	2479
0.0	163840.0	1741.688873	2480
0.0	163840.0	1739.6389	2481
0.0	147456.0	1758.807727	2482
0.0	147456.0	1764.548824	2483
0.0	147456.0	1767.073438	2484
0.0	131072.0	1781.211773	2485
0.0	163840.0	1734.688716	2486
0.0	131072.0	1767.355563	2487
0.0	163840.0	1727.782452	2488
0.0	163840.0	1728.755352	2489
0.0	163840.0	1735.371388	2490
0.0	147456.0	1745.757569	2491
0.0	147456.0	1745.618432	2492
0.0	163840.0	1722.965184	2493
0.0	163840.0	1725.760362	2494
0.0	163840.0	1722.047959	2495
0.0	147456.0	1739.855965	2496
0.0	147456.0	1455.927951	2801
0.0	163840.0	1443.976765	2802
0.0	147456.0	1457.860602	2803
0.0	131072.0	1562.800056	2804
0.0	147456.0	1575.777766	2805
0.0	147456.0	1572.929613	2806
0.0	147456.0	1574.295935	2807
1.0	1638400.0	1731.754962	2808
0.0	163840.0	1910.23403	2809
0.0	131072.0	1600.713061	2810
0.0	81920.0	1731.570801	2811
0.0	147456.0	1781.778344	2812
0.0	163840.0	1776.559713	2813
0.0	147456.0	1796.371599	2814
1.0	1638400.0	1954.372815	2815
0.0	180224.0	1748.941921	2816
0.0	131072.0	1806.506152	2817
0.0	163840.0	1763.259059	2818
0.0	147456.0	1786.836374	2819
0.0	131072.0	1838.686594	2820
0.0	163840.0	3238.69953	2821
0.0	163840.0	1804.997599	2822
0.0	163840.0	1775.792004	2823
0.0	163840.0	1755.038575	2824
0.0	147456.0	1778.456142	2825
0.0	131072.0	1787.528526	2826
0.0	163840.0	1749.008739	2827
0.0	131072.0	1790.220077	2828
0.0	147456.0	1761.904244	2829
0.0	131072.0	1783.914183	2830
0.0	131072.0	1783.42644	2831
1.0	1638400.0	1934.207762	2832
0.0	163840.0	1746.261425	2833
0.0	147456.0	1770.178876	2834
0.0	147456.0	1769.429895	2835
0.0	163840.0	1748.454765	2836
0.0	163840.0	1752.694783	2837
0.0	163840.0	1749.647812	2838
0.0	131072.0	1790.98378	2839
0.0	147456.0	1765.520105	2840
0.0	147456.0	1764.877074	2841
1.0	1638400.0	1936.838467	2842
0.0	147456.0	1767.714646	2843
0.0	163840.0	1753.065174	2844
0.0	147456.0	1988.506717	2845
0.0	163840.0	1744.656543	2846
1.0	1638400.0	1944.597116	2847
0.0	163840.0	1750.113769	2848
0.0	49152.0	1882.918645	2849
0.0	147456.0	1766.896388	2850
0.0	163840.0	1746.222643	2851
0.0	147456.0	1763.678591	2852
1.0	1638400.0	1937.399706	2853
1.0	1638400.0	1937.743253	2854
0.0	163840.0	1756.663427	2855
0.0	131072.0	1789.426479	2856
0.0	163840.0	1752.559695	2857
0.0	163840.0	1768.512182	2858
0.0	163840.0	1748.437438	2859
0.0	163840.0	1773.913927	2860
1.0	1638400.0	1936.128531	2861
0.0	98304.0	1826.69854	2862
0.0	147456.0	1768.410772	2863
0.0	147456.0	1767.398359	2864
0.0	131072.0	1785.10063	2865
0.0	180224.0	1726.874699	2866
0.0	147456.0	1763.659764	2867
0.0	163840.0	1745.980338	2868
0.0	147456.0	1766.86647	2869
0.0	147456.0	1767.598261	2870
0.0	147456.0	1771.123057	2871
0.0	147456.0	1767.018775	2872
0.0	131072.0	1787.814035	2873
0.0	147456.0	1769.451037	2874
0.0	163840.0	1752.30951	2875
0.0	163840.0	1746.146236	2876
1.0	1638400.0	1937.487883	2877
0.0	147456.0	1767.3117	2878
1.0	1638400.0	1934.347656	2879
1.0	1638400.0	1936.995498	2880
0.0	163840.0	1750.218785	2881
0.0	147456.0	1769.481338	2882
0.0	163840.0	1759.340739	2883
0.0	147456.0	1765.993544	2884
0.0	147456.0	1767.236379	2885
0.0	147456.0	1767.743161	2886
0.0	131072.0	1789.569214	2887
0.0	147456.0	1776.862433	2888
0.0	131072.0	1786.910217	2889
1.0	1638400.0	1946.506066	2890
0.0	65536.0	1864.351998	2891
0.0	131072.0	1782.964722	2892
0.0	163840.0	1757.049026	2893
0.0	180224.0	1731.742827	2894
0.0	131072.0	1602.21528	3201
0.0	131072.0	1580.783106	3202
0.0	49152.0	1718.888672	3203
0.0	147456.0	1569.442474	3204
1.0	1638400.0	1708.81549	3205
0.0	163840.0	1545.792665	3206
0.0	163840.0	1545.33239	3207
0.0	131072.0	1580.754422	3208
0.0	147456.0	1566.258857	3209
0.0	163840.0	1543.092667	3210
0.0	147456.0	1559.455844	3211
0.0	131072.0	1591.728436	3212
0.0	147456.0	1575.838097	3213
0.0	147456.0	1562.695165	3214
0.0	147456.0	1559.239843	3215
0.0	131072.0	1579.959645	3216
0.0	196608.0	1514.645488	3217
0.0	147456.0	1562.305546	3218
0.0	147456.0	1563.554737	3219
0.0	147456.0	1562.868117	3220
0.0	147456.0	1562.270253	3221
0.0	114688.0	1594.311279	3222
0.0	163840.0	1610.271121	3223
0.0	163840.0	1569.66746	3224
0.0	147456.0	1632.84083	3225
0.0	163840.0	1659.812282	3226
0.0	147456.0	1677.839027	3227
0.0	131072.0	1698.493559	3228
0.0	147456.0	1681.295722	3229
0.0	163840.0	1670.601555	3230
0.0	163840.0	1704.286769	3231
0.0	147456.0	1767.14804	3232
0.0	180224.0	1744.026877	3233
0.0	131072.0	1783.428334	3234
1.0	1638400.0	1933.127285	3235
1.0	1638400.0	1932.820469	3236
0.0	163840.0	1748.07018	3237
0.0	163840.0	1742.36197	3238
0.0	147456.0	1763.975656	3239
1.0	1638400.0	1940.236254	3240
0.0	163840.0	1743.186257	3241
0.0	163840.0	1741.967141	3242
0.0	163840.0	1741.916371	3243
0.0	163840.0	1763.231099	3244
0.0	147456.0	1763.171705	3245
0.0	163840.0	1749.503892	3246
0.0	147456.0	1761.148936	3247
0.0	163840.0	1745.082582	3248
0.0	147456.0	1763.829682	3249
0.0	131072.0	1779.920813	3250
1.0	1638400.0	1942.738359	3251
0.0	163840.0	1743.932855	3252
0.0	147456.0	1773.556665	3253
0.0	147456.0	1765.415267	3254
0.0	131072.0	1780.364367	3255
0.0	131072.0	1788.176467	3256
0.0	147456.0	1760.247513	3257
0.0	163840.0	1743.884262	3258
0.0	163840.0	1742.579168	3259
0.0	49152.0	1876.641971	3260
0.0	131072.0	1781.867994	3261
0.0	147456.0	1766.208915	3262
0.0	147456.0	1760.280822	3263
0.0	131072.0	1802.327176	3264
0.0	147456.0	1765.532932	3265
0.0	131072.0	1780.105628	3266
0.0	180224.0	1723.816391	3267
0.0	147456.0	1766.230475	3268
0.0	131072.0	1778.59886	3269
0.0	147456.0	1769.721369	3270
0.0	147456.0	1761.487078	3271
0.0	163840.0	1740.522067	3272
0.0	163840.0	1734.181031	3273
0.0	131072.0	1771.87842	3274
0.0	163840.0	1733.551805	3275
0.0	131072.0	1782.87647	3276
0.0	147456.0	1758.713647	3277
0.0	147456.0	1756.029176	3278
0.0	147456.0	1752.59794	3279
1.0	1638400.0	1929.13029	3280
0.0	147456.0	1752.660588	3281
0.0	147456.0	1753.102851	3282
0.0	147456.0	1763.087623	3283
0.0	131072.0	1781.7677	3284
0.0	147456.0	1766.420278	3285
0.0	163840.0	1739.278073	3286
0.0	131072.0	1772.578732	3287
0.0	131072.0	1773.42752	3288
0.0	163840.0	1728.833704	3289
0.0	163840.0	1739.406107	3290
0.0	147456.0	1748.798449	3291
0.0	147456.0	1746.014103	3292
0.0	163840.0	1779.067679	3293
0.0	163840.0	1738.543598	3294
0.0	147456.0	1754.302593	3295
0.0	147456.0	1740.603235	3296
0.0	163840.0	1731.107429	3297
0.0	114688.0	1775.600156	3298
0.0	147456.0	1456.361184	3601
0.0	180224.0	1430.907751	3602
0.0	163840.0	1441.524842	3603
0.0	65536.0	1636.284859	3604
0.0	163840.0	1557.450687	3605
0.0	163840.0	1563.057071	3606
0.0	147456.0	1571.359738	3607
0.0	163840.0	1563.828002	3608
0.0	163840.0	1562.042793	3609
0.0	163840.0	1566.873178	3610
0.0	147456.0	1602.837778	3611
0.0	163840.0	1773.638687	3612
0.0	131072.0	1810.154788	3613
0.0	147456.0	1790.479003	3614
0.0	131072.0	1804.647594	3615
0.0	98304.0	1842.16169	3616
1.0	1638400.0	1961.424961	3617
0.0	147456.0	1790.658557	3618
0.0	131072.0	1815.185474	3619
1.0	1638400.0	1978.256845	3620
0.0	114688.0	1859.537294	3621
0.0	163840.0	1811.163804	3622
0.0	147456.0	1821.384584	3623
0.0	163840.0	1765.074438	3624
0.0	180224.0	1733.844924	3625
0.0	147456.0	1805.650238	3626
1.0	1638400.0	1936.965731	3627
0.0	147456.0	1777.55966	3628
0.0	147456.0	1768.815967	3629
0.0	131072.0	1785.974128	3630
0.0	131072.0	1789.284629	3631
0.0	147456.0	1766.053899	3632
0.0	147456.0	1767.349851	3633
0.0	147456.0	1768.425192	3634
0.0	147456.0	1770.314372	3635
0.0	147456.0	1765.648427	3636
0.0	147456.0	1768.336019	3637
0.0	163840.0	1748.825774	3638
0.0	147456.0	1769.716333	3639
0.0	147456.0	1767.784889	3640
0.0	180224.0	1733.26216	3641
0.0	147456.0	1768.75507	3642
0.0	131072.0	1786.517233	3643
0.0	147456.0	1766.940259	3644
0.0	147456.0	1762.763186	3645
0.0	114688.0	1807.493472	3646
0.0	147456.0	1766.666959	3647
0.0	147456.0	1763.719974	3648
0.0	163840.0	1746.562217	3649
0.0	131072.0	1781.605013	3650
0.0	131072.0	1784.302806	3651
1.0	1638400.0	1950.629088	3652
0.0	147456.0	1767.222192	3653
0.0	131072.0	1789.677228	3654
0.0	114688.0	1809.530006	3655
0.0	180224.0	1732.084162	3656
0.0	163840.0	1747.840347	3657
0.0	163840.0	1761.023439	3658
0.0	180224.0	1729.903146	3659
0.0	131072.0	1793.807114	3660
0.0	147456.0	1767.450686	3661
0.0	163840.0	1753.533741	3662
0.0	163840.0	1752.802811	3663
0.0	163840.0	1751.388541	3664
0.0	163840.0	1753.316057	3665
0.0	147456.0	1767.340345	3666
0.0	163840.0	1748.394204	3667
1.0	1638400.0	1935.438393	3668
0.0	163840.0	1752.519967	3669
0.0	163840.0	1747.111341	3670
0.0	131072.0	1787.782654	3671
0.0	163840.0	1749.860015	3672
0.0	131072.0	1785.013239	3673
0.0	163840.0	1952.304311	3674
0.0	147456.0	1777.668995	3675
0.0	147456.0	1771.446645	3676
0.0	114688.0	1805.993959	3677
0.0	180224.0	1732.241572	3678
0.0	163840.0	1754.593737	3679
0.0	147456.0	1770.278732	3680
0.0	147456.0	1769.857441	3681
0.0	147456.0	1768.014372	3682
1.0	1638400.0	1935.603255	3683
0.0	147456.0	1767.138937	3684
0.0	147456.0	1779.264929	3685
0.0	147456.0	1767.593852	3686
0.0	163840.0	1758.018599	3687
0.0	147456.0	1768.663685	3688
1.0	1638400.0	1938.965129	3689
0.0	147456.0	1770.034107	3690
0.0	131072.0	1787.751127	3691
1.0	1638400.0	1938.621304	3692
0.0	163840.0	1753.313984	3693
0.0	147456.0	1763.292007	3694
0.0	147456.0	1766.716734	3695
0.0	147456.0	1620.228055	4001
0.0	147456.0	1661.534704	4002
1.0	1638400.0	1817.962715	4003
0.0	163840.0	1664.018318	4004
0.0	147456.0	1661.294523	4005
0.0	147456.0	1664.299114	4006
0.0	147456.0	1667.733882	4007
0.0	163840.0	1647.129337	4008
0.0	147456.0	1672.731725	4009
0.0	147456.0	1666.423056	4010
0.0	163840.0	1650.091988	4011
0.0	131072.0	1684.503432	4012
0.0	163840.0	1647.171771	4013
1.0	1638400.0	1840.024496	4014
0.0	147456.0	1666.906305	4015
0.0	131072.0	1682.554855	4016
1.0	1638400.0	1824.959378	4017
0.0	49152.0	1799.92206	4018
0.0	163840.0	1645.744199	4019
0.0	147456.0	1666.467993	4020
0.0	147456.0	1665.558576	4021
0.0	163840.0	1645.955426	4022
1.0	1638400.0	1819.604116	4023
0.0	163840.0	1658.558877	4024
0.0	163840.0	1659.002528	4025
1.0	1638400.0	1847.000934	4026
0.0	147456.0	1679.944803	4027
0.0	147456.0	1692.890017	4028
0.0	98304.0	1747.382941	4029
0.0	163840.0	1747.948029	4030
0.0	147456.0	1765.666607	4031
0.0	131072.0	1788.822067	4032
0.0	163840.0	1755.103702	4033
0.0	147456.0	1764.514816	4034
0.0	147456.0	1765.363017	4035
0.0	163840.0	1743.489143	4036
1.0	1638400.0	1933.909027	4037
0.0	131072.0	1788.050706	4038
0.0	180224.0	1731.389344	4039
0.0	131072.0	1785.771972	4040
0.0	163840.0	1757.808845	4041
0.0	163840.0	1745.640443	4042
0.0	163840.0	1747.45185	4043
0.0	147456.0	1762.453107	4044
0.0	180224.0	1728.557405	4045
0.0	147456.0	1759.350469	4046
0.0	147456.0	1760.543897	4047
0.0	147456.0	1760.752475	4048
0.0	131072.0	1798.68457	4049
0.0	131072.0	1780.543619	4050
0.0	147456.0	1764.306014	4051
0.0	163840.0	1743.468401	4052
1.0	1638400.0	1930.533068	4053
1.0	1638400.0	1930.805544	4054
0.0	147456.0	1764.555348	4055
0.0	163840.0	1747.246994	4056
0.0	163840.0	1757.71071	4057
0.0	180224.0	1727.896382	4058
0.0	147456.0	1762.667411	4059
1.0	1638400.0	1928.15367	4060
0.0	147456.0	1765.77147	4061
1.0	1638400.0	1935.949158	4062
0.0	163840.0	1742.374031	4063
0.0	147456.0	1771.647875	4064
0.0	114688.0	1799.761582	4065
0.0	131072.0	1782.099578	4066
0.0	147456.0	1764.970048	4067
1.0	1638400.0	1931.515866	4068
0.0	163840.0	1743.05887	4069
0.0	147456.0	1759.666934	4070
0.0	163840.0	1733.328101	4071
0.0	163840.0	1737.914108	4072
2.0	1638400.0	1921.34501	4073
0.0	131072.0	1776.517892	4074
0.0	163840.0	1743.142281	4075
0.0	147456.0	1765.738458	4076
0.0	147456.0	1753.637975	4077
0.0	147456.0	1765.522313	4078
0.0	163840.0	1733.351888	4079
0.0	131072.0	1772.828303	4080
0.0	163840.0	1793.285443	4081
0.0	131072.0	1779.06542	4082
0.0	131072.0	1811.165337	4083
0.0	131072.0	1780.956107	4084
0.0	147456.0	1752.765255	4085
0.0	147456.0	1758.307975	4086
0.0	147456.0	1746.905297	4087
0.0	147456.0	1746.803522	4088
0.0	114688.0	1787.181137	4089
0.0	163840.0	1729.348532	4090
1.0	1638400.0	1920.749652	4091
0.0	147456.0	1758.351528	4092
0.0	163840.0	1717.954632	4093
1.0	1638400.0	1919.492363	4094
1.0	1638400.0	1907.505131	4095
0.0	163840.0	1719.96411	4096
0.0	163840.0	1441.981118	4401
0.0	147456.0	1456.228098	4402
1.0	1638400.0	1597.646971	4403
0.0	180224.0	1558.366431	4404
0.0	147456.0	1596.75221	4405
0.0	147456.0	1611.06809	4406
0.0	163840.0	1584.298724	4407
0.0	147456.0	1629.890529	4408
0.0	147456.0	1589.004596	4409
0.0	147456.0	1593.02083	4410
0.0	131072.0	1682.277467	4411
0.0	163840.0	1768.837385	4412
0.0	147456.0	1785.447381	4413
0.0	131072.0	1859.068807	4414
0.0	163840.0	1768.459685	4415
0.0	81920.0	1865.564679	4416
2.0	1638400.0	1961.691637	4417
0.0	147456.0	1790.693019	4418
0.0	131072.0	1810.35185	4419
1.0	1638400.0	1983.417411	4420
0.0	163840.0	1809.267062	4421
0.0	114688.0	1861.990074	4422
0.0	163840.0	1799.530808	4423
0.0	147456.0	1787.429159	4424
0.0	147456.0	1774.6769	4425
0.0	163840.0	1754.248442	4426
0.0	131072.0	1793.029121	4427
0.0	163840.0	1754.965473	4428
0.0	147456.0	3613.391353	4429
0.0	163840.0	1751.437278	4430
0.0	163840.0	1754.640851	4431
0.0	147456.0	1770.761565	4432
0.0	131072.0	1791.165197	4433
0.0	114688.0	1807.098877	4434
0.0	147456.0	1769.430462	4435
0.0	131072.0	1789.860052	4436
0.0	131072.0	1788.550914	4437
0.0	131072.0	1791.593442	4438
0.0	131072.0	1801.169167	4439
0.0	147456.0	1773.085174	4440
0.0	131072.0	1790.414488	4441
0.0	147456.0	1775.276736	4442
0.0	147456.0	1781.870474	4443
0.0	163840.0	1747.049372	4444
1.0	1638400.0	1944.329899	4445
0.0	147456.0	1766.223	4446
0.0	131072.0	1785.507754	4447
0.0	131072.0	1797.23435	4448
0.0	163840.0	1751.569172	4449
0.0	147456.0	1773.537526	4450
0.0	131072.0	1788.554823	4451
1.0	1638400.0	1937.574166	4452
0.0	163840.0	1753.313673	4453
0.0	131072.0	1793.041722	4454
0.0	114688.0	1813.493108	4455
0.0	131072.0	1797.276859	4456
0.0	147456.0	1773.039422	4457
0.0	163840.0	1754.975824	4458
0.0	147456.0	1775.256338	4459
0.0	131072.0	1803.163097	4460
0.0	131072.0	1790.064059	4461
0.0	147456.0	1773.441037	4462
0.0	147456.0	1774.6165	4463
0.0	163840.0	1752.563184	4464
0.0	131072.0	1789.14581	4465
0.0	131072.0	1802.789259	4466
0.0	147456.0	1771.525337	4467
0.0	163840.0	1754.122186	4468
0.0	147456.0	1774.975751	4469
1.0	1638400.0	1938.190491	4470
0.0	163840.0	1750.191136	4471
0.0	163840.0	1751.322749	4472
0.0	147456.0	1782.239584	4473
0.0	131072.0	1803.323221	4474
0.0	163840.0	1758.770898	4475
0.0	147456.0	1789.621875	4476
0.0	147456.0	1774.757597	4477
0.0	131072.0	1815.31524	4478
1.0	1638400.0	1941.393517	4479
0.0	147456.0	1771.618148	4480
0.0	180224.0	1736.358398	4481
0.0	163840.0	1757.032721	4482
0.0	147456.0	1773.251124	4483
0.0	147456.0	1780.568452	4484
0.0	163840.0	1765.703716	4485
0.0	163840.0	1766.668675	4486
0.0	131072.0	1792.191067	4487
0.0	32768.0	1903.355831	4488
0.0	114688.0	1820.869034	4489
0.0	147456.0	1786.861322	4490
0.0	147456.0	1770.354615	4491
0.0	147456.0	1777.021983	4492
0.0	131072.0	1792.678391	4493
0.0	147456.0	1769.467301	4494
0.0	147456.0	1628.501883	4801
0.0	131072.0	1680.001607	4802
0.0	147456.0	1665.677502	4803
0.0	180224.0	1628.2163	4804
0.0	147456.0	1671.174952	4805
0.0	147456.0	1663.761787	4806
0.0	147456.0	1664.764036	4807
0.0	163840.0	1648.808761	4808
0.0	147456.0	1666.564035	4809
0.0	16384.0	1804.431042	4810
0.0	131072.0	1685.944439	4811
0.0	147456.0	1663.930548	4812
0.0	163840.0	1646.194124	4813
0.0	147456.0	1665.362755	4814
0.0	147456.0	1664.410725	4815
0.0	131072.0	1683.155755	4816
0.0	147456.0	1665.880613	4817
1.0	1638400.0	1822.744911	4818
0.0	147456.0	1672.124696	4819
0.0	163840.0	1645.345645	4820
0.0	147456.0	1668.027437	4821
0.0	147456.0	1660.199436	4822
0.0	163840.0	1640.845511	4823
0.0	147456.0	1675.421945	4824
0.0	131072.0	1699.64397	4825
0.0	131072.0	1699.269873	4826
1.0	1638400.0	1840.191153	4827
0.0	147456.0	1686.145353	4828
0.0	65536.0	1774.309364	4829
0.0	131072.0	1772.517693	4830
0.0	131072.0	1783.30726	4831
0.0	180224.0	1728.934366	4832
0.0	32768.0	1900.311287	4833
0.0	147456.0	1764.783643	4834
0.0	98304.0	1820.165312	4835
0.0	147456.0	1765.710529	4836
0.0	163840.0	1750.746454	4837
0.0	131072.0	1779.934171	4838
0.0	163840.0	1746.30822	4839
0.0	180224.0	1726.054684	4840
0.0	131072.0	1785.821632	4841
0.0	131072.0	1784.670125	4842
0.0	131072.0	1781.172945	4843
0.0	147456.0	1780.139407	4844
0.0	147456.0	1763.807706	4845
0.0	114688.0	1812.642528	4846
0.0	163840.0	1745.645333	4847
0.0	163840.0	1956.639689	4848
0.0	163840.0	1743.551057	4849
0.0	131072.0	1781.51484	4850
0.0	114688.0	1801.731299	4851
0.0	163840.0	1744.67603	4852
0.0	131072.0	1785.029612	4853
0.0	147456.0	1758.623441	4854
0.0	131072.0	1781.581118	4855
0.0	180224.0	1724.697776	4856
0.0	147456.0	1762.866571	4857
0.0	163840.0	1813.30142	4858
0.0	163840.0	1741.562526	4859
1.0	1638400.0	1940.274196	4860
0.0	180224.0	1725.219687	4861
0.0	147456.0	1764.351425	4862
0.0	147456.0	1762.664814	4863
0.0	147456.0	1761.871413	4864
0.0	163840.0	1739.634446	4865
1.0	1638400.0	1930.382669	4866
0.0	180224.0	1734.338984	4867
0.0	114688.0	1808.257584	4868
1.0	1638400.0	5644.919603	4869
0.0	180224.0	1715.380423	4870
0.0	147456.0	1752.846521	4871
0.0	163840.0	1736.560641	4872
0.0	147456.0	1754.556069	4873
0.0	131072.0	1778.800976	4874
0.0	163840.0	1733.133482	4875
0.0	147456.0	1753.855728	4876
0.0	147456.0	1750.313708	4877
0.0	131072.0	1769.487341	4878
0.0	131072.0	1778.859403	4879
1.0	1638400.0	1927.041621	4880
0.0	147456.0	1765.639684	4881
0.0	163840.0	1743.263544	4882
0.0	147456.0	1754.93997	4883
1.0	1638400.0	1923.844031	4884
0.0	147456.0	1751.440752	4885
0.0	147456.0	1746.584106	4886
0.0	131072.0	1764.445941	4887
0.0	131072.0	1763.867336	4888
0.0	163840.0	1727.001448	4889
0.0	147456.0	1745.930229	4890
0.0	147456.0	1746.041724	4891
0.0	147456.0	1740.870939	4892
1.0	1638400.0	1903.535166	4893
0.0	163840.0	1721.946518	4894
0.0	147456.0	1630.106309	5201
0.0	163840.0	1651.447836	5202
0.0	131072.0	1677.496373	5203
0.0	131072.0	1681.250146	5204
0.0	147456.0	1683.201147	5205
0.0	147456.0	1666.532715	5206
0.0	163840.0	1698.206931	5207
0.0	163840.0	1648.95747	5208
0.0	163840.0	1650.611739	5209
1.0	1638400.0	1825.294317	5210
0.0	131072.0	1683.109955	5211
0.0	147456.0	1663.819375	5212
0.0	147456.0	1673.728858	5213
0.0	147456.0	1673.612439	5214
0.0	163840.0	1646.069068	5215
0.0	180224.0	1648.409482	5216
0.0	163840.0	1646.464346	5217
0.0	147456.0	1670.822388	5218
0.0	131072.0	1685.051891	5219
0.0	147456.0	1666.144136	5220
0.0	147456.0	1663.958823	5221
0.0	147456.0	1660.929175	5222
0.0	163840.0	1643.410577	5223
0.0	180224.0	1642.689523	5224
1.0	1638400.0	1848.009623	5225
0.0	131072.0	1698.029854	5226
0.0	147456.0	1681.156294	5227
0.0	180224.0	1645.472505	5228
0.0	147456.0	1686.629263	5229
0.0	147456.0	1743.205377	5230
0.0	131072.0	1786.373052	5231
1.0	1638400.0	1941.195325	5232
0.0	81920.0	1840.468077	5233
0.0	163840.0	1746.640393	5234
0.0	131072.0	1792.918359	5235
0.0	163840.0	1742.737166	5236
0.0	180224.0	1737.510592	5237
0.0	147456.0	1763.657093	5238
0.0	163840.0	1747.54556	5239
0.0	163840.0	1751.285613	5240
0.0	147456.0	1773.673329	5241
1.0	1638400.0	1939.507786	5242
0.0	163840.0	1742.376668	5243
0.0	131072.0	1777.928315	5244
0.0	163840.0	1750.426221	5245
0.0	147456.0	1763.394887	5246
0.0	131072.0	1779.021696	5247
0.0	98304.0	1816.083354	5248
1.0	1638400.0	1934.810963	5249
0.0	147456.0	1763.675343	5250
1.0	1638400.0	1932.981319	5251
0.0	147456.0	1764.248888	5252
0.0	147456.0	1765.411692	5253
0.0	180224.0	1725.127966	5254
0.0	114688.0	1801.67966	5255
0.0	131072.0	1787.022901	5256
0.0	98304.0	1823.867135	5257
0.0	147456.0	1762.414654	5258
0.0	131072.0	1776.27742	5259
0.0	131072.0	1786.174161	5260
0.0	163840.0	1742.268893	5261
0.0	147456.0	1759.835562	5262
0.0	147456.0	1764.609798	5263
0.0	131072.0	1782.456334	5264
0.0	163840.0	1742.10649	5265
0.0	163840.0	1752.951559	5266
0.0	1638400.0	1933.442008	5267
0.0	114688.0	1798.509191	5268
0.0	163840.0	1742.641507	5269
0.0	131072.0	1800.374449	5270
0.0	131072.0	1772.469061	5271
0.0	131072.0	1771.528869	5272
0.0	131072.0	1775.175627	5273
0.0	147456.0	1752.892799	5274
0.0	131072.0	1774.018823	5275
0.0	163840.0	1735.724105	5276
1.0	1638400.0	1932.71208	5277
0.0	163840.0	1731.356558	5278
0.0	147456.0	1753.350712	5279
0.0	147456.0	1755.816224	5280
0.0	147456.0	1769.769688	5281
0.0	147456.0	1766.473036	5282
0.0	147456.0	1770.888971	5283
0.0	163840.0	1739.11864	5284
0.0	163840.0	1731.928082	5285
1.0	1638400.0	1924.330632	5286
0.0	147456.0	1748.70843	5287
0.0	180224.0	1711.924065	5288
0.0	147456.0	1747.356384	5289
0.0	163840.0	1735.654217	5290
0.0	147456.0	1751.16209	5291
0.0	163840.0	1730.222396	5292
0.0	147456.0	1740.468264	5293
0.0	147456.0	1738.745195	5294
1.0	1638400.0	1908.972772	5295
0.0	131072.0	1767.194736	5296
2.0	1638400.0	1780.79937	5601
0.0	147456.0	1660.111911	5602
0.0	131072.0	1676.758946	5603
1.0	1638400.0	1820.434751	5604
0.0	147456.0	1663.989815	5605
1.0	1638400.0	1818.870255	5606
0.0	1638400.0	1825.677777	5607
0.0	180224.0	1630.192519	5608
0.0	163840.0	1648.109792	5609
0.0	163840.0	1647.598418	5610
0.0	147456.0	1666.40942	5611
0.0	163840.0	1656.198634	5612
0.0	131072.0	1682.556819	5613
0.0	180224.0	1631.188469	5614
1.0	1638400.0	1832.625517	5615
0.0	131072.0	1683.464425	5616
0.0	147456.0	1663.306428	5617
0.0	131072.0	1682.698182	5618
0.0	131072.0	1680.091172	5619
0.0	147456.0	1666.820801	5620
0.0	98304.0	1727.461977	5621
0.0	65536.0	1748.565213	5622
0.0	147456.0	1663.973637	5623
0.0	147456.0	1686.009971	5624
0.0	163840.0	1658.354657	5625
0.0	180224.0	1655.156321	5626
0.0	131072.0	1700.106414	5627
0.0	163840.0	1673.046871	5628
0.0	131072.0	1707.158803	5629
0.0	147456.0	1763.535098	5630
0.0	131072.0	1780.827035	5631
0.0	147456.0	1762.946108	5632
1.0	1638400.0	1929.673424	5633
0.0	147456.0	1766.01534	5634
0.0	147456.0	1764.373335	5635
0.0	163840.0	1752.583386	5636
1.0	1638400.0	1927.005198	5637
0.0	131072.0	1790.630362	5638
0.0	147456.0	1766.454709	5639
1.0	1638400.0	1929.029215	5640
0.0	81920.0	1838.498241	5641
0.0	147456.0	1766.830424	5642
0.0	131072.0	1787.947763	5643
0.0	163840.0	1755.835507	5644
0.0	163840.0	1747.262032	5645
0.0	131072.0	1783.081844	5646
0.0	163840.0	1744.347939	5647
0.0	163840.0	1744.205761	5648
0.0	180224.0	1728.062228	5649
0.0	163840.0	1754.71413	5650
0.0	163840.0	1745.522598	5651
0.0	147456.0	1760.452773	5652
0.0	147456.0	1764.236103	5653
0.0	147456.0	1761.727221	5654
0.0	147456.0	1762.70582	5655
0.0	147456.0	1777.029398	5656
0.0	147456.0	1760.334839	5657
0.0	147456.0	1773.44511	5658
0.0	131072.0	1779.296595	5659
0.0	147456.0	1760.84303	5660
0.0	163840.0	1741.330926	5661
0.0	180224.0	1734.347625	5662
0.0	131072.0	1782.602491	5663
0.0	147456.0	1762.531839	5664
0.0	65536.0	1851.694112	5665
0.0	163840.0	1744.318047	5666
0.0	131072.0	1780.803051	5667
0.0	147456.0	1762.681635	5668
0.0	180224.0	1726.10581	5669
0.0	131072.0	1780.241774	5670
1.0	1638400.0	1923.02101	5671
0.0	131072.0	1774.618851	5672
1.0	1638400.0	1921.679651	5673
0.0	114688.0	1807.882997	5674
0.0	147456.0	1752.678786	5675
0.0	147456.0	1756.277436	5676
0.0	163840.0	1734.788326	5677
0.0	131072.0	2001.965676	5678
1.0	1638400.0	1916.555565	5679
0.0	163840.0	1734.140874	5680
0.0	147456.0	1770.081602	5681
0.0	163840.0	1750.047828	5682
0.0	147456.0	1760.13898	5683
0.0	147456.0	1754.495788	5684
0.0	147456.0	1756.052863	5685
0.0	98304.0	1816.716877	5686
0.0	147456.0	1745.109901	5687
0.0	131072.0	1763.301632	5688
0.0	147456.0	1743.975284	5689
0.0	147456.0	1744.335986	5690
0.0	147456.0	1756.982488	5691
0.0	147456.0	1749.947584	5692
1.0	1638400.0	1903.094317	5693
0.0	147456.0	1739.721601	5694
0.0	147456.0	1741.009092	5695
0.0	131072.0	1762.213181	5696
0.0	180224.0	1602.098207	6001
0.0	147456.0	1661.08534	6002
0.0	163840.0	1641.967876	6003
0.0	147456.0	1660.128587	6004
0.0	98304.0	1714.015459	6005
1.0	1638400.0	1836.056585	6006
0.0	163840.0	1663.677191	6007
0.0	131072.0	1684.564	6008
0.0	163840.0	1648.189651	6009
1.0	1638400.0	1828.743568	6010
0.0	147456.0	1667.133234	6011
0.0	180224.0	1630.382078	6012
0.0	147456.0	1665.288358	6013
0.0	180224.0	1628.265843	6014
0.0	131072.0	1680.791846	6015
0.0	163840.0	1656.49079	6016
0.0	163840.0	1644.871196	6017
0.0	114688.0	1704.944425	6018
1.0	1638400.0	1821.360612	6019
0.0	163840.0	1648.04732	6020
0.0	147456.0	1667.677425	6021
0.0	114688.0	1707.189362	6022
0.0	163840.0	1642.768193	6023
1.0	1638400.0	1849.970469	6024
0.0	180224.0	1645.182041	6025
0.0	163840.0	1666.850154	6026
0.0	147456.0	1692.729592	6027
0.0	147456.0	1687.058908	6028
0.0	131072.0	1698.53348	6029
2.0	1638400.0	1930.640163	6030
0.0	163840.0	1749.406425	6031
0.0	65536.0	1858.327418	6032
0.0	163840.0	1748.87856	6033
0.0	147456.0	1764.402473	6034
0.0	131072.0	1781.242861	6035
0.0	163840.0	1746.927148	6036
0.0	131072.0	1791.694293	6037
0.0	163840.0	1744.703555	6038
0.0	180224.0	1729.005949	6039
0.0	163840.0	1743.932282	6040
0.0	147456.0	1761.732392	6041
0.0	163840.0	1747.321437	6042
0.0	163840.0	1743.516109	6043
0.0	131072.0	1793.192598	6044
0.0	163840.0	1744.017182	6045
0.0	131072.0	1780.944257	6046
1.0	1638400.0	1930.794911	6047
0.0	163840.0	1742.749538	6048
0.0	147456.0	1770.142657	6049
0.0	163840.0	1744.779415	6050
0.0	131072.0	1791.52767	6051
0.0	163840.0	1751.80512	6052
0.0	163840.0	1758.248857	6053
0.0	147456.0	1796.761399	6054
0.0	131072.0	1780.29045	6055
0.0	131072.0	1780.729928	6056
0.0	131072.0	1778.844184	6057
1.0	1638400.0	1929.66381	6058
0.0	147456.0	1759.333796	6059
0.0	163840.0	1741.376301	6060
0.0	163840.0	1745.842655	6061
0.0	147456.0	1762.268786	6062
0.0	131072.0	1789.38367	6063
0.0	163840.0	1850.255549	6064
0.0	163840.0	1752.166191	6065
0.0	180224.0	1734.272067	6066
1.0	1638400.0	1943.040291	6067
0.0	147456.0	1763.8257	6068
1.0	1638400.0	1928.567786	6069
0.0	131072.0	1779.285355	6070
0.0	163840.0	1730.325676	6071
0.0	147456.0	1752.728318	6072
0.0	147456.0	1754.719426	6073
0.0	163840.0	1734.968487	6074
0.0	131072.0	1774.900564	6075
1.0	1638400.0	1920.619708	6076
0.0	147456.0	1751.667927	6077
0.0	147456.0	1761.439778	6078
0.0	131072.0	1769.76154	6079
0.0	131072.0	1783.154739	6080
1.0	1638400.0	1924.004633	6081
1.0	1638400.0	1932.461899	6082
0.0	131072.0	1779.958956	6083
0.0	98304.0	1815.593354	6084
1.0	1638400.0	1923.402687	6085
0.0	163840.0	1739.105166	6086
1.0	1638400.0	1915.801835	6087
1.0	1638400.0	1913.668928	6088
0.0	131072.0	1762.639108	6089
0.0	147456.0	1745.238503	6090
0.0	163840.0	1732.697942	6091
0.0	163840.0	1726.761581	6092
0.0	147456.0	1739.16805	6093
0.0	163840.0	1734.335899	6094
0.0	180224.0	1704.876045	6095
0.0	163840.0	1724.038843	6096
0.0	147456.0	1457.980378	6401
0.0	147456.0	1466.757337	6402
0.0	147456.0	1457.504651	6403
0.0	163840.0	1534.444966	6404
0.0	163840.0	1560.244279	6405
0.0	147456.0	1590.245943	6406
0.0	131072.0	1594.799437	6407
0.0	147456.0	1580.552569	6408
0.0	180224.0	1551.991552	6409
0.0	163840.0	1565.231752	6410
0.0	98304.0	1648.315184	6411
1.0	1638400.0	1952.2737	6412
0.0	98304.0	1841.935021	6413
0.0	147456.0	1997.106195	6414
0.0	147456.0	1784.77153	6415
0.0	131072.0	1804.629854	6416
0.0	147456.0	1786.240818	6417
0.0	163840.0	1768.098366	6418
0.0	147456.0	1787.085192	6419
0.0	147456.0	1804.791453	6420
0.0	131072.0	1840.661697	6421
0.0	147456.0	1832.454818	6422
0.0	147456.0	1832.644161	6423
0.0	131072.0	1816.428496	6424
0.0	163840.0	1751.98375	6425
0.0	147456.0	2090.900492	6426
0.0	131072.0	1786.419017	6427
0.0	131072.0	1796.690012	6428
0.0	163840.0	1748.84551	6429
0.0	180224.0	1731.461371	6430
1.0	1638400.0	1936.846163	6431
0.0	163840.0	1752.691952	6432
0.0	163840.0	1751.784503	6433
1.0	1638400.0	1938.56091	6434
0.0	163840.0	1753.695021	6435
0.0	147456.0	1766.894985	6436
0.0	131072.0	1788.915087	6437
0.0	131072.0	1787.908483	6438
0.0	163840.0	1749.29279	6439
0.0	131072.0	1838.072889	6440
0.0	131072.0	1797.976567	6441
0.0	131072.0	1790.744325	6442
0.0	147456.0	1765.649434	6443
0.0	147456.0	1763.826543	6444
0.0	180224.0	1723.683796	6445
0.0	147456.0	1768.378018	6446
0.0	147456.0	1772.028693	6447
0.0	163840.0	1743.592103	6448
0.0	147456.0	1772.023139	6449
0.0	131072.0	1783.271779	6450
0.0	114688.0	1802.890342	6451
0.0	131072.0	1789.066295	6452
0.0	131072.0	1783.166545	6453
0.0	131072.0	1784.897137	6454
0.0	131072.0	1794.185616	6455
1.0	1638400.0	1942.550335	6456
0.0	163840.0	1758.179888	6457
0.0	147456.0	1768.495164	6458
0.0	147456.0	1769.249221	6459
0.0	163840.0	1746.614111	6460
0.0	147456.0	1771.711906	6461
0.0	147456.0	1764.475765	6462
0.0	131072.0	1790.149308	6463
0.0	163840.0	1758.829294	6464
0.0	163840.0	1747.404808	6465
0.0	114688.0	1810.521891	6466
1.0	1638400.0	1936.720254	6467
0.0	131072.0	1788.576652	6468
0.0	131072.0	1787.063631	6469
0.0	147456.0	1768.205746	6470
0.0	114688.0	1802.381869	6471
0.0	147456.0	1787.379817	6472
0.0	114688.0	1855.198939	6473
1.0	1638400.0	1937.766877	6474
2.0	1638400.0	1944.256483	6475
0.0	163840.0	1757.270193	6476
0.0	147456.0	1768.377034	6477
0.0	147456.0	1766.590768	6478
0.0	163840.0	1748.205402	6479
0.0	131072.0	1800.712621	6480
1.0	1638400.0	1938.965081	6481
0.0	131072.0	1785.231766	6482
0.0	147456.0	1774.376826	6483
0.0	147456.0	1770.611068	6484
0.0	147456.0	1766.314911	6485
0.0	147456.0	1765.506595	6486
0.0	163840.0	1751.729456	6487
0.0	147456.0	1765.422722	6488
0.0	163840.0	1750.100754	6489
0.0	163840.0	1747.959762	6490
0.0	147456.0	1770.611549	6491
0.0	147456.0	1765.091751	6492
0.0	114688.0	1803.146876	6493
0.0	163840.0	1748.480068	6494
0.0	131072.0	1779.859264	6495
1.0	1638400.0	1600.871021	6801
0.0	147456.0	1458.292308	6802
0.0	147456.0	1457.156831	6803
0.0	147456.0	1557.759998	6804
0.0	147456.0	1576.224854	6805
0.0	163840.0	1559.844173	6806
0.0	163840.0	1558.089005	6807
0.0	163840.0	1565.523555	6808
0.0	147456.0	1592.616324	6809
0.0	163840.0	1571.045738	6810
0.0	131072.0	1624.616456	6811
0.0	147456.0	1799.184409	6812
0.0	131072.0	1811.396045	6813
0.0	163840.0	1764.739787	6814
0.0	147456.0	1785.315379	6815
0.0	147456.0	1788.890044	6816
0.0	147456.0	1784.620973	6817
0.0	131072.0	1806.461734	6818
1.0	1638400.0	1955.303966	6819
1.0	1638400.0	1972.048673	6820
1.0	1638400.0	1994.979566	6821
0.0	147456.0	1824.689218	6822
0.0	163840.0	1812.143462	6823
0.0	114688.0	1826.184575	6824
0.0	147456.0	1770.034377	6825
0.0	147456.0	1765.4897	6826
0.0	131072.0	1799.904124	6827
0.0	163840.0	1753.444893	6828
0.0	147456.0	1765.888518	6829
1.0	1638400.0	1942.694211	6830
0.0	147456.0	1781.253447	6831
0.0	180224.0	1731.036043	6832
0.0	163840.0	1754.228791	6833
0.0	147456.0	1766.711337	6834
0.0	131072.0	1788.60698	6835
0.0	147456.0	1768.192655	6836
0.0	147456.0	1769.512791	6837
0.0	180224.0	1731.74932	6838
0.0	180224.0	1733.873824	6839
0.0	147456.0	1769.29406	6840
0.0	147456.0	1769.721381	6841
0.0	131072.0	1786.787757	6842
0.0	147456.0	2025.994274	6843
0.0	163840.0	1746.489266	6844
0.0	98304.0	1819.660176	6845
0.0	131072.0	1784.163822	6846
0.0	163840.0	1744.653592	6847
0.0	163840.0	1747.230286	6848
0.0	147456.0	1774.680231	6849
0.0	147456.0	1777.165676	6850
0.0	163840.0	1748.124933	6851
0.0	147456.0	1778.438504	6852
1.0	1638400.0	1940.143767	6853
1.0	1638400.0	1933.090123	6854
1.0	1638400.0	1937.532263	6855
0.0	147456.0	1780.08467	6856
1.0	1638400.0	1935.685452	6857
0.0	163840.0	1752.927986	6858
0.0	81920.0	1844.661084	6859
0.0	147456.0	1776.807213	6860
0.0	131072.0	1785.264766	6861
0.0	131072.0	1785.986521	6862
0.0	147456.0	1770.829716	6863
0.0	147456.0	1776.182945	6864
0.0	131072.0	1786.699707	6865
0.0	114688.0	1805.802186	6866
0.0	114688.0	1805.513648	6867
0.0	180224.0	1728.993167	6868
1.0	1638400.0	1933.391103	6869
0.0	163840.0	1760.119811	6870
0.0	147456.0	1764.872007	6871
0.0	163840.0	1748.529532	6872
1.0	1638400.0	1932.688117	6873
0.0	163840.0	1759.069686	6874
0.0	147456.0	1770.754352	6875
1.0	1638400.0	1937.075241	6876
0.0	147456.0	1768.564342	6877
0.0	147456.0	1766.231439	6878
0.0	163840.0	1758.153041	6879
0.0	131072.0	1788.308865	6880
0.0	163840.0	1759.813743	6881
0.0	81920.0	1850.109478	6882
0.0	147456.0	1779.992686	6883
0.0	147456.0	1768.692911	6884
0.0	163840.0	1753.399494	6885
0.0	147456.0	1771.299163	6886
0.0	147456.0	1770.300996	6887
0.0	147456.0	1769.898134	6888
0.0	147456.0	1770.343019	6889
0.0	147456.0	1768.056565	6890
0.0	147456.0	1768.589322	6891
0.0	147456.0	1765.584318	6892
0.0	131072.0	1785.890458	6893
0.0	147456.0	1767.434768	6894
0.0	163840.0	1758.783935	6895
0.0	147456.0	1455.900739	7201
0.0	147456.0	1454.045027	7202
0.0	131072.0	1470.964776	7203
0.0	1638400.0	1701.355143	7204
0.0	147456.0	1576.478942	7205
0.0	163840.0	1557.287454	7206
1.0	1638400.0	1722.356865	7207
0.0	131072.0	1594.305478	7208
0.0	163840.0	1563.932564	7209
0.0	163840.0	1568.175029	7210
0.0	147456.0	1634.5104	7211
0.0	147456.0	1779.936754	7212
0.0	131072.0	1804.061167	7213
0.0	147456.0	1783.153441	7214
0.0	163840.0	1764.274665	7215
0.0	131072.0	1802.311326	7216
0.0	131072.0	1807.098345	7217
1.0	1638400.0	1957.08934	7218
0.0	163840.0	1767.307744	7219
0.0	163840.0	1781.243626	7220
0.0	163840.0	1811.360324	7221
0.0	163840.0	1803.482838	7222
0.0	147456.0	1820.074698	7223
0.0	147456.0	1788.820829	7224
1.0	1638400.0	1946.921455	7225
0.0	163840.0	1748.083316	7226
0.0	163840.0	1749.709411	7227
0.0	147456.0	1767.647877	7228
0.0	147456.0	1764.262307	7229
0.0	131072.0	1784.616826	7230
0.0	147456.0	1773.872854	7231
0.0	147456.0	1768.870798	7232
0.0	131072.0	1790.562606	7233
0.0	147456.0	1769.421853	7234
0.0	1638400.0	1936.135469	7235
0.0	147456.0	1769.020973	7236
0.0	131072.0	1783.828132	7237
0.0	147456.0	1770.246231	7238
0.0	163840.0	1747.873936	7239
0.0	147456.0	1772.908076	7240
0.0	131072.0	1785.512835	7241
0.0	147456.0	1766.620101	7242
0.0	163840.0	1748.75965	7243
1.0	1638400.0	1940.770444	7244
0.0	147456.0	1764.772165	7245
0.0	163840.0	1745.025276	7246
1.0	1638400.0	1935.580758	7247
0.0	147456.0	1762.483361	7248
0.0	163840.0	1750.402948	7249
0.0	114688.0	1810.453559	7250
0.0	131072.0	1792.6813	7251
0.0	163840.0	1793.800138	7252
0.0	131072.0	1793.93084	7253
0.0	131072.0	1785.920799	7254
0.0	163840.0	1748.200553	7255
0.0	131072.0	1788.318901	7256
0.0	147456.0	1769.707781	7257
0.0	131072.0	1786.122663	7258
0.0	147456.0	1773.717076	7259
0.0	32768.0	1905.814503	7260
0.0	131072.0	1784.180874	7261
1.0	1638400.0	1934.970954	7262
0.0	114688.0	1803.73537	7263
0.0	131072.0	1792.575101	7264
1.0	1638400.0	1942.195247	7265
0.0	163840.0	1750.799135	7266
0.0	131072.0	1787.876744	7267
0.0	163840.0	1749.935176	7268
0.0	147456.0	1769.025976	7269
0.0	98304.0	1839.546414	7270
0.0	147456.0	1775.856512	7271
0.0	147456.0	1774.556453	7272
0.0	147456.0	1765.852958	7273
0.0	147456.0	1788.203539	7274
1.0	1638400.0	1942.099028	7275
0.0	147456.0	1768.332198	7276
0.0	147456.0	1766.885177	7277
0.0	147456.0	1774.537691	7278
1.0	1638400.0	1943.580402	7279
0.0	131072.0	1789.425381	7280
0.0	131072.0	1788.339104	7281
0.0	131072.0	1789.344009	7282
2.0	1638400.0	1946.157205	7283
0.0	147456.0	1774.139505	7284
1.0	1638400.0	1936.931905	7285
0.0	180224.0	1727.619454	7286
0.0	180224.0	1731.681021	7287
0.0	147456.0	1767.234375	7288
0.0	147456.0	1773.410473	7289
0.0	147456.0	1768.073829	7290
0.0	114688.0	1806.077427	7291
0.0	147456.0	1773.994276	7292
0.0	147456.0	1769.645492	7293
2.0	1638400.0	1939.773321	7294
0.0	131072.0	1782.095115	7295
1.0	1638400.0	1600.885061	7601
0.0	147456.0	1463.346501	7602
0.0	147456.0	1455.984736	7603
0.0	131072.0	1585.836423	7604
0.0	147456.0	1587.75382	7605
0.0	163840.0	1560.733241	7606
0.0	131072.0	1591.274842	7607
0.0	147456.0	1580.433963	7608
0.0	131072.0	1596.89075	7609
1.0	1638400.0	1729.140092	7610
1.0	1638400.0	1822.571001	7611
0.0	163840.0	1769.305532	7612
2.0	1638400.0	1970.142852	7613
0.0	163840.0	1766.022661	7614
0.0	131072.0	1804.45742	7615
1.0	1638400.0	1953.907245	7616
0.0	147456.0	1793.46472	7617
0.0	147456.0	1786.3007	7618
0.0	163840.0	1764.206469	7619
0.0	163840.0	1793.228545	7620
0.0	131072.0	1839.136637	7621
0.0	163840.0	1804.137509	7622
0.0	147456.0	1813.584981	7623
0.0	131072.0	1802.549574	7624
0.0	131072.0	1786.88007	7625
0.0	163840.0	1759.581726	7626
0.0	163840.0	1751.183604	7627
0.0	147456.0	1786.969319	7628
0.0	163840.0	1747.33035	7629
0.0	163840.0	1745.111598	7630
1.0	1638400.0	1991.479941	7631
0.0	163840.0	1755.447349	7632
1.0	1638400.0	1935.521342	7633
2.0	1638400.0	1945.874918	7634
0.0	131072.0	1788.154875	7635
0.0	147456.0	1771.580813	7636
0.0	131072.0	1785.178091	7637
1.0	1638400.0	1937.507656	7638
0.0	163840.0	1748.46167	7639
0.0	147456.0	1765.680293	7640
0.0	163840.0	1757.846722	7641
0.0	131072.0	1794.945113	7642
0.0	131072.0	1785.81122	7643
0.0	147456.0	1763.793731	7644
0.0	163840.0	1744.102768	7645
0.0	131072.0	1782.171827	7646
1.0	1638400.0	1927.425819	7647
0.0	180224.0	1727.942427	7648
0.0	16384.0	1920.029675	7649
0.0	131072.0	1785.521947	7650
0.0	147456.0	1763.491814	7651
0.0	131072.0	1784.67713	7652
0.0	163840.0	1748.256877	7653
0.0	163840.0	1750.390623	7654
0.0	147456.0	1772.41179	7655
0.0	163840.0	1750.868714	7656
0.0	163840.0	1758.643462	7657
0.0	163840.0	1758.216027	7658
0.0	147456.0	1775.227718	7659
0.0	163840.0	1759.766674	7660
0.0	131072.0	1791.287361	7661
0.0	163840.0	1751.100802	7662
0.0	131072.0	1785.4717	7663
1.0	1638400.0	1934.555239	7664
0.0	147456.0	1767.157987	7665
1.0	1638400.0	1940.009993	7666
0.0	147456.0	1775.621714	7667
0.0	147456.0	1767.376043	7668
0.0	114688.0	1807.234646	7669
0.0	163840.0	1748.680867	7670
1.0	1638400.0	1955.159297	7671
0.0	114688.0	3312.345563	7672
0.0	180224.0	1732.023524	7673
0.0	147456.0	1789.009655	7674
0.0	147456.0	1783.583175	7675
0.0	131072.0	1787.423989	7676
0.0	180224.0	1732.39918	7677
0.0	131072.0	1790.369225	7678
0.0	163840.0	1748.294278	7679
0.0	163840.0	1756.262601	7680
1.0	1638400.0	1934.99618	7681
0.0	180224.0	1738.58212	7682
0.0	163840.0	1766.197567	7683
0.0	163840.0	1761.533587	7684
0.0	147456.0	1769.832012	7685
0.0	147456.0	1766.690303	7686
2.0	1638400.0	1944.208422	7687
2.0	1638400.0	1937.0498	7688
0.0	163840.0	1751.18641	7689
0.0	163840.0	1753.550426	7690
0.0	163840.0	1749.094147	7691
0.0	131072.0	1780.349214	7692
0.0	147456.0	1771.167263	7693
0.0	163840.0	1747.857929	7694
1.0	1638400.0	1594.386585	8001
0.0	147456.0	1469.963343	8002
0.0	131072.0	1476.812546	8003
0.0	147456.0	1571.636702	8004
0.0	147456.0	1574.627323	8005
0.0	65536.0	1662.908498	8006
1.0	1638400.0	1725.547501	8007
0.0	131072.0	1597.504369	8008
0.0	131072.0	1596.679799	8009
0.0	114688.0	1613.708665	8010
0.0	147456.0	1655.891361	8011
0.0	147456.0	1790.919513	8012
0.0	147456.0	1785.780815	8013
0.0	131072.0	1802.585065	8014
0.0	131072.0	1808.167829	8015
0.0	180224.0	1752.194327	8016
0.0	147456.0	1787.28259	8017
0.0	131072.0	1806.151545	8018
0.0	147456.0	1794.302203	8019
0.0	131072.0	1824.959815	8020
0.0	147456.0	1822.996143	8021
0.0	147456.0	1819.193904	8022
0.0	163840.0	1809.584389	8023
1.0	1638400.0	1959.32297	8024
0.0	147456.0	1770.109391	8025
0.0	163840.0	1750.539462	8026
1.0	1638400.0	1937.314049	8027
0.0	147456.0	1766.285004	8028
0.0	131072.0	1789.747435	8029
0.0	163840.0	1761.6712	8030
0.0	131072.0	1787.257503	8031
1.0	1638400.0	1941.529424	8032
0.0	163840.0	1751.254026	8033
0.0	147456.0	1786.179822	8034
0.0	131072.0	1788.102143	8035
0.0	147456.0	1769.228696	8036
0.0	180224.0	1730.883833	8037
0.0	147456.0	1771.305791	8038
0.0	163840.0	1751.590634	8039
0.0	131072.0	1794.083224	8040
0.0	163840.0	1746.798447	8041
0.0	163840.0	1755.703692	8042
0.0	147456.0	1765.207184	8043
0.0	163840.0	1748.383868	8044
0.0	180224.0	1727.945674	8045
0.0	131072.0	1781.703659	8046
0.0	163840.0	1746.707877	8047
1.0	1638400.0	1931.030051	8048
0.0	180224.0	1726.509856	8049
0.0	163840.0	1749.056813	8050
0.0	163840.0	1747.742479	8051
0.0	147456.0	1768.93114	8052
0.0	131072.0	1781.248996	8053
0.0	98304.0	1841.505849	8054
0.0	163840.0	1760.392049	8055
0.0	147456.0	1780.946403	8056
0.0	163840.0	1756.13311	8057
0.0	180224.0	1740.842571	8058
0.0	131072.0	1789.774974	8059
0.0	147456.0	1794.395536	8060
0.0	163840.0	1751.181545	8061
0.0	163840.0	1749.570713	8062
0.0	131072.0	1787.130453	8063
1.0	1638400.0	1936.569868	8064
0.0	114688.0	1811.376482	8065
0.0	163840.0	1747.352414	8066
0.0	147456.0	1768.696892	8067
0.0	147456.0	1767.924384	8068
0.0	147456.0	1767.945852	8069
0.0	147456.0	1766.038723	8070
0.0	163840.0	1748.768049	8071
0.0	147456.0	1775.256373	8072
0.0	163840.0	1749.385803	8073
0.0	131072.0	1786.694476	8074
0.0	147456.0	1773.6136	8075
0.0	131072.0	1788.104699	8076
0.0	163840.0	1750.9184	8077
1.0	1638400.0	1936.216818	8078
0.0	147456.0	1778.826931	8079
0.0	131072.0	1784.637596	8080
0.0	147456.0	1768.851232	8081
0.0	147456.0	1775.496838	8082
1.0	1638400.0	1930.399797	8083
1.0	1638400.0	1934.384097	8084
0.0	147456.0	1769.074727	8085
0.0	147456.0	1767.608657	8086
0.0	147456.0	1769.071155	8087
0.0	131072.0	1838.844437	8088
0.0	131072.0	1798.127785	8089
1.0	1638400.0	1935.63544	8090
0.0	147456.0	1770.620127	8091
0.0	163840.0	1750.619418	8092
0.0	180224.0	1745.285454	8093
0.0	147456.0	1767.81081	8094
0.0	49152.0	1878.704685	8095
0.0	131072.0	1654.950422	8401
0.0	147456.0	1666.376234	8402
0.0	147456.0	1659.248429	8403
0.0	147456.0	1663.924215	8404
0.0	49152.0	1770.444928	8405
0.0	131072.0	1683.302185	8406
0.0	163840.0	1650.015672	8407
1.0	1638400.0	1827.625484	8408
0.0	147456.0	1664.58757	8409
0.0	163840.0	1645.504987	8410
0.0	131072.0	1684.928445	8411
0.0	131072.0	1683.735905	8412
0.0	163840.0	1651.078229	8413
1.0	1638400.0	1821.061278	8414
0.0	147456.0	1675.867872	8415
0.0	147456.0	1667.288843	8416
0.0	131072.0	1680.993665	8417
0.0	163840.0	1646.663561	8418
0.0	147456.0	1666.423544	8419
0.0	147456.0	1671.779687	8420
0.0	147456.0	1676.551346	8421
0.0	131072.0	1676.860479	8422
0.0	131072.0	1676.143766	8423
0.0	147456.0	1683.171809	8424
0.0	131072.0	1694.263874	8425
0.0	147456.0	1681.627466	8426
0.0	147456.0	1679.463528	8427
1.0	1638400.0	1851.875101	8428
0.0	163840.0	1669.273214	8429
0.0	147456.0	1767.891725	8430
0.0	147456.0	1816.384993	8431
0.0	131072.0	1780.960358	8432
0.0	147456.0	1765.870638	8433
0.0	131072.0	1788.344552	8434
0.0	147456.0	1763.363082	8435
0.0	147456.0	1763.189291	8436
0.0	147456.0	1762.261029	8437
0.0	147456.0	1769.569755	8438
0.0	131072.0	1786.839584	8439
0.0	131072.0	1791.488867	8440
0.0	163840.0	1750.089193	8441
0.0	163840.0	1747.054149	8442
0.0	147456.0	1766.21426	8443
0.0	180224.0	1732.327563	8444
0.0	147456.0	1774.089946	8445
0.0	131072.0	1778.023579	8446
0.0	131072.0	1784.011599	8447
1.0	1638400.0	1938.551437	8448
0.0	147456.0	1761.319035	8449
0.0	114688.0	1813.92208	8450
0.0	147456.0	1765.616675	8451
0.0	131072.0	1846.77089	8452
0.0	147456.0	1762.269532	8453
0.0	163840.0	1746.90893	8454
0.0	131072.0	1786.075603	8455
0.0	131072.0	1785.294609	8456
0.0	147456.0	1763.322033	8457
0.0	81920.0	1837.586278	8458
0.0	147456.0	1761.618206	8459
0.0	114688.0	1812.346068	8460
0.0	147456.0	1764.881285	8461
0.0	163840.0	1745.115203	8462
0.0	147456.0	1763.25609	8463
0.0	131072.0	1779.77591	8464
0.0	131072.0	1783.121634	8465
0.0	131072.0	1779.529733	8466
0.0	163840.0	1750.352969	8467
0.0	180224.0	1726.154769	8468
0.0	114688.0	1797.940876	8469
0.0	114688.0	1797.154562	8470
2.0	1638400.0	1921.284511	8471
0.0	180224.0	1716.436816	8472
0.0	114688.0	1795.418507	8473
2.0	1638400.0	1923.645618	8474
0.0	49152.0	1884.6994	8475
0.0	147456.0	1764.404925	8476
0.0	147456.0	1752.969164	8477
0.0	163840.0	1735.856304	8478
1.0	1638400.0	1921.129098	8479
0.0	163840.0	1735.934891	8480
0.0	131072.0	1775.911146	8481
0.0	147456.0	1761.33292	8482
0.0	131072.0	1782.201545	8483
0.0	163840.0	1750.114378	8484
2.0	1638400.0	1918.886027	8485
0.0	131072.0	1780.438489	8486
0.0	163840.0	1733.44896	8487
0.0	147456.0	1748.433586	8488
0.0	131072.0	1775.451558	8489
0.0	147456.0	1744.796132	8490
0.0	147456.0	1746.72216	8491
0.0	147456.0	1747.403321	8492
0.0	131072.0	1851.602106	8493
0.0	180224.0	1702.717814	8494
0.0	163840.0	1732.446159	8495
0.0	147456.0	1740.331844	8496
0.0	147456.0	1619.082839	8801
0.0	163840.0	1653.595356	8802
0.0	147456.0	1667.565796	8803
0.0	147456.0	1664.861993	8804
0.0	147456.0	1665.104681	8805
1.0	1638400.0	1820.99838	8806
0.0	180224.0	1630.352771	8807
0.0	147456.0	1664.237454	8808
0.0	163840.0	1648.88468	8809
0.0	147456.0	1666.219714	8810
1.0	1638400.0	1822.858903	8811
0.0	147456.0	1671.51237	8812
1.0	1638400.0	1825.277726	8813
0.0	131072.0	1683.053689	8814
0.0	147456.0	1675.815776	8815
0.0	147456.0	1664.169989	8816
0.0	131072.0	1684.187584	8817
0.0	180224.0	1638.910035	8818
0.0	163840.0	1656.27012	8819
0.0	163840.0	1650.005371	8820
1.0	1638400.0	1822.949233	8821
0.0	163840.0	1650.424877	8822
0.0	147456.0	1668.039824	8823
0.0	147456.0	1688.363817	8824
1.0	1638400.0	1842.808763	8825
0.0	147456.0	1679.8065	8826
0.0	163840.0	1679.819465	8827
0.0	147456.0	1691.174415	8828
0.0	131072.0	1700.625735	8829
0.0	98304.0	1827.523109	8830
0.0	147456.0	1761.746999	8831
0.0	163840.0	1745.803307	8832
1.0	1638400.0	1929.472571	8833
0.0	131072.0	1780.540965	8834
1.0	1638400.0	1931.815598	8835
0.0	147456.0	1765.448731	8836
1.0	1638400.0	1935.001558	8837
0.0	147456.0	1766.253708	8838
0.0	147456.0	1763.542028	8839
0.0	163840.0	1745.586583	8840
0.0	49152.0	1875.141672	8841
0.0	98304.0	1820.041596	8842
0.0	147456.0	1765.025901	8843
1.0	1638400.0	1934.01882	8844
0.0	147456.0	1767.11266	8845
0.0	147456.0	1995.805586	8846
0.0	147456.0	1768.969161	8847
1.0	1638400.0	1931.546094	8848
0.0	147456.0	1772.192345	8849
0.0	131072.0	1781.615333	8850
0.0	147456.0	1762.561553	8851
0.0	131072.0	1780.922672	8852
0.0	163840.0	1750.644133	8853
0.0	163840.0	1745.720533	8854
0.0	147456.0	1762.828443	8855
1.0	1638400.0	1930.301954	8856
0.0	147456.0	1766.062376	8857
0.0	163840.0	1742.379522	8858
0.0	131072.0	1789.92261	8859
0.0	163840.0	1743.105705	8860
0.0	131072.0	1781.678405	8861
0.0	147456.0	1762.383694	8862
1.0	1638400.0	1931.242484	8863
0.0	114688.0	1805.265347	8864
1.0	1638400.0	1949.994578	8865
0.0	163840.0	1748.354561	8866
1.0	1638400.0	1928.956073	8867
0.0	147456.0	1768.848363	8868
0.0	163840.0	1742.982829	8869
0.0	163840.0	1745.272224	8870
0.0	131072.0	1772.920035	8871
0.0	131072.0	1771.159729	8872
0.0	114688.0	1796.536515	8873
0.0	147456.0	1754.596317	8874
1.0	1638400.0	1920.824961	8875
1.0	1638400.0	1920.837209	8876
0.0	163840.0	1735.818656	8877
0.0	163840.0	1735.884992	8878
0.0	163840.0	1732.793764	8879
0.0	147456.0	1756.728862	8880
0.0	147456.0	1759.057521	8881
0.0	131072.0	1783.768618	8882
0.0	131072.0	1780.364217	8883
0.0	147456.0	1755.747606	8884
0.0	147456.0	1754.373539	8885
0.0	196608.0	1697.241778	8886
0.0	180224.0	1712.318669	8887
0.0	180224.0	1709.284227	8888
0.0	147456.0	1746.936993	8889
0.0	49152.0	1857.384023	8890
0.0	163840.0	1736.60095	8891
0.0	147456.0	1741.350858	8892
1.0	1638400.0	1903.503836	8893
0.0	131072.0	1758.522264	8894
2.0	1638400.0	1914.357747	8895
0.0	98304.0	1667.963745	9201
0.0	131072.0	1694.686319	9202
0.0	114688.0	1695.151997	9203
0.0	147456.0	1676.58989	9204
0.0	131072.0	1680.228001	9205
0.0	163840.0	1646.736649	9206
0.0	147456.0	1671.66641	9207
0.0	163840.0	1646.331672	9208
0.0	147456.0	1665.870292	9209
0.0	147456.0	1664.605315	9210
0.0	147456.0	1666.168789	9211
0.0	163840.0	1654.240636	9212
1.0	1638400.0	1822.950781	9213
1.0	1638400.0	1827.744644	9214
0.0	131072.0	1692.486939	9215
0.0	147456.0	1678.075611	9216
0.0	147456.0	1666.890744	9217
0.0	180224.0	1630.492312	9218
0.0	131072.0	1689.20053	9219
1.0	1638400.0	1831.398442	9220
0.0	163840.0	1646.456737	9221
0.0	147456.0	1668.438496	9222
0.0	147456.0	1660.934691	9223
0.0	131072.0	1697.439582	9224
0.0	147456.0	1679.302917	9225
0.0	131072.0	1700.153158	9226
0.0	114688.0	1719.353063	9227
0.0	180224.0	1653.317493	9228
1.0	1638400.0	1841.729196	9229
0.0	147456.0	1780.140009	9230
0.0	114688.0	1802.18303	9231
0.0	131072.0	1784.387752	9232
0.0	114688.0	1805.591777	9233
1.0	1638400.0	1933.267946	9234
0.0	131072.0	1783.16134	9235
1.0	1638400.0	1985.183473	9236
0.0	147456.0	1765.824243	9237
0.0	180224.0	1724.35682	9238
1.0	1638400.0	1932.652822	9239
0.0	163840.0	1747.72581	9240
0.0	114688.0	1802.908103	9241
0.0	114688.0	1798.324915	9242
0.0	163840.0	1742.777071	9243
0.0	147456.0	1779.259388	9244
0.0	147456.0	1763.163053	9245
0.0	131072.0	1783.118299	9246
0.0	147456.0	1760.250494	9247
0.0	131072.0	1782.209101	9248
0.0	131072.0	1787.827387	9249
0.0	147456.0	1779.143181	9250
0.0	163840.0	1746.072886	9251
0.0	147456.0	1792.673976	9252
0.0	131072.0	1780.042198	9253
0.0	147456.0	1762.864154	9254
0.0	147456.0	1760.821824	9255
0.0	147456.0	1761.718458	9256
1.0	1638400.0	1932.151893	9257
0.0	131072.0	2106.28988	9258
0.0	147456.0	1771.049538	9259
0.0	131072.0	1791.092349	9260
1.0	1638400.0	1935.105342	9261
0.0	147456.0	1760.930864	9262
0.0	180224.0	1727.026073	9263
0.0	163840.0	1743.893055	9264
0.0	147456.0	1764.002905	9265
0.0	147456.0	1761.581252	9266
0.0	163840.0	1742.776698	9267
0.0	163840.0	1743.489873	9268
1.0	1638400.0	1925.022442	9269
0.0	147456.0	1758.031874	9270
0.0	163840.0	1735.18326	9271
0.0	49152.0	1875.292287	9272
0.0	163840.0	1735.482589	9273
0.0	163840.0	1735.758584	9274
0.0	147456.0	1756.475881	9275
0.0	147456.0	1754.205439	9276
0.0	147456.0	1752.86412	9277
0.0	81920.0	1825.903261	9278
0.0	163840.0	1733.124053	9279
0.0	147456.0	1755.434891	9280
0.0	131072.0	1787.874705	9281
0.0	147456.0	1764.401233	9282
0.0	163840.0	1742.759936	9283
0.0	131072.0	1784.706955	9284
0.0	163840.0	1735.224899	9285
0.0	163840.0	1736.365919	9286
0.0	114688.0	1789.157865	9287
0.0	163840.0	1728.693936	9288
0.0	131072.0	1770.75857	9289
0.0	131072.0	1773.554822	9290
0.0	131072.0	1782.706758	9291
0.0	163840.0	1726.9946	9292
0.0	131072.0	1754.475711	9293
0.0	131072.0	1759.841276	9294
0.0	163840.0	1721.192134	9295
0.0	180224.0	1703.35242	9296
0.0	147456.0	1466.073802	10000
0.0	131072.0	1473.744769	9601
0.0	147456.0	1454.740493	9602
0.0	131072.0	1575.000119	9603
0.0	180224.0	1543.103878	9604
0.0	147456.0	1589.539123	9605
0.0	147456.0	1575.684977	9606
1.0	1638400.0	1740.371407	9607
0.0	147456.0	1580.70095	9608
0.0	32768.0	1696.479321	9609
0.0	131072.0	1668.25895	9610
0.0	180224.0	1744.824281	9611
0.0	147456.0	1792.595772	9612
0.0	163840.0	1767.517037	9613
0.0	131072.0	1804.930547	9614
0.0	180224.0	1753.906221	9615
0.0	98304.0	1839.632754	9616
0.0	147456.0	1786.872051	9617
1.0	1638400.0	1958.035307	9618
0.0	131072.0	1822.540144	9619
0.0	147456.0	1820.291928	9620
0.0	147456.0	1840.274478	9621
0.0	98304.0	1876.123029	9622
1.0	1638400.0	1956.397676	9623
0.0	147456.0	1769.009308	9624
0.0	147456.0	1767.779956	9625
1.0	1638400.0	1947.640543	9626
0.0	147456.0	1768.723445	9627
0.0	131072.0	1783.046054	9628
0.0	131072.0	1785.785731	9629
0.0	163840.0	1748.076592	9630
0.0	163840.0	1747.834087	9631
1.0	1638400.0	1937.301717	9632
1.0	1638400.0	1940.092608	9633
0.0	131072.0	1785.18649	9634
0.0	147456.0	1768.985245	9635
0.0	163840.0	1752.118625	9636
0.0	147456.0	1767.549821	9637
0.0	147456.0	1767.217193	9638
0.0	147456.0	1769.939834	9639
0.0	163840.0	1749.15603	9640
0.0	163840.0	1753.326105	9641
0.0	131072.0	1789.399256	9642
0.0	131072.0	1782.085299	9643
0.0	147456.0	1764.274455	9644
0.0	163840.0	1744.268618	9645
0.0	147456.0	1762.124542	9646
0.0	163840.0	1743.763019	9647
0.0	163840.0	1745.793227	9648
0.0	163840.0	1743.849116	9649
0.0	131072.0	1792.94809	9650
0.0	147456.0	1767.830545	9651
0.0	147456.0	1766.857386	9652
0.0	163840.0	1751.790116	9653
0.0	147456.0	1776.727963	9654
0.0	49152.0	1883.611912	9655
0.0	147456.0	1765.949837	9656
0.0	131072.0	1789.273389	9657
1.0	1638400.0	1935.242959	9658
0.0	147456.0	1768.890148	9659
0.0	147456.0	1767.63488	9660
0.0	147456.0	1777.285532	9661
0.0	131072.0	1791.420726	9662
0.0	180224.0	1731.960847	9663
0.0	98304.0	1823.262336	9664
0.0	163840.0	1759.280661	9665
1.0	1638400.0	1943.081567	9666
0.0	147456.0	1768.216455	9667
0.0	163840.0	1747.151798	9668
0.0	16384.0	1914.110814	9669
1.0	1638400.0	1932.514181	9670
0.0	147456.0	1779.885435	9671
0.0	131072.0	1786.265029	9672
0.0	131072.0	1790.618383	9673
1.0	1638400.0	1945.026692	9674
0.0	147456.0	1773.573711	9675
0.0	147456.0	1770.55657	9676
0.0	163840.0	1749.727341	9677
0.0	147456.0	1766.063508	9678
0.0	147456.0	1770.016204	9679
0.0	147456.0	1780.561401	9680
0.0	131072.0	1785.989366	9681
0.0	147456.0	1782.369084	9682
0.0	65536.0	1862.589398	9683
0.0	180224.0	1734.319993	9684
0.0	163840.0	1757.964586	9685
0.0	163840.0	1748.782654	9686
0.0	131072.0	1802.469127	9687
0.0	147456.0	1767.544687	9688
0.0	147456.0	1770.668673	9689
0.0	163840.0	1750.614287	9690
0.0	163840.0	1750.665465	9691
0.0	163840.0	1748.032751	9692
0.0	147456.0	1772.518439	9693
0.0	147456.0	1764.63784	9694
