#SA coloring
#N=65536  nIter=655360  c=12.05   NSamples=1198
#av(e)	4.801335559265443
#std(e)	0.06208868245767947
#av(t)	3174.6564250534225
#std(t)	6.174764031822394
6.0	655360.0	2873.560522	100
6.0	655360.0	2880.791567	101
9.0	655360.0	2909.790271	102
3.0	655360.0	2907.608216	103
8.0	655360.0	2936.34555	104
7.0	655360.0	2886.748571	105
6.0	655360.0	2892.519875	106
7.0	655360.0	2896.483788	107
4.0	655360.0	2892.153874	108
4.0	655360.0	2896.97904	109
7.0	655360.0	2898.179644	10
2.0	655360.0	3131.000062	110
7.0	655360.0	3237.396085	111
3.0	655360.0	3242.452775	112
6.0	655360.0	3253.035252	113
3.0	655360.0	3232.751443	114
2.0	655360.0	3222.222119	115
5.0	655360.0	3242.195332	116
2.0	655360.0	3255.912001	117
4.0	655360.0	3260.338282	118
4.0	655360.0	3243.26057	119
6.0	655360.0	3238.390425	11
4.0	655360.0	3262.91158	120
6.0	655360.0	3259.208054	121
4.0	655360.0	3249.620847	122
8.0	655360.0	3255.078687	123
5.0	655360.0	3245.708187	124
3.0	655360.0	3222.59334	125
3.0	655360.0	3245.651787	126
8.0	655360.0	3246.28885	127
5.0	655360.0	3244.456203	128
5.0	655360.0	3254.811976	129
7.0	655360.0	3241.386195	12
4.0	655360.0	3220.285656	130
5.0	655360.0	3246.500833	131
3.0	655360.0	3292.929074	132
2.0	655360.0	3285.417673	133
3.0	655360.0	3287.725348	134
4.0	655360.0	3290.23191	135
6.0	655360.0	3260.64443	136
5.0	655360.0	3266.25712	137
9.0	655360.0	3251.117729	138
7.0	655360.0	3253.947661	139
7.0	655360.0	3236.632239	13
5.0	655360.0	3268.024884	140
4.0	655360.0	3291.317557	141
5.0	655360.0	3263.513581	142
4.0	655360.0	3274.286448	143
2.0	655360.0	2872.293349	401
3.0	655360.0	2886.435485	402
4.0	655360.0	2910.866069	403
8.0	655360.0	2907.031023	404
3.0	655360.0	2920.274591	405
4.0	655360.0	2884.422247	406
4.0	655360.0	2894.343229	407
7.0	655360.0	2888.114446	408
8.0	655360.0	2894.357388	409
5.0	655360.0	2889.299204	410
7.0	655360.0	2899.300679	411
6.0	655360.0	3121.065453	412
8.0	655360.0	3233.016394	413
6.0	655360.0	3228.184805	414
4.0	655360.0	3225.90585	415
4.0	655360.0	3232.597271	416
1.0	655360.0	3210.442113	417
8.0	655360.0	3250.209791	418
7.0	655360.0	3254.144104	419
5.0	655360.0	3254.652935	420
4.0	655360.0	3247.31973	421
8.0	655360.0	3235.888634	422
6.0	655360.0	3255.837808	423
5.0	655360.0	3256.677421	424
5.0	655360.0	3250.027582	425
3.0	655360.0	3246.689196	426
10.0	655360.0	3254.868674	427
3.0	655360.0	3253.449481	428
6.0	655360.0	3237.180375	429
3.0	655360.0	3244.7091	430
6.0	655360.0	3241.638968	431
8.0	655360.0	3249.620295	432
1.0	655360.0	3240.01644	433
10.0	655360.0	3261.670356	434
6.0	655360.0	3252.145721	435
4.0	655360.0	3301.898771	436
4.0	655360.0	3292.98203	437
1.0	655360.0	3284.414496	438
7.0	655360.0	3280.061944	439
6.0	655360.0	3254.189112	440
5.0	655360.0	3256.426707	441
7.0	655360.0	3250.802188	442
3.0	655360.0	3253.138598	443
4.0	655360.0	3245.061161	444
6.0	655360.0	3253.151311	445
6.0	655360.0	3276.049331	446
2.0	655360.0	3259.276181	447
6.0	655360.0	3258.021278	448
5.0	655360.0	2871.561961	1000
6.0	655360.0	2882.595319	1001
4.0	655360.0	2902.705643	1002
3.0	655360.0	2912.009913	1003
6.0	655360.0	2918.899095	1004
3.0	655360.0	3329.208928	1005
3.0	655360.0	2892.417835	1006
7.0	655360.0	2894.749985	1007
3.0	655360.0	2895.936218	1008
6.0	655360.0	2890.527943	1009
6.0	655360.0	2889.728499	1010
4.0	655360.0	3216.511868	1011
7.0	655360.0	3236.509399	1012
4.0	655360.0	3234.339997	1013
3.0	655360.0	3227.704098	1014
5.0	655360.0	3240.443432	1015
7.0	655360.0	3217.842198	1016
6.0	655360.0	3231.342808	1017
9.0	655360.0	3262.069615	1018
10.0	655360.0	3264.914859	1019
2.0	655360.0	3235.933272	1020
1.0	655360.0	3233.915748	1021
6.0	655360.0	3278.17859	1022
6.0	655360.0	3261.880636	1023
4.0	655360.0	3252.284508	1024
6.0	655360.0	3250.634125	1025
5.0	655360.0	3245.681229	1026
6.0	655360.0	3215.377243	1027
9.0	655360.0	3248.954607	1028
10.0	655360.0	3244.45103	1029
5.0	655360.0	3248.975337	1030
4.0	655360.0	3246.929177	1031
4.0	655360.0	3249.896001	1032
6.0	655360.0	3216.111153	1033
4.0	655360.0	3257.622842	1034
5.0	655360.0	3313.560188	1035
4.0	655360.0	3270.983205	1036
6.0	655360.0	3272.703131	1037
5.0	655360.0	3297.8148	1038
3.0	655360.0	3250.693704	1039
3.0	655360.0	3256.083594	1040
5.0	655360.0	3246.86856	1041
5.0	655360.0	3244.938174	1042
3.0	655360.0	3234.894419	1043
9.0	655360.0	3261.71176	1044
3.0	655360.0	3280.125161	1045
6.0	655360.0	3254.997492	1046
5.0	655360.0	3262.227881	1047
5.0	655360.0	2869.151211	1201
0.0	26212.0	2765.480231	1202
6.0	655360.0	2897.671546	1203
2.0	655360.0	2909.633303	1204
5.0	655360.0	2923.735003	1205
3.0	655360.0	2888.624658	1206
6.0	655360.0	2898.697661	1207
7.0	655360.0	2901.742732	1208
3.0	655360.0	2896.061955	1209
3.0	655360.0	2900.477495	1210
4.0	655360.0	2897.424019	1211
5.0	655360.0	3113.024435	1212
6.0	655360.0	3234.731804	1213
7.0	655360.0	3224.973716	1214
6.0	655360.0	3236.347587	1215
7.0	655360.0	3233.88449	1216
6.0	655360.0	3222.795991	1217
6.0	655360.0	3241.365666	1218
3.0	655360.0	3315.080744	1219
4.0	655360.0	3256.727238	1220
7.0	655360.0	3245.554918	1221
4.0	655360.0	3244.231259	1222
3.0	655360.0	3254.177899	1223
4.0	655360.0	3256.184832	1224
5.0	655360.0	3250.608622	1225
6.0	655360.0	3244.904115	1226
4.0	655360.0	3256.35675	1227
6.0	655360.0	3222.615748	1228
3.0	655360.0	3249.569478	1229
4.0	655360.0	3246.345823	1230
7.0	655360.0	3257.893577	1231
2.0	655360.0	3261.610125	1232
8.0	655360.0	3255.175223	1233
3.0	655360.0	3230.158648	1234
3.0	655360.0	3257.342866	1235
6.0	655360.0	3301.165827	1236
2.0	655360.0	3307.098496	1237
3.0	655360.0	3277.821366	1238
6.0	655360.0	3283.677706	1239
1.0	655360.0	3261.035629	1240
4.0	655360.0	3268.417736	1241
3.0	655360.0	3262.29652	1242
1.0	655360.0	3249.603179	1243
4.0	655360.0	3242.497298	1244
3.0	655360.0	3268.941349	1245
4.0	655360.0	3283.185113	1246
2.0	655360.0	3261.62006	1247
8.0	655360.0	3270.180862	1248
3.0	655360.0	2875.094685	1601
5.0	655360.0	2914.347057	1602
2.0	655360.0	2906.973095	1603
10.0	655360.0	2918.021111	1604
6.0	655360.0	2932.777331	1605
4.0	655360.0	2887.028416	1606
4.0	655360.0	2894.746169	1607
6.0	655360.0	2890.624173	1608
5.0	655360.0	2897.256542	1609
4.0	655360.0	2899.056262	1610
11.0	655360.0	2899.632056	1611
3.0	655360.0	3127.99496	1612
5.0	655360.0	3233.163136	1613
4.0	655360.0	3273.866689	1614
3.0	655360.0	3237.086176	1615
4.0	655360.0	3239.168192	1616
5.0	655360.0	3230.529863	1617
6.0	655360.0	3248.06229	1618
2.0	655360.0	3246.361345	1619
5.0	655360.0	3253.916015	1620
5.0	655360.0	3239.85313	1621
3.0	655360.0	3241.26942	1622
3.0	655360.0	3255.158554	1623
3.0	655360.0	3265.566969	1624
1.0	655360.0	3243.550963	1625
4.0	655360.0	3253.659776	1626
3.0	655360.0	3253.468405	1627
4.0	655360.0	3219.816765	1628
5.0	655360.0	3241.310975	1629
3.0	655360.0	3254.370512	1630
6.0	655360.0	3249.105882	1631
7.0	655360.0	3248.752538	1632
6.0	655360.0	3249.548287	1633
7.0	655360.0	3251.29226	1634
3.0	655360.0	3254.526228	1635
11.0	655360.0	3308.16502	1636
2.0	655360.0	3283.706689	1637
9.0	655360.0	3281.364033	1638
0.0	52424.0	3029.598938	1639
3.0	655360.0	3286.464755	1640
6.0	655360.0	3263.939754	1641
6.0	655360.0	3251.961282	1642
8.0	655360.0	3250.707567	1643
5.0	655360.0	3246.551735	1644
5.0	655360.0	3261.105215	1645
6.0	655360.0	3287.751636	1646
4.0	655360.0	3269.737437	1647
6.0	655360.0	3270.75575	1648
4.0	655360.0	2871.097771	2001
3.0	655360.0	2994.2544	2002
5.0	655360.0	2893.907611	2003
9.0	655360.0	2916.057754	2004
2.0	655360.0	2913.983033	2005
6.0	655360.0	2882.461908	2006
5.0	655360.0	2899.476179	2007
5.0	655360.0	2889.111494	2008
7.0	655360.0	2890.317972	2009
5.0	655360.0	2891.191813	2010
5.0	655360.0	2892.250323	2011
2.0	655360.0	3129.720152	2012
5.0	655360.0	3239.448763	2013
7.0	655360.0	3232.770609	2014
4.0	655360.0	3236.009836	2015
4.0	655360.0	3237.523609	2016
5.0	655360.0	3217.196605	2017
9.0	655360.0	3244.824603	2018
1.0	655360.0	3259.109229	2019
4.0	655360.0	3262.929783	2020
7.0	655360.0	3246.754584	2021
2.0	655360.0	3239.585458	2022
4.0	655360.0	3253.414173	2023
1.0	655360.0	3261.683188	2024
6.0	655360.0	3273.267296	2025
5.0	655360.0	3251.399486	2026
7.0	655360.0	3243.915989	2027
3.0	655360.0	3220.08415	2028
3.0	655360.0	3244.928134	2029
2.0	655360.0	3243.503888	2030
9.0	655360.0	3250.56316	2031
1.0	655360.0	3259.812001	2032
9.0	655360.0	3245.022296	2033
7.0	655360.0	3220.034721	2034
5.0	655360.0	3262.657591	2035
4.0	655360.0	3319.505949	2036
3.0	655360.0	3299.819703	2037
6.0	655360.0	3278.340319	2038
2.0	655360.0	3290.107617	2039
2.0	655360.0	3275.826278	2040
6.0	655360.0	3256.361173	2041
4.0	655360.0	3245.215549	2042
4.0	655360.0	3252.925364	2043
4.0	655360.0	3231.770688	2044
5.0	655360.0	3266.14953	2045
5.0	655360.0	3284.084719	2046
7.0	655360.0	3262.400655	2047
7.0	655360.0	3269.291983	2048
4.0	655360.0	2878.160896	2401
5.0	655360.0	2881.361476	2402
8.0	655360.0	2899.161837	2403
4.0	655360.0	2905.620182	2404
2.0	655360.0	2918.334539	2405
4.0	655360.0	2907.128126	2406
6.0	655360.0	2910.872012	2407
5.0	655360.0	2897.440546	2408
4.0	655360.0	2892.203682	2409
4.0	655360.0	2900.900628	2410
5.0	655360.0	2898.893508	2411
6.0	655360.0	3121.332249	2412
2.0	655360.0	3234.21412	2413
2.0	655360.0	3238.515421	2414
4.0	655360.0	3237.89303	2415
2.0	655360.0	3237.5492	2416
5.0	655360.0	3223.466228	2417
3.0	655360.0	3240.515894	2418
4.0	655360.0	3251.329689	2419
6.0	655360.0	3260.810132	2420
6.0	655360.0	3246.609316	2421
7.0	655360.0	3243.231117	2422
5.0	655360.0	3268.760661	2423
4.0	655360.0	3259.581275	2424
5.0	655360.0	3250.191481	2425
3.0	655360.0	3245.538766	2426
7.0	655360.0	3259.977904	2427
9.0	655360.0	3222.963652	2428
7.0	655360.0	3245.734135	2429
3.0	655360.0	3242.272929	2430
4.0	655360.0	3247.78455	2431
5.0	655360.0	3248.18972	2432
5.0	655360.0	3240.18796	2433
10.0	655360.0	3224.90902	2434
5.0	655360.0	3262.114836	2435
2.0	655360.0	3304.889264	2436
3.0	655360.0	3286.521474	2437
6.0	655360.0	3282.930135	2438
7.0	655360.0	3310.433281	2439
4.0	655360.0	3258.59202	2440
2.0	655360.0	3262.806098	2441
5.0	655360.0	3243.367625	2442
6.0	655360.0	3239.194371	2443
2.0	655360.0	3229.919385	2444
3.0	655360.0	3268.452812	2445
6.0	655360.0	3284.536309	2446
9.0	655360.0	3254.387058	2447
3.0	655360.0	3255.135192	2448
8.0	655360.0	2879.694109	2801
9.0	655360.0	2904.563563	2802
3.0	655360.0	2915.150642	2803
5.0	655360.0	2912.593188	2804
4.0	655360.0	2917.877622	2805
3.0	655360.0	2894.537769	2806
4.0	655360.0	2896.109596	2807
6.0	655360.0	2896.979034	2808
4.0	655360.0	2890.110483	2809
3.0	655360.0	2907.143123	2810
5.0	655360.0	2889.747788	2811
2.0	655360.0	3150.024962	2812
6.0	655360.0	3228.312106	2813
7.0	655360.0	3246.752743	2814
5.0	655360.0	3242.627255	2815
9.0	655360.0	3235.02108	2816
3.0	655360.0	3205.66261	2817
9.0	655360.0	3239.838633	2818
5.0	655360.0	3254.030598	2819
7.0	655360.0	3261.739963	2820
7.0	655360.0	8277.358096	2821
7.0	655360.0	3265.229434	2822
5.0	655360.0	3258.149338	2823
2.0	655360.0	3253.682972	2824
9.0	655360.0	3253.846647	2825
4.0	655360.0	3246.213051	2826
4.0	655360.0	3248.403583	2827
5.0	655360.0	3246.660013	2828
2.0	655360.0	3247.617207	2829
7.0	655360.0	3249.547262	2830
6.0	655360.0	3255.580989	2831
4.0	655360.0	3234.038465	2832
2.0	655360.0	3255.662283	2833
8.0	655360.0	3283.853409	2834
6.0	655360.0	3313.283061	2835
8.0	655360.0	3292.712159	2836
6.0	655360.0	3266.333971	2837
4.0	655360.0	3286.341798	2838
4.0	655360.0	3240.634875	2839
4.0	655360.0	3260.255375	2840
6.0	655360.0	3252.454114	2841
6.0	655360.0	3249.774471	2842
4.0	655360.0	3221.740238	2843
10.0	655360.0	3274.402229	2844
5.0	655360.0	3283.962763	2845
3.0	655360.0	3233.896009	2846
6.0	655360.0	2871.968396	3201
7.0	655360.0	2900.266674	3202
4.0	655360.0	2905.44857	3203
2.0	655360.0	2912.159779	3204
4.0	655360.0	2918.759456	3205
8.0	655360.0	2885.769593	3206
5.0	655360.0	2893.894462	3207
5.0	655360.0	2894.500244	3208
6.0	655360.0	2890.53272	3209
3.0	655360.0	2898.306966	3210
3.0	655360.0	2892.284233	3211
3.0	655360.0	3153.176698	3212
4.0	655360.0	3233.634914	3213
2.0	655360.0	3243.567902	3214
5.0	655360.0	3234.130295	3215
7.0	655360.0	3240.398163	3216
6.0	655360.0	3219.727808	3217
4.0	655360.0	3234.873492	3218
7.0	655360.0	3257.242225	3219
4.0	655360.0	3252.936284	3220
6.0	655360.0	3264.649473	3221
2.0	655360.0	3249.709525	3222
5.0	655360.0	3261.294776	3223
4.0	655360.0	3249.323892	3224
3.0	655360.0	3246.528031	3225
6.0	655360.0	3253.275339	3226
1.0	655360.0	3248.804963	3227
2.0	655360.0	3219.658552	3228
4.0	655360.0	3242.04966	3229
6.0	655360.0	3251.803613	3230
2.0	655360.0	3246.180444	3231
2.0	655360.0	3250.551337	3232
4.0	655360.0	3249.128908	3233
6.0	655360.0	3217.942848	3234
8.0	655360.0	3247.587631	3235
6.0	655360.0	3295.675938	3236
5.0	655360.0	3286.878175	3237
8.0	655360.0	3275.331019	3238
8.0	655360.0	3295.900029	3239
6.0	655360.0	3267.130099	3240
4.0	655360.0	3259.242138	3241
9.0	655360.0	3245.514341	3242
5.0	655360.0	3252.937313	3243
5.0	655360.0	3236.340725	3244
4.0	655360.0	3361.823458	3245
4.0	655360.0	3275.061938	3246
5.0	655360.0	3259.888651	3247
7.0	655360.0	3275.301281	3248
3.0	655360.0	2871.600436	3601
3.0	655360.0	2908.683225	3602
7.0	655360.0	2896.934944	3603
8.0	655360.0	2911.418742	3604
6.0	655360.0	2918.908041	3605
3.0	655360.0	2882.948747	3606
7.0	655360.0	2900.839916	3607
4.0	655360.0	2896.306611	3608
3.0	655360.0	2896.871078	3609
4.0	655360.0	2894.856263	3610
4.0	655360.0	2891.119301	3611
6.0	655360.0	3152.221077	3612
8.0	655360.0	3228.674107	3613
5.0	655360.0	3338.344685	3614
5.0	655360.0	3248.179995	3615
7.0	655360.0	3232.128567	3616
8.0	655360.0	3217.285197	3617
2.0	655360.0	3240.367777	3618
2.0	655360.0	3259.937166	3619
4.0	655360.0	3247.843244	3620
3.0	655360.0	3235.148421	3621
2.0	655360.0	3237.657602	3622
6.0	655360.0	3269.636507	3623
9.0	655360.0	3253.487124	3624
3.0	655360.0	3249.180266	3625
3.0	655360.0	3255.424302	3626
7.0	655360.0	3259.213177	3627
2.0	655360.0	3226.728515	3628
6.0	655360.0	3250.715041	3629
12.0	655360.0	3238.719521	3630
2.0	655360.0	3359.811176	3631
1.0	655360.0	3246.324491	3632
7.0	655360.0	3247.427765	3633
6.0	655360.0	3245.078474	3634
6.0	655360.0	3253.259326	3635
9.0	655360.0	3319.278783	3636
4.0	655360.0	3272.871437	3637
3.0	655360.0	3281.169919	3638
2.0	655360.0	3287.270127	3639
2.0	655360.0	3269.447894	3640
5.0	655360.0	3250.945626	3641
0.0	655360.0	3255.847911	3642
3.0	655360.0	3253.953533	3643
4.0	655360.0	3225.691422	3644
8.0	655360.0	3263.795513	3645
5.0	655360.0	3371.908891	3646
8.0	655360.0	3261.071057	3647
6.0	655360.0	3261.881845	3648
5.0	655360.0	2877.30457	4001
2.0	655360.0	2888.621436	4002
7.0	655360.0	2896.418821	4003
5.0	655360.0	2913.808787	4004
0.0	58977.0	2665.448638	4005
7.0	655360.0	2898.003891	4006
6.0	655360.0	2896.420059	4007
6.0	655360.0	2895.837226	4008
7.0	655360.0	2900.115329	4009
3.0	655360.0	2895.290756	4010
4.0	655360.0	2893.000633	4011
7.0	655360.0	3092.705161	4012
5.0	655360.0	3241.103267	4013
7.0	655360.0	3231.249952	4014
4.0	655360.0	3232.290958	4015
6.0	655360.0	3223.601929	4016
1.0	655360.0	3230.508893	4017
7.0	655360.0	3243.107492	4018
2.0	655360.0	3249.999204	4019
6.0	655360.0	3255.969076	4020
5.0	655360.0	3245.252313	4021
12.0	655360.0	3248.17953	4022
5.0	655360.0	3212.606373	4023
9.0	655360.0	3252.607822	4024
2.0	655360.0	3246.023346	4025
5.0	655360.0	3252.692629	4026
5.0	655360.0	3242.971443	4027
5.0	655360.0	3245.884378	4028
1.0	655360.0	3243.74593	4029
4.0	655360.0	3244.181015	4030
2.0	655360.0	3245.008586	4031
0.0	39318.0	3066.589412	4032
7.0	655360.0	3250.960717	4033
3.0	655360.0	3247.918111	4034
7.0	655360.0	3256.43907	4035
7.0	655360.0	3293.897237	4036
1.0	655360.0	3304.931187	4037
6.0	655360.0	3301.675875	4038
2.0	655360.0	3275.272365	4039
6.0	655360.0	3285.838315	4040
6.0	655360.0	3221.901494	4041
4.0	655360.0	3255.657754	4042
4.0	655360.0	3250.309838	4043
2.0	655360.0	3241.611749	4044
4.0	655360.0	3260.33687	4045
5.0	655360.0	3281.268552	4046
3.0	655360.0	3274.303084	4047
6.0	655360.0	3268.457311	4048
3.0	655360.0	2872.270193	4401
4.0	655360.0	2880.494189	4402
2.0	655360.0	2896.579225	4403
3.0	655360.0	2911.007356	4404
5.0	655360.0	2922.262804	4405
4.0	655360.0	2894.829992	4406
1.0	655360.0	2901.29889	4407
8.0	655360.0	2926.500787	4408
10.0	655360.0	2899.907013	4409
5.0	655360.0	2905.884052	4410
4.0	655360.0	2892.579636	4411
6.0	655360.0	3123.206343	4412
2.0	655360.0	3224.004633	4413
7.0	655360.0	3229.711168	4414
6.0	655360.0	3232.183123	4415
5.0	655360.0	3231.966073	4416
5.0	655360.0	3216.825987	4417
5.0	655360.0	3234.081254	4418
4.0	655360.0	3248.666212	4419
2.0	655360.0	3258.913261	4420
6.0	655360.0	3252.409325	4421
5.0	655360.0	3246.626609	4422
3.0	655360.0	3260.418335	4423
9.0	655360.0	3258.804803	4424
4.0	655360.0	3242.421865	4425
7.0	655360.0	3246.540891	4426
3.0	655360.0	3254.43419	4427
2.0	655360.0	3218.734115	4428
4.0	655360.0	3258.542578	4429
8.0	655360.0	3238.936704	4430
3.0	655360.0	3244.48473	4431
4.0	655360.0	3245.576633	4432
5.0	655360.0	3244.052936	4433
6.0	655360.0	3237.863043	4434
8.0	655360.0	3259.593514	4435
6.0	655360.0	3292.917473	4436
5.0	655360.0	3283.555203	4437
3.0	655360.0	3286.231724	4438
5.0	655360.0	3281.847269	4439
6.0	655360.0	3279.365455	4440
5.0	655360.0	3275.033271	4441
4.0	655360.0	3246.616487	4442
4.0	655360.0	3246.982157	4443
9.0	655360.0	3235.402673	4444
2.0	655360.0	3262.517724	4445
6.0	655360.0	3321.412319	4446
3.0	655360.0	3269.358896	4447
4.0	655360.0	3261.147155	4448
8.0	655360.0	2878.121927	4801
3.0	655360.0	2888.060422	4802
5.0	655360.0	2910.485732	4803
4.0	655360.0	2906.423046	4804
6.0	655360.0	2935.481498	4805
3.0	655360.0	2882.511827	4806
2.0	655360.0	2891.440873	4807
5.0	655360.0	2896.262846	4808
7.0	655360.0	2897.095922	4809
4.0	655360.0	2903.228915	4810
4.0	655360.0	2891.144247	4811
10.0	655360.0	3125.954604	4812
5.0	655360.0	3235.461012	4813
4.0	655360.0	3233.931657	4814
6.0	655360.0	3242.334554	4815
4.0	655360.0	3225.97675	4816
6.0	655360.0	3213.881143	4817
7.0	655360.0	3237.130939	4818
5.0	655360.0	3254.728037	4819
5.0	655360.0	3255.619334	4820
3.0	655360.0	3239.007373	4821
1.0	655360.0	3242.715239	4822
2.0	655360.0	3257.654389	4823
0.0	52424.0	3007.555258	4824
1.0	655360.0	3246.881492	4825
8.0	655360.0	3258.334584	4826
7.0	655360.0	3259.280946	4827
9.0	655360.0	3223.928637	4828
4.0	655360.0	3244.815193	4829
6.0	655360.0	3245.321669	4830
6.0	655360.0	3244.780286	4831
3.0	655360.0	3243.433325	4832
7.0	655360.0	3252.86261	4833
4.0	655360.0	3232.413662	4834
6.0	655360.0	3258.552668	4835
3.0	655360.0	3331.389116	4836
5.0	655360.0	3291.534657	4837
3.0	655360.0	3273.469338	4838
4.0	655360.0	3281.097364	4839
3.0	655360.0	3271.648352	4840
9.0	655360.0	3266.991924	4841
5.0	655360.0	3341.14681	4842
4.0	655360.0	3246.541099	4843
6.0	655360.0	3233.602368	4844
6.0	655360.0	3272.967411	4845
8.0	655360.0	3274.184234	4846
6.0	655360.0	3263.644431	4847
2.0	655360.0	3259.559334	4848
4.0	655360.0	2883.042255	5201
2.0	655360.0	2882.30677	5202
5.0	655360.0	2906.811098	5203
2.0	655360.0	2912.520381	5204
4.0	655360.0	2911.422655	5205
1.0	655360.0	2877.807447	5206
2.0	655360.0	2893.304854	5207
4.0	655360.0	2891.139354	5208
2.0	655360.0	2892.679505	5209
4.0	655360.0	2893.870872	5210
4.0	655360.0	2891.712847	5211
3.0	655360.0	3147.325981	5212
7.0	655360.0	3233.927161	5213
6.0	655360.0	3240.696242	5214
5.0	655360.0	3235.366891	5215
4.0	655360.0	3236.951042	5216
4.0	655360.0	3220.875046	5217
2.0	655360.0	3233.837268	5218
3.0	655360.0	3288.156072	5219
4.0	655360.0	3260.557026	5220
8.0	655360.0	3242.050657	5221
8.0	655360.0	3234.710663	5222
9.0	655360.0	3257.733982	5223
3.0	655360.0	3259.252709	5224
1.0	655360.0	3241.923112	5225
9.0	655360.0	3241.110163	5226
9.0	655360.0	3259.711346	5227
2.0	655360.0	3230.075664	5228
1.0	655360.0	3242.189659	5229
2.0	655360.0	3248.798268	5230
3.0	655360.0	3252.79908	5231
6.0	655360.0	3247.688911	5232
8.0	655360.0	3248.782601	5233
2.0	655360.0	3218.022085	5234
6.0	655360.0	3254.180728	5235
4.0	655360.0	3295.086026	5236
3.0	655360.0	3276.358214	5237
3.0	655360.0	3278.757079	5238
7.0	655360.0	3293.039478	5239
5.0	655360.0	3272.197028	5240
4.0	655360.0	3265.592825	5241
8.0	655360.0	3253.83895	5242
4.0	655360.0	3252.685453	5243
2.0	655360.0	3247.048844	5244
2.0	655360.0	3267.330689	5245
4.0	655360.0	3285.023939	5246
1.0	655360.0	3258.751377	5247
4.0	655360.0	3262.605308	5248
3.0	655360.0	2870.652588	5601
2.0	655360.0	2885.542412	5602
4.0	655360.0	2902.674315	5603
5.0	655360.0	2921.346849	5604
4.0	655360.0	2923.594728	5605
5.0	655360.0	2906.516068	5606
2.0	655360.0	2901.47418	5607
5.0	655360.0	2899.205054	5608
6.0	655360.0	2893.741283	5609
5.0	655360.0	2895.181083	5610
5.0	655360.0	2889.857234	5611
2.0	655360.0	3126.266621	5612
3.0	655360.0	3241.492436	5613
7.0	655360.0	3236.774601	5614
4.0	655360.0	3241.215529	5615
4.0	655360.0	3245.977024	5616
2.0	655360.0	3210.837843	5617
5.0	655360.0	3242.808518	5618
6.0	655360.0	3250.779828	5619
5.0	655360.0	3252.744541	5620
3.0	655360.0	3247.794092	5621
3.0	655360.0	3240.035984	5622
4.0	655360.0	3251.557127	5623
4.0	655360.0	3281.667963	5624
5.0	655360.0	3254.151943	5625
5.0	655360.0	3265.67207	5626
6.0	655360.0	3253.832346	5627
7.0	655360.0	3216.634142	5628
6.0	655360.0	3239.182424	5629
1.0	655360.0	3244.361739	5630
3.0	655360.0	3247.786357	5631
5.0	655360.0	3242.89148	5632
3.0	655360.0	3244.097797	5633
2.0	655360.0	3222.248086	5634
6.0	655360.0	3250.552988	5635
6.0	655360.0	3301.314033	5636
5.0	655360.0	3287.808774	5637
3.0	655360.0	3316.598514	5638
8.0	655360.0	3288.41298	5639
9.0	655360.0	3272.674547	5640
7.0	655360.0	3255.474842	5641
4.0	655360.0	3266.500956	5642
4.0	655360.0	3265.683742	5643
3.0	655360.0	3237.436959	5644
4.0	655360.0	3258.580228	5645
5.0	655360.0	3307.759404	5646
4.0	655360.0	3272.149983	5647
7.0	655360.0	3267.228225	5648
2.0	655360.0	2879.816787	6001
5.0	655360.0	2906.441889	6002
3.0	655360.0	2907.128974	6003
5.0	655360.0	2911.369538	6004
4.0	655360.0	2912.877923	6005
4.0	655360.0	2879.855568	6006
8.0	655360.0	2895.863936	6007
9.0	655360.0	2890.895247	6008
5.0	655360.0	2913.032492	6009
5.0	655360.0	2897.827074	6010
4.0	655360.0	2892.81512	6011
4.0	655360.0	3144.475465	6012
5.0	655360.0	3231.149701	6013
2.0	655360.0	3236.05065	6014
2.0	655360.0	3230.78378	6015
6.0	655360.0	3231.127906	6016
5.0	655360.0	3225.149767	6017
5.0	655360.0	3240.014594	6018
5.0	655360.0	3249.792705	6019
1.0	655360.0	3253.567545	6020
8.0	655360.0	3243.261023	6021
5.0	655360.0	3234.616019	6022
6.0	655360.0	3253.665186	6023
5.0	655360.0	3255.690906	6024
6.0	655360.0	3261.609079	6025
4.0	655360.0	3246.973952	6026
3.0	655360.0	3249.215268	6027
2.0	655360.0	3218.426271	6028
4.0	655360.0	3241.179976	6029
6.0	655360.0	3246.697704	6030
2.0	655360.0	3253.584547	6031
3.0	655360.0	3243.829413	6032
4.0	655360.0	3247.647661	6033
9.0	655360.0	3241.225758	6034
4.0	655360.0	3254.866466	6035
6.0	655360.0	3301.344291	6036
4.0	655360.0	3307.225795	6037
8.0	655360.0	3311.901616	6038
2.0	655360.0	3288.897094	6039
8.0	655360.0	3263.097396	6040
7.0	655360.0	3250.992277	6041
5.0	655360.0	3254.845682	6042
6.0	655360.0	3244.769487	6043
4.0	655360.0	3231.703167	6044
5.0	655360.0	3262.704549	6045
7.0	655360.0	3301.340712	6046
4.0	655360.0	3285.775063	6047
1.0	655360.0	3253.60027	6048
6.0	655360.0	2876.304947	6401
5.0	655360.0	2888.302007	6402
4.0	655360.0	2899.171442	6403
1.0	655360.0	2905.057809	6404
4.0	655360.0	2918.921588	6405
2.0	655360.0	2909.70306	6406
10.0	655360.0	2900.160983	6407
4.0	655360.0	2897.122172	6408
7.0	655360.0	2898.087314	6409
6.0	655360.0	2897.445927	6410
7.0	655360.0	2893.857312	6411
1.0	655360.0	3129.973001	6412
7.0	655360.0	3238.627221	6413
2.0	655360.0	3235.046703	6414
4.0	655360.0	3230.51659	6415
5.0	655360.0	3235.943339	6416
4.0	655360.0	3207.417234	6417
10.0	655360.0	3254.628421	6418
3.0	655360.0	3252.702137	6419
7.0	655360.0	3253.285898	6420
6.0	655360.0	3246.140676	6421
5.0	655360.0	3230.989037	6422
4.0	655360.0	3253.27608	6423
1.0	655360.0	3257.186902	6424
3.0	655360.0	3248.348917	6425
4.0	655360.0	3248.089363	6426
2.0	655360.0	3251.569181	6427
8.0	655360.0	3215.646137	6428
3.0	655360.0	3244.098188	6429
3.0	655360.0	3249.564342	6430
4.0	655360.0	3243.019618	6431
8.0	655360.0	3252.968934	6432
6.0	655360.0	3253.792462	6433
5.0	655360.0	3216.369073	6434
8.0	655360.0	3251.192598	6435
8.0	655360.0	3308.348	6436
2.0	655360.0	3304.778683	6437
5.0	655360.0	3285.703956	6438
8.0	655360.0	3286.721614	6439
7.0	655360.0	3277.689599	6440
4.0	655360.0	3259.504933	6441
3.0	655360.0	3245.611066	6442
7.0	655360.0	3249.629459	6443
3.0	655360.0	3245.023293	6444
7.0	655360.0	3267.285879	6445
1.0	655360.0	3286.683008	6446
6.0	655360.0	3268.085685	6447
3.0	655360.0	3258.789368	6448
2.0	655360.0	2872.199041	6801
3.0	655360.0	2905.627756	6802
7.0	655360.0	2983.1338	6803
4.0	655360.0	2949.128983	6804
3.0	655360.0	2915.558045	6805
2.0	655360.0	2906.36199	6806
5.0	655360.0	2893.554151	6807
3.0	655360.0	2895.396688	6808
6.0	655360.0	2893.465532	6809
6.0	655360.0	2891.584579	6810
9.0	655360.0	2895.080417	6811
6.0	655360.0	3145.32449	6812
4.0	655360.0	3233.299031	6813
6.0	655360.0	3238.322297	6814
2.0	655360.0	3230.248667	6815
6.0	655360.0	3236.505109	6816
5.0	655360.0	3213.152135	6817
3.0	655360.0	3237.750634	6818
6.0	655360.0	3251.377444	6819
1.0	655360.0	3256.337391	6820
3.0	655360.0	3250.64884	6821
5.0	655360.0	3247.466979	6822
3.0	655360.0	3265.693434	6823
4.0	655360.0	3256.213621	6824
3.0	655360.0	3255.360558	6825
6.0	655360.0	3251.033699	6826
3.0	655360.0	3257.051945	6827
7.0	655360.0	3239.997568	6828
5.0	655360.0	3238.092721	6829
5.0	655360.0	3252.305043	6830
7.0	655360.0	3239.104336	6831
2.0	655360.0	3261.327046	6832
3.0	655360.0	3248.028149	6833
5.0	655360.0	3227.742831	6834
4.0	655360.0	3258.21986	6835
4.0	655360.0	3334.903374	6836
2.0	655360.0	3310.428739	6837
3.0	655360.0	3279.902997	6838
4.0	655360.0	3291.042205	6839
1.0	655360.0	3254.031027	6840
4.0	655360.0	3249.746159	6841
2.0	655360.0	3249.35439	6842
6.0	655360.0	3251.725993	6843
5.0	655360.0	3247.291159	6844
9.0	655360.0	3255.157495	6845
4.0	655360.0	3284.941018	6846
6.0	655360.0	3262.554867	6847
4.0	655360.0	3263.706019	6848
6.0	655360.0	2869.489823	7201
2.0	655360.0	2882.086794	7202
2.0	655360.0	2921.332738	7203
6.0	655360.0	2906.527136	7204
9.0	655360.0	2922.018546	7205
3.0	655360.0	2885.178803	7206
3.0	655360.0	2896.074945	7207
5.0	655360.0	2895.504411	7208
6.0	655360.0	2894.452427	7209
6.0	655360.0	2894.38141	7210
6.0	655360.0	2900.027464	7211
5.0	655360.0	3127.775109	7212
3.0	655360.0	3230.164058	7213
5.0	655360.0	3224.866083	7214
6.0	655360.0	3227.821876	7215
10.0	655360.0	3235.63909	7216
4.0	655360.0	3222.227019	7217
8.0	655360.0	3242.344415	7218
7.0	655360.0	3245.07309	7219
4.0	655360.0	3261.077554	7220
5.0	655360.0	3252.447876	7221
5.0	655360.0	3238.632417	7222
8.0	655360.0	3262.761546	7223
3.0	655360.0	3260.957773	7224
4.0	655360.0	3257.810123	7225
4.0	655360.0	3243.869805	7226
4.0	655360.0	3248.927829	7227
9.0	655360.0	3235.33918	7228
1.0	655360.0	3252.981155	7229
8.0	655360.0	3248.53079	7230
4.0	655360.0	3241.673317	7231
8.0	655360.0	3247.269949	7232
3.0	655360.0	3852.886798	7233
4.0	655360.0	3206.281613	7234
3.0	655360.0	3252.780947	7235
5.0	655360.0	3324.645383	7236
7.0	655360.0	3264.239533	7237
3.0	655360.0	3274.568789	7238
5.0	655360.0	3294.323626	7239
1.0	655360.0	3254.493157	7240
4.0	655360.0	3254.343443	7241
2.0	655360.0	3248.562925	7242
5.0	655360.0	3252.377606	7243
4.0	655360.0	3243.381708	7244
2.0	655360.0	3264.66824	7245
10.0	655360.0	3275.278284	7246
5.0	655360.0	3264.788485	7247
7.0	655360.0	3255.937513	7248
7.0	655360.0	2961.676551	7601
3.0	655360.0	2921.893758	7602
7.0	655360.0	2895.69169	7603
5.0	655360.0	2911.553096	7604
4.0	655360.0	2911.384442	7605
5.0	655360.0	2884.905659	7606
3.0	655360.0	2892.189372	7607
6.0	655360.0	2891.541553	7608
3.0	655360.0	2897.424992	7609
4.0	655360.0	2900.01014	7610
5.0	655360.0	2894.277349	7611
2.0	655360.0	3164.729472	7612
8.0	655360.0	3238.62724	7613
4.0	655360.0	3232.486144	7614
6.0	655360.0	3235.847617	7615
5.0	655360.0	3234.929774	7616
9.0	655360.0	3224.582141	7617
3.0	655360.0	3247.410236	7618
2.0	655360.0	3245.74942	7619
4.0	655360.0	3257.993876	7620
8.0	655360.0	3244.621977	7621
3.0	655360.0	3247.026141	7622
5.0	655360.0	3264.924675	7623
1.0	655360.0	3254.151225	7624
1.0	655360.0	3250.077728	7625
3.0	655360.0	3257.088035	7626
5.0	655360.0	3261.720744	7627
7.0	655360.0	3238.543139	7628
1.0	655360.0	3243.083382	7629
7.0	655360.0	3239.540897	7630
7.0	655360.0	3254.483048	7631
6.0	655360.0	3255.765218	7632
6.0	655360.0	3250.725355	7633
4.0	655360.0	3219.072411	7634
7.0	655360.0	3249.464685	7635
9.0	655360.0	3309.046487	7636
2.0	655360.0	3293.488136	7637
7.0	655360.0	3275.934518	7638
5.0	655360.0	3287.185913	7639
8.0	655360.0	3264.055165	7640
7.0	655360.0	3255.887953	7641
6.0	655360.0	3254.435891	7642
5.0	655360.0	3247.200614	7643
3.0	655360.0	3244.842918	7644
3.0	655360.0	3261.877962	7645
4.0	655360.0	3286.382686	7646
1.0	655360.0	3276.096471	7647
3.0	655360.0	3262.313323	7648
10.0	655360.0	2871.41145	8001
6.0	655360.0	2896.400825	8002
8.0	655360.0	2902.815935	8003
4.0	655360.0	2912.324228	8004
5.0	655360.0	2924.447995	8005
4.0	655360.0	2892.339697	8006
4.0	655360.0	2899.979672	8007
5.0	655360.0	2894.473195	8008
8.0	655360.0	2893.988529	8009
8.0	655360.0	2896.447251	8010
4.0	655360.0	2892.398511	8011
5.0	655360.0	3345.866481	8012
4.0	655360.0	3333.351116	8013
7.0	655360.0	3242.277758	8014
6.0	655360.0	3226.377401	8015
3.0	655360.0	3239.206986	8016
7.0	655360.0	3204.931178	8017
4.0	655360.0	3244.65077	8018
2.0	655360.0	3256.572021	8019
3.0	655360.0	3254.902003	8020
4.0	655360.0	3247.829253	8021
3.0	655360.0	3242.197309	8022
3.0	655360.0	3259.055737	8023
0.0	32765.0	3099.24816	8024
8.0	655360.0	3247.011037	8025
7.0	655360.0	3251.298152	8026
4.0	655360.0	3267.276872	8027
9.0	655360.0	3225.886728	8028
5.0	655360.0	3248.36629	8029
2.0	655360.0	3243.320218	8030
5.0	655360.0	3254.47841	8031
0.0	655360.0	3252.500025	8032
7.0	655360.0	3241.986198	8033
3.0	655360.0	3246.553378	8034
2.0	655360.0	3258.81116	8035
4.0	655360.0	3321.916679	8036
6.0	655360.0	3300.958145	8037
6.0	655360.0	3281.350138	8038
8.0	655360.0	3290.043743	8039
6.0	655360.0	3260.651792	8040
7.0	655360.0	3254.742829	8041
6.0	655360.0	3253.631769	8042
2.0	655360.0	3248.315757	8043
3.0	655360.0	3253.977116	8044
2.0	655360.0	3262.702906	8045
4.0	655360.0	3279.065845	8046
6.0	655360.0	3264.486715	8047
4.0	655360.0	3259.534854	8048
3.0	655360.0	2875.935632	8401
10.0	655360.0	2901.928735	8402
9.0	655360.0	2913.081103	8403
6.0	655360.0	2910.25528	8404
7.0	655360.0	2916.137478	8405
3.0	655360.0	2917.298308	8406
8.0	655360.0	2892.953944	8407
6.0	655360.0	2897.426716	8408
3.0	655360.0	2895.002124	8409
4.0	655360.0	2893.851831	8410
3.0	655360.0	2893.493084	8411
4.0	655360.0	3138.413102	8412
3.0	655360.0	3249.969386	8413
5.0	655360.0	3239.81661	8414
4.0	655360.0	3238.808027	8415
6.0	655360.0	3231.122279	8416
7.0	655360.0	3207.428506	8417
6.0	655360.0	3234.933467	8418
5.0	655360.0	3250.477317	8419
6.0	655360.0	3250.76211	8420
5.0	655360.0	3244.174667	8421
1.0	655360.0	3246.081216	8422
5.0	655360.0	3251.736102	8423
2.0	655360.0	3954.885449	8424
4.0	655360.0	3252.64877	8425
2.0	655360.0	3249.976801	8426
1.0	655360.0	3246.076021	8427
2.0	655360.0	3204.248542	8428
8.0	655360.0	3248.005396	8429
8.0	655360.0	3238.458225	8430
2.0	655360.0	3241.206797	8431
1.0	655360.0	3248.887783	8432
6.0	655360.0	3240.130846	8433
7.0	655360.0	3211.368204	8434
2.0	655360.0	3264.941018	8435
5.0	655360.0	3308.984277	8436
6.0	655360.0	3279.261241	8437
5.0	655360.0	3290.337134	8438
5.0	655360.0	3283.774	8439
5.0	655360.0	3272.891248	8440
2.0	655360.0	3246.529537	8441
6.0	655360.0	3244.549274	8442
5.0	655360.0	3238.37891	8443
5.0	655360.0	3237.535736	8444
6.0	655360.0	3251.852204	8445
5.0	655360.0	3275.083818	8446
5.0	655360.0	3260.444689	8447
10.0	655360.0	3260.574122	8448
3.0	655360.0	2848.91749	8801
6.0	655360.0	2878.040577	8802
10.0	655360.0	2896.795367	8803
3.0	655360.0	3343.237492	8804
5.0	655360.0	2899.95508	8805
11.0	655360.0	2868.908631	8806
7.0	655360.0	2874.546798	8807
7.0	655360.0	2882.256357	8808
12.0	655360.0	2878.35161	8809
3.0	655360.0	2878.381622	8810
7.0	655360.0	2869.54534	8811
3.0	655360.0	3182.547819	8812
6.0	655360.0	3234.436547	8813
3.0	655360.0	3228.582769	8814
4.0	655360.0	3232.147159	8815
7.0	655360.0	3224.468945	8816
3.0	655360.0	3201.451431	8817
5.0	655360.0	3238.880558	8818
2.0	655360.0	3251.888097	8819
2.0	655360.0	3244.016143	8820
7.0	655360.0	3233.954126	8821
8.0	655360.0	3236.296779	8822
0.0	58977.0	2972.923671	8823
5.0	655360.0	3256.882586	8824
5.0	655360.0	3244.51186	8825
1.0	655360.0	3243.478146	8826
7.0	655360.0	3253.875582	8827
4.0	655360.0	3212.537199	8828
6.0	655360.0	3251.898671	8829
8.0	655360.0	3248.130331	8830
6.0	655360.0	3242.234597	8831
3.0	655360.0	3243.392689	8832
2.0	655360.0	3248.804434	8833
4.0	655360.0	3224.181905	8834
6.0	655360.0	3246.614254	8835
4.0	655360.0	3300.913665	8836
5.0	655360.0	3291.47393	8837
3.0	655360.0	3267.29105	8838
6.0	655360.0	3278.562895	8839
4.0	655360.0	3258.792582	8840
10.0	655360.0	3266.18664	8841
4.0	655360.0	3240.034907	8842
7.0	655360.0	3244.96417	8843
3.0	655360.0	3236.145792	8844
5.0	655360.0	3249.154282	8845
2.0	655360.0	3273.747077	8846
7.0	655360.0	3264.75431	8847
4.0	655360.0	3292.684368	8848
4.0	655360.0	2874.427585	9201
3.0	655360.0	2900.063477	9202
0.0	655360.0	2901.964513	9203
7.0	655360.0	2909.62815	9204
5.0	655360.0	2914.098637	9205
5.0	655360.0	2907.74546	9206
5.0	655360.0	2895.461118	9207
2.0	655360.0	2892.04815	9208
4.0	655360.0	2890.768778	9209
8.0	655360.0	2897.72892	9210
4.0	655360.0	2889.739999	9211
6.0	655360.0	3120.941373	9212
5.0	655360.0	3232.470321	9213
6.0	655360.0	3228.793619	9214
7.0	655360.0	3232.407503	9215
7.0	655360.0	3230.656341	9216
2.0	655360.0	3229.402654	9217
8.0	655360.0	3241.655514	9218
6.0	655360.0	3244.744371	9219
2.0	655360.0	3257.832015	9220
4.0	655360.0	3252.947485	9221
11.0	655360.0	3239.172066	9222
3.0	655360.0	3299.104786	9223
8.0	655360.0	3261.812822	9224
5.0	655360.0	3256.185135	9225
5.0	655360.0	3252.815191	9226
2.0	655360.0	3249.340715	9227
5.0	655360.0	3220.041369	9228
5.0	655360.0	3246.710708	9229
3.0	655360.0	3242.985645	9230
5.0	655360.0	3244.750481	9231
4.0	655360.0	3250.370575	9232
6.0	655360.0	3244.02268	9233
0.0	32765.0	3089.095942	9234
6.0	655360.0	3255.112862	9235
7.0	655360.0	3292.560265	9236
5.0	655360.0	3309.157489	9237
4.0	655360.0	3291.647559	9238
1.0	655360.0	3291.440495	9239
5.0	655360.0	3270.91578	9240
7.0	655360.0	3262.045762	9241
5.0	655360.0	3246.097143	9242
6.0	655360.0	3243.555546	9243
6.0	655360.0	3254.926703	9244
9.0	655360.0	3258.694783	9245
3.0	655360.0	3279.464442	9246
7.0	655360.0	3269.463602	9247
2.0	655360.0	3256.063491	9248
8.0	655360.0	2856.332235	10000
5.0	655360.0	2875.552369	9601
5.0	655360.0	2884.882212	9602
6.0	655360.0	2898.840669	9603
3.0	655360.0	2896.256809	9604
2.0	655360.0	2898.7139	9605
6.0	655360.0	2881.011844	9606
5.0	655360.0	2879.52591	9607
5.0	655360.0	2871.109713	9608
5.0	655360.0	2873.687333	9609
5.0	655360.0	2873.904909	9610
3.0	655360.0	3121.982784	9611
9.0	655360.0	3224.57308	9612
2.0	655360.0	3223.219457	9613
6.0	655360.0	3244.327434	9614
3.0	655360.0	3228.57823	9615
2.0	655360.0	3214.282404	9616
4.0	655360.0	3269.268735	9617
7.0	655360.0	3246.801611	9618
3.0	655360.0	3258.522486	9619
1.0	655360.0	3228.941286	9620
6.0	655360.0	3238.548197	9621
3.0	655360.0	3244.054736	9622
5.0	655360.0	3250.103809	9623
4.0	655360.0	3247.334189	9624
6.0	655360.0	3247.747223	9625
2.0	655360.0	3248.708621	9626
6.0	655360.0	3217.425164	9627
4.0	655360.0	3247.072778	9628
5.0	655360.0	3240.479893	9629
4.0	655360.0	3238.941588	9630
8.0	655360.0	3248.373271	9631
5.0	655360.0	3242.95071	9632
6.0	655360.0	3238.270218	9633
4.0	655360.0	3249.303566	9634
2.0	655360.0	3300.512887	9635
5.0	655360.0	3302.531042	9636
5.0	655360.0	3272.667984	9637
4.0	655360.0	3276.050969	9638
6.0	655360.0	3272.157374	9639
4.0	655360.0	3241.930614	9640
5.0	655360.0	3254.34612	9641
3.0	655360.0	3247.539294	9642
7.0	655360.0	3242.617456	9643
6.0	655360.0	3255.93197	9644
2.0	655360.0	3280.788232	9645
4.0	655360.0	3265.289267	9646
4.0	655360.0	3270.783291	9647
