#SA coloring
#N=65536  nIter=6553600  c=12.0   NSamples=1447
#av(e)	0.17553559087767795
#std(e)	0.010914198488494104
#av(t)	31085.701853064267
#std(t)	184.86632572744068
0.0	524288.0	30421.42521	1
0.0	589824.0	30142.663843	20
0.0	524288.0	30330.646711	21
0.0	524288.0	30300.201542	22
0.0	524288.0	31488.460473	123
0.0	589824.0	30151.480128	124
0.0	589824.0	30020.671591	125
1.0	6553600.0	33063.528679	126
0.0	524288.0	30184.409757	166
0.0	458752.0	30573.019411	167
0.0	524288.0	30981.8089	168
0.0	524288.0	30353.798602	169
0.0	458752.0	30851.703267	170
0.0	327680.0	31218.856743	253
0.0	524288.0	30266.004241	254
1.0	6553600.0	33077.246365	255
0.0	393216.0	31141.290611	256
0.0	458752.0	30570.763642	333
1.0	6553600.0	32815.612155	334
0.0	524288.0	30314.975509	335
0.0	524288.0	30583.100759	336
1.0	6553600.0	26128.367575	423
0.0	589824.0	24002.209389	424
0.0	524288.0	24068.942829	425
0.0	393216.0	24470.594319	426
0.0	458752.0	24341.042346	427
0.0	589824.0	23817.560468	428
0.0	524288.0	23993.780883	490
0.0	196608.0	25534.655764	491
0.0	458752.0	24604.060955	492
1.0	6553600.0	26190.808017	493
1.0	6553600.0	26392.824511	494
0.0	458752.0	24141.145661	495
0.0	458752.0	24324.601048	567
0.0	393216.0	24487.00067	568
0.0	524288.0	24246.737343	569
1.0	6553600.0	26067.576582	570
0.0	458752.0	24246.235969	571
0.0	524288.0	23933.041857	572
0.0	524288.0	30295.248393	647
0.0	524288.0	30272.137328	648
0.0	458752.0	30747.590336	649
1.0	6553600.0	33115.428111	650
0.0	458752.0	30589.334401	730
0.0	458752.0	30506.5727	731
0.0	458752.0	30924.792464	732
0.0	524288.0	30281.532624	733
0.0	589824.0	30014.223423	734
0.0	458752.0	24390.972185	809
0.0	589824.0	23929.942618	810
0.0	524288.0	24675.400752	811
0.0	524288.0	24026.749132	812
1.0	6553600.0	26216.838883	813
0.0	524288.0	24153.437558	814
0.0	524288.0	30323.151723	887
0.0	655360.0	29845.923047	888
1.0	6553600.0	32867.449368	889
2.0	6553600.0	32862.265005	890
0.0	524288.0	23997.86828	1025
0.0	589824.0	24389.662846	1026
0.0	524288.0	24426.931392	1027
0.0	458752.0	24203.798384	1028
0.0	458752.0	24423.866381	1029
0.0	393216.0	24559.689628	1030
0.0	524288.0	30520.235247	1050
0.0	589824.0	30099.457586	1051
0.0	458752.0	30828.969042	1052
1.0	6553600.0	33053.661149	1053
0.0	589824.0	23981.530436	1127
0.0	524288.0	23994.68765	1128
0.0	524288.0	24540.899054	1129
0.0	589824.0	23730.770239	1130
0.0	524288.0	24158.242493	1131
0.0	458752.0	24337.833806	1132
0.0	524288.0	30171.522216	1229
0.0	524288.0	30517.985226	1230
0.0	524288.0	30279.379585	1231
1.0	6553600.0	33019.69865	1232
2.0	6553600.0	33020.719363	1290
0.0	524288.0	30292.442115	1291
0.0	589824.0	29994.732054	1292
0.0	524288.0	30203.99401	1293
0.0	458752.0	30594.150545	1373
0.0	524288.0	30273.478583	1374
2.0	6553600.0	32895.201917	1375
0.0	589824.0	29857.857801	1376
0.0	524288.0	30246.198369	1450
0.0	524288.0	30399.475681	1451
0.0	524288.0	30301.962694	1452
0.0	458752.0	30515.67499	1453
0.0	589824.0	30246.792063	1454
0.0	524288.0	30271.980606	1527
0.0	524288.0	30583.482851	1528
1.0	6553600.0	32836.319914	1529
0.0	458752.0	30582.721318	1530
0.0	458752.0	30800.070685	1622
0.0	524288.0	30407.7262	1623
0.0	458752.0	30633.910267	1624
1.0	6553600.0	32895.824748	1625
0.0	262144.0	31809.880563	1690
0.0	524288.0	30324.489166	1691
1.0	6553600.0	32985.286151	1692
0.0	589824.0	30289.697513	1693
0.0	524288.0	23992.886453	1769
0.0	589824.0	23941.077374	1770
0.0	589824.0	24172.764224	1771
1.0	6553600.0	26078.695177	1772
0.0	524288.0	23858.521683	1773
0.0	524288.0	24007.490028	1774
1.0	6553600.0	33147.112321	1847
0.0	524288.0	30322.916553	1848
0.0	524288.0	30493.665677	1849
1.0	6553600.0	32711.51368	1850
0.0	589824.0	29993.883301	1930
0.0	458752.0	30649.933803	1931
0.0	589824.0	30266.433587	1932
0.0	524288.0	30549.821498	1933
0.0	458752.0	24206.229003	2026
1.0	6553600.0	26125.386129	2027
0.0	589824.0	23863.725676	2028
0.0	458752.0	24498.399049	2029
0.0	589824.0	23921.694849	2030
0.0	524288.0	24016.119358	2031
1.0	6553600.0	32774.221532	2090
0.0	589824.0	30117.992008	2091
0.0	589824.0	30185.63825	2092
0.0	524288.0	30280.653003	2093
2.0	6553600.0	32839.314412	2170
0.0	589824.0	29933.292098	2171
0.0	589824.0	30046.572865	2172
0.0	524288.0	30479.976236	2173
1.0	6553600.0	25966.067605	2250
1.0	6553600.0	26455.781235	2251
0.0	589824.0	23931.096871	2252
0.0	524288.0	23979.892887	2253
1.0	6553600.0	26043.186304	2254
0.0	524288.0	24101.89933	2255
0.0	524288.0	30290.792703	2329
0.0	524288.0	30181.170254	2330
0.0	393216.0	30936.806396	2331
1.0	6553600.0	32774.590154	2332
0.0	524288.0	30272.065224	2422
1.0	6553600.0	32784.420687	2423
0.0	589824.0	30349.549303	2424
1.0	6553600.0	32711.110501	2425
0.0	458752.0	30860.432194	2493
1.0	6553600.0	32773.172552	2494
0.0	589824.0	30170.586335	2495
0.0	458752.0	30602.076901	2496
0.0	524288.0	30244.297239	2573
0.0	524288.0	30314.275255	2574
0.0	589824.0	30052.273176	2575
0.0	458752.0	30850.846234	2576
0.0	524288.0	30338.920588	2577
0.0	458752.0	30586.594752	2653
0.0	458752.0	30578.612472	2654
0.0	524288.0	30486.650912	2655
0.0	524288.0	30339.92542	2656
0.0	458752.0	30787.095122	2657
0.0	524288.0	24148.536545	2727
1.0	6553600.0	26330.710828	2728
0.0	524288.0	24614.029725	2729
0.0	458752.0	24423.75572	2730
0.0	589824.0	23682.30913	2731
0.0	589824.0	23991.659651	2732
0.0	524288.0	23971.647321	2823
2.0	6553600.0	26111.749161	2824
0.0	458752.0	24848.662717	2825
0.0	524288.0	24003.378899	2826
0.0	524288.0	23927.029523	2827
0.0	458752.0	24393.793735	2828
0.0	458752.0	30565.600801	2893
0.0	524288.0	30434.540897	2894
1.0	6553600.0	33071.596903	2895
0.0	524288.0	30305.163814	2896
0.0	458752.0	30662.276956	2967
0.0	524288.0	30324.939857	2968
1.0	6553600.0	33156.124739	2969
1.0	6553600.0	33140.80018	2970
0.0	524288.0	30273.84847	3050
0.0	589824.0	29906.902134	3051
0.0	524288.0	30385.55849	3052
1.0	6553600.0	33180.309463	3053
0.0	524288.0	30266.727444	3133
0.0	524288.0	30306.401838	3134
0.0	458752.0	30672.933014	3135
0.0	524288.0	30280.216324	3136
0.0	524288.0	30256.467593	3137
0.0	524288.0	30229.119159	3223
0.0	524288.0	30428.635281	3224
0.0	393216.0	31014.229263	3225
0.0	524288.0	30349.339221	3226
0.0	589824.0	29914.65495	3227
0.0	589824.0	29957.110799	3290
0.0	524288.0	30321.957969	3291
0.0	524288.0	30433.870119	3292
0.0	589824.0	30160.586257	3293
0.0	458752.0	30691.088623	3294
0.0	393216.0	31093.072492	3373
0.0	589824.0	29921.01848	3374
0.0	458752.0	30861.21951	3375
0.0	524288.0	30345.782105	3376
0.0	524288.0	30483.614342	3377
0.0	524288.0	23969.226214	3450
1.0	6553600.0	26144.239467	3451
0.0	458752.0	24316.53285	3452
0.0	589824.0	23745.400317	3453
0.0	589824.0	23869.548458	3454
0.0	458752.0	24449.343928	3455
1.0	6553600.0	32752.460079	3529
0.0	524288.0	30428.762448	3530
0.0	524288.0	30504.853948	3531
1.0	6553600.0	32843.148054	3532
0.0	524288.0	30499.603413	3626
0.0	524288.0	30281.982845	3627
0.0	524288.0	30468.081835	3628
1.0	6553600.0	32833.917278	3629
0.0	524288.0	30568.73131	3690
0.0	589824.0	30075.939118	3691
0.0	589824.0	30154.430554	3692
0.0	524288.0	30239.395897	3693
0.0	589824.0	30188.829507	3694
1.0	6553600.0	32792.407751	3770
0.0	524288.0	30268.550403	3771
0.0	524288.0	30307.783973	3772
0.0	524288.0	30282.866079	3773
0.0	589824.0	30006.6859	3774
1.0	6553600.0	33047.339708	3852
0.0	589824.0	29886.308876	3853
0.0	458752.0	30642.656851	3854
1.0	6553600.0	32885.389189	3855
0.0	589824.0	30212.603701	3929
0.0	524288.0	30245.371494	3930
0.0	262144.0	31646.898558	3931
0.0	458752.0	30773.792075	3932
0.0	524288.0	30289.190842	3933
0.0	524288.0	24141.981907	4012
0.0	524288.0	23988.964207	4013
1.0	6553600.0	26197.07607	4014
0.0	524288.0	23945.973793	4015
0.0	589824.0	23855.839691	4016
0.0	458752.0	24214.213271	4017
0.0	458752.0	24395.316948	4084
0.0	262144.0	25119.550575	4085
0.0	589824.0	23860.791922	4086
0.0	589824.0	23767.070356	4087
0.0	458752.0	24166.933772	4088
1.0	6553600.0	26032.780031	4089
0.0	458752.0	24153.562843	4164
0.0	458752.0	24226.110328	4165
0.0	524288.0	24256.335073	4166
0.0	458752.0	24404.689916	4167
0.0	524288.0	23885.806001	4168
0.0	458752.0	24362.569191	4169
0.0	524288.0	30301.240536	4244
0.0	524288.0	30427.14491	4245
1.0	6553600.0	33022.090137	4246
1.0	6553600.0	33011.89477	4247
0.0	524288.0	30483.447137	4324
0.0	458752.0	30758.448232	4325
0.0	524288.0	30314.281196	4326
0.0	524288.0	30536.778655	4327
0.0	458752.0	30786.7154	4411
1.0	6553600.0	33049.306909	4412
0.0	458752.0	30674.293632	4413
0.0	524288.0	30495.997531	4414
0.0	589824.0	30100.842045	4484
0.0	524288.0	30293.659672	4485
0.0	458752.0	30855.326593	4486
0.0	524288.0	30476.24369	4487
0.0	524288.0	30258.931898	4488
0.0	458752.0	30631.605894	4563
0.0	589824.0	29948.151775	4564
0.0	458752.0	30688.847065	4565
0.0	458752.0	30654.885966	4566
0.0	458752.0	30838.449686	4567
1.0	6553600.0	25977.362459	4644
1.0	6553600.0	26267.067954	4645
0.0	524288.0	24073.848707	4646
0.0	524288.0	23937.985598	4647
0.0	589824.0	24020.219183	4648
0.0	524288.0	24021.213944	4649
0.0	524288.0	30301.136025	4724
1.0	6553600.0	33017.849973	4725
0.0	589824.0	30043.317593	4726
0.0	589824.0	29990.629909	4727
0.0	524288.0	30517.056551	4728
0.0	524288.0	30325.829559	4811
0.0	524288.0	30251.720224	4812
0.0	131072.0	32356.632885	4813
0.0	458752.0	30866.643526	4814
0.0	65536.0	32684.067792	4883
0.0	524288.0	30395.085454	4884
1.0	6553600.0	32727.721987	4885
1.0	6553600.0	32856.235682	4886
0.0	589824.0	30109.230281	4961
1.0	6553600.0	33143.15731	4962
0.0	458752.0	30803.820994	4963
1.0	6553600.0	32712.929437	4964
0.0	458752.0	30767.139351	5043
1.0	6553600.0	32942.245605	5044
0.0	458752.0	30876.841038	5045
0.0	458752.0	30657.002812	5046
0.0	458752.0	30575.453464	5121
0.0	524288.0	30340.909598	5122
0.0	589824.0	30221.55304	5123
0.0	458752.0	30765.989191	5124
0.0	458752.0	30580.974933	5125
1.0	6553600.0	32732.380028	5213
0.0	524288.0	30441.413938	5214
1.0	6553600.0	33705.184653	5215
0.0	524288.0	30500.676034	5216
1.0	6553600.0	26165.717962	5281
0.0	524288.0	24095.880387	5282
0.0	262144.0	25109.244198	5283
1.0	6553600.0	26188.430006	5284
0.0	524288.0	24384.267489	5285
0.0	524288.0	23964.051255	5286
0.0	524288.0	30285.254232	5361
0.0	458752.0	30591.805445	5362
0.0	524288.0	30390.739685	5363
0.0	458752.0	30937.147766	5364
0.0	458752.0	30903.631239	5365
0.0	524288.0	24022.175706	5441
1.0	6553600.0	26193.313176	5442
0.0	458752.0	24554.592113	5443
0.0	589824.0	23964.511574	5444
1.0	6553600.0	26249.341556	5445
0.0	589824.0	23720.388208	5446
0.0	458752.0	24395.192311	5521
0.0	524288.0	24256.487354	5522
0.0	327680.0	25039.568317	5523
0.0	524288.0	24027.788116	5524
0.0	458752.0	24166.752186	5525
0.0	458752.0	24323.603104	5526
0.0	458752.0	30562.189897	5614
0.0	524288.0	30275.248922	5615
0.0	589824.0	30002.246754	5616
0.0	458752.0	30576.676438	5617
0.0	458752.0	30648.57698	5618
1.0	6553600.0	26011.624235	5681
1.0	6553600.0	26205.846342	5682
0.0	458752.0	24363.162823	5683
0.0	589824.0	23689.238088	5684
0.0	458752.0	25068.502811	5685
0.0	589824.0	24159.956763	5686
0.0	589824.0	30006.896745	5764
0.0	458752.0	30746.449225	5765
1.0	6553600.0	33131.073945	5766
0.0	524288.0	30334.690184	5767
0.0	524288.0	30496.313961	5844
0.0	524288.0	30444.586265	5845
0.0	524288.0	30307.298197	5846
1.0	6553600.0	32797.621357	5847
1.0	6553600.0	33039.206952	5924
0.0	589824.0	29976.475703	5925
0.0	458752.0	30678.030514	5926
0.0	393216.0	31083.716055	5927
0.0	589824.0	29994.367212	6014
1.0	6553600.0	32859.19811	6015
1.0	6553600.0	32812.343953	6016
0.0	524288.0	30312.136849	6017
0.0	524288.0	30501.716716	6081
0.0	458752.0	30554.941668	6082
0.0	458752.0	30632.262017	6083
1.0	6553600.0	33027.14898	6084
0.0	458752.0	30623.672572	6161
0.0	6553600.0	32926.273615	6162
0.0	589824.0	29978.246137	6163
0.0	458752.0	30859.078556	6164
0.0	524288.0	30276.610516	6244
0.0	589824.0	30210.412635	6245
0.0	458752.0	30762.893448	6246
0.0	524288.0	30527.395494	6247
0.0	458752.0	30591.911115	6248
0.0	524288.0	30418.147891	6321
0.0	458752.0	30792.106409	6322
0.0	589824.0	30247.882661	6323
0.0	524288.0	30451.459716	6324
0.0	458752.0	30934.004539	6325
0.0	458752.0	24259.054501	6410
1.0	6553600.0	26129.797604	6411
0.0	458752.0	24391.514374	6412
0.0	524288.0	23985.429956	6413
0.0	524288.0	23960.412711	6414
0.0	524288.0	23967.83955	6415
0.0	524288.0	30213.292173	6484
0.0	524288.0	30229.54568	6485
0.0	524288.0	30614.106264	6486
0.0	524288.0	30525.317763	6487
0.0	589824.0	29915.678759	6488
1.0	6553600.0	26197.178268	6561
0.0	589824.0	24018.341324	6562
0.0	458752.0	24299.226187	6563
0.0	589824.0	23819.339708	6564
0.0	458752.0	24155.916849	6565
0.0	524288.0	24141.456075	6566
1.0	6553600.0	26110.179938	6641
0.0	589824.0	24063.882775	6642
0.0	589824.0	23845.806704	6643
0.0	524288.0	24173.667269	6644
0.0	589824.0	23793.800593	6645
0.0	458752.0	24289.661149	6646
0.0	524288.0	30458.935176	6721
1.0	6553600.0	32809.840059	6722
0.0	524288.0	30298.652497	6723
1.0	6553600.0	32932.675414	6724
0.0	524288.0	30292.7037	6814
0.0	589824.0	30002.469628	6815
0.0	524288.0	30274.880948	6816
0.0	524288.0	30308.160142	6817
0.0	524288.0	30347.858787	6818
0.0	589824.0	29997.890501	6881
0.0	524288.0	30485.584765	6882
0.0	524288.0	30324.051854	6883
0.0	458752.0	31051.019531	6884
0.0	458752.0	30575.386395	6885
0.0	524288.0	30298.613818	6964
1.0	6553600.0	32792.940683	6965
0.0	458752.0	30850.971104	6966
0.0	589824.0	29885.327655	6967
0.0	524288.0	30372.995853	7044
0.0	458752.0	30596.690096	7045
1.0	6553600.0	33021.866817	7046
0.0	524288.0	30527.881263	7047
1.0	6553600.0	32872.30061	7124
0.0	589824.0	30127.887747	7125
0.0	524288.0	30324.731056	7126
0.0	458752.0	30674.976533	7127
1.0	6553600.0	32824.739105	7215
1.0	6553600.0	32731.743273	7216
0.0	589824.0	30193.531524	7217
0.0	524288.0	30510.342274	7218
0.0	131072.0	32192.185523	7284
0.0	655360.0	29599.797713	7285
0.0	655360.0	29673.805208	7286
1.0	6553600.0	33094.254813	7287
0.0	458752.0	30599.45672	7361
1.0	6553600.0	32854.884354	7362
0.0	393216.0	30953.125245	7363
1.0	6553600.0	33037.045148	7364
0.0	524288.0	30545.426098	7444
0.0	458752.0	30766.107765	7445
0.0	524288.0	30283.629558	7446
0.0	589824.0	30018.277627	7447
0.0	524288.0	30507.011195	7448
0.0	524288.0	30334.400886	7524
0.0	524288.0	30425.920766	7525
0.0	524288.0	30473.569152	7526
0.0	458752.0	32739.139732	7527
0.0	458752.0	30752.977882	7611
0.0	524288.0	30224.204439	7612
0.0	589824.0	30154.092899	7613
0.0	589824.0	29946.884542	7614
0.0	262144.0	31702.048687	7615
1.0	6553600.0	25948.573314	7684
0.0	393216.0	24582.14177	7685
0.0	524288.0	24033.114833	7686
0.0	524288.0	23983.146349	7687
0.0	589824.0	23617.53816	7688
0.0	524288.0	23941.915977	7689
0.0	524288.0	30301.728679	7761
1.0	6553600.0	32861.292312	7762
0.0	524288.0	30318.729236	7763
0.0	524288.0	30257.067893	7764
1.0	6553600.0	32870.658615	7841
0.0	458752.0	30561.092093	7842
0.0	524288.0	30484.234339	7843
0.0	589824.0	29879.51823	7844
1.0	6553600.0	33127.490541	7921
0.0	524288.0	30247.57772	7922
0.0	458752.0	30662.864401	7923
0.0	589824.0	29994.738206	7924
0.0	524288.0	30244.831641	8011
0.0	589824.0	29985.407549	8012
1.0	6553600.0	33312.331261	8013
0.0	589824.0	30135.183229	8014
0.0	589824.0	23724.598085	8084
1.0	6553600.0	26149.439757	8085
0.0	524288.0	24303.889427	8086
0.0	524288.0	24045.423278	8087
0.0	524288.0	24588.667246	8088
0.0	524288.0	24167.326235	8089
1.0	6553600.0	25985.585541	8163
0.0	589824.0	23776.574966	8164
0.0	524288.0	24153.820573	8165
0.0	327680.0	24775.43998	8166
0.0	589824.0	23641.362641	8167
0.0	589824.0	23753.101066	8168
0.0	65536.0	32728.314979	8241
0.0	458752.0	30902.965012	8242
1.0	6553600.0	32842.712974	8243
0.0	524288.0	30292.275705	8244
0.0	458752.0	30800.295392	8321
1.0	6553600.0	32991.63938	8322
0.0	458752.0	30836.992169	8323
0.0	524288.0	30302.441353	8324
0.0	458752.0	30877.328652	8411
0.0	393216.0	30907.021147	8412
0.0	458752.0	30854.42864	8413
0.0	524288.0	30266.498714	8414
0.0	524288.0	30204.814881	8415
0.0	589824.0	30186.104307	8484
0.0	524288.0	30298.846243	8485
0.0	524288.0	30347.302883	8486
1.0	6553600.0	32782.077543	8487
0.0	458752.0	30638.129221	8561
0.0	524288.0	30475.499914	8562
0.0	524288.0	30333.597609	8563
1.0	6553600.0	32857.588071	8564
0.0	458752.0	30809.85833	8643
0.0	524288.0	30289.840156	8644
1.0	6553600.0	33081.47438	8645
0.0	589824.0	29946.473741	8646
0.0	458752.0	30625.664919	8724
0.0	589824.0	30091.500814	8725
0.0	589824.0	29981.902285	8726
0.0	589824.0	30145.822093	8727
1.0	6553600.0	32779.233933	8728
0.0	458752.0	30653.297628	8812
0.0	589824.0	30013.656642	8813
0.0	524288.0	30361.508732	8814
0.0	524288.0	30441.409391	8815
0.0	262144.0	31693.056289	8816
1.0	6553600.0	26245.793101	8884
0.0	524288.0	24414.976772	8885
0.0	393216.0	48789.711985	8886
0.0	589824.0	23694.189358	8887
2.0	6553600.0	25934.911698	8888
1.0	6553600.0	32967.813844	8964
1.0	6553600.0	33017.804723	8965
1.0	6553600.0	33099.244697	8966
0.0	524288.0	30612.302244	8967
0.0	327680.0	31161.233551	9041
0.0	524288.0	30241.444056	9042
0.0	458752.0	30627.404461	9043
0.0	458752.0	30595.713912	9044
0.0	393216.0	30921.052661	9045
1.0	6553600.0	26162.262774	9121
0.0	458752.0	24593.23843	9122
0.0	458752.0	24275.099626	9123
0.0	589824.0	23720.311745	9124
0.0	393216.0	24404.213052	9125
0.0	524288.0	24357.001039	9126
0.0	589824.0	30220.37338	9211
0.0	524288.0	30270.941297	9212
0.0	524288.0	30586.888807	9213
0.0	458752.0	31139.805532	9214
1.0	6553600.0	32854.419403	9284
0.0	458752.0	30778.241256	9285
1.0	6553600.0	32827.338506	9286
0.0	458752.0	30852.774152	9287
0.0	524288.0	30311.9783	9363
0.0	393216.0	30786.400013	9364
0.0	524288.0	30499.916596	9365
0.0	589824.0	29915.981605	9366
0.0	458752.0	30593.692439	9367
1.0	6553600.0	32802.731836	9444
0.0	458752.0	30746.016445	9445
0.0	524288.0	30534.966719	9446
0.0	458752.0	30600.613868	9447
0.0	589824.0	29908.002684	9521
0.0	458752.0	30634.120671	9522
0.0	458752.0	30659.829001	9523
0.0	524288.0	30540.656334	9524
0.0	524288.0	30253.872827	9525
0.0	524288.0	30493.487745	9610
0.0	589824.0	29986.38324	9611
0.0	524288.0	30669.160798	9612
0.0	6553600.0	33076.979169	9613
0.0	524288.0	30271.8105	9684
0.0	524288.0	30345.194005	9685
0.0	524288.0	30342.067555	9686
1.0	6553600.0	33105.553648	9687
0.0	524288.0	24150.993584	9763
0.0	524288.0	23957.379897	9764
0.0	589824.0	23979.669318	9765
0.0	458752.0	24264.781633	9766
1.0	6553600.0	26135.99073	9767
0.0	524288.0	24267.719446	9768
0.0	589824.0	30183.635394	9844
0.0	524288.0	30441.557243	9845
0.0	458752.0	30803.948351	9846
1.0	6553600.0	32788.301669	9847
0.0	524288.0	30513.203458	9924
0.0	524288.0	30282.498868	9925
0.0	524288.0	31006.047833	9926
0.0	524288.0	30226.542744	9927
0.0	589824.0	30033.777632	9928
0.0	393216.0	46282.265431	17
0.0	524288.0	43832.102074	18
0.0	524288.0	44731.710881	19
0.0	458752.0	45190.066301	120
0.0	589824.0	43702.183476	121
0.0	524288.0	46022.432148	122
0.0	458752.0	44272.405093	250
1.0	6553600.0	48853.418607	251
0.0	524288.0	44338.598706	252
0.0	458752.0	46807.615296	330
0.0	458752.0	44449.50898	331
0.0	458752.0	44668.068066	332
0.0	524288.0	45390.047591	487
0.0	524288.0	43834.175526	488
0.0	524288.0	45515.960176	489
0.0	589824.0	43824.769099	806
0.0	524288.0	44138.430944	807
0.0	524288.0	44999.640465	808
0.0	524288.0	43763.721629	1022
0.0	524288.0	43606.673418	1023
0.0	589824.0	44923.405219	1024
0.0	458752.0	46311.221496	1226
1.0	6553600.0	49103.71666	1227
0.0	524288.0	43887.226637	1228
0.0	458752.0	43836.123697	1287
1.0	6553600.0	48073.845856	1288
1.0	6553600.0	47651.821589	1289
1.0	6553600.0	47439.978039	1370
1.0	6553600.0	48736.269721	1371
0.0	524288.0	43747.599009	1372
0.0	589824.0	43851.607622	1687
0.0	524288.0	44785.484987	1688
0.0	524288.0	44114.987509	1689
0.0	524288.0	45400.965192	1766
0.0	458752.0	46352.734103	1767
0.0	524288.0	44604.125134	1768
1.0	6553600.0	48575.643872	1927
0.0	524288.0	44821.79069	1928
0.0	524288.0	44362.606659	1929
1.0	6553600.0	48807.022666	2087
0.0	458752.0	45699.498739	2088
0.0	524288.0	43957.672125	2089
0.0	589824.0	44925.553403	2490
0.0	524288.0	45009.523866	2491
1.0	6553600.0	47721.383256	2492
0.0	458752.0	45819.259734	2570
1.0	6553600.0	47809.344256	2571
0.0	458752.0	44188.34864	2572
0.0	524288.0	44604.319466	2650
0.0	458752.0	44924.264581	2651
0.0	524288.0	44783.162322	2652
0.0	589824.0	44333.195042	2890
1.0	6553600.0	48057.132461	2891
0.0	524288.0	46106.432333	2892
1.0	6553600.0	47631.367479	3130
0.0	524288.0	45396.996054	3131
0.0	589824.0	45026.288014	3132
0.0	589824.0	44700.518603	3370
0.0	524288.0	43714.406116	3371
0.0	524288.0	43968.5119	3372
0.0	524288.0	45068.826706	3526
0.0	589824.0	43794.947372	3527
0.0	589824.0	43360.172699	3528
0.0	524288.0	43963.49278	3849
0.0	393216.0	45961.409015	3850
0.0	524288.0	43979.212557	3851
0.0	524288.0	44534.532507	4081
0.0	458752.0	45437.53679	4082
0.0	524288.0	44842.736649	4083
0.0	393216.0	46496.571004	4161
0.0	524288.0	43995.337455	4162
0.0	524288.0	44743.16315	4163
0.0	524288.0	44032.722336	4241
0.0	393216.0	45868.54199	4242
0.0	589824.0	44288.101475	4243
0.0	589824.0	44544.533336	4321
0.0	458752.0	43769.935663	4322
0.0	524288.0	44353.249724	4323
0.0	524288.0	43688.523972	4481
1.0	6553600.0	48803.538497	4482
0.0	524288.0	43839.588878	4483
1.0	6553600.0	47931.237956	4561
0.0	524288.0	45547.173608	4562
0.0	458752.0	44250.948097	4641
0.0	458752.0	45051.003517	4642
0.0	589824.0	43147.720428	4643
0.0	524288.0	44274.09658	4721
0.0	589824.0	43018.597518	4722
0.0	589824.0	43766.512555	4723
2.0	6553600.0	48591.177884	4881
1.0	6553600.0	49587.561153	4882
0.0	524288.0	43941.157454	5041
1.0	6553600.0	49159.830154	5042
0.0	524288.0	50165.8636	5210
0.0	524288.0	44396.237686	5211
0.0	589824.0	43220.498418	5212
0.0	458752.0	45813.507349	5611
0.0	524288.0	44259.15155	5612
0.0	458752.0	44900.90876	5613
0.0	524288.0	43969.105363	5761
0.0	589824.0	43786.971872	5762
0.0	524288.0	44699.593084	5763
0.0	524288.0	44755.217182	5841
0.0	458752.0	43799.333423	5842
0.0	458752.0	43898.259589	5843
0.0	524288.0	44222.361152	5921
0.0	458752.0	44834.06818	5922
0.0	524288.0	43940.580007	5923
0.0	524288.0	44194.220057	6011
0.0	655360.0	43873.590595	6012
0.0	589824.0	43835.084184	6013
0.0	589824.0	44396.201097	6241
0.0	524288.0	44230.308944	6242
0.0	524288.0	44887.424857	6243
0.0	458752.0	45657.818039	6481
0.0	589824.0	44638.054302	6482
0.0	524288.0	44572.757753	6483
0.0	524288.0	44968.394942	6811
1.0	6553600.0	48596.851109	6812
0.0	524288.0	44944.675398	6813
0.0	524288.0	43967.893673	6961
0.0	655360.0	43402.268205	6962
0.0	524288.0	45364.476953	6963
1.0	6553600.0	47561.176151	7041
0.0	524288.0	46137.637233	7042
0.0	589824.0	43415.128961	7043
0.0	589824.0	44798.436288	7121
0.0	524288.0	45165.729073	7122
0.0	393216.0	46114.40785	7123
0.0	458752.0	45336.04759	7212
0.0	589824.0	44115.315952	7213
0.0	589824.0	43384.126034	7214
0.0	458752.0	45644.584851	7281
0.0	589824.0	44353.541692	7282
0.0	524288.0	43814.391744	7283
0.0	524288.0	44455.103942	7441
0.0	524288.0	44303.652927	7442
1.0	6553600.0	48907.602523	7443
0.0	458752.0	45412.519945	7521
0.0	524288.0	43990.850204	7522
0.0	393216.0	45459.799075	7523
0.0	458752.0	45899.965811	7681
0.0	524288.0	44281.921149	7682
0.0	458752.0	45336.370973	7683
0.0	524288.0	45167.943919	8081
0.0	458752.0	45510.102557	8082
0.0	458752.0	45086.896479	8083
0.0	458752.0	44742.846631	8161
1.0	6553600.0	48681.101289	8162
0.0	524288.0	44456.365894	8481
0.0	524288.0	44976.353169	8482
0.0	589824.0	43325.975821	8483
0.0	393216.0	45798.059938	8641
1.0	6553600.0	49188.952405	8642
0.0	524288.0	44047.39511	8721
0.0	458752.0	44328.131979	8722
2.0	6553600.0	48530.913208	8723
0.0	524288.0	44038.81276	8881
0.0	589824.0	44616.116416	8882
0.0	524288.0	44016.800524	8883
0.0	458752.0	44942.295676	8961
0.0	524288.0	44858.727263	8962
0.0	458752.0	44394.154957	8963
0.0	589824.0	43246.248425	9281
0.0	589824.0	44237.5858	9282
1.0	6553600.0	48276.148887	9283
0.0	524288.0	43706.364047	9361
1.0	6553600.0	47805.079283	9362
0.0	589824.0	44796.493175	9441
0.0	589824.0	43823.61022	9442
1.0	6553600.0	48660.945778	9443
0.0	589824.0	43709.087166	9681
0.0	589824.0	44815.164898	9682
0.0	65536.0	48177.45562	9683
1.0	6553600.0	47947.495517	9761
0.0	458752.0	44109.402267	9762
0.0	589824.0	44548.404763	9841
0.0	589824.0	44050.266343	9842
1.0	6553600.0	47965.5713	9843
0.0	327680.0	46352.517999	9921
1.0	6553600.0	49104.111037	9922
0.0	458752.0	44329.421593	9923
0.0	524288.0	24889.739139	11
0.0	589824.0	24070.755549	12
0.0	589824.0	23759.619503	13
0.0	524288.0	26007.286609	14
0.0	589824.0	37576.850606	15
0.0	458752.0	24331.675929	16
0.0	458752.0	27085.82858	115
0.0	524288.0	24082.369333	116
1.0	6553600.0	26917.235032	117
0.0	327680.0	37023.945784	118
0.0	524288.0	29384.160145	119
0.0	524288.0	24857.662225	161
0.0	524288.0	24050.29294	162
0.0	458752.0	24316.230293	163
0.0	327680.0	26948.499888	164
0.0	524288.0	41561.676273	165
0.0	524288.0	24822.133265	244
0.0	458752.0	24287.490154	245
0.0	524288.0	24180.552083	246
0.0	589824.0	25764.593336	247
1.0	6553600.0	39956.660515	248
0.0	524288.0	24158.49711	249
0.0	589824.0	24571.904045	324
0.0	524288.0	24064.149664	325
0.0	524288.0	24251.506679	326
2.0	6553600.0	28613.16711	327
0.0	589824.0	37044.831188	328
1.0	6553600.0	26265.625475	329
0.0	458752.0	25709.513141	417
0.0	524288.0	24011.840216	418
0.0	589824.0	23781.503446	419
1.0	6553600.0	29948.104705	420
0.0	458752.0	38001.259846	421
0.0	589824.0	23852.393887	422
0.0	524288.0	25071.005546	481
0.0	524288.0	24260.607602	482
0.0	458752.0	24275.587739	483
0.0	131072.0	27805.714402	484
0.0	524288.0	37637.273935	485
0.0	589824.0	24145.578909	486
0.0	393216.0	25532.935982	561
0.0	589824.0	23868.219793	562
0.0	524288.0	24072.136262	563
0.0	589824.0	26082.053128	564
0.0	589824.0	37573.113479	565
0.0	524288.0	24342.254391	566
1.0	6553600.0	26863.435538	641
0.0	655360.0	23804.188591	642
0.0	589824.0	23819.400353	643
0.0	458752.0	26715.087947	644
0.0	589824.0	31855.771291	645
0.0	524288.0	24232.504368	646
0.0	458752.0	25174.678029	724
1.0	6553600.0	26096.885192	725
0.0	524288.0	24059.848644	726
0.0	589824.0	26020.285598	727
0.0	524288.0	31752.45923	728
0.0	524288.0	24243.365685	729
1.0	6553600.0	26883.839566	801
0.0	458752.0	24343.617189	802
0.0	458752.0	24277.398135	803
0.0	655360.0	25819.501116	804
0.0	589824.0	37428.415187	805
0.0	524288.0	25031.778392	881
0.0	589824.0	23788.058335	882
0.0	589824.0	23743.590904	883
0.0	589824.0	25683.323467	884
0.0	524288.0	32052.028222	885
0.0	524288.0	24228.90218	886
0.0	524288.0	24793.672258	1016
0.0	589824.0	23755.200039	1017
0.0	524288.0	24663.20451	1018
0.0	524288.0	26176.745803	1019
0.0	524288.0	37748.53924	1020
0.0	524288.0	24267.475439	1021
0.0	524288.0	25677.962002	1044
0.0	524288.0	24005.574303	1045
0.0	458752.0	24460.084342	1046
0.0	393216.0	26806.839879	1047
0.0	589824.0	33250.12714	1048
0.0	458752.0	24463.470743	1049
0.0	524288.0	25000.177282	1121
0.0	524288.0	24054.94959	1122
0.0	458752.0	24477.22475	1123
0.0	524288.0	26160.986729	1124
1.0	6553600.0	39756.537829	1125
0.0	524288.0	24153.522062	1126
0.0	524288.0	24799.011411	1220
0.0	458752.0	24378.76038	1221
0.0	589824.0	23764.570225	1222
0.0	589824.0	26053.392174	1223
1.0	6553600.0	40023.15599	1224
0.0	589824.0	23993.237799	1225
0.0	589824.0	24906.407844	1281
0.0	524288.0	24054.24187	1282
0.0	524288.0	24021.993342	1283
1.0	6553600.0	28313.575185	1284
1.0	6553600.0	39255.748517	1285
0.0	589824.0	23845.143278	1286
0.0	524288.0	25019.69935	1364
0.0	589824.0	23814.681715	1365
0.0	524288.0	24020.478984	1366
0.0	524288.0	26073.606231	1367
0.0	524288.0	37708.133752	1368
0.0	524288.0	24468.292989	1369
1.0	6553600.0	26916.953841	1444
0.0	524288.0	24025.271831	1445
0.0	458752.0	24481.067669	1446
0.0	458752.0	27517.021672	1447
0.0	524288.0	37193.512135	1448
0.0	589824.0	23795.542585	1449
0.0	589824.0	24771.3894	1521
2.0	6553600.0	26096.289642	1522
0.0	458752.0	24290.229516	1523
0.0	655360.0	25759.472466	1524
0.0	589824.0	37530.287422	1525
1.0	6553600.0	26188.227268	1526
0.0	458752.0	25872.531436	1617
0.0	458752.0	24270.683774	1618
1.0	6553600.0	26291.453809	1619
0.0	524288.0	30303.863177	1620
0.0	393216.0	35582.466961	1621
0.0	524288.0	24863.982538	1681
0.0	524288.0	24306.930289	1682
0.0	524288.0	24026.118205	1683
0.0	589824.0	25809.100084	1684
0.0	524288.0	38328.52876	1685
0.0	589824.0	23883.756728	1686
1.0	6553600.0	26844.716784	1761
0.0	524288.0	24108.757901	1762
1.0	6553600.0	26049.14121	1763
0.0	524288.0	29522.942121	1764
1.0	6553600.0	36743.402203	1765
0.0	589824.0	24574.93551	1841
0.0	524288.0	24373.312564	1842
0.0	589824.0	23797.594743	1843
0.0	65536.0	28027.156631	1844
0.0	524288.0	31975.240184	1845
0.0	524288.0	24139.441401	1846
0.0	589824.0	24535.228475	1921
0.0	458752.0	24342.973925	1922
0.0	524288.0	24125.844267	1923
0.0	524288.0	27860.673795	1924
0.0	458752.0	37765.58243	1925
0.0	524288.0	24020.044046	1926
1.0	6553600.0	27038.072751	2020
0.0	589824.0	24111.73419	2021
0.0	524288.0	24036.11566	2022
0.0	524288.0	26474.442187	2023
0.0	458752.0	38165.197185	2024
0.0	524288.0	24045.852633	2025
0.0	458752.0	25106.670315	2081
0.0	524288.0	24249.088284	2082
0.0	589824.0	23965.073496	2083
1.0	6553600.0	28320.504941	2084
0.0	589824.0	36937.42521	2085
0.0	327680.0	24905.417764	2086
0.0	458752.0	25660.782444	2164
1.0	6553600.0	26094.729515	2165
1.0	6553600.0	26309.091103	2166
0.0	524288.0	31366.325686	2167
0.0	524288.0	28603.167081	2168
0.0	524288.0	24071.822116	2169
0.0	524288.0	25081.272973	2244
0.0	524288.0	24066.224809	2245
0.0	524288.0	24029.184989	2246
0.0	524288.0	26320.804184	2247
0.0	458752.0	32255.673557	2248
0.0	458752.0	24802.032916	2249
0.0	524288.0	25491.026669	2324
0.0	524288.0	24058.009393	2325
0.0	524288.0	24228.824106	2326
1.0	6553600.0	29939.475246	2327
1.0	6553600.0	39343.480564	2328
0.0	589824.0	24588.803759	2416
0.0	524288.0	24399.75667	2417
1.0	6553600.0	25979.025705	2418
1.0	6553600.0	31230.768573	2419
0.0	524288.0	34695.334109	2420
0.0	589824.0	23995.306493	2421
1.0	6553600.0	27055.237878	2484
0.0	524288.0	24128.217111	2485
0.0	589824.0	23930.600059	2486
0.0	589824.0	26539.252353	2487
0.0	589824.0	37311.921139	2488
0.0	458752.0	24451.908308	2489
0.0	458752.0	25055.047778	2564
0.0	524288.0	24076.281504	2565
0.0	524288.0	24077.991228	2566
0.0	524288.0	26071.876348	2567
1.0	6553600.0	39671.906787	2568
0.0	524288.0	24222.364336	2569
1.0	6553600.0	27142.349121	2644
0.0	458752.0	24390.737349	2645
0.0	458752.0	24272.371067	2646
0.0	458752.0	26889.304894	2647
0.0	65536.0	37010.817202	2648
0.0	524288.0	24146.349712	2649
0.0	524288.0	24847.176904	2721
0.0	524288.0	24275.225163	2722
0.0	393216.0	24719.132407	2723
0.0	524288.0	26207.413187	2724
0.0	458752.0	38333.905519	2725
0.0	524288.0	24086.108364	2726
0.0	524288.0	24985.32001	2817
0.0	393216.0	24803.246139	2818
0.0	589824.0	23836.294555	2819
0.0	524288.0	26216.960374	2820
0.0	524288.0	38166.313097	2821
0.0	589824.0	23880.425559	2822
0.0	458752.0	25030.546627	2884
0.0	524288.0	24093.654103	2885
0.0	524288.0	24009.58062	2886
0.0	524288.0	27772.489047	2887
0.0	524288.0	37636.909892	2888
0.0	524288.0	24217.506882	2889
0.0	589824.0	24601.592227	2961
0.0	458752.0	24296.364169	2962
0.0	524288.0	24044.92962	2963
0.0	458752.0	26364.704341	2964
1.0	6553600.0	33919.022048	2965
0.0	589824.0	24116.810665	2966
1.0	6553600.0	27063.084847	3044
0.0	524288.0	24094.897086	3045
0.0	524288.0	24064.009286	3046
0.0	589824.0	25999.772247	3047
0.0	524288.0	33636.083014	3048
0.0	458752.0	24405.979082	3049
1.0	6553600.0	26868.184732	3124
1.0	6553600.0	26085.073872	3125
0.0	589824.0	23811.678795	3126
0.0	524288.0	26743.178781	3127
0.0	458752.0	35242.829215	3128
0.0	458752.0	24325.475362	3129
0.0	458752.0	25134.572314	3217
0.0	196608.0	25589.012747	3218
0.0	524288.0	24255.064535	3219
1.0	6553600.0	28783.013333	3220
0.0	524288.0	34978.348143	3221
0.0	458752.0	24301.844815	3222
0.0	524288.0	25045.866596	3284
0.0	524288.0	24051.168436	3285
1.0	6553600.0	26283.17356	3286
1.0	6553600.0	28904.003421	3287
0.0	327680.0	35596.596408	3288
0.0	327680.0	25029.299312	3289
0.0	524288.0	24968.723076	3364
0.0	458752.0	24205.427203	3365
0.0	524288.0	23951.248303	3366
0.0	524288.0	28049.091868	3367
0.0	458752.0	37605.279333	3368
0.0	458752.0	24312.496382	3369
0.0	524288.0	24823.330356	3444
0.0	589824.0	23983.641844	3445
0.0	524288.0	24330.206665	3446
0.0	524288.0	26476.940238	3447
0.0	524288.0	32103.126459	3448
0.0	524288.0	24322.993174	3449
1.0	6553600.0	27491.690399	3521
0.0	589824.0	24039.57096	3522
0.0	524288.0	24677.196853	3523
1.0	6553600.0	36389.840785	3524
0.0	393216.0	28566.248523	3525
0.0	589824.0	24579.812696	3620
0.0	524288.0	24032.712575	3621
0.0	589824.0	23812.00669	3622
1.0	6553600.0	28466.300209	3623
0.0	458752.0	37778.578196	3624
0.0	589824.0	23930.290961	3625
0.0	524288.0	24854.203695	3684
1.0	6553600.0	26059.6557	3685
0.0	524288.0	24022.311279	3686
0.0	589824.0	26224.82552	3687
1.0	6553600.0	33765.014885	3688
0.0	458752.0	24355.282313	3689
1.0	6553600.0	26839.169826	3764
0.0	524288.0	24100.783196	3765
0.0	655360.0	23684.752214	3766
0.0	524288.0	26247.00354	3767
0.0	524288.0	37728.256075	3768
0.0	524288.0	24281.564068	3769
0.0	458752.0	25710.492978	3844
1.0	6553600.0	26296.352935	3845
0.0	589824.0	23941.582525	3846
0.0	524288.0	28680.793539	3847
0.0	458752.0	37075.555142	3848
0.0	458752.0	25272.428088	3924
0.0	524288.0	24742.76871	3925
0.0	524288.0	24291.772148	3926
0.0	524288.0	26142.180157	3927
1.0	6553600.0	39558.525855	3928
0.0	589824.0	41778.011911	241
0.0	458752.0	41985.175884	242
0.0	524288.0	41707.739093	243
0.0	458752.0	41555.643274	321
0.0	524288.0	41597.063592	322
0.0	589824.0	41222.36984	323
0.0	589824.0	42765.731732	721
1.0	6553600.0	45098.81725	722
1.0	6553600.0	44876.789333	723
0.0	524288.0	42175.331759	1041
0.0	524288.0	41440.411779	1042
0.0	524288.0	42294.108916	1043
0.0	458752.0	42049.346213	1217
0.0	393216.0	43649.704736	1218
0.0	458752.0	44276.348834	1219
0.0	589824.0	41244.337732	1361
0.0	589824.0	39958.386017	1362
0.0	524288.0	43966.479241	1363
0.0	458752.0	42140.066833	1441
0.0	524288.0	41679.034078	1442
0.0	589824.0	40954.167959	1443
0.0	589824.0	42081.974493	2017
0.0	458752.0	41705.311842	2018
0.0	524288.0	41824.73834	2019
0.0	524288.0	45308.45376	2161
0.0	589824.0	41758.568027	2162
0.0	524288.0	43322.703024	2163
0.0	524288.0	41516.491047	2241
0.0	524288.0	42618.267193	2242
0.0	589824.0	40578.191339	2243
0.0	524288.0	40899.521255	2321
1.0	6553600.0	45555.210704	2322
0.0	589824.0	41190.096228	2323
0.0	458752.0	41809.576485	2481
0.0	524288.0	41431.251065	2482
0.0	589824.0	40915.859776	2483
1.0	6553600.0	44933.965705	2561
0.0	589824.0	40853.627805	2562
0.0	458752.0	42492.353658	2563
0.0	524288.0	41325.987715	2641
0.0	458752.0	42204.73967	2642
2.0	6553600.0	44691.692733	2643
0.0	458752.0	42027.656494	2881
0.0	524288.0	41385.664421	2882
0.0	589824.0	40978.71474	2883
0.0	589824.0	40347.215845	3041
0.0	589824.0	43492.167493	3042
0.0	524288.0	43300.053343	3043
3.0	6553600.0	47519.097598	3121
0.0	589824.0	41524.111949	3122
0.0	524288.0	42060.20881	3123
0.0	524288.0	42306.60913	3281
0.0	458752.0	42765.657069	3282
1.0	6553600.0	44628.719452	3283
0.0	524288.0	42861.333622	3361
0.0	524288.0	41604.345587	3362
0.0	589824.0	41743.845667	3363
0.0	458752.0	41559.635482	3441
0.0	524288.0	41417.138418	3442
0.0	524288.0	41491.072427	3443
0.0	524288.0	41794.933327	3617
0.0	524288.0	42726.846369	3618
0.0	458752.0	42405.833061	3619
1.0	6553600.0	45011.682695	3681
0.0	131072.0	43287.70882	3682
0.0	458752.0	41845.419193	3683
0.0	524288.0	41277.019566	3761
0.0	524288.0	42350.753234	3762
0.0	524288.0	42527.997838	3763
0.0	262144.0	43829.506416	3841
0.0	589824.0	42133.275111	3842
0.0	524288.0	42518.207674	3843
0.0	524288.0	41685.218082	3921
0.0	524288.0	42107.546121	3922
0.0	524288.0	41962.953557	3923
0.0	458752.0	26817.220979	10
0.0	458752.0	25412.15199	110
0.0	393216.0	26196.91509	111
0.0	524288.0	27828.929061	112
0.0	458752.0	25008.010376	113
0.0	589824.0	24084.594068	114
1.0	6553600.0	27392.686644	411
0.0	524288.0	24134.574272	412
0.0	393216.0	26611.038228	413
1.0	6553600.0	29554.571459	414
0.0	524288.0	24274.067626	415
0.0	524288.0	24772.879434	416
0.0	458752.0	28355.699256	1010
0.0	458752.0	26430.145438	1011
0.0	524288.0	25759.706838	1012
0.0	458752.0	27999.233143	1013
0.0	458752.0	25686.905333	1014
0.0	524288.0	24698.624823	1015
0.0	524288.0	25366.357686	1211
0.0	524288.0	23923.976834	1212
1.0	6553600.0	27465.096876	1213
0.0	524288.0	26891.629737	1214
0.0	458752.0	24557.312255	1215
0.0	524288.0	24981.206935	1216
0.0	655360.0	26826.697189	1611
0.0	524288.0	24964.170617	1612
0.0	524288.0	25534.170478	1613
0.0	524288.0	27969.135155	1614
0.0	393216.0	25263.917836	1615
0.0	655360.0	23833.255262	1616
0.0	524288.0	28239.465484	2012
0.0	589824.0	25892.947021	2013
1.0	6553600.0	28033.355821	2014
1.0	6553600.0	29533.92038	2015
0.0	589824.0	25028.943962	2016
1.0	6553600.0	31263.806084	2411
0.0	524288.0	23919.971788	2412
0.0	524288.0	26874.681865	2413
1.0	6553600.0	30012.656856	2414
1.0	6553600.0	27034.417565	2415
0.0	655360.0	24669.344251	2811
0.0	524288.0	23853.570518	2812
0.0	524288.0	25203.596786	2813
0.0	589824.0	26699.39826	2814
0.0	458752.0	25042.136048	2815
0.0	458752.0	24262.236249	2816
0.0	524288.0	26798.779154	3211
0.0	524288.0	24983.437267	3212
0.0	524288.0	25576.781904	3213
0.0	458752.0	28440.284781	3214
0.0	524288.0	24738.503728	3215
0.0	458752.0	24547.494205	3216
0.0	393216.0	27340.822035	3611
1.0	6553600.0	27024.487622	3612
1.0	6553600.0	28241.999017	3613
0.0	524288.0	27487.645813	3614
0.0	589824.0	24414.953818	3615
0.0	458752.0	24571.312793	3616
1.0	6553600.0	28056.913781	105
0.0	458752.0	29882.899158	106
0.0	524288.0	29896.675919	107
0.0	524288.0	29558.132533	108
0.0	393216.0	30176.372448	109
0.0	393216.0	26534.87033	406
0.0	589824.0	28997.049295	407
0.0	524288.0	29730.824662	408
1.0	6553600.0	32075.709505	409
0.0	458752.0	29912.7475	410
0.0	458752.0	26235.860063	1005
0.0	589824.0	28940.644563	1006
1.0	6553600.0	32575.67361	1007
0.0	458752.0	29781.161995	1008
0.0	524288.0	29853.774118	1009
0.0	524288.0	25760.727292	1206
0.0	458752.0	29788.98576	1207
0.0	524288.0	29716.44921	1208
0.0	589824.0	29483.907039	1209
0.0	524288.0	29626.783152	1210
1.0	6553600.0	28038.693123	1606
0.0	589824.0	29239.760633	1607
0.0	524288.0	29744.641749	1608
0.0	524288.0	29491.824928	1609
0.0	524288.0	29873.425404	1610
0.0	524288.0	25811.388637	2007
0.0	524288.0	29302.947716	2008
0.0	458752.0	30227.116486	2009
0.0	524288.0	29761.832665	2010
0.0	589824.0	29328.240482	2011
0.0	524288.0	25794.977965	2406
0.0	524288.0	29456.390279	2407
1.0	6553600.0	32430.150658	2408
0.0	524288.0	29443.456334	2409
0.0	458752.0	29956.438741	2410
1.0	6553600.0	28361.434742	2806
0.0	589824.0	29255.133793	2807
0.0	589824.0	29391.713583	2808
0.0	524288.0	29505.498354	2809
0.0	524288.0	29550.406491	2810
0.0	524288.0	25884.390811	3206
1.0	6553600.0	31817.36956	3207
0.0	524288.0	29697.321458	3208
1.0	6553600.0	31951.876571	3209
1.0	6553600.0	32363.37984	3210
0.0	589824.0	25635.051712	3606
1.0	6553600.0	31732.172825	3607
0.0	589824.0	29579.47964	3608
0.0	524288.0	29492.181728	3609
0.0	524288.0	29943.988155	3610
0.0	524288.0	25786.102194	4007
0.0	589824.0	28953.074573	4008
0.0	458752.0	30228.480989	4009
0.0	524288.0	29744.268578	4010
0.0	524288.0	29763.025546	4011
0.0	524288.0	25816.478227	4406
0.0	524288.0	29218.961379	4407
1.0	6553600.0	32261.210276	4408
0.0	524288.0	29519.13883	4409
0.0	524288.0	29575.137366	4410
1.0	6553600.0	26094.914053	4806
1.0	6553600.0	31803.33139	4807
0.0	524288.0	30005.660045	4808
0.0	524288.0	29498.350957	4809
0.0	589824.0	29259.558715	4810
0.0	589824.0	25983.821278	5205
0.0	589824.0	29490.518884	5206
0.0	524288.0	30188.728989	5207
0.0	589824.0	29989.21103	5208
0.0	458752.0	30417.912837	5209
1.0	6553600.0	28498.485414	5606
0.0	589824.0	29216.949225	5607
0.0	524288.0	29984.576083	5608
0.0	589824.0	29200.5554	5609
0.0	524288.0	29669.198567	5610
0.0	458752.0	26282.744687	6006
0.0	589824.0	29052.614815	6007
1.0	6553600.0	32196.197615	6008
1.0	6553600.0	31898.345069	6009
0.0	524288.0	29721.832121	6010
2.0	6553600.0	28134.648509	6406
0.0	458752.0	29834.62054	6407
1.0	6553600.0	32148.684689	6408
1.0	6553600.0	34849.371589	6409
0.0	458752.0	26075.017805	6806
0.0	524288.0	29348.111406	6807
0.0	458752.0	29986.99893	6808
0.0	524288.0	29736.675014	6809
0.0	589824.0	29436.034098	6810
0.0	524288.0	26075.445712	7207
0.0	524288.0	29520.532576	7208
0.0	524288.0	30130.027425	7209
0.0	524288.0	29633.329327	7210
0.0	458752.0	29973.593902	7211
0.0	524288.0	26057.265983	7606
0.0	589824.0	29085.318253	7607
0.0	524288.0	29920.131644	7608
0.0	589824.0	29342.019202	7609
0.0	589824.0	29715.970265	7610
0.0	524288.0	25840.443566	8006
0.0	524288.0	29516.865365	8007
0.0	458752.0	30378.359724	8008
0.0	458752.0	29847.544887	8009
0.0	393216.0	30379.984884	8010
0.0	589824.0	25793.360803	8406
0.0	524288.0	29488.885099	8407
0.0	589824.0	29390.445003	8408
0.0	524288.0	29812.09869	8409
0.0	458752.0	30088.323144	8410
0.0	458752.0	26328.47021	8807
0.0	524288.0	30326.403023	8808
0.0	524288.0	29715.769461	8809
0.0	458752.0	29937.729107	8810
1.0	6553600.0	32039.52494	8811
0.0	524288.0	25862.646197	9206
1.0	6553600.0	31813.555304	9207
0.0	524288.0	29781.706469	9208
0.0	524288.0	29436.939419	9209
0.0	524288.0	29535.388238	9210
0.0	524288.0	26041.280473	9605
1.0	6553600.0	31847.896014	9606
0.0	196608.0	31224.949758	9607
0.0	524288.0	29599.71883	9608
0.0	524288.0	29818.101816	9609
0.0	131072.0	27853.695632	100
0.0	458752.0	26717.897109	101
0.0	524288.0	26251.446184	102
0.0	524288.0	26383.251318	103
0.0	589824.0	25892.984093	104
0.0	524288.0	26166.566061	401
1.0	6553600.0	28321.37623	402
0.0	196608.0	27534.378769	403
0.0	524288.0	26491.743051	404
0.0	655360.0	25609.348167	405
0.0	524288.0	26244.961149	1000
0.0	589824.0	25777.23371	1001
0.0	524288.0	26407.668788	1002
0.0	589824.0	27417.209414	1003
0.0	589824.0	25944.337311	1004
0.0	524288.0	26217.34413	1201
0.0	655360.0	25612.682081	1202
0.0	458752.0	26663.029273	1203
0.0	393216.0	26735.265035	1204
0.0	524288.0	26128.022002	1205
0.0	524288.0	26333.740573	1601
0.0	589824.0	25818.826384	1602
0.0	524288.0	26363.420458	1603
0.0	458752.0	26400.801938	1604
2.0	6553600.0	28511.913194	1605
0.0	458752.0	24238.092659	2001
0.0	524288.0	24086.612974	2002
0.0	327680.0	24872.776827	2003
0.0	458752.0	24175.455642	2004
0.0	524288.0	23896.152266	2005
0.0	524288.0	23869.393823	2006
0.0	524288.0	26193.232768	2401
0.0	524288.0	26317.57176	2402
1.0	6553600.0	28369.102101	2403
0.0	524288.0	26328.471048	2404
0.0	524288.0	26338.794394	2405
0.0	524288.0	26173.134958	2801
0.0	589824.0	26025.287882	2802
0.0	524288.0	26203.376092	2803
0.0	458752.0	26395.157702	2804
1.0	6553600.0	28614.320206	2805
1.0	6553600.0	28391.982274	3201
1.0	6553600.0	28600.285285	3202
0.0	524288.0	26202.005481	3203
0.0	458752.0	26455.987705	3204
0.0	589824.0	26121.590543	3205
0.0	655360.0	25752.199502	3601
0.0	524288.0	26334.752713	3602
0.0	524288.0	26434.819499	3603
0.0	589824.0	26081.001844	3604
0.0	458752.0	26646.754638	3605
0.0	458752.0	24195.338235	4001
0.0	589824.0	23630.207649	4002
0.0	524288.0	24001.42475	4003
0.0	589824.0	23647.495749	4004
0.0	589824.0	23613.417854	4005
0.0	458752.0	24521.323479	4006
0.0	393216.0	26743.698451	4401
0.0	524288.0	26281.176128	4402
1.0	6553600.0	28480.439336	4403
0.0	327680.0	27094.009198	4404
1.0	6553600.0	28385.990875	4405
0.0	458752.0	26431.914198	4801
0.0	589824.0	25751.638362	4802
0.0	524288.0	26173.533477	4803
3.0	6553600.0	28338.577963	4804
0.0	524288.0	26142.783728	4805
0.0	524288.0	49187.082966	5201
0.0	524288.0	26239.659445	5202
0.0	524288.0	26339.380408	5203
2.0	6553600.0	28674.991569	5204
0.0	589824.0	25914.182953	5601
0.0	524288.0	26144.391189	5602
0.0	589824.0	25925.473815	5603
0.0	524288.0	26175.699684	5604
0.0	524288.0	26495.541023	5605
0.0	524288.0	26317.612066	6001
0.0	524288.0	26434.165775	6002
1.0	6553600.0	28547.742412	6003
0.0	262144.0	27288.353075	6004
0.0	524288.0	26426.331341	6005
0.0	393216.0	26686.876549	6401
0.0	589824.0	26027.555348	6402
0.0	524288.0	26374.353631	6403
0.0	458752.0	26435.923602	6404
0.0	589824.0	25954.47508	6405
0.0	458752.0	26567.544614	6801
0.0	524288.0	26135.464911	6802
1.0	6553600.0	28560.367848	6803
0.0	524288.0	26184.140774	6804
0.0	524288.0	26169.425469	6805
0.0	524288.0	24052.114315	7201
0.0	524288.0	24145.175726	7202
0.0	589824.0	23802.233156	7203
0.0	524288.0	24099.767508	7204
0.0	589824.0	23877.994964	7205
0.0	589824.0	23880.910444	7206
0.0	327680.0	27182.508223	7601
0.0	524288.0	26337.10019	7602
0.0	589824.0	26113.84742	7603
0.0	589824.0	25959.019136	7604
1.0	6553600.0	28461.388857	7605
0.0	393216.0	26779.929698	8001
0.0	524288.0	26086.882507	8002
0.0	524288.0	26209.932776	8003
0.0	524288.0	26191.367586	8004
0.0	524288.0	26427.240371	8005
0.0	458752.0	26602.418523	8401
0.0	524288.0	26055.661413	8402
0.0	589824.0	26060.132605	8403
0.0	524288.0	26397.604987	8404
0.0	524288.0	26173.854919	8405
0.0	524288.0	23976.00563	8801
0.0	524288.0	23921.59215	8802
0.0	458752.0	24404.135686	8803
0.0	589824.0	23846.073168	8804
0.0	458752.0	24102.07353	8805
0.0	524288.0	23826.973913	8806
0.0	524288.0	26192.666297	9201
0.0	589824.0	25873.561589	9202
0.0	458752.0	26698.264724	9203
0.0	524288.0	26364.061521	9204
0.0	262144.0	27231.153695	9205
0.0	589824.0	26070.279159	10000
0.0	589824.0	26036.381064	9601
0.0	589824.0	26112.767407	9602
0.0	524288.0	26210.523578	9603
0.0	458752.0	26495.559507	9604
