#SA random K-SAT
#N=32768  nIter=262144  alpha=9.15   NSamples=1113
#av(e)	0.0
#std(e)	0.0
0.0	96566.0
0.0	101001.0
0.0	116172.0
0.0	101810.0
0.0	106230.0
0.0	98462.0
0.0	100197.0
0.0	99609.0
0.0	128395.0
0.0	96741.0
0.0	100765.0
0.0	98647.0
0.0	100125.0
0.0	96311.0
0.0	118388.0
0.0	101540.0
0.0	108137.0
0.0	105799.0
0.0	117678.0
0.0	99935.0
0.0	99632.0
0.0	90669.0
0.0	104199.0
0.0	109496.0
0.0	96479.0
0.0	96970.0
0.0	106483.0
0.0	102452.0
0.0	100361.0
0.0	108258.0
0.0	162245.0
0.0	101922.0
0.0	121329.0
0.0	107334.0
0.0	91117.0
0.0	98520.0
0.0	95294.0
0.0	94305.0
0.0	108303.0
0.0	95426.0
0.0	99529.0
0.0	120817.0
0.0	104248.0
0.0	104186.0
0.0	102024.0
0.0	118931.0
0.0	105337.0
0.0	96102.0
0.0	102699.0
0.0	101857.0
0.0	104072.0
0.0	97375.0
0.0	99086.0
0.0	113721.0
0.0	105899.0
0.0	102369.0
0.0	100853.0
0.0	108072.0
0.0	110316.0
0.0	101947.0
0.0	103099.0
0.0	96145.0
0.0	97388.0
0.0	96566.0
0.0	107726.0
0.0	100733.0
0.0	101232.0
0.0	103549.0
0.0	107508.0
0.0	100067.0
0.0	102402.0
0.0	103049.0
0.0	101586.0
0.0	98796.0
0.0	106824.0
0.0	105176.0
0.0	103497.0
0.0	107780.0
0.0	100663.0
0.0	103630.0
0.0	105377.0
0.0	105942.0
0.0	118792.0
0.0	113894.0
0.0	99986.0
0.0	104555.0
0.0	107293.0
0.0	101817.0
0.0	99778.0
0.0	110440.0
0.0	94285.0
0.0	114147.0
0.0	114933.0
0.0	102796.0
0.0	107876.0
0.0	97299.0
0.0	95785.0
0.0	103169.0
0.0	95966.0
0.0	117928.0
0.0	102415.0
0.0	96709.0
0.0	105557.0
0.0	108060.0
0.0	105284.0
0.0	102676.0
0.0	105563.0
0.0	102898.0
0.0	98210.0
0.0	105126.0
0.0	99783.0
0.0	103474.0
0.0	102625.0
0.0	103499.0
0.0	98983.0
0.0	98834.0
0.0	129655.0
0.0	115461.0
0.0	100529.0
0.0	98027.0
0.0	102210.0
0.0	109973.0
0.0	101078.0
0.0	104856.0
0.0	107488.0
0.0	108355.0
0.0	102231.0
0.0	99819.0
0.0	93737.0
0.0	110565.0
0.0	98761.0
0.0	107411.0
0.0	156785.0
0.0	98295.0
0.0	107560.0
0.0	98695.0
0.0	108603.0
0.0	115208.0
0.0	108371.0
0.0	106239.0
0.0	101266.0
0.0	104197.0
0.0	99666.0
0.0	100043.0
0.0	98197.0
0.0	101807.0
0.0	110945.0
0.0	120159.0
0.0	98044.0
0.0	103273.0
0.0	109240.0
0.0	104881.0
0.0	121732.0
0.0	103842.0
0.0	103523.0
0.0	105856.0
0.0	93220.0
0.0	108990.0
0.0	102457.0
0.0	97809.0
0.0	109025.0
0.0	102062.0
0.0	101905.0
0.0	110542.0
0.0	96911.0
0.0	99601.0
0.0	99993.0
0.0	109524.0
0.0	127655.0
0.0	97857.0
0.0	93613.0
0.0	117766.0
0.0	108133.0
0.0	99774.0
0.0	124344.0
0.0	106529.0
0.0	103546.0
0.0	99919.0
0.0	102732.0
0.0	102166.0
0.0	126674.0
0.0	101909.0
0.0	109741.0
0.0	113596.0
0.0	106722.0
0.0	108890.0
0.0	111682.0
0.0	105036.0
0.0	99454.0
0.0	106970.0
0.0	103580.0
0.0	90773.0
0.0	133419.0
0.0	112168.0
0.0	102905.0
0.0	98908.0
0.0	100438.0
0.0	108917.0
0.0	100285.0
0.0	106612.0
0.0	100250.0
0.0	102717.0
0.0	97962.0
0.0	103913.0
0.0	104476.0
0.0	101151.0
0.0	113399.0
0.0	98603.0
0.0	113258.0
0.0	102808.0
0.0	110220.0
0.0	104426.0
0.0	105009.0
0.0	129914.0
0.0	112595.0
0.0	103703.0
0.0	97830.0
0.0	99357.0
0.0	104303.0
0.0	102928.0
0.0	104150.0
0.0	110256.0
0.0	97595.0
0.0	96098.0
0.0	106473.0
0.0	97922.0
0.0	98870.0
0.0	98697.0
0.0	102345.0
0.0	99742.0
0.0	114806.0
0.0	103590.0
0.0	105523.0
0.0	103716.0
0.0	103190.0
0.0	98545.0
0.0	104138.0
0.0	116813.0
0.0	102295.0
0.0	104862.0
0.0	96759.0
0.0	102523.0
0.0	104859.0
0.0	104860.0
0.0	99578.0
0.0	109281.0
0.0	104609.0
0.0	104949.0
0.0	122745.0
0.0	96295.0
0.0	108265.0
0.0	111252.0
0.0	132298.0
0.0	101146.0
0.0	97955.0
0.0	122618.0
0.0	133954.0
0.0	103756.0
0.0	101932.0
0.0	101237.0
0.0	101506.0
0.0	105242.0
0.0	111317.0
0.0	113902.0
0.0	105240.0
0.0	97551.0
0.0	105717.0
0.0	98656.0
0.0	104650.0
0.0	91439.0
0.0	105647.0
0.0	103708.0
0.0	118930.0
0.0	99502.0
0.0	99682.0
0.0	102489.0
0.0	102223.0
0.0	103387.0
0.0	100536.0
0.0	92022.0
0.0	103214.0
0.0	97302.0
0.0	100411.0
0.0	106398.0
0.0	114205.0
0.0	101995.0
0.0	106767.0
0.0	104207.0
0.0	99256.0
0.0	107522.0
0.0	128637.0
0.0	102688.0
0.0	98824.0
0.0	104188.0
0.0	100295.0
0.0	100620.0
0.0	116144.0
0.0	103213.0
0.0	123832.0
0.0	108625.0
0.0	98584.0
0.0	103974.0
0.0	108547.0
0.0	105634.0
0.0	105718.0
0.0	103605.0
0.0	137112.0
0.0	98532.0
0.0	97748.0
0.0	119172.0
0.0	99745.0
0.0	107168.0
0.0	102995.0
0.0	97640.0
0.0	103748.0
0.0	114719.0
0.0	101052.0
0.0	97917.0
0.0	101060.0
0.0	106653.0
0.0	126717.0
0.0	104209.0
0.0	97254.0
0.0	110776.0
0.0	102798.0
0.0	100825.0
0.0	124607.0
0.0	110791.0
0.0	101081.0
0.0	110023.0
0.0	100653.0
0.0	129010.0
0.0	107040.0
0.0	101028.0
0.0	112037.0
0.0	105011.0
0.0	106873.0
0.0	105583.0
0.0	96808.0
0.0	98886.0
0.0	104932.0
0.0	100594.0
0.0	103175.0
0.0	104433.0
0.0	102046.0
0.0	105691.0
0.0	98705.0
0.0	100427.0
0.0	105907.0
0.0	109237.0
0.0	104831.0
0.0	104987.0
0.0	103028.0
0.0	104313.0
0.0	100502.0
0.0	97893.0
0.0	106832.0
0.0	98620.0
0.0	113612.0
0.0	106976.0
0.0	108461.0
0.0	97481.0
0.0	103303.0
0.0	112699.0
0.0	102019.0
0.0	103481.0
0.0	104174.0
0.0	100069.0
0.0	105352.0
0.0	108783.0
0.0	99962.0
0.0	96271.0
0.0	101717.0
0.0	109344.0
0.0	101392.0
0.0	107178.0
0.0	109072.0
0.0	115605.0
0.0	103420.0
0.0	103243.0
0.0	106675.0
0.0	104582.0
0.0	102199.0
0.0	100918.0
0.0	103270.0
0.0	104855.0
0.0	102269.0
0.0	103171.0
0.0	95212.0
0.0	95792.0
0.0	102283.0
0.0	106606.0
0.0	113319.0
0.0	101148.0
0.0	102872.0
0.0	103295.0
0.0	116806.0
0.0	103371.0
0.0	97451.0
0.0	105924.0
0.0	107760.0
0.0	101440.0
0.0	108242.0
0.0	104665.0
0.0	97634.0
0.0	110447.0
0.0	100246.0
0.0	108188.0
0.0	97961.0
0.0	102931.0
0.0	104782.0
0.0	110198.0
0.0	105851.0
0.0	96275.0
0.0	97025.0
0.0	114142.0
0.0	110778.0
0.0	112578.0
0.0	97819.0
0.0	115987.0
0.0	121580.0
0.0	102907.0
0.0	102109.0
0.0	98296.0
0.0	108969.0
0.0	100623.0
0.0	108692.0
0.0	100025.0
0.0	112494.0
0.0	105973.0
0.0	98193.0
0.0	114269.0
0.0	103145.0
0.0	105172.0
0.0	104347.0
0.0	113307.0
0.0	102501.0
0.0	100035.0
0.0	102170.0
0.0	94984.0
0.0	110894.0
0.0	100938.0
0.0	101555.0
0.0	110463.0
0.0	96420.0
0.0	100412.0
0.0	97247.0
0.0	108548.0
0.0	99182.0
0.0	102193.0
0.0	103216.0
0.0	107588.0
0.0	96789.0
0.0	106341.0
0.0	101193.0
0.0	106172.0
0.0	105414.0
0.0	136076.0
0.0	106826.0
0.0	96574.0
0.0	99354.0
0.0	101967.0
0.0	106551.0
0.0	97171.0
0.0	101909.0
0.0	113981.0
0.0	98746.0
0.0	100496.0
0.0	104877.0
0.0	102855.0
0.0	100598.0
0.0	111102.0
0.0	97518.0
0.0	101209.0
0.0	114531.0
0.0	106741.0
0.0	109917.0
0.0	109933.0
0.0	104025.0
0.0	99329.0
0.0	105450.0
0.0	108301.0
0.0	100725.0
0.0	113240.0
0.0	94644.0
0.0	98578.0
0.0	107489.0
0.0	97970.0
0.0	97454.0
0.0	102992.0
0.0	97739.0
0.0	180031.0
0.0	106130.0
0.0	104184.0
0.0	97929.0
0.0	99369.0
0.0	103257.0
0.0	112315.0
0.0	98555.0
0.0	97870.0
0.0	105468.0
0.0	97365.0
0.0	101501.0
0.0	97715.0
0.0	102999.0
0.0	107115.0
0.0	111535.0
0.0	101436.0
0.0	102134.0
0.0	104297.0
0.0	105100.0
0.0	97733.0
0.0	97931.0
0.0	116316.0
0.0	106123.0
0.0	101586.0
0.0	114050.0
0.0	92037.0
0.0	101682.0
0.0	105220.0
0.0	111377.0
0.0	93738.0
0.0	103149.0
0.0	109253.0
0.0	103506.0
0.0	112374.0
0.0	113031.0
0.0	100752.0
0.0	118965.0
0.0	103885.0
0.0	101769.0
0.0	100238.0
0.0	99356.0
0.0	107325.0
0.0	97598.0
0.0	101993.0
0.0	104476.0
0.0	99723.0
0.0	103791.0
0.0	102387.0
0.0	120277.0
0.0	112433.0
0.0	103360.0
0.0	102669.0
0.0	101141.0
0.0	102675.0
0.0	99492.0
0.0	108935.0
0.0	109344.0
0.0	100169.0
0.0	104576.0
0.0	95717.0
0.0	93295.0
0.0	104652.0
0.0	105256.0
0.0	97329.0
0.0	98049.0
0.0	112387.0
0.0	101700.0
0.0	96462.0
0.0	109282.0
0.0	101638.0
0.0	102604.0
0.0	116082.0
0.0	102445.0
0.0	101431.0
0.0	103898.0
0.0	103212.0
0.0	91974.0
0.0	104082.0
0.0	102808.0
0.0	109507.0
0.0	107384.0
0.0	100912.0
0.0	125093.0
0.0	102721.0
0.0	95022.0
0.0	107869.0
0.0	98758.0
0.0	101106.0
0.0	100840.0
0.0	100838.0
0.0	104895.0
0.0	110300.0
0.0	99828.0
0.0	103957.0
0.0	94865.0
0.0	107318.0
0.0	97758.0
0.0	101837.0
0.0	115367.0
0.0	101333.0
0.0	102904.0
0.0	99628.0
0.0	100405.0
0.0	104988.0
0.0	103284.0
0.0	100648.0
0.0	101616.0
0.0	98421.0
0.0	106292.0
0.0	98175.0
0.0	99238.0
0.0	99756.0
0.0	103365.0
0.0	105495.0
0.0	108480.0
0.0	110235.0
0.0	98653.0
0.0	108209.0
0.0	103089.0
0.0	106143.0
0.0	107949.0
0.0	102969.0
0.0	110677.0
0.0	105263.0
0.0	96679.0
0.0	102831.0
0.0	110691.0
0.0	103903.0
0.0	126743.0
0.0	124604.0
0.0	136727.0
0.0	110691.0
0.0	98708.0
0.0	106475.0
0.0	99199.0
0.0	118805.0
0.0	125938.0
0.0	105388.0
0.0	120852.0
0.0	107125.0
0.0	103116.0
0.0	95969.0
0.0	144771.0
0.0	106590.0
0.0	106229.0
0.0	108857.0
0.0	97802.0
0.0	102668.0
0.0	130217.0
0.0	109200.0
0.0	108879.0
0.0	107097.0
0.0	106696.0
0.0	106590.0
0.0	101055.0
0.0	93529.0
0.0	96634.0
0.0	102353.0
0.0	113980.0
0.0	117928.0
0.0	107301.0
0.0	99034.0
0.0	94946.0
0.0	102589.0
0.0	110924.0
0.0	96379.0
0.0	99567.0
0.0	110446.0
0.0	110587.0
0.0	102555.0
0.0	105173.0
0.0	105220.0
0.0	105064.0
0.0	107579.0
0.0	103454.0
0.0	113445.0
0.0	103201.0
0.0	100289.0
0.0	132449.0
0.0	104248.0
0.0	111422.0
0.0	102880.0
0.0	117796.0
0.0	104670.0
0.0	94391.0
0.0	131605.0
0.0	103390.0
0.0	92172.0
0.0	110281.0
0.0	103598.0
0.0	96731.0
0.0	93633.0
0.0	99325.0
0.0	131510.0
0.0	93242.0
0.0	101662.0
0.0	105049.0
0.0	104375.0
0.0	104572.0
0.0	98719.0
0.0	97187.0
0.0	96489.0
0.0	95724.0
0.0	100765.0
0.0	107245.0
0.0	101160.0
0.0	103625.0
0.0	99205.0
0.0	117477.0
0.0	100794.0
0.0	92488.0
0.0	91516.0
0.0	102131.0
0.0	103335.0
0.0	103897.0
0.0	102481.0
0.0	110817.0
0.0	102070.0
0.0	104084.0
0.0	105903.0
0.0	103597.0
0.0	113845.0
0.0	104604.0
0.0	103078.0
0.0	104455.0
0.0	106230.0
0.0	101534.0
0.0	112166.0
0.0	108613.0
0.0	101884.0
0.0	130461.0
0.0	108706.0
0.0	108803.0
0.0	92442.0
0.0	108631.0
0.0	101990.0
0.0	99599.0
0.0	107279.0
0.0	106239.0
0.0	96972.0
0.0	107586.0
0.0	113841.0
0.0	100433.0
0.0	110159.0
0.0	102192.0
0.0	113802.0
0.0	96668.0
0.0	115033.0
0.0	113169.0
0.0	114726.0
0.0	97462.0
0.0	110912.0
0.0	102384.0
0.0	102286.0
0.0	124472.0
0.0	109359.0
0.0	108813.0
0.0	100021.0
0.0	108299.0
0.0	127712.0
0.0	93615.0
0.0	103880.0
0.0	106607.0
0.0	95921.0
0.0	105810.0
0.0	104119.0
0.0	107890.0
0.0	103824.0
0.0	105805.0
0.0	102985.0
0.0	98519.0
0.0	106874.0
0.0	102921.0
0.0	104172.0
0.0	107575.0
0.0	100815.0
0.0	88802.0
0.0	99476.0
0.0	107442.0
0.0	105371.0
0.0	100736.0
0.0	105847.0
0.0	105725.0
0.0	107505.0
0.0	102307.0
0.0	101293.0
0.0	108960.0
0.0	106384.0
0.0	101116.0
0.0	100262.0
0.0	105333.0
0.0	104381.0
0.0	99523.0
0.0	97471.0
0.0	108533.0
0.0	117894.0
0.0	111521.0
0.0	108192.0
0.0	98557.0
0.0	103866.0
0.0	104056.0
0.0	120999.0
0.0	117380.0
0.0	102089.0
0.0	108897.0
0.0	103653.0
0.0	99188.0
0.0	101581.0
0.0	98028.0
0.0	114150.0
0.0	116049.0
0.0	99690.0
0.0	104031.0
0.0	100773.0
0.0	107631.0
0.0	97541.0
0.0	99737.0
0.0	113305.0
0.0	97839.0
0.0	118772.0
0.0	176002.0
0.0	96513.0
0.0	97393.0
0.0	104941.0
0.0	100307.0
0.0	104941.0
0.0	107759.0
0.0	102747.0
0.0	113727.0
0.0	108177.0
0.0	105304.0
0.0	114550.0
0.0	102145.0
0.0	103667.0
0.0	98313.0
0.0	128627.0
0.0	101413.0
0.0	103873.0
0.0	103406.0
0.0	97594.0
0.0	111791.0
0.0	102004.0
0.0	103988.0
0.0	98259.0
0.0	103079.0
0.0	89129.0
0.0	99351.0
0.0	96816.0
0.0	114903.0
0.0	88016.0
0.0	102462.0
0.0	105339.0
0.0	96529.0
0.0	98933.0
0.0	110917.0
0.0	120462.0
0.0	100769.0
0.0	108959.0
0.0	112771.0
0.0	108827.0
0.0	97567.0
0.0	91877.0
0.0	104371.0
0.0	99602.0
0.0	104686.0
0.0	98188.0
0.0	102572.0
0.0	99902.0
0.0	109990.0
0.0	100405.0
0.0	95775.0
0.0	100698.0
0.0	94523.0
0.0	95410.0
0.0	108675.0
0.0	104317.0
0.0	105232.0
0.0	103394.0
0.0	99065.0
0.0	113268.0
0.0	103019.0
0.0	99704.0
0.0	110700.0
0.0	109094.0
0.0	115631.0
0.0	94802.0
0.0	103852.0
0.0	100933.0
0.0	98133.0
0.0	98359.0
0.0	101037.0
0.0	109787.0
0.0	106260.0
0.0	104311.0
0.0	104383.0
0.0	106780.0
0.0	99735.0
0.0	94477.0
0.0	108177.0
0.0	95174.0
0.0	102328.0
0.0	113986.0
0.0	103266.0
0.0	131061.0
0.0	129422.0
0.0	102343.0
0.0	103909.0
0.0	101374.0
0.0	105867.0
0.0	101766.0
0.0	102415.0
0.0	104412.0
0.0	101157.0
0.0	101935.0
0.0	101218.0
0.0	107680.0
0.0	94617.0
0.0	100923.0
0.0	101766.0
0.0	118502.0
0.0	98488.0
0.0	103229.0
0.0	110920.0
0.0	100411.0
0.0	101187.0
0.0	101349.0
0.0	121108.0
0.0	100747.0
0.0	100590.0
0.0	97390.0
0.0	124512.0
0.0	100582.0
0.0	100998.0
0.0	99675.0
0.0	96435.0
0.0	104942.0
0.0	102585.0
0.0	94410.0
0.0	98667.0
0.0	93609.0
0.0	94691.0
0.0	107490.0
0.0	98958.0
0.0	94442.0
0.0	92667.0
0.0	112422.0
0.0	100945.0
0.0	108455.0
0.0	101152.0
0.0	102231.0
0.0	96161.0
0.0	104636.0
0.0	106460.0
0.0	112847.0
0.0	98659.0
0.0	97779.0
0.0	102588.0
0.0	105306.0
0.0	95943.0
0.0	102976.0
0.0	103380.0
0.0	109751.0
0.0	107274.0
0.0	107879.0
0.0	107031.0
0.0	105651.0
0.0	111370.0
0.0	110039.0
0.0	101879.0
0.0	99435.0
0.0	106545.0
0.0	123429.0
0.0	104078.0
0.0	105856.0
0.0	99780.0
0.0	113993.0
0.0	103313.0
0.0	107163.0
0.0	114702.0
0.0	104392.0
0.0	99705.0
0.0	111796.0
0.0	97896.0
0.0	160365.0
0.0	102999.0
0.0	104876.0
0.0	113249.0
0.0	101523.0
0.0	100418.0
0.0	99803.0
0.0	101455.0
0.0	104027.0
0.0	106878.0
0.0	114205.0
0.0	96835.0
0.0	104133.0
0.0	98366.0
0.0	97209.0
0.0	100981.0
0.0	94163.0
0.0	107007.0
0.0	105788.0
0.0	99298.0
0.0	117444.0
0.0	103519.0
0.0	106995.0
0.0	108797.0
0.0	102599.0
0.0	102855.0
0.0	86924.0
0.0	98207.0
0.0	101463.0
0.0	98099.0
0.0	97534.0
0.0	100416.0
0.0	110230.0
0.0	102756.0
0.0	105728.0
0.0	105695.0
0.0	104338.0
0.0	108663.0
0.0	119213.0
0.0	101401.0
0.0	105106.0
0.0	102009.0
0.0	107357.0
0.0	99165.0
0.0	112346.0
0.0	99357.0
0.0	104149.0
0.0	104413.0
0.0	106112.0
0.0	112018.0
0.0	117071.0
0.0	107117.0
0.0	96516.0
0.0	96806.0
0.0	110526.0
0.0	106226.0
0.0	104034.0
0.0	98218.0
0.0	106950.0
0.0	97246.0
0.0	103660.0
0.0	105268.0
0.0	104666.0
0.0	101577.0
0.0	99277.0
0.0	101624.0
0.0	118443.0
0.0	105878.0
0.0	99236.0
0.0	120460.0
0.0	101413.0
0.0	104737.0
0.0	99114.0
0.0	110278.0
0.0	101535.0
0.0	101489.0
0.0	100160.0
0.0	103700.0
0.0	103405.0
0.0	105698.0
0.0	108169.0
0.0	107424.0
0.0	101535.0
0.0	98938.0
0.0	103957.0
0.0	97541.0
0.0	102405.0
0.0	104384.0
0.0	103575.0
0.0	118931.0
0.0	113381.0
0.0	110212.0
0.0	96162.0
0.0	97285.0
0.0	102741.0
0.0	85929.0
0.0	109741.0
0.0	100527.0
0.0	102638.0
0.0	114533.0
0.0	109517.0
0.0	105771.0
0.0	101394.0
0.0	102447.0
0.0	96096.0
0.0	105260.0
0.0	107643.0
0.0	102513.0
0.0	100602.0
0.0	97493.0
0.0	99745.0
0.0	102426.0
0.0	107530.0
0.0	98885.0
0.0	107169.0
0.0	101120.0
0.0	102707.0
0.0	100091.0
0.0	97886.0
0.0	111419.0
0.0	101484.0
0.0	149363.0
0.0	120753.0
0.0	114502.0
0.0	104567.0
0.0	103127.0
0.0	100599.0
0.0	101836.0
0.0	107099.0
0.0	101080.0
0.0	98427.0
0.0	108235.0
0.0	102820.0
0.0	101182.0
0.0	115117.0
0.0	114424.0
0.0	99640.0
0.0	105233.0
