#SA random K-SAT
#N=32768  nIter=262144  alpha=9.42   NSamples=1712
#av(e)	26.75817757009346
#std(e)	0.1860283813740926
44.0	262144.0
27.0	262144.0
27.0	262144.0
33.0	262144.0
38.0	262144.0
28.0	262144.0
21.0	262144.0
27.0	262144.0
29.0	262144.0
20.0	262144.0
30.0	262144.0
26.0	262144.0
36.0	262144.0
39.0	262144.0
27.0	262144.0
16.0	262144.0
6.0	262144.0
13.0	262144.0
30.0	262144.0
36.0	262144.0
22.0	262144.0
26.0	262144.0
19.0	262144.0
17.0	262144.0
19.0	262144.0
20.0	262144.0
24.0	262144.0
19.0	262144.0
20.0	262144.0
30.0	262144.0
41.0	262144.0
47.0	262144.0
35.0	262144.0
24.0	262144.0
21.0	262144.0
14.0	262144.0
30.0	262144.0
18.0	262144.0
28.0	262144.0
22.0	262144.0
14.0	262144.0
21.0	262144.0
23.0	262144.0
19.0	262144.0
20.0	262144.0
26.0	262144.0
8.0	262144.0
28.0	262144.0
29.0	262144.0
30.0	262144.0
33.0	262144.0
9.0	262144.0
28.0	262144.0
19.0	262144.0
45.0	262144.0
25.0	262144.0
42.0	262144.0
39.0	262144.0
14.0	262144.0
18.0	262144.0
20.0	262144.0
22.0	262144.0
25.0	262144.0
31.0	262144.0
22.0	262144.0
22.0	262144.0
41.0	262144.0
22.0	262144.0
23.0	262144.0
35.0	262144.0
24.0	262144.0
21.0	262144.0
13.0	262144.0
22.0	262144.0
23.0	262144.0
22.0	262144.0
37.0	262144.0
19.0	262144.0
35.0	262144.0
15.0	262144.0
30.0	262144.0
18.0	262144.0
31.0	262144.0
41.0	262144.0
28.0	262144.0
31.0	262144.0
40.0	262144.0
28.0	262144.0
24.0	262144.0
33.0	262144.0
14.0	262144.0
39.0	262144.0
27.0	262144.0
32.0	262144.0
24.0	262144.0
32.0	262144.0
20.0	262144.0
19.0	262144.0
21.0	262144.0
22.0	262144.0
28.0	262144.0
35.0	262144.0
21.0	262144.0
27.0	262144.0
32.0	262144.0
32.0	262144.0
27.0	262144.0
35.0	262144.0
22.0	262144.0
32.0	262144.0
26.0	262144.0
29.0	262144.0
37.0	262144.0
37.0	262144.0
31.0	262144.0
21.0	262144.0
22.0	262144.0
34.0	262144.0
37.0	262144.0
32.0	262144.0
25.0	262144.0
26.0	262144.0
35.0	262144.0
25.0	262144.0
28.0	262144.0
34.0	262144.0
16.0	262144.0
42.0	262144.0
18.0	262144.0
31.0	262144.0
25.0	262144.0
31.0	262144.0
27.0	262144.0
24.0	262144.0
24.0	262144.0
40.0	262144.0
28.0	262144.0
19.0	262144.0
33.0	262144.0
40.0	262144.0
17.0	262144.0
22.0	262144.0
22.0	262144.0
10.0	262144.0
31.0	262144.0
27.0	262144.0
24.0	262144.0
36.0	262144.0
25.0	262144.0
31.0	262144.0
31.0	262144.0
34.0	262144.0
21.0	262144.0
17.0	262144.0
17.0	262144.0
21.0	262144.0
16.0	262144.0
37.0	262144.0
26.0	262144.0
20.0	262144.0
42.0	262144.0
28.0	262144.0
15.0	262144.0
29.0	262144.0
37.0	262144.0
35.0	262144.0
30.0	262144.0
33.0	262144.0
27.0	262144.0
36.0	262144.0
21.0	262144.0
47.0	262144.0
30.0	262144.0
20.0	262144.0
23.0	262144.0
25.0	262144.0
21.0	262144.0
34.0	262144.0
35.0	262144.0
26.0	262144.0
42.0	262144.0
33.0	262144.0
21.0	262144.0
29.0	262144.0
19.0	262144.0
14.0	262144.0
20.0	262144.0
20.0	262144.0
19.0	262144.0
27.0	262144.0
26.0	262144.0
34.0	262144.0
17.0	262144.0
27.0	262144.0
20.0	262144.0
29.0	262144.0
30.0	262144.0
19.0	262144.0
29.0	262144.0
24.0	262144.0
41.0	262144.0
29.0	262144.0
19.0	262144.0
40.0	262144.0
23.0	262144.0
32.0	262144.0
25.0	262144.0
37.0	262144.0
46.0	262144.0
29.0	262144.0
31.0	262144.0
34.0	262144.0
23.0	262144.0
29.0	262144.0
43.0	262144.0
29.0	262144.0
31.0	262144.0
35.0	262144.0
39.0	262144.0
25.0	262144.0
28.0	262144.0
32.0	262144.0
33.0	262144.0
28.0	262144.0
28.0	262144.0
31.0	262144.0
18.0	262144.0
25.0	262144.0
18.0	262144.0
33.0	262144.0
23.0	262144.0
31.0	262144.0
41.0	262144.0
31.0	262144.0
22.0	262144.0
28.0	262144.0
32.0	262144.0
39.0	262144.0
22.0	262144.0
20.0	262144.0
17.0	262144.0
33.0	262144.0
25.0	262144.0
23.0	262144.0
19.0	262144.0
18.0	262144.0
21.0	262144.0
35.0	262144.0
23.0	262144.0
24.0	262144.0
23.0	262144.0
17.0	262144.0
16.0	262144.0
18.0	262144.0
28.0	262144.0
34.0	262144.0
24.0	262144.0
29.0	262144.0
23.0	262144.0
29.0	262144.0
32.0	262144.0
16.0	262144.0
32.0	262144.0
24.0	262144.0
29.0	262144.0
42.0	262144.0
25.0	262144.0
17.0	262144.0
36.0	262144.0
20.0	262144.0
23.0	262144.0
29.0	262144.0
11.0	262144.0
36.0	262144.0
30.0	262144.0
32.0	262144.0
31.0	262144.0
29.0	262144.0
26.0	262144.0
34.0	262144.0
29.0	262144.0
29.0	262144.0
40.0	262144.0
19.0	262144.0
35.0	262144.0
16.0	262144.0
14.0	262144.0
35.0	262144.0
30.0	262144.0
23.0	262144.0
16.0	262144.0
35.0	262144.0
34.0	262144.0
37.0	262144.0
25.0	262144.0
18.0	262144.0
28.0	262144.0
18.0	262144.0
29.0	262144.0
39.0	262144.0
29.0	262144.0
34.0	262144.0
24.0	262144.0
14.0	262144.0
30.0	262144.0
21.0	262144.0
29.0	262144.0
33.0	262144.0
21.0	262144.0
15.0	262144.0
28.0	262144.0
30.0	262144.0
28.0	262144.0
26.0	262144.0
21.0	262144.0
23.0	262144.0
16.0	262144.0
31.0	262144.0
22.0	262144.0
17.0	262144.0
15.0	262144.0
34.0	262144.0
34.0	262144.0
25.0	262144.0
26.0	262144.0
25.0	262144.0
28.0	262144.0
39.0	262144.0
18.0	262144.0
40.0	262144.0
31.0	262144.0
35.0	262144.0
36.0	262144.0
34.0	262144.0
27.0	262144.0
29.0	262144.0
34.0	262144.0
22.0	262144.0
34.0	262144.0
16.0	262144.0
27.0	262144.0
37.0	262144.0
27.0	262144.0
21.0	262144.0
33.0	262144.0
26.0	262144.0
14.0	262144.0
31.0	262144.0
16.0	262144.0
24.0	262144.0
36.0	262144.0
29.0	262144.0
16.0	262144.0
27.0	262144.0
26.0	262144.0
29.0	262144.0
36.0	262144.0
19.0	262144.0
40.0	262144.0
21.0	262144.0
22.0	262144.0
19.0	262144.0
28.0	262144.0
20.0	262144.0
29.0	262144.0
11.0	262144.0
27.0	262144.0
18.0	262144.0
15.0	262144.0
31.0	262144.0
34.0	262144.0
25.0	262144.0
32.0	262144.0
34.0	262144.0
38.0	262144.0
13.0	262144.0
22.0	262144.0
23.0	262144.0
27.0	262144.0
26.0	262144.0
29.0	262144.0
29.0	262144.0
27.0	262144.0
36.0	262144.0
27.0	262144.0
22.0	262144.0
33.0	262144.0
25.0	262144.0
32.0	262144.0
27.0	262144.0
23.0	262144.0
17.0	262144.0
28.0	262144.0
25.0	262144.0
34.0	262144.0
33.0	262144.0
26.0	262144.0
26.0	262144.0
30.0	262144.0
36.0	262144.0
25.0	262144.0
38.0	262144.0
44.0	262144.0
24.0	262144.0
34.0	262144.0
18.0	262144.0
33.0	262144.0
25.0	262144.0
38.0	262144.0
38.0	262144.0
41.0	262144.0
13.0	262144.0
12.0	262144.0
20.0	262144.0
29.0	262144.0
23.0	262144.0
19.0	262144.0
15.0	262144.0
29.0	262144.0
22.0	262144.0
19.0	262144.0
30.0	262144.0
33.0	262144.0
25.0	262144.0
11.0	262144.0
29.0	262144.0
20.0	262144.0
15.0	262144.0
16.0	262144.0
23.0	262144.0
24.0	262144.0
25.0	262144.0
40.0	262144.0
21.0	262144.0
40.0	262144.0
18.0	262144.0
32.0	262144.0
23.0	262144.0
18.0	262144.0
17.0	262144.0
31.0	262144.0
13.0	262144.0
27.0	262144.0
31.0	262144.0
32.0	262144.0
21.0	262144.0
20.0	262144.0
25.0	262144.0
11.0	262144.0
34.0	262144.0
28.0	262144.0
23.0	262144.0
34.0	262144.0
32.0	262144.0
32.0	262144.0
20.0	262144.0
23.0	262144.0
27.0	262144.0
18.0	262144.0
26.0	262144.0
26.0	262144.0
31.0	262144.0
24.0	262144.0
13.0	262144.0
28.0	262144.0
20.0	262144.0
14.0	262144.0
26.0	262144.0
23.0	262144.0
21.0	262144.0
31.0	262144.0
25.0	262144.0
19.0	262144.0
34.0	262144.0
31.0	262144.0
13.0	262144.0
19.0	262144.0
27.0	262144.0
36.0	262144.0
29.0	262144.0
31.0	262144.0
27.0	262144.0
32.0	262144.0
31.0	262144.0
26.0	262144.0
33.0	262144.0
30.0	262144.0
41.0	262144.0
26.0	262144.0
17.0	262144.0
29.0	262144.0
34.0	262144.0
30.0	262144.0
26.0	262144.0
44.0	262144.0
20.0	262144.0
25.0	262144.0
11.0	262144.0
31.0	262144.0
35.0	262144.0
43.0	262144.0
19.0	262144.0
22.0	262144.0
25.0	262144.0
36.0	262144.0
36.0	262144.0
18.0	262144.0
22.0	262144.0
31.0	262144.0
38.0	262144.0
20.0	262144.0
14.0	262144.0
10.0	262144.0
21.0	262144.0
18.0	262144.0
27.0	262144.0
22.0	262144.0
24.0	262144.0
20.0	262144.0
18.0	262144.0
35.0	262144.0
20.0	262144.0
30.0	262144.0
17.0	262144.0
24.0	262144.0
31.0	262144.0
13.0	262144.0
30.0	262144.0
48.0	262144.0
19.0	262144.0
20.0	262144.0
22.0	262144.0
28.0	262144.0
25.0	262144.0
32.0	262144.0
36.0	262144.0
23.0	262144.0
43.0	262144.0
14.0	262144.0
16.0	262144.0
25.0	262144.0
21.0	262144.0
30.0	262144.0
19.0	262144.0
35.0	262144.0
23.0	262144.0
18.0	262144.0
28.0	262144.0
21.0	262144.0
20.0	262144.0
34.0	262144.0
28.0	262144.0
34.0	262144.0
25.0	262144.0
37.0	262144.0
15.0	262144.0
35.0	262144.0
19.0	262144.0
25.0	262144.0
29.0	262144.0
16.0	262144.0
35.0	262144.0
27.0	262144.0
27.0	262144.0
42.0	262144.0
26.0	262144.0
30.0	262144.0
20.0	262144.0
25.0	262144.0
33.0	262144.0
32.0	262144.0
34.0	262144.0
29.0	262144.0
11.0	262144.0
29.0	262144.0
30.0	262144.0
20.0	262144.0
29.0	262144.0
28.0	262144.0
34.0	262144.0
30.0	262144.0
36.0	262144.0
36.0	262144.0
37.0	262144.0
39.0	262144.0
27.0	262144.0
30.0	262144.0
19.0	262144.0
19.0	262144.0
20.0	262144.0
18.0	262144.0
32.0	262144.0
30.0	262144.0
28.0	262144.0
33.0	262144.0
22.0	262144.0
19.0	262144.0
41.0	262144.0
23.0	262144.0
18.0	262144.0
27.0	262144.0
41.0	262144.0
22.0	262144.0
21.0	262144.0
34.0	262144.0
21.0	262144.0
34.0	262144.0
35.0	262144.0
33.0	262144.0
21.0	262144.0
39.0	262144.0
45.0	262144.0
27.0	262144.0
42.0	262144.0
36.0	262144.0
16.0	262144.0
26.0	262144.0
25.0	262144.0
28.0	262144.0
29.0	262144.0
36.0	262144.0
19.0	262144.0
32.0	262144.0
30.0	262144.0
32.0	262144.0
11.0	262144.0
37.0	262144.0
36.0	262144.0
13.0	262144.0
48.0	262144.0
18.0	262144.0
25.0	262144.0
11.0	262144.0
11.0	262144.0
40.0	262144.0
28.0	262144.0
12.0	262144.0
22.0	262144.0
35.0	262144.0
21.0	262144.0
18.0	262144.0
32.0	262144.0
29.0	262144.0
21.0	262144.0
25.0	262144.0
27.0	262144.0
15.0	262144.0
17.0	262144.0
20.0	262144.0
34.0	262144.0
38.0	262144.0
33.0	262144.0
28.0	262144.0
25.0	262144.0
30.0	262144.0
34.0	262144.0
32.0	262144.0
22.0	262144.0
24.0	262144.0
30.0	262144.0
21.0	262144.0
39.0	262144.0
24.0	262144.0
12.0	262144.0
34.0	262144.0
16.0	262144.0
21.0	262144.0
26.0	262144.0
33.0	262144.0
23.0	262144.0
39.0	262144.0
37.0	262144.0
22.0	262144.0
20.0	262144.0
27.0	262144.0
30.0	262144.0
28.0	262144.0
28.0	262144.0
33.0	262144.0
27.0	262144.0
21.0	262144.0
25.0	262144.0
31.0	262144.0
20.0	262144.0
20.0	262144.0
11.0	262144.0
17.0	262144.0
31.0	262144.0
22.0	262144.0
22.0	262144.0
22.0	262144.0
34.0	262144.0
36.0	262144.0
27.0	262144.0
36.0	262144.0
16.0	262144.0
19.0	262144.0
26.0	262144.0
21.0	262144.0
21.0	262144.0
30.0	262144.0
35.0	262144.0
35.0	262144.0
28.0	262144.0
13.0	262144.0
20.0	262144.0
25.0	262144.0
20.0	262144.0
38.0	262144.0
22.0	262144.0
30.0	262144.0
25.0	262144.0
23.0	262144.0
14.0	262144.0
26.0	262144.0
30.0	262144.0
30.0	262144.0
32.0	262144.0
20.0	262144.0
37.0	262144.0
20.0	262144.0
25.0	262144.0
20.0	262144.0
23.0	262144.0
25.0	262144.0
20.0	262144.0
25.0	262144.0
22.0	262144.0
22.0	262144.0
16.0	262144.0
38.0	262144.0
19.0	262144.0
31.0	262144.0
24.0	262144.0
19.0	262144.0
28.0	262144.0
30.0	262144.0
35.0	262144.0
26.0	262144.0
28.0	262144.0
22.0	262144.0
24.0	262144.0
21.0	262144.0
46.0	262144.0
16.0	262144.0
24.0	262144.0
28.0	262144.0
25.0	262144.0
31.0	262144.0
36.0	262144.0
21.0	262144.0
16.0	262144.0
21.0	262144.0
32.0	262144.0
46.0	262144.0
22.0	262144.0
25.0	262144.0
16.0	262144.0
28.0	262144.0
18.0	262144.0
17.0	262144.0
24.0	262144.0
23.0	262144.0
41.0	262144.0
35.0	262144.0
22.0	262144.0
20.0	262144.0
32.0	262144.0
23.0	262144.0
32.0	262144.0
40.0	262144.0
34.0	262144.0
31.0	262144.0
24.0	262144.0
30.0	262144.0
28.0	262144.0
28.0	262144.0
34.0	262144.0
32.0	262144.0
9.0	262144.0
35.0	262144.0
26.0	262144.0
15.0	262144.0
20.0	262144.0
20.0	262144.0
36.0	262144.0
21.0	262144.0
39.0	262144.0
34.0	262144.0
21.0	262144.0
41.0	262144.0
31.0	262144.0
29.0	262144.0
30.0	262144.0
31.0	262144.0
33.0	262144.0
32.0	262144.0
26.0	262144.0
24.0	262144.0
26.0	262144.0
18.0	262144.0
28.0	262144.0
46.0	262144.0
23.0	262144.0
27.0	262144.0
35.0	262144.0
17.0	262144.0
22.0	262144.0
17.0	262144.0
24.0	262144.0
34.0	262144.0
27.0	262144.0
17.0	262144.0
31.0	262144.0
17.0	262144.0
25.0	262144.0
23.0	262144.0
31.0	262144.0
29.0	262144.0
25.0	262144.0
34.0	262144.0
35.0	262144.0
23.0	262144.0
17.0	262144.0
36.0	262144.0
26.0	262144.0
30.0	262144.0
30.0	262144.0
29.0	262144.0
29.0	262144.0
27.0	262144.0
21.0	262144.0
41.0	262144.0
28.0	262144.0
26.0	262144.0
26.0	262144.0
20.0	262144.0
26.0	262144.0
26.0	262144.0
25.0	262144.0
16.0	262144.0
26.0	262144.0
19.0	262144.0
35.0	262144.0
24.0	262144.0
22.0	262144.0
42.0	262144.0
21.0	262144.0
41.0	262144.0
48.0	262144.0
38.0	262144.0
29.0	262144.0
16.0	262144.0
41.0	262144.0
14.0	262144.0
20.0	262144.0
26.0	262144.0
18.0	262144.0
27.0	262144.0
27.0	262144.0
17.0	262144.0
29.0	262144.0
26.0	262144.0
21.0	262144.0
29.0	262144.0
40.0	262144.0
24.0	262144.0
26.0	262144.0
26.0	262144.0
20.0	262144.0
37.0	262144.0
21.0	262144.0
28.0	262144.0
21.0	262144.0
28.0	262144.0
30.0	262144.0
46.0	262144.0
20.0	262144.0
26.0	262144.0
30.0	262144.0
38.0	262144.0
19.0	262144.0
30.0	262144.0
18.0	262144.0
29.0	262144.0
17.0	262144.0
20.0	262144.0
30.0	262144.0
31.0	262144.0
34.0	262144.0
24.0	262144.0
36.0	262144.0
22.0	262144.0
27.0	262144.0
34.0	262144.0
20.0	262144.0
32.0	262144.0
30.0	262144.0
23.0	262144.0
29.0	262144.0
28.0	262144.0
26.0	262144.0
10.0	262144.0
31.0	262144.0
17.0	262144.0
30.0	262144.0
33.0	262144.0
26.0	262144.0
39.0	262144.0
38.0	262144.0
45.0	262144.0
34.0	262144.0
26.0	262144.0
25.0	262144.0
32.0	262144.0
24.0	262144.0
30.0	262144.0
33.0	262144.0
19.0	262144.0
22.0	262144.0
24.0	262144.0
32.0	262144.0
26.0	262144.0
11.0	262144.0
29.0	262144.0
41.0	262144.0
31.0	262144.0
16.0	262144.0
19.0	262144.0
32.0	262144.0
26.0	262144.0
28.0	262144.0
29.0	262144.0
14.0	262144.0
25.0	262144.0
22.0	262144.0
18.0	262144.0
20.0	262144.0
27.0	262144.0
34.0	262144.0
40.0	262144.0
10.0	262144.0
36.0	262144.0
33.0	262144.0
26.0	262144.0
23.0	262144.0
22.0	262144.0
39.0	262144.0
22.0	262144.0
27.0	262144.0
13.0	262144.0
31.0	262144.0
41.0	262144.0
28.0	262144.0
19.0	262144.0
26.0	262144.0
37.0	262144.0
35.0	262144.0
20.0	262144.0
30.0	262144.0
13.0	262144.0
29.0	262144.0
22.0	262144.0
18.0	262144.0
29.0	262144.0
27.0	262144.0
23.0	262144.0
24.0	262144.0
18.0	262144.0
33.0	262144.0
27.0	262144.0
37.0	262144.0
33.0	262144.0
29.0	262144.0
29.0	262144.0
26.0	262144.0
24.0	262144.0
24.0	262144.0
29.0	262144.0
24.0	262144.0
21.0	262144.0
31.0	262144.0
19.0	262144.0
37.0	262144.0
29.0	262144.0
24.0	262144.0
24.0	262144.0
31.0	262144.0
14.0	262144.0
26.0	262144.0
17.0	262144.0
28.0	262144.0
27.0	262144.0
37.0	262144.0
23.0	262144.0
18.0	262144.0
40.0	262144.0
26.0	262144.0
22.0	262144.0
18.0	262144.0
18.0	262144.0
28.0	262144.0
21.0	262144.0
13.0	262144.0
33.0	262144.0
30.0	262144.0
26.0	262144.0
11.0	262144.0
36.0	262144.0
16.0	262144.0
23.0	262144.0
24.0	262144.0
22.0	262144.0
15.0	262144.0
23.0	262144.0
28.0	262144.0
21.0	262144.0
26.0	262144.0
29.0	262144.0
26.0	262144.0
23.0	262144.0
23.0	262144.0
23.0	262144.0
18.0	262144.0
12.0	262144.0
29.0	262144.0
21.0	262144.0
38.0	262144.0
20.0	262144.0
28.0	262144.0
33.0	262144.0
22.0	262144.0
51.0	262144.0
20.0	262144.0
12.0	262144.0
31.0	262144.0
30.0	262144.0
25.0	262144.0
22.0	262144.0
17.0	262144.0
20.0	262144.0
17.0	262144.0
15.0	262144.0
21.0	262144.0
29.0	262144.0
28.0	262144.0
31.0	262144.0
33.0	262144.0
21.0	262144.0
23.0	262144.0
25.0	262144.0
35.0	262144.0
28.0	262144.0
24.0	262144.0
34.0	262144.0
17.0	262144.0
30.0	262144.0
35.0	262144.0
25.0	262144.0
25.0	262144.0
27.0	262144.0
26.0	262144.0
23.0	262144.0
21.0	262144.0
31.0	262144.0
20.0	262144.0
26.0	262144.0
26.0	262144.0
23.0	262144.0
21.0	262144.0
19.0	262144.0
24.0	262144.0
19.0	262144.0
29.0	262144.0
19.0	262144.0
27.0	262144.0
33.0	262144.0
32.0	262144.0
18.0	262144.0
16.0	262144.0
18.0	262144.0
51.0	262144.0
33.0	262144.0
29.0	262144.0
35.0	262144.0
39.0	262144.0
32.0	262144.0
36.0	262144.0
38.0	262144.0
31.0	262144.0
29.0	262144.0
18.0	262144.0
36.0	262144.0
13.0	262144.0
42.0	262144.0
28.0	262144.0
17.0	262144.0
29.0	262144.0
32.0	262144.0
23.0	262144.0
32.0	262144.0
36.0	262144.0
27.0	262144.0
35.0	262144.0
37.0	262144.0
27.0	262144.0
17.0	262144.0
26.0	262144.0
21.0	262144.0
34.0	262144.0
42.0	262144.0
23.0	262144.0
15.0	262144.0
28.0	262144.0
25.0	262144.0
20.0	262144.0
30.0	262144.0
26.0	262144.0
24.0	262144.0
30.0	262144.0
21.0	262144.0
19.0	262144.0
35.0	262144.0
31.0	262144.0
27.0	262144.0
8.0	262144.0
27.0	262144.0
43.0	262144.0
30.0	262144.0
18.0	262144.0
12.0	262144.0
10.0	262144.0
20.0	262144.0
19.0	262144.0
19.0	262144.0
38.0	262144.0
19.0	262144.0
23.0	262144.0
23.0	262144.0
30.0	262144.0
25.0	262144.0
22.0	262144.0
23.0	262144.0
23.0	262144.0
39.0	262144.0
24.0	262144.0
35.0	262144.0
22.0	262144.0
45.0	262144.0
32.0	262144.0
22.0	262144.0
25.0	262144.0
26.0	262144.0
19.0	262144.0
26.0	262144.0
32.0	262144.0
23.0	262144.0
21.0	262144.0
22.0	262144.0
23.0	262144.0
14.0	262144.0
34.0	262144.0
27.0	262144.0
29.0	262144.0
28.0	262144.0
27.0	262144.0
36.0	262144.0
30.0	262144.0
35.0	262144.0
19.0	262144.0
25.0	262144.0
21.0	262144.0
31.0	262144.0
31.0	262144.0
13.0	262144.0
12.0	262144.0
34.0	262144.0
26.0	262144.0
20.0	262144.0
39.0	262144.0
22.0	262144.0
20.0	262144.0
25.0	262144.0
27.0	262144.0
21.0	262144.0
18.0	262144.0
32.0	262144.0
40.0	262144.0
40.0	262144.0
26.0	262144.0
18.0	262144.0
29.0	262144.0
33.0	262144.0
33.0	262144.0
29.0	262144.0
47.0	262144.0
39.0	262144.0
28.0	262144.0
33.0	262144.0
23.0	262144.0
34.0	262144.0
24.0	262144.0
26.0	262144.0
27.0	262144.0
12.0	262144.0
28.0	262144.0
41.0	262144.0
33.0	262144.0
26.0	262144.0
39.0	262144.0
38.0	262144.0
21.0	262144.0
33.0	262144.0
27.0	262144.0
22.0	262144.0
23.0	262144.0
24.0	262144.0
25.0	262144.0
18.0	262144.0
24.0	262144.0
9.0	262144.0
34.0	262144.0
29.0	262144.0
29.0	262144.0
35.0	262144.0
26.0	262144.0
30.0	262144.0
37.0	262144.0
20.0	262144.0
30.0	262144.0
29.0	262144.0
28.0	262144.0
30.0	262144.0
31.0	262144.0
29.0	262144.0
32.0	262144.0
28.0	262144.0
31.0	262144.0
36.0	262144.0
34.0	262144.0
28.0	262144.0
35.0	262144.0
20.0	262144.0
23.0	262144.0
47.0	262144.0
20.0	262144.0
20.0	262144.0
21.0	262144.0
33.0	262144.0
25.0	262144.0
28.0	262144.0
37.0	262144.0
36.0	262144.0
31.0	262144.0
22.0	262144.0
28.0	262144.0
19.0	262144.0
41.0	262144.0
28.0	262144.0
27.0	262144.0
17.0	262144.0
26.0	262144.0
25.0	262144.0
37.0	262144.0
21.0	262144.0
37.0	262144.0
26.0	262144.0
32.0	262144.0
33.0	262144.0
30.0	262144.0
20.0	262144.0
12.0	262144.0
20.0	262144.0
14.0	262144.0
17.0	262144.0
30.0	262144.0
25.0	262144.0
21.0	262144.0
27.0	262144.0
25.0	262144.0
11.0	262144.0
28.0	262144.0
36.0	262144.0
38.0	262144.0
21.0	262144.0
36.0	262144.0
26.0	262144.0
47.0	262144.0
23.0	262144.0
31.0	262144.0
32.0	262144.0
24.0	262144.0
33.0	262144.0
19.0	262144.0
24.0	262144.0
31.0	262144.0
43.0	262144.0
43.0	262144.0
16.0	262144.0
28.0	262144.0
22.0	262144.0
27.0	262144.0
12.0	262144.0
28.0	262144.0
24.0	262144.0
30.0	262144.0
21.0	262144.0
24.0	262144.0
13.0	262144.0
27.0	262144.0
33.0	262144.0
29.0	262144.0
31.0	262144.0
16.0	262144.0
24.0	262144.0
26.0	262144.0
22.0	262144.0
18.0	262144.0
53.0	262144.0
25.0	262144.0
44.0	262144.0
14.0	262144.0
11.0	262144.0
20.0	262144.0
24.0	262144.0
25.0	262144.0
23.0	262144.0
37.0	262144.0
39.0	262144.0
27.0	262144.0
28.0	262144.0
19.0	262144.0
27.0	262144.0
27.0	262144.0
20.0	262144.0
32.0	262144.0
32.0	262144.0
21.0	262144.0
18.0	262144.0
29.0	262144.0
41.0	262144.0
24.0	262144.0
29.0	262144.0
31.0	262144.0
14.0	262144.0
40.0	262144.0
32.0	262144.0
27.0	262144.0
21.0	262144.0
9.0	262144.0
31.0	262144.0
35.0	262144.0
26.0	262144.0
36.0	262144.0
21.0	262144.0
30.0	262144.0
26.0	262144.0
33.0	262144.0
12.0	262144.0
36.0	262144.0
17.0	262144.0
26.0	262144.0
22.0	262144.0
19.0	262144.0
30.0	262144.0
29.0	262144.0
40.0	262144.0
26.0	262144.0
29.0	262144.0
15.0	262144.0
25.0	262144.0
29.0	262144.0
27.0	262144.0
26.0	262144.0
18.0	262144.0
25.0	262144.0
23.0	262144.0
30.0	262144.0
18.0	262144.0
32.0	262144.0
44.0	262144.0
20.0	262144.0
22.0	262144.0
23.0	262144.0
36.0	262144.0
30.0	262144.0
27.0	262144.0
22.0	262144.0
22.0	262144.0
23.0	262144.0
14.0	262144.0
21.0	262144.0
29.0	262144.0
15.0	262144.0
25.0	262144.0
11.0	262144.0
22.0	262144.0
25.0	262144.0
35.0	262144.0
20.0	262144.0
21.0	262144.0
29.0	262144.0
38.0	262144.0
34.0	262144.0
35.0	262144.0
31.0	262144.0
32.0	262144.0
31.0	262144.0
35.0	262144.0
36.0	262144.0
24.0	262144.0
19.0	262144.0
30.0	262144.0
42.0	262144.0
29.0	262144.0
20.0	262144.0
24.0	262144.0
29.0	262144.0
23.0	262144.0
22.0	262144.0
42.0	262144.0
22.0	262144.0
26.0	262144.0
36.0	262144.0
26.0	262144.0
27.0	262144.0
26.0	262144.0
17.0	262144.0
22.0	262144.0
32.0	262144.0
21.0	262144.0
41.0	262144.0
30.0	262144.0
38.0	262144.0
35.0	262144.0
26.0	262144.0
43.0	262144.0
29.0	262144.0
12.0	262144.0
26.0	262144.0
28.0	262144.0
34.0	262144.0
19.0	262144.0
22.0	262144.0
42.0	262144.0
26.0	262144.0
32.0	262144.0
42.0	262144.0
14.0	262144.0
20.0	262144.0
15.0	262144.0
23.0	262144.0
25.0	262144.0
28.0	262144.0
20.0	262144.0
32.0	262144.0
26.0	262144.0
32.0	262144.0
33.0	262144.0
18.0	262144.0
32.0	262144.0
20.0	262144.0
34.0	262144.0
21.0	262144.0
31.0	262144.0
32.0	262144.0
22.0	262144.0
27.0	262144.0
18.0	262144.0
31.0	262144.0
29.0	262144.0
22.0	262144.0
31.0	262144.0
23.0	262144.0
35.0	262144.0
28.0	262144.0
30.0	262144.0
36.0	262144.0
32.0	262144.0
16.0	262144.0
30.0	262144.0
17.0	262144.0
35.0	262144.0
29.0	262144.0
36.0	262144.0
24.0	262144.0
35.0	262144.0
27.0	262144.0
29.0	262144.0
31.0	262144.0
48.0	262144.0
27.0	262144.0
19.0	262144.0
21.0	262144.0
27.0	262144.0
37.0	262144.0
30.0	262144.0
21.0	262144.0
33.0	262144.0
17.0	262144.0
28.0	262144.0
30.0	262144.0
16.0	262144.0
21.0	262144.0
24.0	262144.0
33.0	262144.0
29.0	262144.0
34.0	262144.0
20.0	262144.0
20.0	262144.0
22.0	262144.0
19.0	262144.0
30.0	262144.0
25.0	262144.0
28.0	262144.0
20.0	262144.0
26.0	262144.0
30.0	262144.0
29.0	262144.0
29.0	262144.0
35.0	262144.0
28.0	262144.0
31.0	262144.0
25.0	262144.0
21.0	262144.0
11.0	262144.0
29.0	262144.0
33.0	262144.0
25.0	262144.0
33.0	262144.0
21.0	262144.0
19.0	262144.0
13.0	262144.0
36.0	262144.0
26.0	262144.0
28.0	262144.0
31.0	262144.0
30.0	262144.0
41.0	262144.0
30.0	262144.0
33.0	262144.0
12.0	262144.0
27.0	262144.0
30.0	262144.0
35.0	262144.0
21.0	262144.0
40.0	262144.0
35.0	262144.0
23.0	262144.0
32.0	262144.0
26.0	262144.0
34.0	262144.0
18.0	262144.0
28.0	262144.0
28.0	262144.0
27.0	262144.0
6.0	262144.0
30.0	262144.0
43.0	262144.0
26.0	262144.0
31.0	262144.0
35.0	262144.0
15.0	262144.0
36.0	262144.0
26.0	262144.0
29.0	262144.0
36.0	262144.0
24.0	262144.0
29.0	262144.0
32.0	262144.0
37.0	262144.0
42.0	262144.0
17.0	262144.0
18.0	262144.0
16.0	262144.0
31.0	262144.0
43.0	262144.0
20.0	262144.0
28.0	262144.0
29.0	262144.0
35.0	262144.0
35.0	262144.0
22.0	262144.0
28.0	262144.0
27.0	262144.0
29.0	262144.0
39.0	262144.0
27.0	262144.0
25.0	262144.0
25.0	262144.0
24.0	262144.0
29.0	262144.0
12.0	262144.0
21.0	262144.0
20.0	262144.0
37.0	262144.0
25.0	262144.0
20.0	262144.0
29.0	262144.0
28.0	262144.0
37.0	262144.0
25.0	262144.0
15.0	262144.0
20.0	262144.0
24.0	262144.0
35.0	262144.0
23.0	262144.0
20.0	262144.0
26.0	262144.0
37.0	262144.0
17.0	262144.0
13.0	262144.0
21.0	262144.0
26.0	262144.0
19.0	262144.0
34.0	262144.0
22.0	262144.0
44.0	262144.0
20.0	262144.0
16.0	262144.0
11.0	262144.0
28.0	262144.0
33.0	262144.0
14.0	262144.0
21.0	262144.0
14.0	262144.0
22.0	262144.0
16.0	262144.0
16.0	262144.0
34.0	262144.0
33.0	262144.0
21.0	262144.0
44.0	262144.0
45.0	262144.0
34.0	262144.0
30.0	262144.0
11.0	262144.0
26.0	262144.0
37.0	262144.0
23.0	262144.0
9.0	262144.0
39.0	262144.0
19.0	262144.0
37.0	262144.0
32.0	262144.0
31.0	262144.0
26.0	262144.0
37.0	262144.0
19.0	262144.0
31.0	262144.0
28.0	262144.0
22.0	262144.0
26.0	262144.0
35.0	262144.0
27.0	262144.0
38.0	262144.0
25.0	262144.0
31.0	262144.0
22.0	262144.0
17.0	262144.0
17.0	262144.0
30.0	262144.0
29.0	262144.0
22.0	262144.0
21.0	262144.0
35.0	262144.0
24.0	262144.0
16.0	262144.0
27.0	262144.0
19.0	262144.0
15.0	262144.0
42.0	262144.0
17.0	262144.0
46.0	262144.0
14.0	262144.0
32.0	262144.0
31.0	262144.0
27.0	262144.0
28.0	262144.0
30.0	262144.0
44.0	262144.0
16.0	262144.0
13.0	262144.0
34.0	262144.0
36.0	262144.0
22.0	262144.0
26.0	262144.0
26.0	262144.0
25.0	262144.0
37.0	262144.0
35.0	262144.0
37.0	262144.0
36.0	262144.0
19.0	262144.0
34.0	262144.0
28.0	262144.0
36.0	262144.0
29.0	262144.0
27.0	262144.0
26.0	262144.0
24.0	262144.0
9.0	262144.0
35.0	262144.0
17.0	262144.0
26.0	262144.0
32.0	262144.0
10.0	262144.0
17.0	262144.0
36.0	262144.0
22.0	262144.0
19.0	262144.0
19.0	262144.0
