#FMS random 4-SAT
#N=16384  nIter=262144  alpha=968   NSamples=970
#av(nit)	134800.90353777385
#std(nit)	2950.0903111128528
#av(e)	27.45360824742268
#std(e)	2.601996587065799
#av(runtime)	2064.564618556701
#std(runtime)	46.34713215906303
0.0	81277.36529541016	1176.28	8
0.0	26676.32940673828	390.82	9
0.0	251166.87756347656	3687.22	10
39.0	262144.0	3621.67	11
0.0	11515.010864257812	193.83	12
0.0	64597.22277832031	1084.69	13
0.0	69343.07067871094	1052.14	14
279.0	262144.0	5008.08	15
0.0	42277.27111816406	609.29	16
323.0	262144.0	5110.06	17
47.0	262144.0	4959.55	18
41.0	262144.0	3644.81	19
0.0	16435.642700195312	300.87	20
0.0	53595.21759033203	961.47	21
0.0	79419.26275634766	1460.07	22
14.0	262144.0	3876.06	23
0.0	30857.161682128906	574.96	24
0.0	37589.68054199219	603.12	25
0.0	46806.81823730469	677.29	26
0.0	23178.678649902344	440.39	27
251.0	262144.0	4832.84	28
0.0	197494.9813232422	3545.45	29
17.0	262144.0	3731.28	30
0.0	95695.02612304688	1617.56	31
0.0	75144.5288696289	1444.82	32
0.0	93519.99041748047	1214.99	201
0.0	28598.88934326172	377.57	202
0.0	44975.41394042969	733.37	203
6.0	262144.0	3076.69	204
0.0	107818.73016357422	1496.69	205
22.0	262144.0	4474.31	206
0.0	61165.851501464844	789.79	207
0.0	213646.1312866211	2551.58	208
0.0	168065.2232055664	2482.73	209
23.0	262144.0	3942.99	210
0.0	24434.389709472656	387.49	211
356.0	262144.0	5049.46	212
22.0	262144.0	4898.85	213
0.0	171790.12225341797	2893.8	214
0.0	28959.509521484375	455.4	215
0.0	80198.92614746094	1212.7	216
168.0	262144.0	3870.59	217
24.0	262144.0	4155.59	218
0.0	70908.29626464844	1200.78	219
0.0	144140.06860351562	2094.64	220
0.0	88165.09643554688	1353.39	221
0.0	175239.02612304688	2467.36	222
0.0	200709.47344970703	2487.47	223
0.0	34566.0791015625	599.97	224
11.0	262144.0	3276.85	401
0.0	70681.42181396484	960.65	402
0.0	168971.27893066406	2700.66	403
0.0	113924.41259765625	1935.95	404
31.0	262144.0	4493.1	405
0.0	30477.69647216797	504.69	406
0.0	74237.20574951172	1140.98	407
0.0	100324.84460449219	1645.17	408
0.0	121140.28778076172	2240.43	409
0.0	104020.43981933594	1416.42	410
10.0	262144.0	3615.06	411
0.0	18030.60009765625	323.2	412
0.0	39551.11608886719	607.3	413
0.0	109502.68347167969	1613.01	414
257.0	262144.0	3799.54	415
0.0	27347.67578125	448.38	416
10.0	262144.0	4011.99	417
0.0	184505.87719726562	3080.65	418
0.0	68089.8412475586	1127.27	419
0.0	29671.808166503906	445.09	420
64.0	262144.0	2784.37	421
155.0	262144.0	3049.85	422
0.0	80966.21484375	1642.72	423
0.0	54529.059020996094	661.73	424
33.0	262144.0	4836.89	425
440.0	262144.0	4422.56	601
0.0	242533.86932373047	3804.44	602
0.0	27095.94647216797	450.9	603
0.0	66039.21398925781	1171.43	604
0.0	34964.13885498047	544.37	605
27.0	262144.0	3513.88	606
0.0	131090.09002685547	1734.36	607
0.0	165400.83233642578	2375.06	608
37.0	262144.0	5011.92	609
0.0	57774.56036376953	841.1	610
0.0	41201.95617675781	647.82	611
0.0	258074.93194580078	3897.73	612
0.0	89228.02294921875	1381.86	613
307.0	262144.0	5050.35	614
0.0	205839.9178466797	2875.48	615
11.0	262144.0	3715.96	616
0.0	36621.85382080078	660.68	617
0.0	27184.432983398438	472.97	618
0.0	58310.81378173828	892.5	619
0.0	55614.651306152344	895.41	620
253.0	262144.0	5100.98	621
0.0	78659.54211425781	1498.39	622
0.0	98080.93334960938	1792.2	623
0.0	94381.15252685547	1194.03	801
0.0	115473.12799072266	1799.16	802
0.0	135640.0938720703	2370.93	803
0.0	49819.23962402344	712.23	804
21.0	262144.0	3310.53	805
0.0	159950.58758544922	2061.59	806
0.0	107143.51086425781	1315.26	807
0.0	87448.95751953125	1020.21	808
22.0	262144.0	4797.91	809
161.0	262144.0	5036.4	810
0.0	134371.4263305664	2365.32	811
0.0	128836.54614257812	2010.34	812
0.0	52117.009338378906	814.79	813
0.0	222331.18341064453	3001.67	814
0.0	208035.7583618164	2678.68	815
1.0	262144.0	3659.42	816
24.0	262144.0	3444.52	817
0.0	44167.74188232422	831.02	818
0.0	166060.650390625	2331.48	819
26.0	262144.0	3472.36	820
0.0	51279.20526123047	766.49	821
0.0	116802.08361816406	1454.03	822
0.0	235337.02368164062	3640.52	823
0.0	59145.71154785156	768.76	1001
0.0	197353.67755126953	3407.51	1002
35.0	262144.0	3346.8	1003
0.0	72187.7084350586	1039.66	1004
0.0	37064.22900390625	550.01	1005
0.0	160364.74865722656	2083.74	1006
25.0	262144.0	3705.16	1007
387.0	262144.0	5041.9	1008
38.0	262144.0	4022.54	1009
0.0	29917.47235107422	424.16	1010
0.0	67897.50030517578	1020.49	1011
0.0	18544.846130371094	358.63	1012
406.0	262144.0	5038.32	1013
0.0	70591.30645751953	1173.0	1014
24.0	262144.0	3571.58	1015
0.0	208110.265625	3568.34	1016
0.0	38784.50421142578	554.0	1017
21.0	262144.0	3393.59	1018
0.0	33589.09796142578	493.57	1019
0.0	97814.00695800781	1574.33	1020
0.0	189801.58764648438	2814.86	1021
40.0	262144.0	4974.69	1022
0.0	123587.14642333984	1944.37	1023
0.0	43960.60412597656	667.68	1201
0.0	171994.88165283203	2149.05	1202
0.0	34894.39080810547	542.88	1203
0.0	68164.73132324219	1080.6	1204
57.0	262144.0	3725.8	1205
0.0	27493.527465820312	460.57	1206
0.0	79752.3355102539	1146.99	1207
0.0	187647.20220947266	3289.72	1208
0.0	152525.25970458984	2451.61	1209
0.0	68441.89501953125	954.28	1210
301.0	262144.0	5167.67	1211
0.0	66331.2080078125	1196.67	1212
0.0	86121.67224121094	1368.71	1213
0.0	84260.03564453125	1401.18	1214
0.0	96719.41589355469	1488.68	1215
0.0	154056.27075195312	2016.13	1216
0.0	26651.613708496094	410.37	1217
0.0	156399.45349121094	2517.43	1218
0.0	54545.58508300781	948.16	1219
0.0	29895.7568359375	550.19	1220
0.0	17253.940063476562	263.93	1221
0.0	176479.71209716797	3025.34	1222
0.0	53471.12860107422	824.03	1223
0.0	175724.27142333984	2925.91	1224
0.0	127024.78820800781	1735.74	1225
0.0	204765.56475830078	3219.38	1226
0.0	62313.07727050781	870.34	1227
0.0	239001.90167236328	3011.76	1228
0.0	122073.14892578125	1520.29	1229
0.0	188915.5704345703	2735.82	1230
0.0	51981.26202392578	742.29	1231
0.0	92069.33276367188	1285.09	1409
227.0	262144.0	4391.97	1410
0.0	76418.49084472656	1261.02	1411
38.0	262144.0	3484.99	1412
0.0	27250.79669189453	439.5	1413
0.0	30314.066467285156	506.4	1414
0.0	65111.41522216797	984.14	1415
92.0	262144.0	4143.94	1416
0.0	178941.10028076172	2705.88	1417
0.0	17631.980895996094	297.65	1418
0.0	183125.7748413086	2343.77	1419
0.0	214625.67706298828	2741.62	1420
0.0	259702.41278076172	3515.58	1421
0.0	157399.97509765625	2258.71	1422
0.0	43843.284118652344	712.4	1423
0.0	204645.7758178711	3925.66	1424
0.0	205418.71893310547	2974.05	1425
0.0	81755.94567871094	1380.63	1426
0.0	89319.55145263672	1233.61	1427
340.0	262144.0	4983.18	1428
212.0	262144.0	5190.5	1429
0.0	26394.873291015625	449.85	1430
0.0	23103.73846435547	383.07	1431
0.0	11778.706726074219	216.6	1432
35.0	262144.0	3195.97	1601
0.0	23880.646911621094	323.5	1602
0.0	56707.93389892578	996.48	1603
0.0	176998.84411621094	2470.51	1604
0.0	76590.96661376953	1278.52	1605
0.0	167658.28045654297	2172.41	1606
0.0	88614.05108642578	1489.71	1607
0.0	239101.37322998047	3630.81	1608
0.0	44818.93200683594	705.01	1609
0.0	186704.49255371094	3158.73	1610
0.0	55408.84912109375	739.43	1611
0.0	59369.59729003906	924.21	1612
27.0	262144.0	3585.63	1613
0.0	107660.20129394531	1584.05	1614
39.0	262144.0	4335.8	1615
0.0	45855.246520996094	732.65	1616
0.0	33426.012268066406	589.76	1617
0.0	33920.0341796875	526.97	1618
0.0	176012.88342285156	2430.8	1619
0.0	136326.99584960938	2550.75	1620
56.0	262144.0	4165.44	1621
0.0	23487.195190429688	338.99	1622
0.0	251986.22619628906	4519.57	1623
0.0	19898.31658935547	332.97	1624
0.0	18376.290100097656	292.78	1625
45.0	262144.0	3807.79	1626
0.0	45620.99816894531	653.89	1627
0.0	163390.36334228516	2509.29	1628
0.0	36150.26843261719	541.73	1801
127.0	262144.0	3254.94	1802
0.0	17188.967224121094	251.52	1803
0.0	150659.0736694336	2372.56	1804
0.0	136124.322265625	1792.21	1805
0.0	32973.63360595703	540.5	1806
0.0	89690.54461669922	1512.93	1807
0.0	65932.23321533203	1127.39	1808
0.0	76972.27331542969	1221.1	1809
0.0	28088.26043701172	488.31	1810
291.0	262144.0	4885.68	1811
0.0	75498.68896484375	1031.7	1812
0.0	109081.29595947266	1977.03	1813
0.0	91092.47119140625	1477.19	1814
0.0	133704.47045898438	2141.53	1815
0.0	235201.24572753906	3144.94	1816
0.0	66534.88940429688	895.23	1817
34.0	262144.0	3543.11	1818
17.0	262144.0	3662.95	1819
0.0	140370.8305053711	2025.01	1820
46.0	262144.0	4690.22	1821
7.0	262144.0	4226.46	1822
18.0	262144.0	2833.44	1823
0.0	27260.16162109375	559.46	1824
0.0	20881.41668701172	372.74	1825
0.0	238377.65521240234	2670.53	2001
0.0	15563.660217285156	240.56	2002
14.0	262144.0	3420.45	2003
0.0	186115.53350830078	2334.35	2004
49.0	262144.0	3860.32	2005
0.0	83004.9213256836	1270.02	2006
0.0	28620.2177734375	506.97	2007
0.0	95993.28430175781	1461.98	2008
41.0	262144.0	4173.53	2009
0.0	31720.38720703125	575.48	2010
0.0	53591.788635253906	937.75	2011
19.0	262144.0	3503.37	2012
51.0	262144.0	3584.96	2013
7.0	262144.0	4112.73	2014
0.0	19190.736694335938	378.15	2015
0.0	32619.931274414062	498.06	2016
385.0	262144.0	4079.92	2017
0.0	53654.112731933594	886.07	2018
0.0	157597.0092163086	2249.92	2019
0.0	232512.80200195312	3927.66	2020
0.0	31580.55108642578	529.29	2021
0.0	41882.607971191406	582.6	2022
0.0	19628.429626464844	306.1	2023
0.0	40947.50354003906	761.47	2024
28.0	262144.0	4164.2	2025
18.0	262144.0	3625.03	2026
0.0	60180.19122314453	749.35	2201
0.0	12848.32080078125	187.81	2202
245.0	262144.0	4215.81	2203
0.0	161353.26623535156	2522.44	2204
0.0	36785.56903076172	578.75	2205
40.0	262144.0	4540.62	2206
0.0	84456.5532836914	1351.1	2207
352.0	262144.0	5087.59	2208
34.0	262144.0	3283.56	2209
0.0	14807.913635253906	245.84	2210
0.0	28185.568481445312	464.6	2211
0.0	29195.884826660156	501.18	2212
0.0	67872.26098632812	1161.97	2213
0.0	13180.413452148438	228.75	2214
25.0	262144.0	4024.28	2215
0.0	78521.8193359375	1410.86	2216
0.0	49086.62683105469	788.12	2217
344.0	262144.0	4239.49	2218
0.0	101382.2216796875	1349.09	2219
0.0	99542.3939819336	1679.77	2220
0.0	37885.87615966797	645.91	2221
0.0	72643.9848022461	1314.33	2222
0.0	121004.50646972656	1905.24	2223
0.0	58686.480224609375	1038.88	2224
0.0	248365.14428710938	3277.94	2225
0.0	133224.52667236328	1933.65	2226
0.0	115799.8246459961	1535.78	2227
0.0	40271.654541015625	601.18	2228
0.0	113758.2451171875	1527.06	2229
0.0	52757.221740722656	698.9	2401
0.0	236663.44396972656	2890.32	2402
0.0	130731.03424072266	2202.93	2403
36.0	262144.0	4189.11	2404
50.0	262144.0	3825.37	2405
0.0	85051.84381103516	1211.94	2406
398.0	262144.0	4949.37	2407
0.0	122955.56951904297	2058.73	2408
0.0	37956.75085449219	436.39	2409
0.0	78387.76220703125	1404.32	2410
0.0	219254.07208251953	3073.24	2411
0.0	64469.56726074219	698.19	2412
0.0	122857.2847290039	2064.04	2413
0.0	222070.48468017578	3460.04	2414
0.0	91225.46453857422	1578.87	2415
0.0	24946.86883544922	411.75	2416
0.0	42492.873107910156	627.63	2417
357.0	262144.0	4678.81	2418
0.0	50885.65545654297	752.78	2419
0.0	96048.09454345703	1798.02	2420
17.0	262144.0	3356.3	2421
0.0	97806.03857421875	1516.08	2422
26.0	262144.0	4022.67	2423
0.0	87866.93676757812	1133.41	2601
34.0	262144.0	4280.92	2602
0.0	62723.216247558594	1035.79	2603
0.0	44060.67840576172	791.7	2604
0.0	55577.23223876953	789.52	2605
55.0	262144.0	3866.02	2606
0.0	189527.3240966797	3211.43	2607
0.0	215122.8403930664	2348.81	2608
0.0	110143.7470703125	1438.35	2609
0.0	22290.86163330078	411.4	2610
0.0	37965.41845703125	622.67	2611
0.0	113546.61901855469	2082.76	2612
0.0	85408.20989990234	1409.25	2613
0.0	155636.57147216797	2284.22	2614
0.0	131534.75616455078	1801.13	2615
0.0	60929.53289794922	1026.96	2616
373.0	262144.0	4522.41	2617
0.0	57790.501892089844	885.34	2618
10.0	262144.0	3625.96	2619
0.0	109864.37493896484	1815.83	2620
0.0	34402.78674316406	612.06	2621
0.0	119011.9800415039	2025.1	2622
0.0	37934.97888183594	574.85	2623
0.0	164583.8779296875	2286.51	2624
0.0	85681.21643066406	1198.85	2625
0.0	80809.13330078125	1507.73	2626
0.0	19047.308959960938	361.38	2627
0.0	54062.23211669922	866.04	2628
38.0	262144.0	3775.07	2629
0.0	192879.21704101562	1985.24	2807
0.0	107342.32006835938	1620.87	2808
0.0	129129.1494140625	2085.89	2809
0.0	71965.70629882812	1269.26	2810
0.0	156764.56640625	2629.55	2811
0.0	59697.482971191406	815.06	2812
53.0	262144.0	3538.51	2813
0.0	16778.232971191406	301.22	2814
0.0	100030.61437988281	1396.08	2815
0.0	155196.9952392578	2222.41	2816
0.0	35072.70574951172	621.13	2817
46.0	262144.0	3928.41	2818
36.0	262144.0	3548.21	2819
298.0	262144.0	4363.18	2820
0.0	207118.4666748047	2783.02	2821
0.0	64257.17883300781	1168.87	2822
60.0	262144.0	5154.58	2823
0.0	51530.810119628906	899.63	2824
0.0	103132.44970703125	1520.79	2825
0.0	49700.879150390625	785.32	2826
0.0	127845.9584350586	2005.79	2827
0.0	196333.70709228516	3570.7	2828
0.0	170454.91632080078	3116.74	2829
0.0	90915.23083496094	1502.74	2830
0.0	28795.98699951172	306.96	2831
0.0	75885.49835205078	1547.65	2832
0.0	91237.05499267578	1296.31	3001
0.0	208657.501953125	3462.01	3002
0.0	102260.95593261719	1660.45	3003
0.0	29432.291748046875	445.89	3004
0.0	88891.30853271484	1594.0	3005
0.0	208782.56201171875	3021.21	3006
0.0	66286.98461914062	1052.86	3007
0.0	31214.760375976562	554.88	3008
25.0	262144.0	3329.65	3009
0.0	158698.73846435547	2701.09	3010
17.0	262144.0	3473.02	3011
0.0	188770.55810546875	2838.96	3012
0.0	132537.9366455078	2033.63	3013
0.0	37702.05810546875	664.42	3014
110.0	262144.0	4870.4	3015
0.0	75848.81658935547	1267.12	3016
0.0	87514.01586914062	1306.74	3017
0.0	35252.14044189453	571.64	3018
0.0	259033.50036621094	3368.6	3019
0.0	108822.29858398438	1602.58	3020
0.0	22509.302185058594	351.99	3021
0.0	7635.716979980469	123.76	3022
0.0	96780.90979003906	1299.51	3023
0.0	40013.326721191406	629.49	3024
0.0	83267.06561279297	1478.79	3025
0.0	251038.11462402344	3395.05	3026
0.0	240693.64685058594	4010.22	3027
0.0	31998.998779296875	531.88	3028
0.0	33868.38317871094	562.26	3029
0.0	30935.089416503906	589.19	3030
0.0	25208.39532470703	405.57	3031
0.0	212220.09936523438	2774.49	3201
20.0	262144.0	3263.53	3202
0.0	58972.51867675781	835.42	3203
0.0	86864.1669921875	1227.47	3204
278.0	262144.0	4621.31	3205
0.0	130225.5205078125	1704.02	3206
0.0	24560.847290039062	360.88	3207
15.0	262144.0	3627.76	3208
0.0	65897.21282958984	1072.65	3209
0.0	68801.66241455078	1057.45	3210
0.0	33336.97821044922	519.39	3211
0.0	56108.21423339844	955.28	3212
0.0	15430.610595703125	271.05	3213
18.0	262144.0	3803.36	3214
34.0	262144.0	3426.66	3215
264.0	262144.0	4855.28	3216
29.0	262144.0	3708.07	3217
0.0	36787.71716308594	567.68	3218
0.0	143768.68658447266	2487.62	3219
0.0	44448.577880859375	683.96	3220
25.0	262144.0	3865.57	3221
0.0	56816.77868652344	1031.84	3222
13.0	262144.0	3515.19	3223
0.0	94543.6537475586	1834.18	3224
0.0	29708.938903808594	449.41	3401
0.0	142295.77606201172	1765.58	3402
0.0	80288.82604980469	1034.24	3403
0.0	42012.74151611328	564.83	3404
0.0	116723.34771728516	1800.68	3405
0.0	106359.72485351562	1366.17	3406
0.0	175945.64819335938	2735.07	3407
0.0	11793.93603515625	178.83	3408
0.0	155632.00299072266	2788.4	3409
0.0	165216.82092285156	2526.1	3410
36.0	262144.0	3606.86	3411
0.0	50327.33135986328	729.38	3412
0.0	68862.98345947266	983.71	3413
6.0	262144.0	3370.18	3414
51.0	262144.0	3745.53	3415
12.0	262144.0	4544.01	3416
0.0	34626.23468017578	630.85	3417
0.0	58717.44323730469	978.82	3418
0.0	62429.55810546875	1114.18	3419
0.0	98549.24389648438	1880.43	3420
0.0	54838.75360107422	840.03	3421
0.0	57960.96649169922	808.06	3422
0.0	24359.52081298828	419.75	3423
0.0	195074.23706054688	3224.09	3424
0.0	201464.9686279297	2706.93	3425
0.0	77471.45489501953	1207.46	3426
0.0	62777.286376953125	1007.48	3427
0.0	114172.48858642578	1569.56	3428
0.0	168805.05267333984	1741.59	3429
0.0	146383.12200927734	2333.89	3430
354.0	262144.0	3906.47	3601
22.0	262144.0	4332.83	3602
0.0	56994.05895996094	888.52	3603
0.0	101468.46405029297	1170.78	3604
30.0	262144.0	4442.42	3605
0.0	44234.39514160156	714.16	3606
0.0	68312.24212646484	1132.76	3607
0.0	55301.84533691406	979.56	3608
0.0	142332.66888427734	2597.57	3609
0.0	157620.71087646484	2804.65	3610
0.0	51239.73956298828	704.45	3611
0.0	39336.52911376953	592.66	3612
0.0	120949.84118652344	2109.01	3613
12.0	262144.0	4675.87	3614
14.0	262144.0	3726.56	3615
0.0	105960.03436279297	1701.95	3616
0.0	32698.95281982422	550.75	3617
0.0	50773.75244140625	926.66	3618
17.0	262144.0	4067.92	3619
26.0	262144.0	3479.03	3620
0.0	54798.745361328125	997.74	3621
0.0	13108.970458984375	230.45	3622
0.0	188922.00872802734	3032.71	3623
0.0	100706.33367919922	1513.2	3624
0.0	34638.50915527344	547.56	3625
0.0	135321.73272705078	2158.32	3626
0.0	33405.39910888672	583.03	3627
0.0	27801.193237304688	360.56	3801
0.0	41929.42950439453	607.75	3802
0.0	71699.28106689453	1033.37	3803
0.0	249793.51287841797	3184.8	3804
0.0	84340.55450439453	1181.18	3805
164.0	262144.0	4018.36	3806
0.0	15468.390380859375	248.1	3807
0.0	221029.01239013672	3005.17	3808
272.0	262144.0	5240.91	3809
0.0	108293.22076416016	1894.32	3810
71.0	262144.0	3662.7	3811
0.0	41018.65686035156	624.77	3812
0.0	91629.55541992188	1341.32	3813
0.0	46569.30712890625	823.25	3814
0.0	91552.70275878906	1444.12	3815
69.0	262144.0	4832.76	3816
32.0	262144.0	3469.78	3817
0.0	169313.6177368164	2468.33	3818
0.0	68692.34973144531	1128.94	3819
0.0	116125.57012939453	1964.12	3820
0.0	67036.22607421875	1105.58	3821
0.0	133554.67559814453	2393.28	3822
25.0	262144.0	3522.16	3823
0.0	30179.91680908203	499.62	3824
0.0	38134.528259277344	564.09	3825
43.0	262144.0	3770.92	3826
0.0	142376.44921875	2226.59	4001
0.0	23528.921264648438	349.88	4002
0.0	98922.4111328125	1718.98	4003
0.0	79230.43395996094	1170.79	4004
0.0	34716.46221923828	516.06	4005
372.0	262144.0	4605.93	4006
0.0	35456.32598876953	529.63	4007
0.0	109679.96276855469	1700.29	4008
0.0	157407.38842773438	1986.37	4009
0.0	136287.77514648438	2110.74	4010
0.0	176933.1123046875	2776.64	4011
0.0	71150.29718017578	997.27	4012
0.0	70194.7554321289	1029.35	4013
0.0	83804.24462890625	1396.37	4014
0.0	51550.23162841797	632.24	4015
122.0	262144.0	3806.88	4016
0.0	118729.470703125	1575.06	4017
86.0	262144.0	4951.96	4018
0.0	193752.41870117188	3441.01	4019
0.0	247141.0908203125	4266.48	4020
0.0	63565.970642089844	1152.31	4021
0.0	68471.57446289062	1209.51	4022
0.0	188048.85485839844	3016.85	4023
0.0	195906.0965576172	3496.86	4024
0.0	39058.24981689453	562.85	4025
326.0	262144.0	4622.11	4212
0.0	149728.37133789062	1917.9	4213
19.0	262144.0	3808.02	4214
0.0	63083.83801269531	916.71	4215
0.0	117084.54315185547	1550.47	4216
18.0	262144.0	4198.27	4217
96.0	262144.0	3934.2	4218
0.0	33753.32305908203	523.0	4219
30.0	262144.0	4360.34	4220
0.0	41550.08203125	729.11	4221
0.0	61063.249267578125	848.13	4222
25.0	262144.0	3798.93	4223
0.0	71170.35803222656	1175.12	4224
232.0	262144.0	4771.08	4225
0.0	105447.05981445312	1629.14	4226
0.0	107619.35803222656	1625.74	4227
0.0	205152.7388305664	3951.73	4228
0.0	86405.36407470703	1316.48	4229
411.0	262144.0	4436.37	4230
0.0	74594.49816894531	1221.82	4231
0.0	62291.00469970703	1168.03	4232
0.0	10385.469116210938	129.96	4401
0.0	123034.7001953125	1699.68	4402
37.0	262144.0	3925.76	4403
0.0	16220.0947265625	252.94	4404
0.0	58096.3349609375	882.63	4405
0.0	140472.6143798828	2396.93	4406
0.0	94004.76013183594	1489.46	4407
0.0	81488.90905761719	1268.86	4408
0.0	124550.08483886719	1665.83	4409
0.0	188559.29656982422	2751.21	4410
0.0	13671.213623046875	230.38	4411
66.0	262144.0	3557.73	4412
0.0	152386.89166259766	2709.52	4413
0.0	28000.916137695312	515.63	4414
0.0	148994.58233642578	2183.35	4415
0.0	64408.040588378906	1025.16	4416
0.0	22463.936584472656	382.1	4417
0.0	75506.11267089844	1004.69	4418
0.0	85831.03234863281	1276.05	4419
0.0	128378.9253540039	1921.25	4420
0.0	40268.23693847656	699.16	4421
0.0	111178.458984375	1790.74	4422
0.0	43251.459045410156	643.63	4423
0.0	23613.74639892578	403.94	4424
0.0	148842.06518554688	2159.35	4425
31.0	262144.0	3510.94	4426
0.0	151518.615234375	2744.8	4427
0.0	227873.4732055664	2798.49	4428
0.0	38457.597717285156	722.7	4429
132.0	262144.0	4859.92	4430
0.0	23666.843383789062	379.67	4431
0.0	58990.98760986328	702.64	4601
0.0	38520.01727294922	612.55	4602
0.0	56508.89416503906	825.56	4603
0.0	38341.20361328125	442.84	4604
335.0	262144.0	4283.62	4605
0.0	33770.83459472656	486.26	4606
0.0	29549.050537109375	409.42	4607
0.0	33234.820556640625	515.78	4608
30.0	262144.0	4216.66	4609
0.0	151565.87664794922	2724.88	4610
0.0	162492.1939086914	2263.58	4611
9.0	262144.0	3869.58	4612
0.0	214427.05853271484	3835.67	4613
0.0	44156.44256591797	633.25	4614
0.0	81678.7152709961	1323.97	4615
12.0	262144.0	3284.01	4616
333.0	262144.0	5151.64	4617
0.0	209461.2120361328	2767.22	4618
0.0	61329.563232421875	943.89	4619
0.0	233292.99578857422	4423.32	4620
34.0	262144.0	2702.88	4621
0.0	50757.064514160156	879.6	4622
30.0	262144.0	3617.69	4623
22.0	262144.0	3407.96	4624
0.0	71465.44348144531	1068.49	4801
25.0	262144.0	3584.52	4802
0.0	54266.94519042969	878.98	4803
0.0	82667.50421142578	1408.3	4804
0.0	185062.41778564453	2345.69	4805
0.0	197037.4334716797	2769.19	4806
0.0	37622.959411621094	560.25	4807
0.0	193189.3861694336	3235.97	4808
0.0	112687.14739990234	1516.37	4809
0.0	260891.90240478516	4095.14	4810
0.0	19524.184204101562	335.49	4811
0.0	104207.71166992188	1849.16	4812
0.0	80934.78015136719	1478.75	4813
0.0	32620.91619873047	518.24	4814
8.0	262144.0	3066.61	4815
19.0	262144.0	4888.15	4816
0.0	33979.818908691406	611.95	4817
0.0	53896.173828125	949.59	4818
210.0	262144.0	4310.65	4819
388.0	262144.0	3711.69	4820
88.0	262144.0	4214.41	4821
16.0	262144.0	4373.76	4822
0.0	254166.5245361328	3562.57	5001
0.0	109636.13848876953	1895.4	5002
0.0	43771.06219482422	647.48	5003
0.0	97871.50378417969	1117.12	5004
0.0	127882.28302001953	1656.62	5005
0.0	50292.003173828125	729.72	5006
0.0	176110.66790771484	2738.02	5007
0.0	17353.62713623047	289.04	5008
0.0	212397.0855102539	3599.58	5009
7.0	262144.0	3682.16	5010
86.0	262144.0	4429.64	5011
20.0	262144.0	4039.06	5012
8.0	262144.0	3247.54	5013
0.0	81199.64459228516	1327.56	5014
0.0	10039.596435546875	173.57	5015
0.0	162006.3217163086	2217.96	5016
432.0	262144.0	5211.6	5017
0.0	19888.865234375	327.43	5018
0.0	203446.50701904297	2866.7	5019
0.0	126671.81231689453	2072.51	5020
0.0	180507.9213256836	3008.27	5021
0.0	240921.67736816406	4059.55	5022
0.0	11580.666748046875	190.3	5023
12.0	262144.0	3160.53	5201
79.0	262144.0	3958.42	5202
0.0	63953.539978027344	909.19	5203
0.0	76686.92126464844	1184.72	5204
0.0	223480.3790283203	2901.38	5205
0.0	29703.931274414062	496.85	5206
0.0	44535.764587402344	592.6	5207
376.0	262144.0	4543.07	5208
0.0	32457.565979003906	548.63	5209
41.0	262144.0	3951.87	5210
0.0	153375.72290039062	2316.16	5211
66.0	262144.0	3500.27	5212
13.0	262144.0	2985.67	5213
251.0	262144.0	4940.95	5214
0.0	167916.8348388672	2959.13	5215
0.0	46439.6611328125	536.56	5216
0.0	26258.35418701172	441.83	5217
0.0	49993.366638183594	659.82	5218
54.0	262144.0	3857.42	5219
0.0	110552.44787597656	1729.71	5220
37.0	262144.0	4286.6	5221
17.0	262144.0	3295.27	5401
0.0	55823.52380371094	979.31	5402
39.0	262144.0	4372.12	5403
0.0	168779.73602294922	2251.76	5404
0.0	36970.42639160156	537.76	5405
371.0	262144.0	4228.09	5406
0.0	221196.87451171875	3824.3	5407
0.0	32109.637634277344	510.72	5408
0.0	108607.3265991211	1774.64	5409
0.0	44460.91882324219	799.8	5410
0.0	141190.14599609375	2056.01	5411
0.0	100076.46862792969	1713.85	5412
49.0	262144.0	3338.67	5413
0.0	15076.559387207031	277.57	5414
0.0	98990.39031982422	1759.31	5415
0.0	108682.65142822266	1891.35	5416
0.0	43512.31506347656	738.34	5417
0.0	50470.17639160156	651.86	5418
47.0	262144.0	4915.85	5419
0.0	25589.24822998047	402.67	5420
0.0	78155.94635009766	1025.96	5421
30.0	262144.0	3834.93	5422
0.0	30360.80633544922	505.07	5423
0.0	58566.321838378906	939.85	5424
0.0	97421.13940429688	1504.1	5425
0.0	31803.214721679688	552.54	5426
0.0	33644.841796875	532.22	5427
0.0	41412.148193359375	617.75	5428
0.0	49604.3076171875	884.17	5429
24.0	262144.0	3437.75	5608
0.0	70915.61975097656	1018.26	5609
0.0	102184.04528808594	1378.15	5610
0.0	28720.30780029297	444.38	5611
0.0	158329.73181152344	2782.56	5612
0.0	48003.671630859375	626.56	5613
21.0	262144.0	4023.41	5614
113.0	262144.0	4256.2	5615
20.0	262144.0	3159.06	5616
0.0	64351.635498046875	1127.47	5617
0.0	167569.13720703125	2487.87	5618
336.0	262144.0	5226.47	5619
0.0	118086.04357910156	2079.19	5620
0.0	170857.44427490234	2749.09	5621
0.0	65782.33563232422	1223.12	5622
21.0	262144.0	5118.33	5623
0.0	68509.03125	1129.28	5624
0.0	174402.69757080078	2908.65	5625
0.0	41341.075622558594	677.26	5626
0.0	52487.11120605469	956.23	5627
0.0	96087.16436767578	1532.31	5628
0.0	125006.34576416016	2061.72	5629
0.0	89100.75207519531	1429.17	5630
55.0	262144.0	3032.53	5801
403.0	262144.0	4845.13	5802
0.0	21596.505432128906	324.14	5803
27.0	262144.0	4133.72	5804
5.0	262144.0	2560.74	5805
96.0	262144.0	3796.72	5806
0.0	211263.1805419922	2910.45	5807
0.0	34194.82629394531	647.28	5808
47.0	262144.0	3657.12	5809
0.0	118846.10913085938	2114.56	5810
11.0	262144.0	3526.17	5811
0.0	96946.30993652344	1522.92	5812
0.0	91329.15924072266	1276.28	5813
0.0	23195.509887695312	405.78	5814
0.0	205006.01080322266	2712.9	5815
0.0	141063.943359375	2154.87	5816
316.0	262144.0	4908.54	5817
0.0	128526.31750488281	1640.78	5818
0.0	86685.1171875	1671.93	5819
0.0	27875.53466796875	371.37	5820
0.0	47419.7578125	749.85	5821
0.0	116334.00567626953	1922.61	5822
0.0	10775.174133300781	195.89	5823
0.0	29674.652954101562	456.37	5824
0.0	100415.59313964844	1347.59	5825
0.0	21431.96630859375	364.33	5826
0.0	37979.951171875	587.05	5827
0.0	61105.07470703125	1037.65	5828
0.0	43083.62878417969	490.89	6001
0.0	12123.133666992188	163.99	6002
0.0	57721.52258300781	912.09	6003
297.0	262144.0	3904.24	6004
0.0	29000.12664794922	506.35	6005
0.0	70289.94647216797	1181.07	6006
0.0	45938.78576660156	712.1	6007
35.0	262144.0	3709.78	6008
159.0	262144.0	4036.56	6009
0.0	68712.58557128906	1181.61	6010
71.0	262144.0	3637.38	6011
0.0	142779.67993164062	2228.3	6012
334.0	262144.0	5204.75	6013
270.0	262144.0	5126.48	6014
31.0	262144.0	4581.77	6015
31.0	262144.0	3676.59	6016
0.0	41341.96368408203	657.21	6017
0.0	172185.28967285156	2557.67	6018
337.0	262144.0	4422.28	6019
0.0	205418.36450195312	3004.17	6020
0.0	60778.400451660156	889.94	6201
0.0	39476.755859375	644.41	6202
418.0	262144.0	4799.78	6203
0.0	63117.082458496094	877.19	6204
0.0	147580.21026611328	1818.48	6205
27.0	262144.0	3893.27	6206
0.0	104200.50988769531	1858.31	6207
0.0	44341.12072753906	708.96	6208
13.0	262144.0	3500.05	6209
106.0	262144.0	4963.26	6210
388.0	262144.0	4983.59	6211
0.0	55594.99151611328	789.95	6212
0.0	185381.24310302734	3462.09	6213
0.0	79988.9370727539	1188.07	6214
293.0	262144.0	4988.72	6215
0.0	220055.8901977539	3817.21	6216
0.0	31044.720581054688	434.93	6217
0.0	56070.42346191406	987.25	6218
0.0	81112.24407958984	884.81	6219
0.0	26671.27264404297	519.07	6220
0.0	165629.2901611328	2362.87	6221
27.0	262144.0	4764.56	6222
0.0	48168.065002441406	864.0	6223
0.0	62747.11657714844	998.36	6224
0.0	29485.6943359375	427.56	6401
20.0	262144.0	3315.2	6402
0.0	47408.18768310547	827.6	6403
0.0	67289.64617919922	1119.68	6404
26.0	262144.0	3829.27	6405
0.0	142752.1235961914	2253.67	6406
0.0	85940.69445800781	1384.04	6407
0.0	69602.23767089844	1179.2	6408
0.0	53262.69470214844	880.21	6409
14.0	262144.0	3335.47	6410
14.0	262144.0	4043.08	6411
0.0	24678.741760253906	310.49	6412
0.0	34181.4912109375	533.05	6413
386.0	262144.0	4527.91	6414
0.0	128138.39520263672	2095.89	6415
118.0	262144.0	5045.21	6416
0.0	41339.69372558594	519.9	6417
0.0	42552.824279785156	832.17	6418
0.0	67459.62591552734	1306.2	6419
0.0	52111.25109863281	862.68	6420
36.0	262144.0	3779.06	6421
0.0	54232.624084472656	806.31	6422
0.0	135866.87298583984	2175.43	6423
63.0	262144.0	4240.42	6424
0.0	18986.612426757812	374.29	6425
0.0	39568.968505859375	577.81	6426
0.0	240146.5014038086	3893.82	6427
0.0	53231.721252441406	812.53	6601
0.0	56705.843994140625	886.92	6602
0.0	71285.29278564453	937.38	6603
0.0	54685.14385986328	757.56	6604
0.0	19251.66375732422	266.96	6605
0.0	59647.72546386719	864.46	6606
0.0	60310.604553222656	831.6	6607
0.0	89931.419921875	1353.68	6608
0.0	44346.567138671875	708.28	6609
0.0	10829.149536132812	160.76	6610
24.0	262144.0	3429.16	6611
0.0	156935.93975830078	2810.64	6612
0.0	62654.42156982422	1004.77	6613
0.0	102353.71520996094	1470.85	6614
0.0	62867.65686035156	1069.19	6615
95.0	262144.0	4671.44	6616
24.0	262144.0	3918.48	6617
0.0	235035.47521972656	3753.93	6618
171.0	262144.0	4815.62	6619
0.0	59081.93780517578	882.67	6620
0.0	32649.813415527344	566.88	6621
0.0	64673.06896972656	1120.89	6622
338.0	262144.0	4927.44	6623
0.0	76566.21588134766	1261.59	6624
0.0	256575.7739868164	4441.73	6625
0.0	100851.26153564453	1507.46	6626
0.0	150104.59832763672	2292.07	6627
0.0	72095.70184326172	1214.98	6628
52.0	262144.0	3336.27	6801
0.0	117570.57043457031	1840.47	6802
0.0	180759.66552734375	2637.32	6803
17.0	262144.0	3501.8	6804
0.0	141096.6332397461	2248.92	6805
349.0	262144.0	4974.27	6806
19.0	262144.0	4498.16	6807
0.0	151427.02209472656	2665.36	6808
0.0	63977.318786621094	892.55	6809
129.0	262144.0	4432.81	6810
0.0	145232.93170166016	1839.83	6811
0.0	20916.604736328125	373.25	6812
47.0	262144.0	4584.15	6813
0.0	32708.84698486328	566.65	6814
0.0	196638.4808959961	3533.78	6815
0.0	18235.359497070312	274.56	6816
0.0	159045.42700195312	2465.86	6817
0.0	64422.39050292969	914.19	6818
0.0	48334.50848388672	745.59	6819
0.0	105885.83129882812	1844.31	6820
47.0	262144.0	3469.57	6821
11.0	262144.0	3343.81	6822
0.0	76332.4271850586	1072.23	1
0.0	127837.43225097656	1588.36	2
0.0	127578.68395996094	1889.25	3
0.0	169160.92950439453	2199.67	4
12.0	262144.0	3201.49	5
0.0	114754.29327392578	1441.03	6
0.0	244075.67681884766	3493.47	7
0.0	99065.86505126953	1137.96	701
0.0	57190.669006347656	695.97	702
410.0	262144.0	4174.38	703
18.0	262144.0	3077.45	704
0.0	42387.118225097656	615.87	705
17.0	262144.0	2696.27	706
0.0	42342.16973876953	673.75	707
0.0	152738.6488647461	2167.5	708
0.0	17961.75311279297	294.0	709
0.0	19095.71661376953	245.8	1401
6.0	262144.0	3840.6	1402
0.0	182034.59448242188	2300.78	1403
0.0	230938.9619140625	2901.82	1404
0.0	90815.11462402344	1249.34	1405
0.0	20699.453125	309.95	1406
0.0	68371.6148071289	924.22	1407
27.0	262144.0	3299.69	1408
0.0	35612.83026123047	442.77	2101
0.0	164613.48028564453	2333.43	2102
0.0	60189.12414550781	875.76	2103
0.0	24273.887084960938	349.41	2104
44.0	262144.0	4056.37	2105
0.0	20626.53985595703	310.01	2106
0.0	32724.81561279297	449.66	2107
16.0	262144.0	3683.09	2108
0.0	16918.334899902344	274.88	2109
0.0	70368.60186767578	1129.6	2110
0.0	41474.47302246094	579.64	2111
0.0	232885.4354248047	2895.83	2801
0.0	130911.77752685547	1581.65	2802
0.0	174316.99951171875	2213.29	2803
0.0	78967.83325195312	987.77	2804
25.0	262144.0	3108.33	2805
12.0	262144.0	3952.16	2806
0.0	218097.36669921875	2930.54	3501
0.0	41656.87548828125	505.89	3502
432.0	262144.0	3653.93	3503
0.0	31664.442443847656	513.15	3504
369.0	262144.0	4278.03	3505
0.0	69031.66998291016	1047.05	3506
0.0	25085.8046875	393.62	3507
0.0	16067.993408203125	212.35	3508
0.0	77793.0835571289	1234.76	3509
0.0	35368.66650390625	485.42	4201
0.0	121874.17962646484	1332.43	4202
0.0	11833.739501953125	166.12	4203
0.0	73833.2124633789	942.65	4204
0.0	30425.38897705078	383.58	4205
0.0	75611.97253417969	1088.82	4206
0.0	245677.9249267578	2655.08	4207
357.0	262144.0	4230.42	4208
0.0	97334.9390258789	1456.54	4209
0.0	54383.427734375	762.43	4210
0.0	78878.54187011719	1213.7	4211
0.0	44796.56579589844	584.41	4901
19.0	262144.0	2946.51	4902
0.0	86670.7348022461	1184.01	4903
137.0	262144.0	3492.31	4904
0.0	209521.78051757812	2988.44	4905
0.0	37403.8369140625	535.06	4906
0.0	42416.45556640625	576.18	4907
0.0	110228.19287109375	1197.43	5601
0.0	72424.69750976562	937.8	5602
0.0	157595.59912109375	2358.62	5603
60.0	262144.0	3894.65	5604
0.0	28636.811279296875	419.83	5605
0.0	33005.85009765625	469.04	5606
69.0	262144.0	2993.09	5607
45.0	262144.0	2964.46	6301
22.0	262144.0	3254.84	6302
0.0	37564.42565917969	478.24	6303
412.0	262144.0	4033.95	6304
31.0	262144.0	3074.05	6305
