#FMS random 3-SAT
#N=65536  nIter=65536000  alpha=416   NSamples=1082
#av(nit)	2543.3532386681068
#std(nit)	31.47526402593926
#av(e)	0.0
#std(e)	0.0
#av(runtime)	142.895
#std(runtime)	1.7055571816188875
0.0	1837.9673309326172	98.25	1
0.0	1568.6158905029297	83.08	2
0.0	1990.9291381835938	108.26	3
0.0	2783.069320678711	148.35	4
0.0	3451.2601470947266	175.29	5
0.0	2582.9988555908203	137.58	6
0.0	3080.6514282226562	165.54	7
0.0	4233.378158569336	223.62	8
0.0	1733.6029968261719	93.82	9
0.0	2605.5890502929688	141.65	10
0.0	1436.6469116210938	75.63	11
0.0	2706.2911987304688	149.7	12
0.0	2812.4169158935547	144.37	13
0.0	1483.9879760742188	82.18	14
0.0	5141.759033203125	286.87	15
0.0	2911.2215576171875	168.51	16
0.0	2105.396759033203	119.98	17
0.0	2548.9063110351562	148.23	18
0.0	1903.4453430175781	104.03	19
0.0	1426.95068359375	78.36	20
0.0	2156.9580841064453	118.22	21
0.0	2063.216094970703	120.79	22
0.0	5814.662933349609	323.39	23
0.0	1804.3923645019531	102.37	24
0.0	2266.0367279052734	126.27	25
0.0	1590.5365295410156	97.65	26
0.0	4212.259689331055	231.96	27
0.0	2444.40576171875	141.43	28
0.0	2659.5997772216797	154.24	29
0.0	2050.402603149414	114.51	30
0.0	1744.0439147949219	99.68	31
0.0	1771.9501647949219	101.9	32
0.0	2640.781768798828	147.27	33
0.0	2543.3429260253906	145.14	34
0.0	2899.2658081054688	162.78	35
0.0	1557.2554626464844	88.22	36
0.0	3521.1803436279297	189.9	37
0.0	2726.247344970703	154.96	38
0.0	3612.2576751708984	196.33	39
0.0	1447.4727478027344	81.91	40
0.0	2278.4883575439453	129.67	41
0.0	1849.729751586914	111.4	42
0.0	3773.529983520508	210.71	43
0.0	3473.3330993652344	198.2	44
0.0	2925.421585083008	175.54	45
0.0	3603.166488647461	204.53	46
0.0	3370.763671875	192.4	47
0.0	1389.9944763183594	82.96	48
0.0	2284.4391021728516	128.79	49
0.0	2212.8748474121094	120.65	50
0.0	2915.220672607422	166.05	51
0.0	1640.7034912109375	86.08	52
0.0	2797.810531616211	156.75	53
0.0	3032.6557006835938	169.05	54
0.0	3724.2831268310547	207.55	55
0.0	2129.0399322509766	121.92	56
0.0	1518.4212646484375	90.0	57
0.0	1694.7030334472656	102.05	58
0.0	2948.522186279297	174.18	59
0.0	1629.6825866699219	86.63	60
0.0	2574.981887817383	141.64	61
0.0	1804.1499328613281	107.33	62
0.0	1795.8023529052734	99.87	63
0.0	1988.0587158203125	115.53	64
0.0	2999.073715209961	170.82	65
0.0	3234.518585205078	178.47	66
0.0	3828.3399200439453	206.3	67
0.0	3046.196746826172	165.31	68
0.0	1794.8273468017578	105.12	69
0.0	2918.025344848633	158.86	70
0.0	4549.179412841797	243.58	71
0.0	2677.0018463134766	155.99	72
0.0	4489.835510253906	250.71	73
0.0	4223.346969604492	232.39	74
0.0	1898.5274200439453	107.45	75
0.0	2440.474822998047	138.11	76
0.0	1994.9116516113281	120.84	77
0.0	2744.5582580566406	162.82	78
0.0	3275.599380493164	188.37	79
0.0	2950.1178283691406	168.16	80
0.0	2140.896987915039	106.44	81
0.0	3308.739303588867	189.67	82
0.0	2623.6538696289062	150.47	83
0.0	2892.6595001220703	163.4	84
0.0	2375.7294921875	136.65	85
0.0	1837.808853149414	101.25	86
0.0	2135.346649169922	123.53	87
0.0	2059.484115600586	118.58	88
0.0	1833.8019256591797	98.76	89
0.0	4944.116302490234	290.66	90
0.0	2559.7579040527344	141.77	91
0.0	4027.1864471435547	229.71	92
0.0	2501.087860107422	141.62	93
0.0	5738.670028686523	313.43	94
0.0	5327.639358520508	312.24	95
0.0	2403.2459869384766	127.26	96
0.0	1840.2673797607422	106.29	97
0.0	3452.2488403320312	188.47	98
0.0	2890.090103149414	170.65	99
0.0	2715.5100860595703	160.9	100
0.0	3987.9661712646484	204.13	101
0.0	2147.964813232422	123.66	102
0.0	1675.3565216064453	100.31	103
0.0	1958.9735717773438	111.1	104
0.0	2083.9580993652344	117.6	105
0.0	1048.8171997070312	62.26	106
0.0	2529.063995361328	150.53	107
0.0	2003.8908233642578	109.98	108
0.0	3930.714599609375	227.76	109
0.0	2568.9359436035156	148.12	110
0.0	4978.958801269531	281.71	111
0.0	2402.4962158203125	136.48	112
0.0	3032.2215881347656	168.87	113
0.0	3050.3370666503906	177.28	114
0.0	4550.957412719727	265.36	115
0.0	1856.9320068359375	97.76	116
0.0	2850.239974975586	164.71	117
0.0	1811.0181274414062	108.03	118
0.0	2105.793411254883	109.78	119
0.0	1341.189682006836	71.73	120
0.0	1706.6012420654297	87.94	121
0.0	2298.298355102539	135.87	122
0.0	1883.111328125	108.44	123
0.0	1248.4762573242188	72.55	124
0.0	1712.3771057128906	97.74	125
0.0	3125.3094787597656	171.8	126
0.0	2325.157455444336	126.68	127
0.0	2887.4297485351562	164.57	128
0.0	1678.1840515136719	96.75	129
0.0	2956.4962158203125	171.0	130
0.0	1831.4945373535156	98.81	981
0.0	2380.023880004883	123.15	982
0.0	2047.0343322753906	105.27	983
0.0	2087.493408203125	112.01	984
0.0	2503.555221557617	132.28	985
0.0	2260.448196411133	117.27	986
0.0	2355.8028869628906	126.65	987
0.0	1541.4791870117188	87.76	988
0.0	1046.2435302734375	58.35	989
0.0	4950.27067565918	254.12	990
0.0	3300.200439453125	174.7	991
0.0	2313.757339477539	120.55	992
0.0	2678.1568756103516	145.4	993
0.0	1966.1358795166016	108.67	994
0.0	2813.4459686279297	160.89	995
0.0	1891.292739868164	105.02	996
0.0	1832.2413177490234	103.56	997
0.0	2400.406036376953	133.56	998
0.0	2612.0664825439453	135.33	999
0.0	5177.175186157227	278.19	1000
0.0	1778.9883728027344	100.7	1001
0.0	7455.253204345703	396.18	1002
0.0	2408.012725830078	137.56	1003
0.0	1993.889175415039	107.61	1004
0.0	2607.0853576660156	147.17	1005
0.0	2483.015579223633	148.31	1006
0.0	2138.621337890625	122.1	1007
0.0	2564.5565338134766	144.19	1008
0.0	1568.7616271972656	87.13	1009
0.0	2723.461166381836	158.17	1010
0.0	4174.9833984375	226.43	1011
0.0	5591.27717590332	298.45	1012
0.0	3096.3955688476562	174.92	1013
0.0	2037.652816772461	115.52	1014
0.0	1199.6189422607422	67.48	1015
0.0	3822.5679321289062	219.48	1016
0.0	1886.5406494140625	110.22	1017
0.0	3164.544418334961	177.73	1018
0.0	1976.5807342529297	107.17	1019
0.0	2526.6297149658203	144.68	1020
0.0	8902.723342895508	482.23	1021
0.0	2018.3569641113281	112.86	1022
0.0	1337.7413024902344	76.24	1023
0.0	2728.0489044189453	156.47	1024
0.0	4924.829162597656	252.35	1025
0.0	3506.489761352539	192.78	1026
0.0	4028.5667724609375	232.66	1027
0.0	1535.5904693603516	90.69	1028
0.0	2005.8705444335938	119.21	1029
0.0	2229.6349487304688	125.75	1030
0.0	2417.8448486328125	136.6	1031
0.0	3205.5728302001953	177.55	1032
0.0	1817.2017364501953	105.43	1033
0.0	2141.0636444091797	121.32	1034
0.0	2553.648147583008	148.45	1035
0.0	2575.4864501953125	150.45	1036
0.0	2707.771530151367	148.64	1037
0.0	1473.6299591064453	78.53	1038
0.0	3887.6908416748047	220.78	1039
0.0	1741.9731903076172	97.51	1040
0.0	3541.749053955078	197.88	1041
0.0	2347.909194946289	135.91	1042
0.0	3038.238723754883	184.3	1043
0.0	2845.5777130126953	156.79	1044
0.0	1928.6906280517578	106.72	1045
0.0	1203.9828796386719	62.96	1046
0.0	1838.9051361083984	114.4	1047
0.0	1570.7554779052734	90.93	1048
0.0	1988.2580871582031	109.79	1049
0.0	2302.6646270751953	128.16	1050
0.0	2482.684783935547	141.85	1051
0.0	2682.566360473633	162.04	1052
0.0	1390.4822540283203	81.54	1053
0.0	1655.0701446533203	85.54	1054
0.0	2403.8177337646484	132.2	1055
0.0	1491.2274627685547	85.64	1056
0.0	4106.938919067383	233.58	1057
0.0	1564.5613098144531	87.66	1058
0.0	2726.0255584716797	160.73	1059
0.0	1987.9886779785156	110.66	1060
0.0	2669.474868774414	135.16	1061
0.0	1213.8716888427734	72.23	1062
0.0	1664.5609130859375	99.41	1063
0.0	1847.898910522461	102.5	1064
0.0	3026.6734771728516	175.96	1065
0.0	1951.9299011230469	116.04	1066
0.0	2722.2911987304688	159.23	1067
0.0	3485.444793701172	196.57	1068
0.0	4514.669677734375	251.59	1069
0.0	2803.4964599609375	159.02	1070
0.0	1926.5460968017578	112.02	1071
0.0	1031.2430114746094	59.11	1072
0.0	4063.6178283691406	233.74	1073
0.0	3912.308624267578	234.54	1074
0.0	2991.5693359375	178.65	1075
0.0	4838.830032348633	278.29	1076
0.0	1976.8656463623047	113.08	1077
0.0	5506.644973754883	280.46	1078
0.0	4237.462646484375	255.89	1079
0.0	1629.6295776367188	99.97	1080
0.0	2408.002944946289	140.46	1081
0.0	3468.8299713134766	184.41	1082
0.0	1711.4673461914062	100.38	1083
0.0	4117.717636108398	242.22	1084
0.0	2652.0932006835938	151.11	1085
0.0	1376.2113800048828	78.67	1086
0.0	2135.1094970703125	125.62	1087
0.0	2139.864776611328	127.2	1088
0.0	1447.9454650878906	82.18	1089
0.0	2929.4676818847656	167.46	1090
0.0	2019.1453094482422	119.01	1091
0.0	2864.214401245117	156.34	1092
0.0	1804.1102142333984	102.59	1093
0.0	2414.6610412597656	139.79	1094
0.0	2599.143768310547	151.99	1095
0.0	2168.452133178711	123.77	1096
0.0	1721.858642578125	100.3	1097
0.0	1548.1283264160156	93.75	1098
0.0	3237.0968170166016	187.09	1099
0.0	2667.536087036133	151.93	1100
0.0	2829.7039489746094	165.55	1101
0.0	2123.7416381835938	122.41	1102
0.0	1454.5992889404297	80.78	1103
0.0	1402.300064086914	83.73	1104
0.0	3242.4888458251953	186.5	1105
0.0	2452.189453125	148.23	1106
0.0	1860.0609893798828	111.04	1107
0.0	2321.7994232177734	131.88	1108
0.0	1962.9806518554688	117.41	1109
0.0	1699.6305389404297	101.69	1110
0.0	1597.7005767822266	88.12	1111
0.0	2915.7230682373047	160.0	1112
0.0	2159.4158630371094	122.11	1113
0.0	4030.295166015625	215.88	1961
0.0	3963.6048583984375	207.9	1962
0.0	5212.579040527344	277.61	1963
0.0	2968.402389526367	162.03	1964
0.0	2227.704071044922	121.72	1965
0.0	2435.9131774902344	131.07	1966
0.0	1930.9454498291016	105.97	1967
0.0	2673.449966430664	148.76	1968
0.0	2476.7547607421875	133.34	1969
0.0	1500.5528259277344	84.76	1970
0.0	1132.1927947998047	62.22	1971
0.0	2639.795379638672	144.21	1972
0.0	1533.074722290039	90.7	1973
0.0	2871.1053771972656	156.91	1974
0.0	4213.890884399414	229.45	1975
0.0	1825.4486541748047	101.24	1976
0.0	2121.5601196289062	117.5	1977
0.0	2061.5702362060547	118.87	1978
0.0	1964.7466735839844	105.88	1979
0.0	1402.7794647216797	80.46	1980
0.0	2101.180862426758	122.31	1981
0.0	2726.2928314208984	151.67	1982
0.0	2445.5079956054688	139.79	1983
0.0	2288.700881958008	128.78	1984
0.0	3561.8426208496094	197.7	1985
0.0	1963.0653991699219	111.64	1986
0.0	1467.6434326171875	83.92	1987
0.0	1175.690170288086	68.38	1988
0.0	3168.3023529052734	180.58	1989
0.0	2075.4288940429688	110.23	1990
0.0	2327.3448638916016	129.86	1991
0.0	1956.7159423828125	115.33	1992
0.0	2193.9523315429688	122.9	1993
0.0	1914.3283996582031	109.41	1994
0.0	1643.2702178955078	87.87	1995
0.0	1818.0443572998047	104.32	1996
0.0	3626.3784790039062	197.05	1997
0.0	1175.4066619873047	67.47	1998
0.0	1542.595443725586	90.63	1999
0.0	2814.726303100586	148.01	2000
0.0	2626.292037963867	145.51	2001
0.0	3298.5399780273438	180.76	2002
0.0	2914.5922241210938	171.29	2003
0.0	2330.5912170410156	121.43	2004
0.0	1716.1871337890625	99.19	2005
0.0	1365.633544921875	78.62	2006
0.0	2193.0010528564453	125.45	2007
0.0	2313.5086822509766	142.58	2008
0.0	3553.2101440429688	202.76	2009
0.0	2427.498291015625	136.92	2010
0.0	5240.39176940918	274.32	2011
0.0	2741.6862030029297	145.55	2012
0.0	1688.5088348388672	100.54	2013
0.0	2914.968231201172	159.71	2014
0.0	1529.0513305664062	79.87	2015
0.0	1681.5160369873047	91.05	2016
0.0	2398.4312744140625	134.32	2017
0.0	3755.7205963134766	218.04	2018
0.0	2222.057357788086	130.08	2019
0.0	3321.4589233398438	186.51	2020
0.0	1068.1897888183594	62.33	2021
0.0	3620.469284057617	193.57	2022
0.0	2597.920120239258	151.88	2023
0.0	2757.136489868164	156.98	2024
0.0	1544.2881164550781	90.85	2025
0.0	1886.3233795166016	112.12	2026
0.0	3158.0077362060547	184.66	2027
0.0	2577.0906524658203	142.65	2028
0.0	1639.3851165771484	94.45	2029
0.0	2923.5625762939453	173.07	2030
0.0	1585.1122283935547	92.21	2031
0.0	2136.5862731933594	124.97	2032
0.0	2681.7994842529297	154.57	2033
0.0	1469.4955749511719	84.54	2034
0.0	4402.178573608398	254.44	2035
0.0	1988.0013732910156	115.72	2036
0.0	3199.518768310547	175.07	2037
0.0	2600.997055053711	143.66	2038
0.0	2106.3414916992188	121.84	2039
0.0	2417.4974822998047	136.91	2040
0.0	2276.4384002685547	131.81	2041
0.0	2757.3936767578125	140.53	2042
0.0	1876.0484771728516	99.15	2043
0.0	5179.038558959961	292.92	2044
0.0	4246.006698608398	246.07	2045
0.0	2041.2743072509766	118.92	2046
0.0	2426.1214447021484	112.22	2047
0.0	2473.924057006836	144.69	2048
0.0	2140.4253845214844	127.72	2049
0.0	1641.1083526611328	96.49	2050
0.0	2659.6354370117188	157.51	2051
0.0	2751.5289001464844	156.55	2052
0.0	3306.832550048828	188.27	2053
0.0	1712.8146514892578	102.73	2054
0.0	1457.8261260986328	84.63	2055
0.0	1740.914810180664	100.96	2056
0.0	2924.417999267578	155.19	2057
0.0	1955.6250305175781	106.52	2058
0.0	2277.7410888671875	133.22	2059
0.0	1585.2515258789062	93.28	2060
0.0	2254.2930603027344	124.01	2061
0.0	2199.2080993652344	131.99	2062
0.0	2868.035354614258	160.96	2063
0.0	1825.9580535888672	102.49	2064
0.0	2816.910858154297	166.04	2065
0.0	2238.4674682617188	112.85	2066
0.0	1625.7404479980469	97.31	2067
0.0	3696.5162658691406	221.62	2068
0.0	2612.5529022216797	150.29	2069
0.0	3312.929718017578	187.39	2070
0.0	1764.5734252929688	104.49	2071
0.0	2521.6178588867188	138.44	2072
0.0	2871.9483795166016	172.19	2073
0.0	2340.654296875	135.1	2074
0.0	1813.7482147216797	106.34	2075
0.0	1989.3880462646484	106.89	2076
0.0	1457.2574920654297	87.47	2077
0.0	1174.2285614013672	68.03	2078
0.0	2217.4261322021484	125.36	2079
0.0	2292.678955078125	134.37	2080
0.0	1043.4062042236328	59.88	2081
0.0	3883.7076568603516	218.29	2082
0.0	2103.9817962646484	121.54	2083
0.0	4646.087158203125	266.25	2084
0.0	1734.6612243652344	88.2	2085
0.0	1965.0869750976562	113.33	2086
0.0	2131.002655029297	126.37	2087
0.0	3622.411636352539	186.5	2088
0.0	2770.7260131835938	155.08	2089
0.0	2173.3646697998047	125.68	2090
0.0	2631.8911743164062	153.24	2091
0.0	1377.3448486328125	79.68	2092
0.0	2301.2718353271484	134.9	2093
0.0	3813.3885955810547	190.45	2094
0.0	1813.6910705566406	113.77	2095
0.0	5063.064453125	288.69	2096
0.0	1913.7523345947266	106.69	2097
0.0	2843.145233154297	171.23	2098
0.0	2373.0298614501953	133.78	2099
0.0	1873.5892028808594	102.17	2100
0.0	1910.2405090332031	104.88	2101
0.0	2906.1966094970703	150.79	2941
0.0	2404.5569915771484	125.58	2942
0.0	5130.483200073242	275.5	2943
0.0	1833.1792449951172	100.71	2944
0.0	2916.438674926758	153.27	2945
0.0	3297.1920471191406	174.43	2946
0.0	3479.395736694336	192.2	2947
0.0	3607.752487182617	197.97	2948
0.0	1897.5174407958984	108.4	2949
0.0	1836.3843994140625	100.75	2950
0.0	2240.5484161376953	128.7	2951
0.0	3716.1744079589844	211.17	2952
0.0	2180.3524627685547	121.41	2953
0.0	2085.6304626464844	122.92	2954
0.0	2234.9564514160156	115.49	2955
0.0	1137.1471405029297	63.71	2956
0.0	4591.926864624023	243.74	2957
0.0	2557.781784057617	144.89	2958
0.0	1756.1817321777344	99.55	2959
0.0	2144.644088745117	118.13	2960
0.0	2903.637252807617	157.12	2961
0.0	1783.6958923339844	100.03	2962
0.0	7001.93913269043	384.0	2963
0.0	4513.656143188477	253.84	2964
0.0	1416.270523071289	81.6	2965
0.0	3547.1766052246094	198.21	2966
0.0	2257.882293701172	129.4	2967
0.0	2245.9194946289062	124.79	2968
0.0	1623.5406646728516	92.45	2969
0.0	1790.0341033935547	103.32	2970
0.0	7392.334487915039	401.95	2971
0.0	2071.8497314453125	117.11	2972
0.0	2325.2769470214844	127.11	2973
0.0	2578.20556640625	148.1	2974
0.0	3013.069534301758	177.49	2975
0.0	2195.4354705810547	126.76	2976
0.0	2316.1260528564453	134.61	2977
0.0	6485.206161499023	344.2	2978
0.0	3905.4322814941406	210.25	2979
0.0	2001.9193115234375	108.83	2980
0.0	3225.9662017822266	181.69	2981
0.0	2122.182846069336	120.0	2982
0.0	1113.4308013916016	63.63	2983
0.0	4622.414016723633	252.81	2984
0.0	2627.340087890625	145.66	2985
0.0	2519.052749633789	139.52	2986
0.0	2676.499069213867	150.62	2987
0.0	1231.7330474853516	70.59	2988
0.0	2128.7937927246094	125.1	2989
0.0	3009.6575927734375	170.36	2990
0.0	1635.0210876464844	93.78	2991
0.0	3007.604217529297	167.5	2992
0.0	3934.230987548828	220.74	2993
0.0	2936.074264526367	168.34	2994
0.0	1575.7550964355469	87.38	2995
0.0	2529.5469970703125	141.35	2996
0.0	1840.8811798095703	107.19	2997
0.0	2882.5192260742188	172.21	2998
0.0	1638.6768951416016	95.38	2999
0.0	2532.9061584472656	142.6	3000
0.0	1994.9944458007812	118.77	3001
0.0	1901.8930358886719	107.01	3002
0.0	1428.2900085449219	83.69	3003
0.0	2234.7860412597656	131.68	3004
0.0	1894.4966430664062	106.5	3005
0.0	1539.7547454833984	87.32	3006
0.0	1120.0335388183594	68.05	3007
0.0	3143.2551879882812	181.98	3008
0.0	2165.2630462646484	125.83	3009
0.0	1921.0267639160156	106.94	3010
0.0	2770.919662475586	149.21	3011
0.0	3269.960220336914	193.15	3012
0.0	875.4791870117188	51.31	3013
0.0	2862.742385864258	164.4	3014
0.0	3305.2217407226562	187.03	3015
0.0	2413.0442810058594	141.82	3016
0.0	3473.500244140625	182.69	3017
0.0	2794.691421508789	162.26	3018
0.0	1861.5272979736328	111.41	3019
0.0	2011.1694641113281	103.57	3020
0.0	2009.5565490722656	121.16	3021
0.0	1412.7964630126953	78.25	3022
0.0	1964.4254302978516	109.81	3023
0.0	3397.7181701660156	193.37	3024
0.0	1771.0720977783203	98.86	3025
0.0	4036.8594360351562	231.82	3026
0.0	2766.421371459961	152.83	3027
0.0	2070.232177734375	114.94	3028
0.0	3874.3856658935547	228.64	3029
0.0	3147.1708068847656	170.9	3030
0.0	2076.6161346435547	124.8	3031
0.0	1830.75537109375	106.24	3032
0.0	3502.186767578125	207.87	3033
0.0	2429.253387451172	129.35	3034
0.0	2650.673080444336	156.82	3035
0.0	2816.758346557617	161.47	3036
0.0	2803.060791015625	161.9	3037
0.0	2669.8211364746094	153.46	3038
0.0	2040.2966918945312	123.94	3039
0.0	3728.1014251708984	201.89	3040
0.0	2378.060256958008	130.87	3041
0.0	2062.878128051758	121.29	3042
0.0	1672.3441619873047	97.08	3043
0.0	2638.9196014404297	138.67	3044
0.0	4073.781036376953	226.92	3045
0.0	3068.388641357422	171.78	3046
0.0	1336.1717376708984	73.58	3047
0.0	4519.570343017578	222.31	3048
0.0	2056.6219177246094	122.48	3049
0.0	2105.9959716796875	119.83	3050
0.0	1734.429702758789	101.4	3051
0.0	2127.2640380859375	124.53	3052
0.0	2253.8489532470703	116.07	3053
0.0	1352.1329345703125	77.59	3054
0.0	1697.5491790771484	87.64	3055
0.0	4127.913711547852	240.2	3056
0.0	3824.8897552490234	225.11	3057
0.0	2164.981964111328	125.52	3058
0.0	1802.4345397949219	95.35	3059
0.0	2041.5079193115234	114.19	3060
0.0	2088.1063690185547	126.9	3061
0.0	1352.6180267333984	79.92	3062
0.0	2134.311264038086	123.11	3063
0.0	3575.112762451172	214.27	3064
0.0	2863.432357788086	163.7	3065
0.0	2234.2569732666016	125.19	3066
0.0	1860.0816650390625	111.64	3067
0.0	2017.8173065185547	126.79	3068
0.0	1674.0982055664062	90.69	3069
0.0	2172.7271118164062	126.61	3070
0.0	2152.7346801757812	128.77	3071
0.0	2270.5948944091797	134.38	3072
0.0	2618.2718048095703	150.04	3073
0.0	3083.141143798828	160.99	3921
0.0	3695.2482299804688	190.56	3922
0.0	2696.103530883789	145.14	3923
0.0	3183.1649627685547	165.58	3924
0.0	1713.5299224853516	94.27	3925
0.0	1215.6104125976562	67.2	3926
0.0	2426.5397033691406	125.16	3927
0.0	1263.9346160888672	68.7	3928
0.0	2887.7627868652344	160.57	3929
0.0	2195.238998413086	123.56	3930
0.0	2591.841094970703	142.92	3931
0.0	2406.1436309814453	125.56	3932
0.0	2308.8626098632812	128.46	3933
0.0	3054.499221801758	168.49	3934
0.0	3264.4585723876953	177.42	3935
0.0	3189.913375854492	181.51	3936
0.0	2796.5572967529297	163.82	3937
0.0	2457.4500885009766	140.8	3938
0.0	3252.6788482666016	170.21	3939
0.0	1622.0886993408203	92.87	3940
0.0	3938.748580932617	232.46	3941
0.0	1594.2152557373047	89.52	3942
0.0	3293.8314514160156	188.39	3943
0.0	1755.4408416748047	103.81	3944
0.0	1811.6954956054688	105.75	3945
0.0	2578.706558227539	140.1	3946
0.0	3817.2722930908203	211.35	3947
0.0	6068.520736694336	339.54	3948
0.0	2888.5291748046875	158.18	3949
0.0	2439.6036834716797	133.34	3950
0.0	1581.3412780761719	89.83	3951
0.0	1607.1451873779297	93.7	3952
0.0	2400.8291015625	141.24	3953
0.0	1353.875244140625	79.07	3954
0.0	5157.719635009766	280.21	3955
0.0	1532.837417602539	90.21	3956
0.0	2133.451156616211	122.73	3957
0.0	1717.7706604003906	102.23	3958
0.0	2384.5938873291016	133.12	3959
0.0	2034.197250366211	120.88	3960
0.0	1290.6594543457031	78.52	3961
0.0	2269.5621185302734	128.12	3962
0.0	2116.279266357422	117.47	3963
0.0	4317.045471191406	253.5	3964
0.0	1812.2763671875	101.27	3965
0.0	4470.233901977539	247.0	3966
0.0	2987.8770904541016	166.4	3967
0.0	1830.9075164794922	106.5	3968
0.0	1981.0106353759766	105.43	3969
0.0	2872.619155883789	166.09	3970
0.0	2369.008987426758	138.32	3971
0.0	2497.521728515625	141.24	3972
0.0	3682.0157165527344	191.82	3973
0.0	1979.012924194336	114.39	3974
0.0	3626.313461303711	205.45	3975
0.0	3864.785125732422	202.45	3976
0.0	3585.1200256347656	195.58	3977
0.0	2439.7407836914062	135.06	3978
0.0	1175.4185333251953	66.7	3979
0.0	3745.287857055664	203.33	3980
0.0	3318.0653076171875	197.53	3981
0.0	2587.0974884033203	143.29	3982
0.0	1744.0929718017578	98.63	3983
0.0	2886.431137084961	164.87	3984
0.0	1933.4164733886719	111.3	3985
0.0	2464.6783599853516	139.13	3986
0.0	4250.202667236328	220.46	3987
0.0	3326.135787963867	166.23	3988
0.0	2390.439971923828	135.73	3989
0.0	2141.3256072998047	122.7	3990
0.0	3053.809539794922	154.96	3991
0.0	2758.786605834961	155.76	3992
0.0	2011.670654296875	113.89	3993
0.0	2002.2410888671875	117.75	3994
0.0	1713.916244506836	101.87	3995
0.0	3396.202880859375	193.18	3996
0.0	3184.2030181884766	177.64	3997
0.0	2691.754913330078	158.04	3998
0.0	2317.3998260498047	133.6	3999
0.0	2459.8072814941406	138.9	4000
0.0	1824.236099243164	105.83	4001
0.0	9460.305541992188	479.61	4002
0.0	2487.1886291503906	144.89	4003
0.0	3864.4146118164062	214.63	4004
0.0	2116.3291778564453	122.28	4005
0.0	2171.82421875	122.7	4006
0.0	2039.6170349121094	118.72	4007
0.0	2696.2574310302734	144.98	4008
0.0	1122.1624908447266	60.44	4009
0.0	2266.5709686279297	127.9	4010
0.0	2700.5345153808594	140.05	4011
0.0	2685.75	155.07	4012
0.0	1655.4677734375	89.22	4013
0.0	3878.3928833007812	217.63	4014
0.0	1553.2642669677734	92.82	4015
0.0	4989.880996704102	288.22	4016
0.0	2121.253936767578	121.49	4017
0.0	2336.6382751464844	134.17	4018
0.0	3189.169448852539	180.1	4019
0.0	3107.766815185547	175.68	4020
0.0	2969.3905029296875	174.19	4021
0.0	1420.3564453125	81.58	4022
0.0	3940.7303161621094	221.03	4023
0.0	1307.2044830322266	74.93	4024
0.0	5224.585205078125	300.05	4025
0.0	3254.7246704101562	190.85	4026
0.0	2233.528778076172	132.29	4027
0.0	2087.042510986328	124.57	4028
0.0	1861.2040557861328	106.0	4029
0.0	2111.0069580078125	108.66	4030
0.0	2595.469024658203	153.21	4031
0.0	1465.1561584472656	85.3	4032
0.0	3062.341018676758	167.32	4033
0.0	1854.2347106933594	107.82	4034
0.0	2205.823944091797	135.77	4035
0.0	1671.4415283203125	102.93	4036
0.0	2787.34228515625	156.08	4037
0.0	3149.399368286133	174.34	4038
0.0	2122.889862060547	116.43	4039
0.0	5353.919326782227	292.54	4040
0.0	3618.050491333008	192.52	4041
0.0	5327.899383544922	297.42	4042
0.0	2492.2970428466797	139.73	4043
0.0	1791.56689453125	106.91	4044
0.0	2657.9847869873047	154.19	4045
0.0	1574.8149108886719	90.41	4046
0.0	1734.3094482421875	100.69	4047
0.0	1574.7718200683594	92.51	4048
0.0	1956.1417541503906	119.96	4049
0.0	2216.469955444336	120.01	4901
0.0	2195.791793823242	117.0	4902
0.0	1552.9986877441406	82.44	4903
0.0	4327.351638793945	231.29	4904
0.0	1672.0623168945312	89.28	4905
0.0	2795.1515197753906	160.09	4906
0.0	1586.9233093261719	88.13	4907
0.0	1863.9243621826172	102.81	4908
0.0	3255.3501892089844	177.95	4909
0.0	1364.6741485595703	78.5	4910
0.0	2972.4231719970703	166.85	4911
0.0	1773.301773071289	98.77	4912
0.0	3194.0521240234375	173.01	4913
0.0	1166.0633850097656	68.54	4914
0.0	2822.233657836914	161.65	4915
0.0	1728.5502319335938	95.14	4916
0.0	1291.6073303222656	74.43	4917
0.0	1176.1739044189453	66.54	4918
0.0	2765.446807861328	157.39	4919
0.0	1757.6540222167969	101.94	4920
0.0	2687.1991119384766	154.25	4921
0.0	3078.651123046875	171.17	4922
0.0	3640.9049682617188	202.96	4923
0.0	1740.1366119384766	100.18	4924
0.0	1179.5837860107422	70.54	4925
0.0	2761.8941650390625	147.7	4926
0.0	3266.729049682617	183.13	4927
0.0	2523.661590576172	136.12	4928
0.0	1633.230697631836	94.68	4929
0.0	2644.0204162597656	151.67	4930
0.0	1996.7957000732422	103.39	4931
0.0	1781.0103454589844	103.93	4932
0.0	3855.368423461914	209.26	4933
0.0	1774.9514617919922	103.74	4934
0.0	1417.0858917236328	81.59	4935
0.0	2297.6183013916016	127.83	4936
0.0	2513.0848236083984	138.97	4937
0.0	1324.0321044921875	76.83	4938
0.0	2963.1156463623047	171.53	4939
0.0	1896.460205078125	109.02	4940
0.0	3330.1585388183594	175.19	4941
0.0	3508.4676971435547	199.66	4942
0.0	1718.8084106445312	97.68	4943
0.0	3638.040237426758	200.8	4944
0.0	1926.7642059326172	113.03	4945
0.0	2278.2137298583984	134.59	4946
0.0	1566.4870910644531	89.2	4947
0.0	1948.4725799560547	99.38	4948
0.0	1720.803955078125	98.03	4949
0.0	2050.573516845703	119.89	4950
0.0	2303.2220153808594	133.18	4951
0.0	1602.8691864013672	89.08	4952
0.0	1050.5365753173828	56.36	4953
0.0	2251.0253143310547	129.62	4954
0.0	3962.7037658691406	205.36	4955
0.0	2539.981414794922	146.56	4956
0.0	2241.4305877685547	125.48	4957
0.0	2590.538543701172	145.42	4958
0.0	5644.803970336914	325.31	4959
0.0	2140.8800201416016	117.48	4960
0.0	3891.617462158203	223.43	4961
0.0	2771.007583618164	156.54	4962
0.0	3349.855239868164	185.49	4963
0.0	1469.1341705322266	86.27	4964
0.0	2425.6996307373047	140.6	4965
0.0	1646.1732788085938	96.1	4966
0.0	1693.69482421875	95.56	4967
0.0	3430.4183502197266	190.84	4968
0.0	2157.0552673339844	125.88	4969
0.0	1219.034439086914	71.73	4970
0.0	2372.4002380371094	140.14	4971
0.0	1658.6685791015625	97.55	4972
0.0	3205.5945739746094	180.04	4973
0.0	1597.9954681396484	90.41	4974
0.0	4140.21549987793	228.05	4975
0.0	1957.3876037597656	113.21	4976
0.0	2726.219467163086	146.82	4977
0.0	1890.746841430664	107.23	4978
0.0	2020.8265686035156	118.34	4979
0.0	2911.0035247802734	175.91	4980
0.0	1277.816879272461	73.8	4981
0.0	1695.5802764892578	96.65	4982
0.0	2359.1299896240234	134.51	4983
0.0	2750.983367919922	157.25	4984
0.0	1516.8490142822266	89.8	4985
0.0	2002.9178619384766	106.67	4986
0.0	2577.904510498047	137.88	4987
0.0	2065.860580444336	118.56	4988
0.0	4081.94921875	235.19	4989
0.0	2166.1210021972656	122.75	4990
0.0	2426.1276245117188	119.31	4991
0.0	2594.3477630615234	145.9	4992
0.0	1351.0440979003906	79.66	4993
0.0	2926.621795654297	147.04	4994
0.0	2470.273422241211	145.53	4995
0.0	2379.1243896484375	141.2	4996
0.0	3904.8828735351562	222.65	4997
0.0	2172.4486389160156	117.01	4998
0.0	2647.06103515625	151.24	4999
0.0	2259.7381896972656	134.78	5000
0.0	3558.5265045166016	195.96	5001
0.0	3381.983871459961	172.07	5002
0.0	1442.0125274658203	86.73	5003
0.0	1339.6016693115234	69.71	5004
0.0	1702.865982055664	96.57	5005
0.0	2021.1656799316406	120.78	5006
0.0	1769.266830444336	103.47	5007
0.0	3419.765121459961	201.04	5008
0.0	3098.733200073242	182.75	5009
0.0	3692.9959869384766	206.59	5010
0.0	2268.9286041259766	128.88	5011
0.0	1442.4205322265625	87.64	5012
0.0	1923.5384063720703	107.08	5013
0.0	2226.480941772461	129.96	5014
0.0	4263.754806518555	217.61	5015
0.0	1768.3067321777344	102.32	5016
0.0	1862.010482788086	105.47	5017
0.0	1218.2368927001953	62.32	5018
0.0	2222.9393768310547	123.37	5019
0.0	3475.990966796875	197.79	5020
0.0	2994.963424682617	176.92	5021
0.0	1712.0621337890625	96.85	5022
0.0	4845.051559448242	272.36	5023
0.0	982.6432952880859	59.29	5024
0.0	1811.3291931152344	111.65	5025
0.0	1921.880599975586	107.39	5026
0.0	3277.6534118652344	207.46	5027
0.0	1739.2736053466797	101.43	5028
0.0	3619.496063232422	202.13	5029
0.0	2288.5951232910156	132.04	5030
0.0	1736.5253601074219	107.27	5031
0.0	3399.739044189453	193.86	5032
0.0	4400.409103393555	242.29	5033
0.0	2975.80712890625	172.78	5034
0.0	4440.915573120117	256.66	5035
0.0	2004.3909606933594	110.54	5036
0.0	2928.4771881103516	141.78	5037
0.0	1587.8852844238281	93.04	5038
0.0	1874.1441040039062	107.72	5039
0.0	3493.796432495117	204.04	5040
0.0	2078.551528930664	119.43	5041
0.0	2835.5921020507812	163.96	5042
0.0	2931.1770629882812	149.09	5881
0.0	2400.369171142578	127.12	5882
0.0	3183.6805572509766	168.9	5883
0.0	1655.5799865722656	92.16	5884
0.0	1812.1801300048828	94.04	5885
0.0	2145.3021240234375	112.85	5886
0.0	2236.4029846191406	121.67	5887
0.0	2725.5553436279297	151.4	5888
0.0	1296.4920959472656	73.01	5889
0.0	3248.7823181152344	181.67	5890
0.0	3033.580078125	157.54	5891
0.0	1243.5234985351562	70.67	5892
0.0	2450.6314849853516	137.68	5893
0.0	1358.374496459961	75.1	5894
0.0	1392.1178588867188	74.0	5895
0.0	3735.476287841797	207.34	5896
0.0	2093.053695678711	116.87	5897
0.0	2530.1113891601562	138.7	5898
0.0	4532.359756469727	248.94	5899
0.0	1650.2327728271484	96.5	5900
0.0	1800.3495330810547	103.3	5901
0.0	1728.5577697753906	93.89	5902
0.0	2097.9761810302734	117.84	5903
0.0	1503.5335540771484	87.59	5904
0.0	2532.5614013671875	141.45	5905
0.0	2370.764114379883	132.92	5906
0.0	1302.01806640625	74.9	5907
0.0	4177.805389404297	218.44	5908
0.0	1241.6600036621094	70.12	5909
0.0	2515.6346282958984	143.61	5910
0.0	1998.5849609375	101.3	5911
0.0	2008.8349914550781	117.76	5912
0.0	1879.8423767089844	109.02	5913
0.0	1760.7952728271484	105.79	5914
0.0	3190.4225463867188	182.66	5915
0.0	2076.969039916992	113.03	5916
0.0	4473.79557800293	250.21	5917
0.0	1783.8308868408203	104.21	5918
0.0	1495.3036804199219	86.63	5919
0.0	1778.0266418457031	102.44	5920
0.0	2330.552474975586	131.42	5921
0.0	3898.8099975585938	229.35	5922
0.0	1860.7123260498047	108.1	5923
0.0	3730.642303466797	213.02	5924
0.0	1096.6600036621094	63.33	5925
0.0	3715.032455444336	217.97	5926
0.0	1568.711196899414	93.69	5927
0.0	1998.8194885253906	119.58	5928
0.0	1384.9386749267578	79.07	5929
0.0	2626.1421813964844	152.87	5930
0.0	1500.4135284423828	89.31	5931
0.0	3293.569580078125	184.3	5932
0.0	4135.540374755859	228.5	5933
0.0	1555.7734985351562	91.24	5934
0.0	3276.8933868408203	178.02	5935
0.0	2766.4327087402344	160.38	5936
0.0	1498.7903747558594	87.32	5937
0.0	1997.1347961425781	113.18	5938
0.0	2698.242477416992	149.25	5939
0.0	1915.3325500488281	108.49	5940
0.0	2850.223831176758	159.84	5941
0.0	1583.4985961914062	83.07	5942
0.0	1680.7521209716797	93.45	5943
0.0	2501.1468353271484	141.36	5944
0.0	3648.126968383789	211.63	5945
0.0	2078.7561950683594	117.19	5946
0.0	1701.7466430664062	100.19	5947
0.0	1605.5065307617188	95.71	5948
0.0	1423.2233581542969	84.66	5949
0.0	1884.037338256836	111.1	5950
0.0	3363.9947357177734	187.19	5951
0.0	2011.5269317626953	112.79	5952
0.0	2772.442108154297	162.87	5953
0.0	2267.6622314453125	128.71	5954
0.0	2168.2804260253906	121.02	5955
0.0	2311.626495361328	133.16	5956
0.0	3030.7520446777344	170.46	5957
0.0	5217.227279663086	293.9	5958
0.0	1723.634750366211	94.69	5959
0.0	1879.4845123291016	106.26	5960
0.0	1230.915771484375	70.12	5961
0.0	4406.556716918945	254.72	5962
0.0	1477.8560791015625	87.75	5963
0.0	4681.70817565918	262.83	5964
0.0	1727.1227722167969	91.6	5965
0.0	1621.5147094726562	90.44	5966
0.0	2862.8494262695312	163.49	5967
0.0	1881.5936279296875	109.89	5968
0.0	1982.0373840332031	102.87	5969
0.0	2113.9410095214844	120.52	5970
0.0	1578.6757049560547	97.17	5971
0.0	1653.2425079345703	95.89	5972
0.0	3237.2313385009766	166.99	5973
0.0	6000.648391723633	292.21	5974
0.0	2049.332077026367	114.95	5975
0.0	1080.3526306152344	62.47	5976
0.0	2875.4522705078125	167.01	5977
0.0	2455.746871948242	139.49	5978
0.0	3407.3248901367188	194.63	5979
0.0	2527.721939086914	146.46	5980
0.0	1543.8179779052734	78.38	5981
0.0	2605.8229370117188	146.39	5982
0.0	2172.270477294922	125.02	5983
0.0	2947.2247467041016	173.39	5984
0.0	2180.826904296875	124.74	5985
0.0	2370.617385864258	138.11	5986
0.0	1710.8426666259766	99.16	5987
0.0	3790.1184692382812	212.88	5988
0.0	1601.4528198242188	96.26	5989
0.0	5549.200866699219	293.65	5990
0.0	3996.22216796875	214.32	5991
0.0	2359.8905029296875	127.63	5992
0.0	7438.118881225586	387.08	5993
0.0	2424.879913330078	150.52	5994
0.0	3755.7794799804688	195.48	5995
0.0	5722.145721435547	302.11	5996
0.0	2428.6630096435547	139.1	5997
0.0	1787.86279296875	107.69	5998
0.0	2104.347930908203	119.33	5999
0.0	1621.5023040771484	98.44	6000
0.0	1838.2627258300781	109.19	6001
0.0	1908.6616516113281	110.54	6002
0.0	2670.0152893066406	152.67	6003
0.0	2014.6842803955078	109.42	6004
0.0	2875.173080444336	148.2	6005
0.0	2454.148727416992	136.4	6006
0.0	3179.014602661133	180.31	6007
0.0	3923.462356567383	220.97	6008
0.0	1663.8583679199219	93.42	6009
0.0	1608.309310913086	93.74	6010
0.0	2443.427291870117	126.85	6011
0.0	2926.2880859375	167.76	6012
0.0	3258.096923828125	194.24	6013
0.0	2941.5470428466797	173.35	6014
0.0	3645.6532135009766	191.0	6015
0.0	2267.0062561035156	128.33	6016
0.0	1811.9169921875	113.62	6017
0.0	2899.3727111816406	175.09	6018
0.0	2840.0332946777344	139.29	6861
0.0	1886.6023254394531	94.26	6862
0.0	2492.7991638183594	132.47	6863
0.0	2336.047653198242	122.61	6864
0.0	1853.4567565917969	103.94	6865
0.0	1867.5746002197266	102.47	6866
0.0	1435.938705444336	80.08	6867
0.0	1971.6121826171875	111.63	6868
0.0	1792.4880065917969	97.38	6869
0.0	2062.5340728759766	114.35	6870
0.0	2657.8118286132812	138.46	6871
0.0	5085.941223144531	265.87	6872
0.0	3989.214157104492	205.03	6873
0.0	1832.7442169189453	107.04	6874
0.0	4150.944061279297	223.02	6875
0.0	1142.1631774902344	64.97	6876
0.0	1919.6702117919922	110.49	6877
0.0	3388.1028747558594	187.78	6878
0.0	2906.7142791748047	155.63	6879
0.0	2282.7049102783203	125.4	6880
0.0	2555.595428466797	143.16	6881
0.0	1515.7892608642578	87.55	6882
0.0	1027.4912719726562	56.8	6883
0.0	1646.5610046386719	91.86	6884
0.0	8143.31037902832	445.41	6885
0.0	4967.616989135742	260.89	6886
0.0	1149.2865753173828	59.1	6887
0.0	2804.229446411133	150.65	6888
0.0	2207.2631072998047	123.88	6889
0.0	1519.6114501953125	84.77	6890
0.0	1965.7243957519531	111.6	6891
0.0	2653.3328399658203	157.72	6892
0.0	2754.3238067626953	145.63	6893
0.0	1369.8759155273438	73.1	6894
0.0	1426.2950439453125	80.08	6895
0.0	2793.783966064453	161.88	6896
0.0	1596.4334564208984	85.44	6897
0.0	1327.5319213867188	76.48	6898
0.0	2440.821762084961	135.07	6899
0.0	4443.058609008789	244.03	6900
0.0	4801.291030883789	252.04	6901
0.0	2748.4288635253906	153.35	6902
0.0	3033.1927642822266	163.7	6903
0.0	3623.837615966797	202.15	6904
0.0	2978.153030395508	167.68	6905
0.0	3034.430130004883	169.38	6906
0.0	4200.77734375	242.2	6907
0.0	1874.769760131836	109.97	6908
0.0	4390.388259887695	263.37	6909
0.0	3328.1441650390625	192.84	6910
0.0	2388.554962158203	140.21	6911
0.0	2167.5330963134766	122.39	6912
0.0	2189.8367462158203	124.93	6913
0.0	2446.790267944336	140.38	6914
0.0	1367.3763580322266	78.29	6915
0.0	2215.673385620117	125.91	6916
0.0	2703.3055877685547	154.88	6917
0.0	1155.0009765625	69.25	6918
0.0	2473.085006713867	141.51	6919
0.0	3742.9314575195312	217.28	6920
0.0	1563.1400756835938	77.54	6921
0.0	3017.7040405273438	167.32	6922
0.0	1912.0442657470703	112.53	6923
0.0	4939.854568481445	245.89	6924
0.0	2818.2847900390625	167.34	6925
0.0	2113.616958618164	125.45	6926
0.0	2076.0203552246094	118.37	6927
0.0	2100.5999298095703	123.2	6928
0.0	3812.7606201171875	219.52	6929
0.0	2832.570098876953	153.11	6930
0.0	3348.7440795898438	190.45	6931
0.0	1704.93017578125	92.41	6932
0.0	1314.6340789794922	71.22	6933
0.0	1484.3663635253906	88.41	6934
0.0	2428.2591552734375	135.0	6935
0.0	2868.0672912597656	161.87	6936
0.0	3719.8029022216797	203.23	6937
0.0	1212.1014862060547	73.57	6938
0.0	1487.9847259521484	85.39	6939
0.0	1957.4719543457031	107.61	6940
0.0	4180.569717407227	246.69	6941
0.0	3292.769241333008	191.38	6942
0.0	1988.6747741699219	114.95	6943
0.0	1366.8838806152344	81.19	6944
0.0	3246.9927520751953	176.87	6945
0.0	2417.8382110595703	129.88	6946
0.0	1638.1294708251953	95.04	6947
0.0	1779.6069793701172	98.99	6948
0.0	3737.165237426758	205.39	6949
0.0	2421.0750885009766	141.73	6950
0.0	1520.4877471923828	90.43	6951
0.0	3419.294387817383	193.48	6952
0.0	5350.561248779297	304.68	6953
0.0	1785.3651123046875	103.86	6954
0.0	2391.965835571289	134.33	6955
0.0	1856.0096435546875	100.4	6956
0.0	2645.540512084961	153.75	6957
0.0	1847.1116638183594	104.63	6958
0.0	3715.055145263672	210.88	6959
0.0	3562.284133911133	208.66	6960
0.0	1974.2057189941406	98.76	6961
0.0	3031.517578125	173.31	6962
0.0	1189.088882446289	71.0	6963
0.0	2387.8802642822266	134.03	6964
0.0	3030.849822998047	163.68	6965
0.0	1988.5947723388672	108.83	6966
0.0	1969.0070037841797	109.37	6967
0.0	2380.646728515625	121.73	6968
0.0	2121.9373931884766	123.71	6969
0.0	1574.251724243164	90.59	6970
0.0	2708.882568359375	160.91	6971
0.0	1725.8110046386719	104.95	6972
0.0	1401.2829132080078	78.99	6973
0.0	1310.7652435302734	77.27	6974
0.0	1182.2911224365234	66.38	6975
0.0	1546.8670349121094	89.59	6976
0.0	1227.3774108886719	77.8	6977
0.0	2337.820785522461	139.07	6978
0.0	2487.9063415527344	139.01	6979
0.0	1990.2628173828125	110.98	6980
0.0	1892.5397338867188	107.06	6981
0.0	1616.0773162841797	96.4	6982
0.0	2729.3123474121094	152.88	6983
0.0	4470.087966918945	252.57	6984
0.0	1944.182388305664	110.19	6985
0.0	3713.9755096435547	204.54	6986
0.0	2483.454116821289	149.86	6987
0.0	2893.4510345458984	164.21	6988
0.0	2809.4683990478516	146.09	6989
0.0	3927.7821655273438	226.45	6990
0.0	2566.5652923583984	146.3	6991
0.0	2814.2664337158203	167.83	6992
0.0	2355.1651306152344	138.05	6993
0.0	2637.1273345947266	154.07	6994
0.0	2405.732421875	138.46	6995
0.0	2274.127456665039	133.12	6996
