#FMS random 4-SAT
#N=8192  nIter=131072  alpha=960   NSamples=1215
#av(nit)	23510.463883162134
#std(nit)	692.4924810483507
#av(e)	2.0436213991769545
#std(e)	0.5401564563328421
#av(runtime)	127.81475720164609
#std(runtime)	3.8168221498982082
0.0	48964.16027832031	254.32	1
0.0	41732.25354003906	215.1	2
0.0	7026.6236572265625	36.91	3
0.0	38654.604736328125	198.66	4
0.0	36240.82482910156	197.77	5
0.0	68828.833984375	355.8	6
0.0	7792.0423583984375	41.64	7
0.0	5833.72216796875	31.2	8
0.0	7208.5377197265625	38.14	9
0.0	14040.951049804688	75.77	10
0.0	1727.2301025390625	9.76	11
0.0	20040.744384765625	104.47	12
0.0	24004.954345703125	129.5	13
0.0	12317.220581054688	67.32	14
0.0	7369.1864013671875	37.64	15
0.0	18721.988403320312	95.98	16
0.0	5086.7198486328125	26.55	17
0.0	31257.276245117188	166.73	18
0.0	17249.840576171875	91.31	19
0.0	8886.858764648438	48.34	20
0.0	17693.380615234375	93.29	21
0.0	21289.89111328125	113.53	22
0.0	17123.33642578125	89.95	23
0.0	4427.2872314453125	24.9	24
0.0	17336.901977539062	89.54	25
0.0	38520.01062011719	207.2	26
0.0	25214.837646484375	122.74	27
0.0	9150.383911132812	47.96	28
0.0	18418.997802734375	100.99	29
0.0	6521.787841796875	34.61	30
0.0	19825.071533203125	100.78	31
0.0	45179.906982421875	234.92	32
0.0	12343.298828125	64.86	33
0.0	54448.2412109375	284.87	34
0.0	26000.607177734375	116.97	35
0.0	67466.09777832031	365.93	36
0.0	14169.47509765625	78.1	37
0.0	6625.612060546875	36.47	38
0.0	21809.392456054688	118.28	39
0.0	4782.6827392578125	26.21	40
0.0	64523.16833496094	353.73	41
0.0	9817.207763671875	51.85	42
0.0	1985.153564453125	10.98	43
0.0	12736.141357421875	69.52	44
0.0	18297.2001953125	90.72	45
0.0	9302.550659179688	50.72	46
0.0	4597.3502197265625	23.68	47
0.0	33652.67224121094	167.77	48
0.0	8886.734619140625	48.72	49
0.0	22395.30859375	127.58	50
0.0	13617.025512695312	77.34	51
0.0	35084.85559082031	191.22	52
0.0	34062.2353515625	190.42	53
0.0	3964.1575927734375	22.35	54
0.0	8932.657836914062	47.65	55
0.0	6523.387939453125	33.7	56
0.0	19679.072509765625	106.79	57
0.0	9610.923095703125	50.5	58
0.0	15038.705932617188	87.26	59
208.0	131072.0	749.67	60
0.0	14567.644653320312	79.95	61
0.0	61061.69384765625	331.54	62
0.0	5998.960205078125	33.87	63
0.0	11362.328735351562	60.0	64
0.0	12806.177368164062	70.06	65
0.0	28696.9716796875	163.71	66
0.0	4578.948974609375	26.09	67
0.0	12531.835205078125	66.53	68
0.0	8881.776977539062	50.93	69
0.0	9857.788452148438	48.93	70
0.0	7637.1781005859375	41.03	71
0.0	37007.28015136719	196.04	72
0.0	85205.95544433594	466.83	73
0.0	12334.450927734375	59.48	74
0.0	3140.8060302734375	17.69	75
0.0	32387.420654296875	178.34	76
0.0	10050.515869140625	54.11	77
0.0	6634.7308349609375	36.09	78
0.0	48194.12585449219	270.01	79
0.0	12986.463256835938	73.35	80
0.0	31152.329223632812	183.53	81
0.0	24892.948364257812	146.07	82
0.0	56981.5498046875	316.78	83
0.0	44849.78723144531	255.53	84
0.0	22964.398071289062	132.86	85
0.0	14660.120971679688	79.82	86
0.0	25526.53466796875	142.49	87
0.0	8893.559936523438	46.02	88
0.0	45013.75915527344	250.41	89
0.0	5217.50146484375	29.51	90
0.0	10829.422241210938	60.28	91
0.0	11669.11962890625	65.78	92
0.0	7617.1768798828125	39.92	93
0.0	9691.2978515625	54.3	94
0.0	12152.55078125	69.78	95
0.0	25253.693359375	140.94	96
0.0	14080.693359375	78.65	97
0.0	5344.61865234375	31.32	98
0.0	14110.504760742188	78.08	99
0.0	20330.698120117188	120.66	100
0.0	18365.997314453125	100.5	101
0.0	24039.828979492188	127.26	102
0.0	9573.55126953125	54.34	103
0.0	14132.897705078125	75.24	104
0.0	4042.2080078125	21.77	105
0.0	8878.67041015625	48.87	106
0.0	31032.2666015625	170.18	107
0.0	8227.409790039062	40.84	108
0.0	21700.359497070312	118.0	109
0.0	18355.15869140625	94.06	110
0.0	54997.76452636719	318.52	111
188.0	131072.0	740.94	112
0.0	17632.455688476562	102.97	113
0.0	94566.34484863281	551.49	114
26.0	131072.0	777.66	115
0.0	29035.397583007812	162.01	116
0.0	13477.951538085938	70.9	117
0.0	11197.859741210938	61.86	118
0.0	22530.79150390625	128.75	119
0.0	21062.736694335938	120.87	120
0.0	15593.666870117188	75.27	701
0.0	12338.583740234375	67.14	702
0.0	17480.748168945312	91.4	703
0.0	26656.085693359375	137.63	704
0.0	4691.291259765625	24.65	705
0.0	7592.7220458984375	40.0	706
0.0	19000.717407226562	96.18	707
0.0	8740.077514648438	47.57	708
0.0	10145.530639648438	52.3	709
0.0	9379.084106445312	50.68	710
0.0	5726.8751220703125	29.55	711
0.0	16933.189453125	88.15	712
0.0	51596.47607421875	282.36	713
0.0	8169.0362548828125	43.77	714
0.0	21821.993408203125	110.08	715
0.0	104924.39538574219	560.57	716
0.0	9863.836059570312	52.2	717
0.0	63832.67346191406	335.08	718
0.0	11468.021484375	60.12	719
0.0	29008.848754882812	159.47	720
0.0	11424.385498046875	60.34	721
79.0	131072.0	717.25	722
0.0	22942.807861328125	128.91	723
0.0	34852.86218261719	188.75	724
0.0	9971.587768554688	55.11	725
0.0	10239.007080078125	56.52	726
0.0	3970.2320556640625	22.45	727
0.0	23640.9609375	129.11	728
0.0	6789.1629638671875	33.79	729
0.0	6080.3465576171875	33.03	730
0.0	60754.83361816406	308.89	731
0.0	20148.829467773438	112.95	732
0.0	8764.576904296875	47.99	733
0.0	68817.08068847656	366.46	734
0.0	13089.744262695312	70.53	735
0.0	11900.75	59.37	736
0.0	36274.11779785156	197.99	737
0.0	7649.234619140625	40.62	738
0.0	9790.014770507812	49.35	739
0.0	9251.653686523438	48.65	740
0.0	5996.88330078125	32.38	741
0.0	3734.0458984375	19.66	742
0.0	16504.624755859375	88.96	743
0.0	52487.74182128906	280.65	744
0.0	12052.296264648438	67.45	745
0.0	11087.127807617188	54.76	746
0.0	22307.456298828125	115.08	747
0.0	12132.4140625	64.5	748
0.0	27723.480224609375	128.76	749
0.0	12125.6240234375	64.39	750
0.0	58915.197998046875	328.96	751
0.0	53623.98596191406	296.24	752
0.0	3422.0106201171875	19.85	753
0.0	42940.36865234375	219.42	754
0.0	16613.085083007812	88.97	755
0.0	94579.6162109375	540.36	756
0.0	8435.4619140625	41.39	757
0.0	42221.57995605469	223.39	758
0.0	13589.340698242188	74.29	759
0.0	13283.39501953125	75.91	760
0.0	129215.71948242188	722.98	761
0.0	12974.03173828125	68.07	762
0.0	35104.316162109375	191.65	763
0.0	8868.759643554688	49.87	764
0.0	10926.803833007812	61.24	765
0.0	24699.352661132812	136.64	766
0.0	55594.43493652344	290.92	767
0.0	9524.83837890625	54.71	768
0.0	19727.056762695312	109.87	769
0.0	3671.743896484375	20.76	770
0.0	26962.645141601562	149.54	771
0.0	14886.035522460938	81.73	772
0.0	27166.924926757812	148.18	773
0.0	29288.993408203125	158.31	774
0.0	3645.03857421875	18.97	775
0.0	6461.5784912109375	35.03	776
0.0	19225.627319335938	110.23	777
0.0	51626.22937011719	280.86	778
0.0	8785.67041015625	50.51	779
0.0	31974.31396484375	181.82	780
0.0	4286.7763671875	24.07	781
0.0	40679.19421386719	224.23	782
0.0	7115.026123046875	34.59	783
0.0	9635.486938476562	55.82	784
0.0	14229.798950195312	75.77	785
0.0	67592.22399902344	386.71	786
0.0	18261.7978515625	93.32	787
0.0	18944.757202148438	104.32	788
0.0	40637.5849609375	223.29	789
0.0	6664.8079833984375	34.57	790
0.0	5706.79296875	32.43	791
0.0	9435.806396484375	55.14	792
0.0	11901.79638671875	65.71	793
0.0	30296.52001953125	157.66	794
0.0	14884.020629882812	83.59	795
0.0	12086.23876953125	67.41	796
0.0	16596.863403320312	91.77	797
0.0	4853.9246826171875	27.01	798
0.0	36590.27209472656	199.17	799
0.0	18494.002319335938	106.51	800
0.0	6614.17041015625	36.69	801
0.0	28044.860961914062	153.19	802
0.0	38437.036865234375	227.06	803
0.0	7374.899658203125	37.25	804
0.0	13084.410400390625	67.02	805
0.0	64855.43005371094	372.34	806
0.0	3539.2041015625	21.24	807
0.0	6358.83056640625	34.64	808
0.0	49213.07177734375	224.04	809
0.0	118342.47680664062	665.8	810
0.0	24616.196533203125	141.08	811
0.0	4342.53466796875	24.45	812
0.0	23659.375	132.49	813
0.0	16439.68505859375	90.09	814
0.0	11582.817626953125	58.44	815
0.0	11941.506713867188	63.87	1401
0.0	38625.667236328125	203.19	1402
0.0	13624.031372070312	71.37	1403
0.0	47375.86120605469	246.72	1404
0.0	27453.891235351562	138.23	1405
0.0	6333.4449462890625	31.46	1406
0.0	17004.057861328125	90.92	1407
0.0	16109.387939453125	82.85	1408
0.0	72301.32580566406	376.92	1409
0.0	18814.8994140625	96.99	1410
0.0	13366.186889648438	70.21	1411
0.0	30422.256103515625	159.2	1412
0.0	7073.8831787109375	37.3	1413
0.0	66553.83251953125	354.93	1414
0.0	7659.6319580078125	39.62	1415
143.0	131072.0	716.07	1416
0.0	11332.197875976562	61.03	1417
0.0	5735.072021484375	31.27	1418
0.0	51246.11999511719	275.16	1419
0.0	40704.4072265625	213.41	1420
0.0	39086.134033203125	209.38	1421
0.0	16316.8017578125	86.02	1422
0.0	9060.744262695312	49.67	1423
237.0	131072.0	706.65	1424
0.0	17981.021484375	99.98	1425
0.0	43636.786376953125	238.24	1426
0.0	4769.3819580078125	24.96	1427
0.0	7735.7176513671875	40.08	1428
0.0	12706.12060546875	70.41	1429
0.0	6045.5689697265625	33.09	1430
0.0	31336.34765625	169.2	1431
0.0	11757.9833984375	67.82	1432
0.0	20189.004028320312	109.43	1433
0.0	59921.453125	310.65	1434
0.0	42850.65026855469	235.51	1435
0.0	3181.095703125	17.31	1436
0.0	20417.164184570312	102.24	1437
0.0	14677.551635742188	76.18	1438
0.0	33853.18566894531	179.07	1439
0.0	10376.09130859375	57.37	1440
0.0	4647.2867431640625	25.04	1441
0.0	9014.757690429688	49.3	1442
0.0	28514.193969726562	155.04	1443
0.0	78767.00573730469	444.54	1444
0.0	23473.436157226562	106.7	1445
0.0	4762.9415283203125	26.25	1446
0.0	18870.748413085938	102.72	1447
0.0	12644.802490234375	62.3	1448
0.0	4366.2093505859375	22.53	1449
0.0	14098.688842773438	73.97	1450
0.0	5655.1895751953125	31.49	1451
0.0	63558.334716796875	367.14	1452
0.0	43013.187744140625	239.89	1453
0.0	8137.796875	44.48	1454
0.0	8021.8465576171875	41.56	1455
0.0	6410.536376953125	33.15	1456
0.0	19510.159423828125	108.17	1457
0.0	27355.974365234375	136.93	1458
0.0	14161.268920898438	72.22	1459
0.0	20579.879028320312	108.9	1460
0.0	20127.965454101562	110.74	1461
0.0	10562.394165039062	54.32	1462
0.0	11382.900390625	64.01	1463
0.0	26517.894775390625	148.73	1464
0.0	18224.665893554688	96.67	1465
0.0	5655.0474853515625	30.8	1466
0.0	71968.75805664062	375.11	1467
0.0	5111.8367919921875	25.73	1468
0.0	11231.162231445312	62.68	1469
0.0	55425.33801269531	315.03	1470
0.0	10897.525756835938	54.76	1471
0.0	13266.77783203125	72.12	1472
179.0	131072.0	766.94	1473
0.0	17820.676147460938	100.58	1474
20.0	131072.0	757.4	1475
0.0	8229.160034179688	41.89	1476
0.0	7391.6124267578125	40.66	1477
0.0	32426.48388671875	174.49	1478
0.0	13294.787719726562	71.4	1479
0.0	12893.900756835938	73.67	1480
0.0	7883.07861328125	42.15	1481
0.0	10891.434204101562	61.17	1482
0.0	15984.653686523438	93.65	1483
0.0	33955.6259765625	164.43	1484
0.0	20903.953857421875	114.58	1485
0.0	22975.258178710938	127.21	1486
0.0	83137.04858398438	491.23	1487
0.0	10325.591674804688	60.89	1488
0.0	42382.584716796875	243.13	1489
0.0	54796.76452636719	308.19	1490
0.0	31885.64794921875	176.31	1491
0.0	20250.714965820312	116.58	1492
0.0	28908.373779296875	159.46	1493
0.0	8413.677490234375	46.66	1494
0.0	16656.619140625	87.96	1495
0.0	11092.657592773438	64.25	1496
0.0	6394.2918701171875	36.64	1497
0.0	10214.567016601562	56.1	1498
0.0	9307.396362304688	52.36	1499
0.0	45161.875732421875	253.05	1500
0.0	10137.82958984375	56.06	1501
0.0	7601.6123046875	43.12	1502
0.0	37874.8984375	219.43	1503
0.0	41550.20715332031	245.04	1504
0.0	13408.007080078125	67.39	1505
0.0	23286.874267578125	131.11	1506
0.0	6005.0811767578125	34.9	1507
0.0	15539.2978515625	87.91	1508
0.0	13786.384887695312	78.93	1509
0.0	16256.116821289062	82.27	2101
0.0	14211.517822265625	75.05	2102
0.0	16613.36083984375	88.12	2103
0.0	10612.794677734375	53.92	2104
0.0	28124.84814453125	152.84	2105
0.0	7034.573486328125	36.86	2106
0.0	32562.712890625	164.67	2107
0.0	18659.814819335938	97.82	2108
0.0	19625.174438476562	103.79	2109
0.0	33054.10656738281	176.71	2110
0.0	11029.691650390625	56.68	2111
0.0	12198.25244140625	61.95	2112
0.0	46640.99035644531	238.22	2113
0.0	20501.39501953125	101.88	2114
0.0	31339.738159179688	165.8	2115
0.0	17106.114501953125	83.57	2116
0.0	8551.51123046875	43.41	2117
0.0	28395.876708984375	153.75	2118
0.0	29554.147216796875	156.38	2119
0.0	18795.099243164062	103.1	2120
0.0	8898.24267578125	46.29	2121
0.0	17294.442993164062	90.63	2122
0.0	26685.838256835938	137.26	2123
0.0	7770.80517578125	43.09	2124
0.0	23329.621337890625	122.13	2125
0.0	5541.2216796875	30.0	2126
0.0	50184.01086425781	267.14	2127
0.0	8719.190185546875	47.3	2128
0.0	9624.64111328125	51.06	2129
0.0	10342.537475585938	54.07	2130
0.0	10956.34228515625	59.56	2131
0.0	35696.4619140625	195.07	2132
0.0	35582.451416015625	201.3	2133
0.0	7694.55908203125	40.75	2134
0.0	25232.188354492188	135.88	2135
0.0	12002.73974609375	63.59	2136
0.0	18304.119262695312	101.02	2137
0.0	10426.29541015625	58.3	2138
0.0	8004.3946533203125	41.65	2139
0.0	58562.814453125	329.71	2140
0.0	14324.576904296875	76.78	2141
0.0	4797.98486328125	25.17	2142
0.0	16372.476684570312	90.38	2143
0.0	8281.7451171875	44.15	2144
0.0	86876.03784179688	479.01	2145
0.0	3591.591796875	20.12	2146
0.0	59316.14074707031	319.56	2147
160.0	131072.0	732.39	2148
0.0	47950.335693359375	247.14	2149
0.0	10329.368041992188	55.1	2150
0.0	14305.619873046875	77.63	2151
178.0	131072.0	695.28	2152
0.0	15051.94091796875	86.03	2153
0.0	24739.6962890625	138.8	2154
0.0	12046.7216796875	66.47	2155
0.0	9903.097534179688	55.63	2156
0.0	15239.745483398438	88.47	2157
0.0	2929.34716796875	17.53	2158
0.0	34486.02966308594	195.01	2159
0.0	14650.934814453125	77.9	2160
0.0	6171.07177734375	34.19	2161
0.0	32567.029663085938	182.64	2162
0.0	8756.173217773438	45.25	2163
112.0	131072.0	755.89	2164
0.0	17885.286987304688	98.58	2165
0.0	20336.942016601562	111.3	2166
0.0	10187.556274414062	57.61	2167
0.0	20694.156494140625	111.58	2168
0.0	53052.251708984375	306.18	2169
0.0	6087.5433349609375	35.29	2170
0.0	6802.73681640625	38.35	2171
0.0	9814.84033203125	54.11	2172
0.0	4966.5616455078125	27.62	2173
0.0	39541.52795410156	225.44	2174
0.0	9682.953491210938	53.61	2175
0.0	10341.368041992188	55.98	2176
0.0	60786.15319824219	344.54	2177
0.0	17475.559204101562	94.93	2178
0.0	2958.33349609375	16.54	2179
0.0	17905.675415039062	99.3	2180
0.0	30291.203002929688	147.06	2181
0.0	10097.632446289062	56.23	2182
0.0	70953.107421875	367.48	2183
0.0	1714.4671630859375	9.07	2184
0.0	41019.93896484375	236.52	2185
0.0	12137.484741210938	61.29	2186
0.0	29748.350341796875	172.53	2187
0.0	6829.4844970703125	36.77	2188
0.0	8239.418212890625	40.08	2189
0.0	86873.35827636719	495.06	2190
0.0	7046.0389404296875	38.53	2191
0.0	6953.828369140625	37.5	2192
0.0	4515.850830078125	25.59	2193
0.0	21371.214477539062	119.78	2194
0.0	41135.56298828125	227.32	2195
0.0	19515.360107421875	108.05	2196
0.0	9765.113891601562	51.87	2197
0.0	15858.9833984375	87.48	2198
0.0	28085.874389648438	159.1	2199
0.0	5651.8988037109375	31.21	2200
0.0	17950.6875	102.13	2201
0.0	24528.105102539062	134.59	2202
0.0	11559.184448242188	62.79	2203
0.0	3604.73486328125	21.85	2204
0.0	29366.96728515625	151.62	2205
0.0	5686.243408203125	27.95	2206
0.0	60272.86328125	315.84	2207
0.0	86281.21252441406	446.73	2208
0.0	67862.8310546875	371.22	2209
0.0	26986.455932617188	150.86	2210
0.0	24889.585571289062	139.95	2211
0.0	12911.480102539062	69.23	2212
0.0	6677.6229248046875	39.36	2213
0.0	11910.941650390625	70.92	2214
0.0	38164.54248046875	211.15	2215
0.0	4366.766845703125	23.91	2216
0.0	18335.413330078125	90.48	2217
0.0	6305.536865234375	35.91	2218
0.0	8990.85595703125	47.01	2801
0.0	5137.869140625	25.08	2802
0.0	86708.47644042969	459.43	2803
0.0	15528.441162109375	81.2	2804
0.0	16216.877319335938	82.72	2805
0.0	7006.5848388671875	36.62	2806
0.0	98893.18786621094	535.14	2807
0.0	63693.11279296875	332.6	2808
0.0	24792.054443359375	128.89	2809
0.0	17148.658813476562	88.43	2810
0.0	14553.659912109375	71.1	2811
0.0	8886.476806640625	47.71	2812
0.0	6463.29833984375	34.09	2813
0.0	7784.0675048828125	42.55	2814
0.0	11441.469482421875	57.22	2815
0.0	8892.098876953125	44.49	2816
0.0	13676.72705078125	66.67	2817
0.0	7494.65087890625	40.34	2818
0.0	47660.520263671875	258.04	2819
0.0	5419.751953125	27.04	2820
0.0	21722.681884765625	114.41	2821
0.0	9712.797119140625	50.24	2822
0.0	25830.859252929688	137.64	2823
9.0	131072.0	693.14	2824
0.0	33718.17724609375	183.09	2825
0.0	91377.107421875	457.3	2826
0.0	29206.835693359375	158.62	2827
0.0	19225.6220703125	98.97	2828
0.0	7868.364990234375	40.01	2829
0.0	5503.785888671875	29.72	2830
0.0	17099.559448242188	90.17	2831
0.0	14347.4638671875	82.11	2832
0.0	41668.641845703125	228.14	2833
0.0	21851.172973632812	120.67	2834
0.0	4002.3717041015625	22.74	2835
0.0	7001.3770751953125	37.52	2836
0.0	14763.510986328125	78.53	2837
0.0	58108.60534667969	307.1	2838
0.0	4847.587890625	26.17	2839
0.0	8504.686401367188	45.85	2840
0.0	11389.922729492188	62.51	2841
0.0	114261.59094238281	641.76	2842
0.0	10655.7529296875	56.88	2843
0.0	5677.6490478515625	30.7	2844
0.0	6416.54638671875	36.24	2845
0.0	22826.149536132812	120.99	2846
0.0	4718.5767822265625	26.52	2847
0.0	54825.20751953125	295.65	2848
0.0	48819.15869140625	270.78	2849
0.0	13607.931030273438	74.58	2850
0.0	19013.0966796875	100.95	2851
0.0	22864.70703125	116.44	2852
0.0	13086.52001953125	71.36	2853
0.0	68554.06701660156	368.28	2854
0.0	32972.11120605469	187.69	2855
0.0	11183.575073242188	63.27	2856
0.0	8531.974487304688	44.82	2857
0.0	12787.193969726562	72.68	2858
0.0	21214.013793945312	114.27	2859
0.0	31804.556884765625	170.47	2860
0.0	13343.494018554688	75.99	2861
0.0	6734.5316162109375	37.02	2862
0.0	11072.450805664062	63.8	2863
0.0	11492.585571289062	62.67	2864
0.0	14637.2119140625	79.29	2865
0.0	31378.93603515625	160.14	2866
0.0	10023.1181640625	53.07	2867
0.0	27251.589111328125	147.73	2868
0.0	8875.512573242188	48.83	2869
0.0	33932.822509765625	188.34	2870
0.0	9256.693725585938	47.64	2871
0.0	25578.228515625	139.09	2872
0.0	17069.124389648438	94.66	2873
0.0	6241.7598876953125	33.36	2874
0.0	14427.931640625	83.31	2875
0.0	13640.773559570312	75.38	2876
0.0	5114.712158203125	28.24	2877
0.0	48600.06506347656	269.4	2878
0.0	19255.865966796875	106.39	2879
0.0	24901.688720703125	144.17	2880
0.0	42446.88830566406	220.93	2881
0.0	11081.081176757812	59.92	2882
0.0	35188.89294433594	196.34	2883
0.0	26523.931884765625	133.13	2884
0.0	11213.960205078125	60.3	2885
0.0	5752.690185546875	33.18	2886
0.0	41466.46032714844	189.82	2887
0.0	5814.6600341796875	33.15	2888
0.0	71105.96948242188	371.95	2889
0.0	28167.906860351562	161.52	2890
0.0	31039.612548828125	180.46	2891
0.0	15881.8310546875	83.24	2892
0.0	9669.771728515625	52.19	2893
0.0	25065.508544921875	136.18	2894
0.0	47709.02600097656	280.55	2895
0.0	3852.6527099609375	22.04	2896
0.0	20285.520385742188	106.78	2897
0.0	45725.65368652344	258.86	2898
0.0	20794.7138671875	119.75	2899
0.0	49665.25939941406	280.63	2900
0.0	8395.313842773438	46.35	2901
0.0	9126.439575195312	47.66	2902
0.0	13445.76953125	79.98	2903
0.0	17569.654296875	98.48	2904
0.0	16883.709838867188	97.79	2905
0.0	9622.552368164062	51.89	2906
0.0	14800.107788085938	72.19	2907
0.0	13760.536010742188	80.17	2908
0.0	45029.68408203125	255.39	2909
0.0	13636.640625	75.45	2910
0.0	24949.818115234375	135.91	2911
0.0	8443.167724609375	46.57	2912
0.0	15045.126953125	80.12	2913
0.0	54442.18103027344	313.4	2914
0.0	30086.839233398438	155.28	2915
0.0	21039.721801757812	118.32	2916
0.0	11207.75	61.44	2917
0.0	17658.0009765625	100.68	2918
0.0	5054.3140869140625	28.81	2919
0.0	12684.310180664062	69.6	2920
0.0	18721.557373046875	108.53	2921
0.0	26569.572143554688	154.2	2922
0.0	7948.427490234375	39.7	3501
0.0	6255.783447265625	32.68	3502
0.0	10662.595458984375	54.71	3503
0.0	23549.008544921875	124.56	3504
0.0	16442.203979492188	84.11	3505
0.0	9983.502075195312	52.0	3506
0.0	50685.64013671875	266.54	3507
0.0	36276.88781738281	190.95	3508
0.0	8073.0020751953125	43.27	3509
0.0	9784.412841796875	50.21	3510
0.0	14786.435424804688	74.55	3511
0.0	7232.9578857421875	40.35	3512
0.0	5126.482421875	27.64	3513
0.0	15528.9033203125	81.77	3514
0.0	3519.0341796875	18.92	3515
0.0	17579.380615234375	88.16	3516
0.0	11315.562866210938	60.12	3517
0.0	28498.71728515625	155.26	3518
0.0	22186.415893554688	113.66	3519
0.0	17059.717163085938	86.24	3520
0.0	14638.659057617188	78.25	3521
0.0	4846.5792236328125	23.84	3522
0.0	52151.6201171875	284.31	3523
0.0	11018.286865234375	57.5	3524
0.0	100267.7744140625	558.11	3525
0.0	19756.82275390625	101.2	3526
0.0	61910.91418457031	339.03	3527
0.0	3891.099365234375	21.44	3528
0.0	3578.2706298828125	19.59	3529
0.0	129708.70727539062	671.73	3530
0.0	10266.701049804688	55.34	3531
0.0	30156.971923828125	166.69	3532
0.0	6791.59375	38.3	3533
0.0	17210.590209960938	95.09	3534
0.0	39875.51062011719	230.41	3535
0.0	60404.46813964844	314.77	3536
0.0	9871.4404296875	53.9	3537
0.0	13607.760498046875	73.97	3538
0.0	80510.33923339844	420.44	3539
0.0	17181.201904296875	93.56	3540
0.0	31254.109985351562	169.25	3541
0.0	8786.0439453125	46.16	3542
0.0	19521.741577148438	104.47	3543
0.0	25510.0224609375	135.9	3544
0.0	19795.009887695312	109.85	3545
0.0	40621.65368652344	224.49	3546
0.0	61759.39855957031	340.72	3547
0.0	3654.9091796875	20.38	3548
0.0	55236.26916503906	288.07	3549
0.0	7104.39208984375	39.51	3550
0.0	15401.338134765625	86.05	3551
0.0	12120.468139648438	68.92	3552
0.0	25646.303466796875	136.96	3553
0.0	2770.7081298828125	15.05	3554
0.0	11150.953002929688	60.95	3555
0.0	2711.665283203125	14.74	3556
0.0	92154.05676269531	521.31	3557
0.0	6193.331298828125	33.02	3558
0.0	6810.2642822265625	38.25	3559
0.0	10190.833862304688	56.51	3560
0.0	8342.003051757812	45.6	3561
0.0	71884.06567382812	405.05	3562
0.0	14068.9912109375	76.72	3563
0.0	17247.9609375	93.9	3564
0.0	24828.095581054688	138.66	3565
0.0	8729.543823242188	48.87	3566
0.0	19515.32861328125	107.99	3567
0.0	12591.814208984375	71.51	3568
0.0	48747.51708984375	246.39	3569
0.0	27877.97900390625	151.38	3570
0.0	5175.9990234375	28.47	3571
0.0	10005.471923828125	56.75	3572
0.0	5662.8197021484375	31.18	3573
0.0	8317.107666015625	47.16	3574
0.0	2957.03515625	15.76	3575
0.0	13549.268920898438	73.36	3576
0.0	38204.938232421875	205.94	3577
0.0	27081.553588867188	152.38	3578
0.0	19061.135498046875	103.91	3579
0.0	28612.531494140625	153.07	3580
0.0	13167.047729492188	69.64	3581
0.0	12993.192504882812	69.25	3582
0.0	13163.203857421875	71.98	3583
0.0	13305.320434570312	77.8	3584
0.0	4883.7601318359375	26.17	3585
0.0	11283.419677734375	58.9	3586
0.0	23375.921508789062	127.73	3587
0.0	32086.639404296875	178.65	3588
0.0	13330.630249023438	75.85	3589
0.0	11602.85693359375	60.46	3590
0.0	10876.701293945312	61.17	3591
0.0	13868.831665039062	78.32	3592
0.0	10258.447265625	54.78	3593
206.0	131072.0	752.31	3594
0.0	20974.060302734375	104.25	3595
0.0	34353.057861328125	191.55	3596
0.0	4881.738037109375	27.22	3597
0.0	6643.5775146484375	38.33	3598
0.0	10308.718139648438	58.41	3599
0.0	12194.678466796875	70.17	3600
0.0	27434.1591796875	158.04	3601
0.0	10483.181396484375	55.68	3602
0.0	3787.01513671875	21.37	3603
0.0	26602.84423828125	152.61	3604
0.0	25533.34423828125	149.8	3605
0.0	31095.576293945312	175.01	3606
0.0	12091.494384765625	66.21	3607
0.0	9325.27685546875	50.21	3608
0.0	25238.029174804688	146.91	3609
0.0	74068.07641601562	390.95	3610
0.0	43296.54528808594	237.32	3611
0.0	33746.86315917969	186.8	3612
0.0	14472.560546875	77.94	3613
0.0	5939.1285400390625	32.21	3614
0.0	5869.75	33.42	3615
0.0	10796.970458984375	58.92	3616
0.0	8689.562133789062	46.71	3617
0.0	84096.169921875	496.67	3618
0.0	5774.6114501953125	31.79	3619
0.0	20628.65380859375	120.69	3620
0.0	9579.583618164062	52.16	3621
0.0	17824.119140625	93.5	3622
0.0	9157.45703125	49.88	3623
0.0	18314.273559570312	105.64	3624
0.0	15422.38330078125	86.22	3625
0.0	3843.6759033203125	22.36	3626
0.0	4828.731689453125	27.39	3627
0.0	7811.6075439453125	43.18	3628
0.0	3490.5260009765625	19.81	3629
0.0	5764.2293701171875	28.7	4201
0.0	3025.7490234375	15.09	4202
0.0	29039.142211914062	153.02	4203
0.0	69357.208984375	377.98	4204
0.0	23611.692260742188	127.14	4205
0.0	10402.374633789062	55.04	4206
0.0	17859.171508789062	93.74	4207
0.0	24374.415161132812	127.99	4208
0.0	34046.69348144531	185.23	4209
0.0	14605.915893554688	73.09	4210
0.0	14440.567993164062	77.68	4211
0.0	8957.76416015625	45.81	4212
0.0	20014.184204101562	109.51	4213
0.0	11450.375610351562	60.56	4214
0.0	5669.281982421875	29.33	4215
0.0	15226.533325195312	81.32	4216
0.0	22586.729370117188	117.46	4217
0.0	9218.382080078125	43.7	4218
0.0	58871.5458984375	310.03	4219
0.0	4337.1737060546875	22.79	4220
0.0	28192.92919921875	154.32	4221
0.0	47231.01281738281	252.62	4222
0.0	57947.10437011719	311.0	4223
0.0	4665.0657958984375	25.04	4224
0.0	21763.68896484375	114.49	4225
0.0	7996.9569091796875	43.73	4226
0.0	11278.013427734375	61.08	4227
0.0	7070.145751953125	39.45	4228
0.0	15282.695922851562	83.59	4229
0.0	26260.6611328125	137.74	4230
0.0	70004.81958007812	325.04	4231
0.0	15647.057739257812	84.94	4232
0.0	10265.672607421875	55.22	4233
0.0	87858.19970703125	492.66	4234
0.0	4733.158203125	26.94	4235
0.0	125523.51281738281	713.72	4236
0.0	13434.167846679688	71.11	4237
0.0	15270.530883789062	85.74	4238
0.0	5942.7857666015625	31.54	4239
0.0	7364.6591796875	39.72	4240
0.0	14948.460205078125	81.59	4241
0.0	11834.192260742188	58.82	4242
0.0	6802.71533203125	37.0	4243
0.0	20117.007446289062	113.49	4244
0.0	19838.261474609375	111.6	4245
0.0	89885.87194824219	482.21	4246
0.0	7323.81201171875	37.81	4247
0.0	3359.2344970703125	17.29	4248
0.0	2345.0531005859375	12.6	4249
0.0	4361.9530029296875	24.92	4250
0.0	14813.632568359375	82.06	4251
0.0	15252.232421875	83.53	4252
0.0	48283.84729003906	276.42	4253
0.0	27045.460327148438	145.71	4254
0.0	16936.390747070312	90.84	4255
0.0	6648.8131103515625	36.4	4256
0.0	11839.195190429688	64.72	4257
0.0	7695.2242431640625	44.31	4258
0.0	23974.735107421875	129.44	4259
0.0	12163.350463867188	64.29	4260
0.0	29462.777221679688	166.96	4261
0.0	7429.0252685546875	39.97	4262
0.0	32032.75927734375	159.69	4263
0.0	15128.201049804688	82.6	4264
0.0	23367.254150390625	124.64	4265
0.0	38447.46594238281	223.81	4266
0.0	7188.704833984375	40.01	4267
0.0	16948.093139648438	87.12	4268
0.0	22168.09765625	120.9	4269
0.0	109438.86572265625	607.23	4270
0.0	8380.98046875	46.89	4271
0.0	18404.737548828125	102.55	4272
0.0	10440.794677734375	55.33	4273
0.0	7798.018310546875	44.47	4274
0.0	23627.53125	133.81	4275
0.0	18594.649780273438	103.22	4276
0.0	8722.557495117188	47.95	4277
0.0	9759.214965820312	49.28	4278
0.0	13670.730834960938	77.36	4279
0.0	24889.295288085938	132.06	4280
0.0	21810.17529296875	119.29	4281
0.0	16386.68359375	90.28	4282
0.0	8810.418579101562	48.75	4283
0.0	9625.557250976562	55.56	4284
0.0	13478.4033203125	77.52	4285
0.0	19159.58935546875	94.09	4286
0.0	12308.405639648438	72.82	4287
0.0	10031.495239257812	57.61	4288
0.0	11760.116943359375	66.49	4289
0.0	27827.011474609375	152.31	4290
0.0	33518.587158203125	184.65	4291
0.0	26746.0322265625	142.18	4292
0.0	39645.65576171875	221.73	4293
0.0	12908.710571289062	71.97	4294
0.0	118810.6845703125	684.11	4295
0.0	52888.14172363281	296.84	4296
0.0	8535.28857421875	47.7	4297
0.0	5065.783447265625	27.06	4298
0.0	80816.75756835938	475.0	4299
0.0	14332.31201171875	83.67	4300
0.0	12734.927612304688	65.77	4301
0.0	13728.839599609375	76.68	4302
0.0	104255.34912109375	487.33	4303
0.0	7545.162353515625	40.2	4304
0.0	30979.598754882812	158.94	4305
0.0	55981.669677734375	292.63	4306
0.0	26062.967895507812	145.47	4307
0.0	54921.53015136719	308.23	4308
0.0	15753.350952148438	81.57	4309
0.0	9882.56640625	57.66	4310
0.0	20298.318603515625	116.79	4311
0.0	7926.533203125	41.09	4312
0.0	6445.1002197265625	37.82	4313
0.0	5721.1099853515625	33.44	4314
0.0	21540.719970703125	117.75	4315
0.0	4479.9122314453125	24.92	4316
0.0	27177.79248046875	157.44	4317
0.0	7223.565673828125	43.3	4318
0.0	61558.91906738281	346.17	4319
0.0	15648.653076171875	87.03	4320
0.0	20411.54638671875	115.66	4321
0.0	8262.004272460938	43.13	4901
0.0	24189.710083007812	121.94	4902
0.0	30037.103881835938	165.28	4903
0.0	13762.93798828125	67.12	4904
0.0	16906.157104492188	89.0	4905
0.0	17485.531005859375	86.48	4906
0.0	5840.750244140625	30.66	4907
0.0	4833.7030029296875	26.85	4908
0.0	9651.3212890625	48.7	4909
0.0	5302.1976318359375	26.07	4910
0.0	44654.59912109375	235.36	4911
0.0	7697.0067138671875	38.92	4912
0.0	9468.992797851562	50.97	4913
0.0	98473.86511230469	539.7	4914
0.0	3395.0478515625	17.93	4915
0.0	75411.55065917969	401.1	4916
0.0	26951.639282226562	139.34	4917
0.0	13824.3505859375	74.45	4918
0.0	40306.07568359375	202.83	4919
0.0	4016.5030517578125	22.5	4920
0.0	19725.748291015625	102.34	4921
0.0	11655.276977539062	61.8	4922
0.0	14702.769165039062	77.8	4923
0.0	2233.8026123046875	12.06	4924
0.0	5208.40380859375	28.42	4925
0.0	43713.47912597656	231.6	4926
0.0	28469.6689453125	151.12	4927
0.0	22944.177856445312	114.96	4928
0.0	8734.10205078125	48.12	4929
0.0	45407.37976074219	242.72	4930
0.0	18274.662109375	93.9	4931
0.0	5406.7860107421875	29.52	4932
0.0	5738.49755859375	29.71	4933
0.0	3590.268310546875	20.34	4934
0.0	29014.025024414062	153.75	4935
0.0	35560.5283203125	176.84	4936
0.0	5599.35888671875	27.81	4937
0.0	8684.200805664062	44.94	4938
0.0	7903.088623046875	42.73	4939
0.0	32269.944458007812	180.95	4940
0.0	3582.8548583984375	19.82	4941
0.0	37289.6728515625	206.26	4942
0.0	13140.343505859375	72.05	4943
0.0	12895.922485351562	72.19	4944
0.0	15566.937133789062	87.39	4945
0.0	23425.93115234375	133.23	4946
0.0	12368.084350585938	67.5	4947
0.0	66938.74072265625	379.63	4948
0.0	14719.6826171875	77.4	4949
0.0	16955.757446289062	91.92	4950
0.0	13770.743041992188	75.95	4951
0.0	25034.32958984375	134.29	4952
0.0	12862.193725585938	72.7	4953
0.0	8087.4783935546875	44.22	4954
0.0	13945.4990234375	78.38	4955
0.0	29237.063720703125	161.34	4956
0.0	34993.46911621094	190.95	4957
0.0	7909.4794921875	44.24	4958
0.0	33460.179931640625	184.43	4959
0.0	23486.346069335938	133.1	4960
0.0	21854.659301757812	118.34	4961
0.0	26436.627197265625	142.11	4962
0.0	23791.521850585938	126.79	4963
0.0	8671.173583984375	46.59	4964
0.0	8847.976440429688	48.2	4965
0.0	7229.9930419921875	40.69	4966
0.0	14808.54248046875	83.58	4967
0.0	6793.651611328125	38.03	4968
0.0	11608.331787109375	64.66	4969
0.0	4872.705810546875	25.96	4970
0.0	11480.811157226562	58.57	4971
0.0	22602.059448242188	126.7	4972
0.0	12447.370361328125	70.59	4973
0.0	18471.564453125	93.38	4974
0.0	10624.694702148438	52.26	4975
0.0	33082.305908203125	190.62	4976
0.0	10474.7412109375	58.71	4977
0.0	4656.023681640625	25.86	4978
0.0	40223.4033203125	214.28	4979
0.0	19766.158447265625	108.98	4980
0.0	41811.89001464844	230.68	4981
0.0	20087.316162109375	105.69	4982
0.0	5858.423095703125	31.36	4983
0.0	6251.1253662109375	34.78	4984
0.0	12048.375244140625	66.87	4985
0.0	39876.133056640625	226.15	4986
0.0	50859.55334472656	284.11	4987
0.0	8403.802368164062	45.29	4988
0.0	26798.473999023438	138.88	4989
0.0	27900.717163085938	152.78	4990
0.0	24044.112060546875	127.29	4991
0.0	8462.301147460938	46.96	4992
0.0	41699.86865234375	230.83	4993
0.0	12087.618530273438	68.8	4994
0.0	19532.004028320312	106.2	4995
0.0	7975.9627685546875	43.33	4996
0.0	10140.758178710938	55.9	4997
0.0	14821.538452148438	78.07	4998
0.0	18627.08447265625	98.08	4999
0.0	24479.3486328125	133.48	5000
0.0	44379.59326171875	248.16	5001
0.0	12935.400756835938	69.12	5002
0.0	7203.0313720703125	36.46	5003
0.0	11922.16064453125	64.33	5004
0.0	11245.7529296875	60.58	5005
0.0	16338.985229492188	90.98	5006
166.0	131072.0	702.85	5007
0.0	10722.432861328125	56.39	5008
0.0	13907.537109375	75.2	5009
0.0	16966.795776367188	90.71	5010
0.0	15659.43310546875	83.46	5011
0.0	27526.290893554688	147.71	5012
0.0	6808.0626220703125	37.09	5013
0.0	3246.4678955078125	18.06	5014
0.0	7881.1175537109375	44.3	5015
0.0	33235.41650390625	181.44	5016
0.0	7960.773193359375	45.53	5017
0.0	5261.4534912109375	31.21	5018
0.0	18980.017456054688	109.1	5019
0.0	2466.9578857421875	12.99	5020
0.0	13111.506713867188	74.86	5021
0.0	108833.56811523438	602.93	5022
0.0	12324.452514648438	66.46	5023
0.0	14880.87060546875	75.64	5024
0.0	18999.306274414062	108.94	5025
0.0	16326.743530273438	90.69	5026
0.0	21889.390991210938	124.39	5027
0.0	59222.364990234375	307.97	5028
0.0	13820.866455078125	74.15	5029
0.0	7790.70703125	43.6	5030
0.0	23526.308349609375	118.58	5031
0.0	16871.74755859375	87.99	5032
0.0	7853.86474609375	41.97	5033
0.0	15325.136840820312	73.0	5034
0.0	9407.668823242188	54.29	5035
0.0	14693.198974609375	78.66	5036
0.0	4828.1514892578125	25.62	5037
0.0	11589.787109375	55.23	5038
0.0	27710.860107421875	147.42	5039
0.0	22648.333740234375	129.15	5040
0.0	25359.4951171875	137.95	5041
0.0	12751.529052734375	73.43	5042
0.0	4792.849609375	25.09	5601
0.0	14136.559692382812	71.74	5602
0.0	14857.364135742188	76.82	5603
0.0	22162.91552734375	117.44	5604
0.0	13796.705444335938	65.79	5605
0.0	11476.364624023438	59.71	5606
0.0	8370.281127929688	42.39	5607
0.0	16352.228393554688	84.26	5608
0.0	10676.374389648438	55.36	5609
0.0	18687.832275390625	100.09	5610
0.0	3616.5394287109375	18.03	5611
0.0	8907.846923828125	45.1	5612
0.0	5152.232421875	27.09	5613
0.0	16314.435424804688	84.41	5614
0.0	15923.810546875	82.25	5615
0.0	10701.067138671875	56.54	5616
0.0	15248.685668945312	83.86	5617
0.0	18207.226318359375	98.46	5618
0.0	23776.623657226562	126.57	5619
0.0	31644.631713867188	167.6	5620
0.0	11097.70751953125	54.61	5621
0.0	8683.671020507812	46.96	5622
0.0	53405.65393066406	284.06	5623
0.0	11141.109741210938	59.07	5624
0.0	8120.11767578125	43.0	5625
0.0	4752.482177734375	24.07	5626
0.0	50864.79089355469	275.38	5627
0.0	4806.490478515625	25.25	5628
0.0	18524.256103515625	97.84	5629
0.0	21590.966674804688	116.61	5630
0.0	16719.36474609375	85.03	5631
0.0	55752.1826171875	286.05	5632
0.0	44685.819091796875	209.2	5633
0.0	12908.073852539062	63.13	5634
0.0	130917.10913085938	707.09	5635
0.0	8296.250610351562	42.19	5636
0.0	8768.797607421875	47.42	5637
0.0	24564.61376953125	135.01	5638
0.0	7910.7962646484375	43.18	5639
0.0	10534.998901367188	59.37	5640
0.0	14460.958251953125	78.89	5641
0.0	10211.551147460938	54.01	5642
0.0	49771.11328125	260.72	5643
0.0	18532.989868164062	96.96	5644
0.0	47072.54833984375	252.58	5645
0.0	74009.91162109375	377.13	5646
0.0	16762.695678710938	87.55	5647
0.0	22929.47607421875	123.16	5648
0.0	6465.978271484375	34.69	5649
0.0	20272.688110351562	108.41	5650
0.0	11467.674682617188	64.77	5651
0.0	11283.97021484375	61.86	5652
0.0	15480.841674804688	85.95	5653
0.0	19010.911743164062	104.72	5654
0.0	13074.777099609375	68.02	5655
0.0	12087.236450195312	64.22	5656
0.0	12033.472290039062	64.6	5657
0.0	6860.3616943359375	37.7	5658
0.0	18109.1123046875	101.42	5659
0.0	29665.165771484375	161.32	5660
0.0	6725.9638671875	32.71	5661
0.0	10536.093505859375	59.37	5662
0.0	8935.437377929688	42.08	5663
0.0	7804.24853515625	44.14	5664
0.0	7774.211181640625	41.47	5665
0.0	33655.97131347656	185.46	5666
0.0	10080.349487304688	55.33	5667
0.0	9411.219116210938	52.47	5668
0.0	10942.368286132812	59.76	5669
0.0	10752.387451171875	56.68	5670
0.0	30184.133056640625	161.92	5671
0.0	27404.30029296875	153.49	5672
0.0	12906.381225585938	71.73	5673
0.0	56687.43408203125	323.84	5674
0.0	7907.3443603515625	40.22	5675
0.0	18026.741333007812	96.07	5676
0.0	10353.700561523438	56.3	5677
0.0	12048.729125976562	59.89	5678
0.0	23337.116088867188	126.42	5679
0.0	15038.992065429688	76.74	5680
0.0	17946.150390625	98.8	5681
0.0	9551.442749023438	53.92	5682
0.0	17967.64501953125	96.91	5683
0.0	13105.406127929688	66.65	5684
0.0	39545.22546386719	210.45	5685
0.0	7352.50048828125	37.13	5686
0.0	33274.7822265625	176.14	5687
0.0	13742.831176757812	77.25	5688
0.0	21202.368408203125	118.12	5689
0.0	52035.53369140625	295.61	5690
0.0	8808.057250976562	50.61	5691
0.0	15601.29296875	84.88	5692
0.0	27543.89990234375	144.72	5693
0.0	15839.598754882812	86.85	5694
0.0	7012.0125732421875	40.66	5695
0.0	49202.80090332031	271.07	5696
0.0	5201.15234375	29.27	5697
0.0	4795.0413818359375	25.83	5698
0.0	11181.989379882812	60.4	5699
0.0	34381.24816894531	185.82	5700
0.0	8183.005859375	44.92	5701
0.0	5763.0975341796875	30.41	5702
0.0	23864.626098632812	135.11	5703
0.0	13867.212646484375	82.26	5704
0.0	6321.73291015625	35.25	5705
0.0	109006.6083984375	598.93	5706
0.0	19296.541015625	111.38	5707
0.0	22663.224243164062	122.2	5708
0.0	5041.2779541015625	27.38	5709
0.0	5877.6195068359375	32.87	5710
0.0	21689.113037109375	117.73	5711
0.0	31634.955688476562	173.2	5712
0.0	6314.05712890625	35.03	5713
0.0	5280.3040771484375	30.17	5714
0.0	26489.458129882812	145.68	5715
0.0	12946.29345703125	73.58	5716
0.0	21024.420776367188	102.75	5717
0.0	16376.172241210938	89.69	5718
0.0	39615.747314453125	230.08	5719
0.0	17244.25341796875	92.81	5720
0.0	11652.339233398438	61.45	5721
0.0	29394.568237304688	163.5	5722
0.0	13418.91357421875	70.96	5723
0.0	32335.308837890625	181.87	5724
0.0	11686.816650390625	64.6	5725
0.0	8837.04052734375	49.57	5726
0.0	7481.8797607421875	43.62	5727
0.0	38731.158447265625	224.51	5728
0.0	41124.431640625	235.26	5729
0.0	8264.86328125	48.33	5730
0.0	5530.6431884765625	30.97	5731
0.0	9692.824340820312	57.44	5732
0.0	32159.577270507812	190.32	5733
0.0	28691.604370117188	156.18	5734
0.0	36906.06787109375	210.52	5735
42.0	131072.0	669.64	5736
0.0	17791.627197265625	92.33	6301
0.0	6505.9466552734375	34.56	6302
0.0	16709.884765625	87.09	6303
0.0	13189.788940429688	66.61	6304
0.0	38816.522216796875	207.53	6305
0.0	8354.11474609375	40.52	6306
0.0	9188.98779296875	45.89	6307
0.0	11080.953125	54.18	6308
0.0	64128.585693359375	334.45	6309
0.0	17700.12451171875	95.92	6310
0.0	73336.13269042969	396.36	6311
0.0	13248.789672851562	71.21	6312
0.0	12564.54296875	68.64	6313
0.0	49564.8984375	264.91	6314
0.0	6965.6239013671875	35.7	6315
0.0	10498.004516601562	55.42	6316
0.0	32792.07958984375	170.45	6317
0.0	11213.9755859375	57.82	6318
0.0	30246.986694335938	158.74	6319
0.0	8312.249877929688	44.04	6320
0.0	10789.230712890625	57.53	6321
0.0	8964.514526367188	48.55	6322
0.0	67636.95043945312	368.56	6323
0.0	61500.47314453125	316.98	6324
0.0	15979.94580078125	84.89	6325
0.0	16635.2666015625	89.27	6326
0.0	5272.817138671875	27.03	6327
0.0	10562.427368164062	55.12	6328
0.0	21545.77099609375	108.84	6329
0.0	7857.2249755859375	43.23	6330
0.0	66141.38952636719	366.47	6331
0.0	13439.3388671875	73.48	6332
0.0	12138.37646484375	65.77	6333
0.0	29860.1552734375	171.94	6334
0.0	31148.73291015625	164.55	6335
0.0	8601.682739257812	46.5	6336
0.0	26517.365966796875	126.02	6337
0.0	68076.50646972656	364.41	6338
0.0	10851.217529296875	58.01	6339
0.0	6547.579833984375	36.42	6340
0.0	29624.7509765625	164.54	6341
0.0	20706.909545898438	117.83	6342
0.0	11797.597900390625	63.57	6343
0.0	43986.81750488281	242.95	6344
0.0	19744.064697265625	109.09	6345
0.0	18601.089721679688	101.52	6346
0.0	38262.75231933594	207.39	6347
0.0	17601.371704101562	90.37	6348
0.0	7941.4041748046875	40.25	6349
0.0	24733.91455078125	137.16	6350
0.0	44580.19055175781	253.95	6351
0.0	7267.64501953125	37.03	6352
0.0	11529.169921875	62.88	6353
0.0	2570.6102294921875	14.34	6354
0.0	23916.0556640625	131.96	6355
0.0	8308.9375	45.4	6356
0.0	11956.455200195312	60.77	6357
0.0	12508.72900390625	70.16	6358
0.0	13710.248657226562	74.13	6359
0.0	32394.899780273438	166.69	6360
0.0	31683.533081054688	178.2	6361
0.0	19076.4853515625	103.06	6362
0.0	18256.99072265625	100.32	6363
114.0	131072.0	774.63	6364
0.0	6552.0794677734375	37.25	6365
0.0	54777.1689453125	302.99	6366
0.0	118717.42626953125	621.65	6367
0.0	45862.15222167969	247.58	6368
0.0	129852.337890625	715.58	6369
0.0	5552.598388671875	28.9	6370
205.0	131072.0	729.75	6371
0.0	9849.53857421875	55.24	6372
0.0	22365.2490234375	124.76	6373
0.0	7210.11767578125	41.16	6374
0.0	15757.710815429688	79.38	6375
211.0	131072.0	724.9	6376
0.0	50983.31604003906	255.7	6377
0.0	9804.634887695312	53.88	6378
0.0	103589.64233398438	565.33	6379
0.0	12295.877319335938	69.07	6380
0.0	8511.359375	47.74	6381
0.0	5647.5233154296875	32.05	6382
0.0	35486.829833984375	180.49	6383
0.0	19706.348266601562	109.19	6384
0.0	43470.08435058594	251.13	6385
0.0	5858.1890869140625	33.46	6386
0.0	42695.40441894531	235.4	6387
0.0	17441.187377929688	98.04	6388
0.0	24214.491088867188	135.11	6389
0.0	6685.5665283203125	38.65	6390
0.0	29313.74951171875	151.97	6391
0.0	11385.958251953125	64.87	6392
0.0	9352.693115234375	49.77	6393
0.0	9857.048217773438	48.62	6394
0.0	8859.707397460938	49.64	6395
0.0	14344.389526367188	77.61	6396
0.0	12554.377197265625	73.87	6397
0.0	12943.99609375	67.96	6398
0.0	4503.8634033203125	25.61	6399
0.0	14278.213134765625	74.49	6400
0.0	58973.355712890625	342.83	6401
0.0	30172.02490234375	167.04	6402
0.0	9481.723876953125	54.16	6403
