#FMS random 4-SAT
#N=8192  nIter=50000  alpha=950   NSamples=2893
#av(nit)	5848.8407187489875
#std(nit)	82.12212075147173
#av(e)	0.0
#std(e)	0.0
#av(runtime)	30.5758969927411
#std(runtime)	0.4292199330398865
0.0	7989.532958984375	36.94	1
0.0	23078.792236328125	117.48	2
0.0	4526.4761962890625	23.6	3
0.0	4651.4000244140625	23.6	4
0.0	2795.430419921875	13.94	5
0.0	2998.6978759765625	15.18	6
0.0	1759.5823974609375	8.8	7
0.0	4532.789306640625	23.64	8
0.0	8561.98291015625	43.77	9
0.0	3834.3177490234375	19.46	10
0.0	4424.9132080078125	22.45	11
0.0	4524.0272216796875	22.92	12
0.0	2790.726806640625	13.92	13
0.0	2588.3868408203125	13.18	14
0.0	14967.164428710938	76.96	15
0.0	3971.54931640625	20.39	16
0.0	3294.8433837890625	16.79	17
0.0	6608.952392578125	33.22	18
0.0	6504.290283203125	33.6	19
0.0	3043.3980712890625	15.91	20
0.0	2748.17724609375	13.81	21
0.0	2783.225341796875	14.8	22
0.0	8507.055908203125	44.3	23
0.0	5469.140625	28.03	24
0.0	1921.486328125	9.9	25
0.0	5201.0855712890625	26.1	26
0.0	28824.486450195312	149.59	27
0.0	6660.120361328125	34.52	28
0.0	2665.54345703125	14.06	29
0.0	5078.0142822265625	24.94	30
0.0	2651.11474609375	14.05	31
0.0	14674.695190429688	73.66	32
0.0	3931.578857421875	19.98	33
0.0	4653.77490234375	24.34	34
0.0	17295.511962890625	88.81	35
0.0	2443.5657958984375	13.26	36
0.0	3650.0679931640625	19.02	37
0.0	2372.84716796875	12.08	38
0.0	8087.0142822265625	39.58	39
0.0	2607.9454345703125	13.86	40
0.0	10072.057373046875	51.18	41
0.0	4234.1636962890625	21.67	42
0.0	1873.5302734375	9.49	43
0.0	2584.5572509765625	13.39	44
0.0	3260.042236328125	16.53	45
0.0	9773.595092773438	49.68	46
0.0	3010.912109375	16.23	47
0.0	10802.430419921875	56.24	48
0.0	6193.0946044921875	31.85	49
0.0	4003.352294921875	20.38	50
0.0	7629.708740234375	39.28	51
0.0	4880.0452880859375	25.13	52
0.0	12481.455200195312	63.23	53
0.0	1581.95947265625	8.36	54
0.0	8400.596313476562	43.06	55
0.0	5658.2601318359375	28.48	56
0.0	3061.1507568359375	15.81	57
0.0	2953.69189453125	15.39	58
0.0	2334.1153564453125	11.69	59
0.0	19635.789916992188	100.02	60
0.0	2245.6201171875	11.81	61
0.0	5890.8658447265625	30.76	62
0.0	2320.1395263671875	11.72	63
0.0	3691.827392578125	19.22	64
0.0	5955.8114013671875	32.08	65
0.0	17940.564086914062	93.26	66
0.0	3958.321533203125	20.73	67
0.0	3610.759765625	18.6	68
0.0	9670.793212890625	49.5	69
0.0	11228.671508789062	59.21	70
0.0	2954.032470703125	15.37	71
0.0	3677.71484375	18.44	72
0.0	14837.035888671875	73.89	73
0.0	2682.9609375	13.6	74
0.0	4564.4322509765625	22.76	75
0.0	2865.125732421875	15.44	76
0.0	10610.731201171875	54.24	77
0.0	7005.8326416015625	35.89	78
0.0	2633.0418701171875	14.01	79
0.0	8997.51416015625	47.77	80
0.0	4373.8514404296875	23.42	81
0.0	5783.0322265625	28.38	82
0.0	2610.8504638671875	13.79	83
0.0	7157.7576904296875	35.76	84
0.0	14245.660522460938	74.37	85
0.0	5052.543701171875	25.53	86
0.0	3447.876220703125	18.93	87
0.0	2161.7803955078125	11.32	88
0.0	6584.4725341796875	33.67	89
0.0	4585.734130859375	23.8	90
0.0	14750.03271484375	77.64	91
0.0	2087.39306640625	11.32	92
0.0	4149.168212890625	22.81	93
0.0	4551.90966796875	24.54	94
0.0	9411.829223632812	48.11	95
0.0	5553.982177734375	28.41	96
0.0	5098.5487060546875	26.19	97
0.0	2419.8646240234375	12.63	98
0.0	4666.9569091796875	23.2	99
0.0	4942.8433837890625	26.56	100
0.0	13940.8916015625	70.91	101
0.0	6566.6470947265625	34.9	102
0.0	2973.6009521484375	15.7	103
0.0	12167.81982421875	63.43	104
0.0	6171.5689697265625	33.16	105
0.0	16950.3173828125	86.77	106
0.0	3927.6466064453125	19.12	107
0.0	2363.519775390625	12.1	108
0.0	12048.33935546875	63.73	109
0.0	6399.4256591796875	34.2	110
0.0	4143.23388671875	21.91	111
0.0	11415.599365234375	58.47	112
0.0	2971.840576171875	15.72	113
0.0	2996.919189453125	15.52	114
0.0	17122.239135742188	89.68	115
0.0	4364.533935546875	24.33	116
0.0	16101.898681640625	84.44	117
0.0	8169.4451904296875	41.79	118
0.0	4811.1419677734375	25.04	119
0.0	2224.269775390625	11.71	120
0.0	12707.90234375	65.08	121
0.0	2141.9810791015625	11.39	122
0.0	6779.469482421875	35.65	123
0.0	6475.344970703125	34.9	124
0.0	5710.06103515625	30.46	125
0.0	8526.155639648438	43.72	126
0.0	1911.2008056640625	10.06	127
0.0	6465.830810546875	33.85	128
0.0	17404.999145507812	94.08	129
0.0	5203.84814453125	28.11	130
0.0	1883.1427001953125	9.78	131
0.0	1916.2713623046875	9.45	132
0.0	9539.6181640625	50.08	133
0.0	3092.264892578125	17.22	134
0.0	3420.0865478515625	18.55	135
0.0	2929.361083984375	15.36	136
0.0	15367.407104492188	80.01	137
0.0	1619.383056640625	8.42	138
0.0	2651.5142822265625	14.71	139
0.0	14637.73486328125	77.64	140
0.0	6576.5904541015625	35.54	141
0.0	6045.0596923828125	31.11	142
0.0	2399.7861328125	12.62	143
0.0	3230.719482421875	16.02	144
0.0	3301.1864013671875	16.95	145
0.0	4677.994140625	23.77	146
0.0	3717.431640625	18.69	147
0.0	3174.395263671875	16.9	148
0.0	8120.3345947265625	42.03	149
0.0	6928.768798828125	36.96	150
0.0	2060.6732177734375	10.96	151
0.0	4357.642333984375	22.87	152
0.0	2341.3984375	11.74	153
0.0	5140.1328125	27.24	154
0.0	3957.2425537109375	21.17	155
0.0	1460.80078125	7.7	156
0.0	19995.068603515625	103.39	157
0.0	1912.0162353515625	9.98	158
0.0	4365.730712890625	22.66	159
0.0	3140.0140380859375	16.03	160
0.0	3135.0252685546875	16.5	161
0.0	18243.902587890625	88.89	162
0.0	3986.0111083984375	21.45	163
0.0	4524.9600830078125	24.52	164
0.0	3836.771484375	20.64	165
0.0	4564.718017578125	23.28	166
0.0	6802.9210205078125	35.63	167
0.0	5889.9942626953125	31.62	168
0.0	3933.8902587890625	21.12	169
0.0	19063.98486328125	94.75	170
0.0	2787.4705810546875	15.35	171
0.0	8232.3984375	45.3	172
0.0	4847.7462158203125	24.51	173
0.0	4989.4976806640625	26.7	174
0.0	1469.2119140625	7.76	175
0.0	9295.242797851562	50.26	176
0.0	6251.4173583984375	33.81	177
0.0	17443.590209960938	94.24	178
0.0	4459.283447265625	23.02	179
0.0	4807.2894287109375	25.65	180
0.0	1407.1708984375	7.27	181
0.0	2863.6746826171875	15.58	182
0.0	19260.845581054688	105.07	183
0.0	4822.388916015625	25.76	184
0.0	11659.40966796875	61.1	185
0.0	7376.2017822265625	39.17	186
0.0	18147.18896484375	95.95	187
0.0	10613.4033203125	54.84	188
0.0	3689.8267822265625	18.97	189
0.0	2743.4454345703125	14.69	190
0.0	1922.7685546875	9.9	191
0.0	9426.655639648438	50.37	192
0.0	2128.67919921875	11.38	193
0.0	2103.0682373046875	10.46	194
0.0	3136.794921875	16.77	195
0.0	4213.4183349609375	22.09	196
0.0	4211.085205078125	22.84	197
0.0	7489.53759765625	39.03	198
0.0	2420.6561279296875	13.16	199
0.0	3908.998291015625	20.6	200
0.0	1631.035888671875	8.31	201
0.0	7146.1573486328125	37.46	202
0.0	9346.023559570312	49.7	203
0.0	3126.83642578125	16.54	204
0.0	9703.43896484375	50.26	205
0.0	5883.890380859375	32.19	206
0.0	1847.892578125	10.15	207
0.0	8304.062133789062	43.14	208
0.0	6856.9149169921875	35.59	209
0.0	6676.8814697265625	34.43	210
0.0	12008.107177734375	62.29	211
0.0	8745.8037109375	46.84	212
0.0	4061.5687255859375	20.17	213
0.0	11130.600952148438	59.85	214
0.0	3897.675048828125	20.67	215
0.0	10591.7529296875	56.54	216
0.0	2382.4041748046875	12.63	217
0.0	5133.1043701171875	28.35	218
0.0	2310.255126953125	12.17	219
0.0	2623.722412109375	13.94	220
0.0	5586.176513671875	28.97	221
0.0	1905.1907958984375	10.51	222
0.0	4530.201171875	25.06	223
0.0	1570.1292724609375	8.92	224
0.0	1428.636962890625	7.14	225
0.0	1991.30908203125	10.6	226
0.0	6752.4493408203125	35.51	227
0.0	3169.0035400390625	16.69	228
0.0	18012.478271484375	94.89	229
0.0	4112.2679443359375	21.95	230
0.0	4568.52978515625	23.93	231
0.0	3253.2227783203125	17.9	232
0.0	5206.5142822265625	27.18	233
0.0	6051.62548828125	33.0	234
0.0	4050.2779541015625	20.21	235
0.0	6305.69287109375	32.61	236
0.0	5153.5135498046875	26.36	237
0.0	2398.342041015625	12.25	238
0.0	2127.842041015625	11.01	239
0.0	5291.4149169921875	27.93	240
0.0	11773.544067382812	62.58	241
0.0	4291.0721435546875	23.5	242
0.0	3075.539306640625	17.09	243
0.0	6160.9930419921875	32.21	244
0.0	3288.24072265625	16.58	245
0.0	6591.776611328125	35.8	246
0.0	4391.7374267578125	22.82	247
0.0	3344.2490234375	17.81	248
0.0	8288.772338867188	44.29	249
0.0	5920.2939453125	32.03	250
0.0	4794.1298828125	25.02	251
0.0	2655.34814453125	14.83	252
0.0	6804.7794189453125	37.74	253
0.0	12003.025146484375	64.08	254
0.0	1379.885986328125	7.16	255
0.0	2435.00439453125	12.56	256
0.0	10936.653930664062	59.22	257
0.0	1329.8636474609375	7.34	258
0.0	3784.9874267578125	19.94	259
0.0	3627.9422607421875	18.77	260
0.0	3859.5511474609375	19.39	261
0.0	2980.7235107421875	14.32	262
0.0	2577.9837646484375	13.11	263
0.0	6256.64794921875	32.92	264
0.0	6652.3544921875	34.09	265
0.0	5451.1693115234375	30.2	266
0.0	2723.9532470703125	14.77	267
0.0	3333.310546875	17.35	268
0.0	4355.9200439453125	23.11	269
0.0	4109.50439453125	21.44	270
0.0	3075.35595703125	14.6	271
0.0	5524.04443359375	29.83	272
0.0	6842.9515380859375	36.87	273
0.0	6703.3487548828125	32.7	274
0.0	5308.15087890625	28.1	275
0.0	2867.344482421875	15.43	276
0.0	4653.6248779296875	24.52	277
0.0	5209.1253662109375	26.99	278
0.0	3748.9747314453125	20.57	279
0.0	6927.91943359375	36.54	280
0.0	9737.721435546875	48.25	281
0.0	1343.198974609375	6.22	282
0.0	11493.37890625	61.71	283
0.0	7143.425537109375	35.77	284
0.0	3223.19482421875	16.0	285
0.0	10770.205688476562	56.69	286
0.0	3489.0938720703125	19.0	287
0.0	5165.1220703125	26.88	288
0.0	3261.7249755859375	17.57	289
0.0	5755.9403076171875	31.35	290
0.0	7990.5224609375	42.27	291
0.0	3544.452392578125	19.72	292
0.0	3752.92724609375	20.33	293
0.0	2481.1063232421875	13.08	294
0.0	2230.7880859375	12.24	295
0.0	2843.3270263671875	15.29	296
0.0	10862.313842773438	58.26	297
0.0	1806.1949462890625	9.58	298
0.0	11783.284790039062	61.75	299
0.0	5269.9759521484375	28.87	300
0.0	5567.0360107421875	30.41	301
0.0	47450.39709472656	245.59	302
0.0	6826.1046142578125	34.62	303
0.0	4740.9688720703125	25.5	304
0.0	2489.4488525390625	13.53	305
0.0	3338.067626953125	17.71	306
0.0	2523.2744140625	14.01	307
0.0	3126.822998046875	17.76	308
0.0	2004.1153564453125	10.94	309
0.0	4833.2943115234375	26.54	310
0.0	7185.5159912109375	40.21	311
0.0	16641.53271484375	86.49	312
0.0	9583.218872070312	51.39	313
0.0	2699.8846435546875	14.29	314
0.0	2912.23291015625	15.02	315
0.0	5764.929931640625	28.13	316
0.0	4690.6656494140625	24.93	317
0.0	4409.531982421875	24.38	318
0.0	15943.959838867188	86.07	319
0.0	3025.8973388671875	16.3	320
0.0	1691.6629638671875	8.97	321
0.0	1631.5302734375	8.22	322
0.0	7452.953125	40.09	323
0.0	2025.77392578125	10.7	324
0.0	10526.88525390625	56.38	325
0.0	7060.9840087890625	39.3	326
0.0	16842.576049804688	88.13	327
0.0	3717.1456298828125	19.52	328
0.0	3298.2041015625	17.94	329
0.0	5220.142578125	26.83	330
0.0	3917.201171875	20.2	331
0.0	3238.87548828125	16.91	332
0.0	1581.5859375	8.66	333
0.0	12009.891845703125	63.13	334
0.0	3790.739013671875	19.5	335
0.0	2706.0997314453125	13.04	336
0.0	6376.44189453125	34.3	337
0.0	4652.432373046875	23.83	338
0.0	6261.909912109375	32.84	339
0.0	6838.61572265625	36.46	340
0.0	4027.5452880859375	19.75	341
0.0	7309.7894287109375	38.5	342
0.0	1818.7353515625	9.88	343
0.0	899.12158203125	4.8	344
0.0	2007.8253173828125	10.74	345
0.0	7396.075439453125	39.93	346
0.0	1841.5521240234375	10.01	347
0.0	6628.8309326171875	34.86	348
0.0	3502.3043212890625	18.99	349
0.0	1851.902099609375	9.03	350
0.0	7543.7142333984375	40.56	351
0.0	1784.3758544921875	9.37	352
0.0	7112.840576171875	36.46	353
0.0	2259.94482421875	12.44	354
0.0	6561.086669921875	35.46	355
0.0	4961.4482421875	27.29	356
0.0	8091.2210693359375	43.97	357
0.0	11336.524291992188	61.28	358
0.0	2853.6380615234375	15.84	359
0.0	10936.161743164062	58.61	360
0.0	3562.724609375	17.82	361
0.0	3884.27490234375	21.01	362
0.0	3887.9696044921875	20.09	363
0.0	10141.169799804688	55.12	364
0.0	7248.3739013671875	39.36	365
0.0	13677.162231445312	71.78	366
0.0	20427.338623046875	111.24	367
0.0	3447.94384765625	18.68	368
0.0	3996.110107421875	21.39	369
0.0	4056.2078857421875	21.45	370
0.0	11259.594970703125	59.94	371
0.0	14017.567504882812	73.62	372
0.0	3385.8026123046875	16.34	373
0.0	7429.6654052734375	40.27	374
0.0	5052.7066650390625	26.67	375
0.0	2619.5548095703125	14.94	376
0.0	7885.293701171875	43.0	377
0.0	8005.23046875	41.72	378
0.0	3449.2708740234375	19.26	379
0.0	3287.69970703125	17.09	380
0.0	3491.853271484375	17.88	381
0.0	3374.9725341796875	18.62	382
0.0	10894.11669921875	54.41	981
0.0	5650.9620361328125	28.76	982
0.0	2419.837646484375	12.17	983
0.0	7881.0146484375	36.32	984
0.0	6766.0406494140625	34.65	985
0.0	3704.3583984375	18.91	986
0.0	1429.7122802734375	7.35	987
0.0	2326.1107177734375	11.43	988
0.0	9467.189086914062	47.76	989
0.0	2384.9217529296875	12.13	990
0.0	7912.806884765625	41.08	991
0.0	4179.939697265625	21.05	992
0.0	4553.638671875	23.32	993
0.0	1463.6949462890625	7.4	994
0.0	4625.3369140625	24.52	995
0.0	7744.79248046875	39.02	996
0.0	3246.42041015625	16.19	997
0.0	2480.6153564453125	12.7	998
0.0	9936.727416992188	51.61	999
0.0	4339.867431640625	22.44	1000
0.0	3427.9398193359375	17.86	1001
0.0	16469.080932617188	83.62	1002
0.0	3195.306396484375	16.5	1003
0.0	8495.128784179688	42.98	1004
0.0	4021.7889404296875	21.32	1005
0.0	4681.7760009765625	23.91	1006
0.0	5466.8311767578125	27.0	1007
0.0	2634.675048828125	13.59	1008
0.0	3735.83203125	19.2	1009
0.0	14555.824096679688	74.13	1010
0.0	32543.2333984375	158.07	1011
0.0	4834.7554931640625	23.83	1012
0.0	4665.14599609375	23.06	1013
0.0	4877.8739013671875	25.34	1014
0.0	2956.9957275390625	15.66	1015
0.0	5677.358642578125	28.76	1016
0.0	4350.3304443359375	20.85	1017
0.0	7211.6427001953125	36.32	1018
0.0	4896.1571044921875	25.14	1019
0.0	3106.9415283203125	15.64	1020
0.0	4482.91650390625	23.14	1021
0.0	8094.700439453125	40.28	1022
0.0	4011.9853515625	20.64	1023
0.0	3795.752685546875	19.42	1024
0.0	3095.1480712890625	15.68	1025
0.0	6876.4228515625	35.63	1026
0.0	2659.00439453125	14.0	1027
0.0	14198.033935546875	68.87	1028
0.0	9501.357299804688	48.81	1029
0.0	1211.9005126953125	6.23	1030
0.0	8292.382568359375	44.82	1031
0.0	1809.8953857421875	9.44	1032
0.0	5751.38525390625	30.0	1033
0.0	6763.3802490234375	34.88	1034
0.0	5373.3043212890625	25.58	1035
0.0	5110.1513671875	24.36	1036
0.0	5130.9930419921875	26.41	1037
0.0	2301.3626708984375	11.75	1038
0.0	4103.6671142578125	21.03	1039
0.0	3562.3243408203125	18.21	1040
0.0	4569.6414794921875	24.4	1041
0.0	1753.7469482421875	8.92	1042
0.0	2818.891845703125	14.75	1043
0.0	6705.3228759765625	32.2	1044
0.0	2940.55712890625	15.21	1045
0.0	8034.3050537109375	39.75	1046
0.0	6770.598388671875	36.33	1047
0.0	4479.9283447265625	23.06	1048
0.0	2997.943603515625	16.08	1049
0.0	9210.565307617188	48.11	1050
0.0	2984.77587890625	15.7	1051
0.0	12660.875122070312	66.19	1052
0.0	3965.7052001953125	20.37	1053
0.0	8198.930419921875	43.74	1054
0.0	9270.153930664062	48.15	1055
0.0	3626.677978515625	20.03	1056
0.0	8189.981201171875	41.56	1057
0.0	10828.872436523438	55.31	1058
0.0	8307.825073242188	44.07	1059
0.0	2064.694091796875	10.0	1060
0.0	14230.759399414062	74.56	1061
0.0	10113.808471679688	52.56	1062
0.0	4089.5538330078125	21.76	1063
0.0	1713.433837890625	8.6	1064
0.0	14932.458984375	80.44	1065
0.0	2698.12841796875	13.85	1066
0.0	4095.859375	19.94	1067
0.0	1739.1839599609375	8.49	1068
0.0	1708.6806640625	9.11	1069
0.0	1958.586669921875	10.39	1070
0.0	9783.833862304688	51.2	1071
0.0	6929.90478515625	37.68	1072
0.0	7822.5565185546875	39.7	1073
0.0	2485.263916015625	13.58	1074
0.0	6454.4942626953125	34.37	1075
0.0	6272.125	30.84	1076
0.0	3606.847412109375	18.7	1077
0.0	9128.094360351562	46.7	1078
0.0	14050.96240234375	72.01	1079
0.0	7579.00634765625	38.31	1080
0.0	20204.821655273438	109.42	1081
0.0	2809.77880859375	14.07	1082
0.0	15092.4716796875	81.06	1083
0.0	6071.4765625	31.35	1084
0.0	3071.75732421875	15.65	1085
0.0	3194.42431640625	16.87	1086
0.0	15580.29541015625	83.56	1087
0.0	6078.1954345703125	29.06	1088
0.0	6231.859130859375	32.34	1089
0.0	6043.0968017578125	31.88	1090
0.0	3244.8580322265625	17.22	1091
0.0	3415.8746337890625	18.39	1092
0.0	3165.634521484375	16.49	1093
0.0	31711.805541992188	166.34	1094
0.0	3218.0916748046875	17.4	1095
0.0	8507.484619140625	44.85	1096
0.0	5240.2694091796875	28.02	1097
0.0	4165.0621337890625	21.74	1098
0.0	12262.559448242188	62.68	1099
0.0	6350.410400390625	33.82	1100
0.0	7999.943603515625	41.78	1101
0.0	8609.726806640625	45.48	1102
0.0	2514.4425048828125	13.51	1103
0.0	3331.452880859375	18.0	1104
0.0	2084.1031494140625	11.5	1105
0.0	1600.243408203125	8.42	1106
0.0	4052.841796875	20.34	1107
0.0	10055.327880859375	50.97	1108
0.0	6837.0770263671875	36.46	1109
0.0	7014.8543701171875	36.38	1110
0.0	1547.6060791015625	8.09	1111
0.0	7193.1878662109375	37.32	1112
0.0	3516.0606689453125	19.06	1113
0.0	19635.261474609375	97.29	1114
0.0	6890.5462646484375	34.78	1115
0.0	2398.6156005859375	13.17	1116
0.0	7965.93212890625	40.94	1117
0.0	3429.0169677734375	17.52	1118
0.0	2516.5174560546875	12.61	1119
0.0	1928.8922119140625	9.94	1120
0.0	4149.6727294921875	22.82	1121
0.0	1721.8748779296875	8.6	1122
0.0	5073.9879150390625	26.92	1123
0.0	3904.369873046875	20.29	1124
0.0	6304.874267578125	33.8	1125
0.0	5498.8385009765625	28.58	1126
0.0	3585.21728515625	19.04	1127
0.0	5129.26611328125	27.25	1128
0.0	4404.4852294921875	22.98	1129
0.0	2613.0992431640625	14.33	1130
0.0	2409.60595703125	12.75	1131
0.0	3997.02734375	21.81	1132
0.0	4756.2576904296875	25.77	1133
0.0	5898.1976318359375	31.95	1134
0.0	6036.9700927734375	31.72	1135
0.0	6536.883056640625	34.4	1136
0.0	1639.532958984375	8.7	1137
0.0	2230.3856201171875	12.14	1138
0.0	6682.754638671875	34.03	1139
0.0	4636.979248046875	22.38	1140
0.0	19737.793823242188	101.81	1141
0.0	3474.8812255859375	18.24	1142
0.0	6677.675537109375	34.58	1143
0.0	5461.8897705078125	29.14	1144
0.0	2959.8638916015625	15.04	1145
0.0	9831.357788085938	53.43	1146
0.0	1474.0545654296875	7.6	1147
0.0	2622.0252685546875	12.58	1148
0.0	7677.330078125	37.09	1149
0.0	8794.396362304688	47.61	1150
0.0	2628.4913330078125	13.6	1151
0.0	6681.6402587890625	36.2	1152
0.0	9305.637939453125	48.7	1153
0.0	2474.1529541015625	12.45	1154
0.0	5421.0799560546875	29.35	1155
0.0	1372.5091552734375	6.95	1156
0.0	6527.3861083984375	35.21	1157
0.0	3445.2845458984375	17.96	1158
0.0	2733.2144775390625	14.5	1159
0.0	2954.8582763671875	15.33	1160
0.0	1976.2421875	10.44	1161
0.0	7293.781005859375	38.71	1162
0.0	2448.19091796875	11.8	1163
0.0	1749.1104736328125	9.47	1164
0.0	1806.0689697265625	10.18	1165
0.0	2198.9923095703125	11.72	1166
0.0	21019.306640625	114.85	1167
0.0	2508.5673828125	13.6	1168
0.0	5421.194580078125	29.29	1169
0.0	5571.941650390625	27.43	1170
0.0	6790.788330078125	36.69	1171
0.0	13291.49462890625	70.65	1172
0.0	3225.66162109375	16.98	1173
0.0	5387.9385986328125	28.48	1174
0.0	7753.60400390625	39.26	1175
0.0	2178.6751708984375	12.29	1176
0.0	5566.7249755859375	28.6	1177
0.0	4806.2403564453125	23.69	1178
0.0	4552.79443359375	24.39	1179
0.0	3179.635986328125	15.96	1180
0.0	2437.68994140625	12.32	1181
0.0	3086.39208984375	15.92	1182
0.0	4301.16943359375	23.21	1183
0.0	3924.3228759765625	20.87	1184
0.0	4310.0159912109375	20.94	1185
0.0	3427.9993896484375	18.27	1186
0.0	2954.7154541015625	15.93	1187
0.0	5992.2779541015625	31.67	1188
0.0	3044.178466796875	16.41	1189
0.0	1787.553955078125	9.66	1190
0.0	5519.1983642578125	30.32	1191
0.0	12789.686157226562	64.45	1192
0.0	4726.7947998046875	24.9	1193
0.0	5903.4012451171875	30.72	1194
0.0	4738.9749755859375	25.53	1195
0.0	6639.65771484375	36.41	1196
0.0	3216.29296875	16.75	1197
0.0	2678.7586669921875	14.45	1198
0.0	6276.057861328125	33.57	1199
0.0	4638.1395263671875	23.57	1200
0.0	3618.0506591796875	19.66	1201
0.0	4078.7977294921875	21.06	1202
0.0	5076.5760498046875	24.53	1203
0.0	5090.5379638671875	27.4	1204
0.0	4258.2113037109375	22.56	1205
0.0	2199.115234375	11.94	1206
0.0	2604.2557373046875	13.05	1207
0.0	2177.48876953125	11.93	1208
0.0	3133.1817626953125	16.9	1209
0.0	2814.8155517578125	15.56	1210
0.0	3759.094970703125	20.15	1211
0.0	7189.4542236328125	37.55	1212
0.0	3174.59716796875	16.9	1213
0.0	2493.049072265625	13.79	1214
0.0	6732.5439453125	37.45	1215
0.0	13047.154052734375	70.28	1216
0.0	1701.4342041015625	9.41	1217
0.0	6661.057373046875	34.94	1218
0.0	10047.54833984375	52.78	1219
0.0	12008.536010742188	63.82	1220
0.0	7756.48291015625	37.37	1221
0.0	4362.5831298828125	21.61	1222
0.0	10243.826538085938	51.89	1223
0.0	4078.3038330078125	21.47	1224
0.0	5898.2791748046875	30.99	1225
0.0	2948.42822265625	15.75	1226
0.0	3041.596435546875	16.33	1227
0.0	3794.1966552734375	19.32	1228
0.0	12013.420532226562	59.04	1229
0.0	1635.439453125	8.99	1230
0.0	1676.1669921875	9.08	1231
0.0	4200.7738037109375	23.26	1232
0.0	6011.358642578125	31.78	1233
0.0	17841.190185546875	95.16	1234
0.0	4104.5858154296875	21.66	1235
0.0	7212.87744140625	37.35	1236
0.0	1997.7607421875	10.15	1237
0.0	2066.9244384765625	10.91	1238
0.0	8241.755004882812	43.28	1239
0.0	5782.822021484375	30.27	1240
0.0	5559.0888671875	29.11	1241
0.0	3879.451171875	21.4	1242
0.0	1650.8665771484375	8.86	1243
0.0	4150.3973388671875	22.26	1244
0.0	5095.1649169921875	27.63	1245
0.0	6101.229248046875	33.25	1246
0.0	4165.2281494140625	20.88	1247
0.0	1971.8409423828125	10.15	1248
0.0	2394.4671630859375	12.87	1249
0.0	4298.9683837890625	21.72	1250
0.0	3627.7490234375	18.87	1251
0.0	8333.146484375	44.21	1252
0.0	6799.669677734375	34.7	1253
0.0	1619.197509765625	9.0	1254
0.0	1629.611572265625	8.73	1255
0.0	5199.8104248046875	27.34	1256
0.0	1446.544921875	7.75	1257
0.0	4158.2691650390625	21.1	1258
0.0	3662.154541015625	18.94	1259
0.0	1611.814453125	8.36	1260
0.0	4202.301025390625	22.84	1261
0.0	11702.467529296875	60.94	1262
0.0	2093.5888671875	11.69	1263
0.0	2225.8795166015625	11.63	1264
0.0	2416.26513671875	13.08	1265
0.0	16467.28759765625	84.0	1266
0.0	5353.2034912109375	26.92	1267
0.0	6756.763671875	34.49	1268
0.0	7607.0758056640625	39.4	1269
0.0	6955.1868896484375	36.69	1270
0.0	3777.6748046875	19.78	1271
0.0	2135.82666015625	10.6	1272
0.0	6066.1695556640625	32.5	1273
0.0	4448.1358642578125	23.6	1274
0.0	5690.4228515625	30.66	1275
0.0	5951.65869140625	31.8	1276
0.0	7723.67724609375	41.67	1277
0.0	4424.3175048828125	23.01	1278
0.0	5529.915283203125	28.1	1279
0.0	3209.6873779296875	17.51	1280
0.0	6070.5711669921875	33.62	1281
0.0	12437.724243164062	64.69	1282
0.0	3428.5489501953125	17.57	1283
0.0	7625.6878662109375	40.07	1284
0.0	7792.318115234375	38.15	1285
0.0	5424.3651123046875	28.8	1286
0.0	3987.373046875	22.1	1287
0.0	2721.393798828125	14.3	1288
0.0	5002.7503662109375	27.06	1289
0.0	3143.787841796875	15.78	1290
0.0	1711.6224365234375	9.21	1291
0.0	9474.50927734375	48.39	1292
0.0	1382.7757568359375	7.56	1293
0.0	4461.740966796875	23.84	1294
0.0	1783.082275390625	9.27	1295
0.0	5344.8409423828125	29.05	1296
0.0	8996.7109375	47.77	1297
0.0	2908.88134765625	15.52	1298
0.0	2211.3701171875	12.06	1299
0.0	5390.4918212890625	28.75	1300
0.0	3663.2867431640625	19.34	1301
0.0	11919.015380859375	63.29	1302
0.0	4248.9466552734375	21.36	1303
0.0	16004.355590820312	88.82	1304
0.0	3511.016845703125	19.16	1305
0.0	3743.524658203125	18.66	1306
0.0	6920.1624755859375	36.55	1307
0.0	11502.175415039062	61.03	1308
0.0	3449.540771484375	16.86	1309
0.0	3916.4049072265625	20.23	1310
0.0	9928.40576171875	51.65	1311
0.0	4703.169921875	24.57	1312
0.0	2431.0609130859375	13.5	1313
0.0	6247.998779296875	32.94	1314
0.0	16493.214599609375	87.23	1315
0.0	6147.3643798828125	33.98	1316
0.0	6105.1806640625	32.8	1317
0.0	7195.586181640625	38.99	1318
0.0	22229.174194335938	120.87	1319
0.0	9427.239379882812	48.66	1320
0.0	2387.1622314453125	12.75	1321
0.0	2798.332275390625	15.3	1322
0.0	14198.8740234375	75.04	1323
0.0	7957.19091796875	42.96	1324
0.0	18160.192993164062	89.89	1325
0.0	10632.890747070312	56.28	1326
0.0	5739.822265625	28.57	1327
0.0	5244.80078125	25.44	1328
0.0	2892.27880859375	14.78	1329
0.0	8958.438110351562	47.96	1330
0.0	5146.3883056640625	26.57	1331
0.0	5296.00927734375	26.11	1332
0.0	6967.1221923828125	37.03	1333
0.0	13376.404174804688	67.05	1334
0.0	14649.627319335938	75.88	1335
0.0	5037.81591796875	27.69	1336
0.0	1637.8511962890625	9.4	1337
0.0	5757.844970703125	29.02	1338
0.0	7328.394775390625	39.57	1339
0.0	12915.621337890625	69.77	1340
0.0	5036.263671875	25.48	1341
0.0	12213.301879882812	65.62	1342
0.0	7342.9266357421875	38.8	1343
0.0	32781.522705078125	178.93	1344
0.0	4751.7490234375	26.4	1345
0.0	9914.360229492188	52.4	1346
0.0	3831.9600830078125	20.97	1347
0.0	5624.6734619140625	32.07	1348
0.0	6032.2418212890625	33.13	1349
0.0	3933.013916015625	20.36	1350
0.0	3081.775146484375	16.32	1351
0.0	1829.456787109375	9.59	1352
0.0	3720.5313720703125	18.05	1353
0.0	2387.484375	12.63	1354
0.0	4858.8040771484375	25.05	1355
0.0	7377.806396484375	35.45	1356
0.0	4900.0059814453125	26.8	1357
0.0	1753.6463623046875	9.13	1358
0.0	6016.620361328125	32.51	1359
0.0	6428.554931640625	35.22	1360
0.0	4389.3931884765625	22.93	1361
0.0	2298.8804931640625	12.11	1362
0.0	1764.4107666015625	9.74	1363
0.0	14589.970336914062	75.25	1364
0.0	3876.9586181640625	20.43	1365
0.0	2043.8050537109375	10.9	1366
0.0	8249.727172851562	43.84	1367
0.0	2967.0130615234375	14.67	1368
0.0	10757.048828125	55.05	1369
0.0	8039.9525146484375	43.12	1370
0.0	10928.423828125	59.34	1371
0.0	4141.22265625	22.75	1372
0.0	3788.5965576171875	18.48	1961
0.0	7872.3345947265625	40.26	1962
0.0	2690.7520751953125	13.77	1963
0.0	3237.10400390625	16.45	1964
0.0	7561.279052734375	37.85	1965
0.0	7553.5859375	37.93	1966
0.0	3081.5501708984375	15.66	1967
0.0	19615.155151367188	97.52	1968
0.0	2236.1092529296875	11.44	1969
0.0	4287.7257080078125	21.46	1970
0.0	3148.7730712890625	16.39	1971
0.0	4411.9425048828125	23.06	1972
0.0	2551.470458984375	12.8	1973
0.0	8284.619750976562	41.7	1974
0.0	4527.0648193359375	23.35	1975
0.0	4060.82373046875	20.97	1976
0.0	9166.183715820312	46.46	1977
0.0	3251.4901123046875	16.57	1978
0.0	4401.3038330078125	22.78	1979
0.0	13675.010498046875	69.73	1980
0.0	2946.049560546875	14.8	1981
0.0	2508.539794921875	12.77	1982
0.0	6685.1513671875	34.73	1983
0.0	15835.787475585938	76.77	1984
0.0	1501.677978515625	7.8	1985
0.0	4177.085205078125	21.64	1986
0.0	8053.46240234375	41.91	1987
0.0	6710.0552978515625	34.78	1988
0.0	3823.7305908203125	19.37	1989
0.0	8206.74267578125	42.87	1990
0.0	4137.05517578125	19.79	1991
0.0	2333.174072265625	11.98	1992
0.0	5640.771728515625	29.37	1993
0.0	3223.030517578125	16.68	1994
0.0	6180.42041015625	31.72	1995
0.0	6908.0537109375	34.85	1996
0.0	3236.7186279296875	16.86	1997
0.0	7501.248291015625	39.86	1998
0.0	3216.1092529296875	16.58	1999
0.0	2621.7498779296875	13.88	2000
0.0	3804.1639404296875	20.15	2001
0.0	6740.5833740234375	35.22	2002
0.0	21000.789184570312	109.82	2003
0.0	8977.83935546875	44.31	2004
0.0	4479.0948486328125	22.22	2005
0.0	4399.0531005859375	22.5	2006
0.0	2213.3466796875	11.52	2007
0.0	7167.9825439453125	37.25	2008
0.0	5174.6219482421875	25.64	2009
0.0	6921.763427734375	35.42	2010
0.0	2849.47705078125	14.89	2011
0.0	2110.333740234375	11.02	2012
0.0	5726.863525390625	28.46	2013
0.0	4442.8092041015625	21.33	2014
0.0	4495.730712890625	22.89	2015
0.0	7354.6683349609375	37.34	2016
0.0	2491.027099609375	13.31	2017
0.0	3638.045166015625	19.5	2018
0.0	4300.608154296875	21.73	2019
0.0	3466.7169189453125	18.88	2020
0.0	3044.7340087890625	15.98	2021
0.0	3338.563232421875	16.74	2022
0.0	1834.1627197265625	9.48	2023
0.0	6682.6439208984375	33.98	2024
0.0	1298.4144287109375	6.8	2025
0.0	6278.6617431640625	31.66	2026
0.0	8251.046508789062	44.58	2027
0.0	5863.892333984375	31.7	2028
0.0	2606.55908203125	13.54	2029
0.0	11849.276611328125	61.27	2030
0.0	6771.908203125	34.82	2031
0.0	5844.953125	30.17	2032
0.0	3307.493408203125	17.33	2033
0.0	2756.0238037109375	14.58	2034
0.0	6182.76025390625	32.32	2035
0.0	6543.983154296875	34.18	2036
0.0	8907.0068359375	43.54	2037
0.0	4972.12158203125	25.69	2038
0.0	8817.669677734375	46.89	2039
0.0	4914.7254638671875	25.33	2040
0.0	9567.67431640625	50.34	2041
0.0	3615.4322509765625	18.6	2042
0.0	1896.708251953125	10.0	2043
0.0	1915.21484375	10.19	2044
0.0	5302.0478515625	27.45	2045
0.0	2367.789306640625	12.83	2046
0.0	4312.5062255859375	22.88	2047
0.0	2866.93408203125	14.57	2048
0.0	4507.4783935546875	22.55	2049
0.0	4369.794677734375	21.69	2050
0.0	10581.997802734375	56.38	2051
0.0	5030.8970947265625	26.0	2052
0.0	5472.25634765625	28.52	2053
0.0	4035.5262451171875	20.6	2054
0.0	6251.03662109375	31.58	2055
0.0	8346.403076171875	43.09	2056
0.0	8352.27099609375	44.23	2057
0.0	5574.740478515625	28.42	2058
0.0	12707.851440429688	64.85	2059
0.0	3914.2412109375	20.42	2060
0.0	8873.973999023438	46.79	2061
0.0	2321.01025390625	12.28	2062
0.0	3308.0450439453125	16.93	2063
0.0	17135.192504882812	88.34	2064
0.0	2672.662353515625	14.8	2065
0.0	5228.9251708984375	25.89	2066
0.0	4016.4185791015625	21.05	2067
0.0	7600.8031005859375	39.29	2068
0.0	5751.213134765625	29.45	2069
0.0	2114.4788818359375	10.62	2070
0.0	4658.1282958984375	24.9	2071
0.0	2081.1932373046875	10.95	2072
0.0	5386.849609375	28.69	2073
0.0	2907.3907470703125	14.6	2074
0.0	17925.760498046875	92.27	2075
0.0	3537.5787353515625	18.38	2076
0.0	9467.711181640625	47.24	2077
0.0	10520.557006835938	56.97	2078
0.0	8714.166015625	42.32	2079
0.0	5860.5206298828125	30.01	2080
0.0	5663.2325439453125	30.7	2081
0.0	2279.956787109375	12.34	2082
0.0	8047.6446533203125	39.78	2083
0.0	6148.3505859375	30.72	2084
0.0	5470.96533203125	28.42	2085
0.0	6360.83056640625	32.46	2086
0.0	4663.227294921875	24.05	2087
0.0	3667.70458984375	18.98	2088
0.0	4471.37451171875	22.4	2089
0.0	1490.466064453125	7.62	2090
0.0	3535.302978515625	19.1	2091
0.0	10875.667602539062	56.71	2092
0.0	11087.387451171875	56.81	2093
0.0	2895.82177734375	14.51	2094
0.0	4321.90380859375	22.24	2095
0.0	1660.91943359375	8.87	2096
0.0	2710.45947265625	14.17	2097
0.0	3915.1346435546875	20.6	2098
0.0	5815.263427734375	31.38	2099
0.0	10700.732055664062	57.64	2100
0.0	14393.801635742188	77.38	2101
0.0	1062.8616943359375	5.56	2102
0.0	4688.0968017578125	24.96	2103
0.0	4118.131591796875	20.79	2104
0.0	4854.8834228515625	25.55	2105
0.0	2278.6148681640625	12.47	2106
0.0	5770.862060546875	29.66	2107
0.0	5041.37451171875	26.35	2108
0.0	2013.23486328125	9.94	2109
0.0	8430.890625	45.56	2110
0.0	5910.00439453125	31.81	2111
0.0	1901.6856689453125	9.76	2112
0.0	2002.250244140625	10.67	2113
0.0	4103.2437744140625	20.43	2114
0.0	5872.6109619140625	30.92	2115
0.0	2261.248779296875	11.9	2116
0.0	11011.96435546875	57.27	2117
0.0	2661.547119140625	14.47	2118
0.0	3519.3875732421875	18.57	2119
0.0	7650.060302734375	41.6	2120
0.0	3794.4197998046875	20.14	2121
0.0	3685.8304443359375	19.23	2122
0.0	2744.4951171875	14.5	2123
0.0	5215.1373291015625	27.7	2124
0.0	35351.396728515625	189.42	2125
0.0	2176.03955078125	11.51	2126
0.0	3001.7791748046875	15.8	2127
0.0	7988.47998046875	42.69	2128
0.0	4608.0736083984375	24.23	2129
0.0	11315.898681640625	60.18	2130
0.0	7000.8775634765625	35.55	2131
0.0	5003.113525390625	26.68	2132
0.0	23620.396850585938	119.99	2133
0.0	4515.466064453125	23.96	2134
0.0	4483.58154296875	21.73	2135
0.0	6164.285888671875	32.68	2136
0.0	9851.4599609375	51.36	2137
0.0	5327.0076904296875	26.74	2138
0.0	3983.0198974609375	21.19	2139
0.0	5159.2677001953125	26.49	2140
0.0	7697.824462890625	39.47	2141
0.0	2287.450927734375	12.4	2142
0.0	1590.1873779296875	8.41	2143
0.0	6140.620361328125	33.7	2144
0.0	2932.3173828125	15.15	2145
0.0	4812.3807373046875	25.66	2146
0.0	4887.4296875	25.3	2147
0.0	23294.753173828125	115.42	2148
0.0	19454.942749023438	103.4	2149
0.0	2380.1453857421875	12.1	2150
0.0	11271.12646484375	57.87	2151
0.0	10599.65966796875	57.76	2152
0.0	1786.8836669921875	9.5	2153
0.0	26651.009643554688	141.15	2154
0.0	9091.640014648438	45.85	2155
0.0	4715.379150390625	24.97	2156
0.0	8830.235107421875	47.9	2157
0.0	5285.7020263671875	26.95	2158
0.0	2785.572509765625	14.62	2159
0.0	10388.492431640625	56.76	2160
0.0	3945.2061767578125	19.79	2161
0.0	4714.7628173828125	26.03	2162
0.0	5358.124755859375	26.74	2163
0.0	19220.587036132812	95.18	2164
0.0	6567.6016845703125	34.89	2165
0.0	2685.39794921875	14.47	2166
0.0	11873.345947265625	64.75	2167
0.0	3511.479248046875	18.83	2168
0.0	12528.207763671875	61.41	2169
0.0	3259.0985107421875	17.5	2170
0.0	1973.0245361328125	11.14	2171
0.0	5379.32275390625	27.45	2172
0.0	2446.4676513671875	12.44	2173
0.0	2269.916015625	11.54	2174
0.0	2372.4342041015625	13.16	2175
0.0	3379.950927734375	18.84	2176
0.0	11861.135498046875	57.35	2177
0.0	6251.0596923828125	33.64	2178
0.0	1557.625244140625	8.3	2179
0.0	7189.0252685546875	37.67	2180
0.0	4936.9598388671875	25.76	2181
0.0	8424.926025390625	40.24	2182
0.0	10507.877685546875	55.56	2183
0.0	2960.789306640625	16.1	2184
0.0	10442.10546875	53.38	2185
0.0	3344.56298828125	18.51	2186
0.0	16010.440551757812	86.88	2187
0.0	7731.15185546875	42.01	2188
0.0	5255.5400390625	28.07	2189
0.0	6980.0985107421875	36.91	2190
0.0	9489.722778320312	49.25	2191
0.0	3435.6455078125	18.56	2192
0.0	4414.961181640625	23.65	2193
0.0	7155.568359375	39.7	2194
0.0	6390.195068359375	35.23	2195
0.0	2472.061279296875	13.87	2196
0.0	1526.58349609375	8.52	2197
0.0	4647.6949462890625	24.83	2198
0.0	15100.308959960938	81.78	2199
0.0	3202.4488525390625	16.13	2200
0.0	4666.9228515625	25.03	2201
0.0	3854.648193359375	18.61	2202
0.0	3841.0863037109375	21.16	2203
0.0	6529.2137451171875	35.81	2204
0.0	5147.8662109375	28.49	2205
0.0	3524.5880126953125	17.29	2206
0.0	30224.044555664062	156.54	2207
0.0	7983.1287841796875	41.44	2208
0.0	11151.053955078125	61.19	2209
0.0	6151.7943115234375	32.93	2210
0.0	3310.7928466796875	17.67	2211
0.0	5933.1502685546875	30.51	2212
0.0	3945.824462890625	20.85	2213
0.0	5227.2242431640625	27.1	2214
0.0	5700.315673828125	30.91	2215
0.0	3049.4927978515625	15.57	2216
0.0	3664.644775390625	19.46	2217
0.0	2158.5299072265625	11.41	2218
0.0	6979.4359130859375	34.52	2219
0.0	7276.1126708984375	37.71	2220
0.0	4252.61767578125	22.18	2221
0.0	8704.964477539062	47.59	2222
0.0	4323.355712890625	22.55	2223
0.0	5516.030517578125	29.08	2224
0.0	4052.54052734375	20.93	2225
0.0	4247.0211181640625	22.6	2226
0.0	5576.2344970703125	30.34	2227
0.0	2960.778564453125	15.27	2228
0.0	4260.9268798828125	22.91	2229
0.0	1430.4515380859375	7.92	2230
0.0	2009.067626953125	10.74	2231
0.0	5791.2071533203125	29.87	2232
0.0	8237.49755859375	38.82	2233
0.0	23319.231201171875	123.13	2234
0.0	4686.0634765625	25.75	2235
0.0	3399.7127685546875	16.88	2236
0.0	3350.3607177734375	17.89	2237
0.0	3053.156494140625	15.87	2238
0.0	7711.9041748046875	41.0	2239
0.0	2109.914306640625	11.45	2240
0.0	4492.9822998046875	23.28	2241
0.0	3864.6700439453125	20.56	2242
0.0	3687.89453125	19.56	2243
0.0	6386.955810546875	34.8	2244
0.0	8416.731567382812	45.52	2245
0.0	2991.9605712890625	16.34	2246
0.0	4529.5509033203125	25.0	2247
0.0	5762.7327880859375	30.61	2248
0.0	2989.377197265625	16.28	2249
0.0	8011.9884033203125	42.49	2250
0.0	4547.844970703125	25.09	2251
0.0	3063.257080078125	16.78	2252
0.0	1997.5009765625	10.58	2253
0.0	3238.95556640625	17.23	2254
0.0	14442.256225585938	76.2	2255
0.0	4125.314453125	21.95	2256
0.0	6308.9483642578125	34.02	2257
0.0	8309.491455078125	45.26	2258
0.0	3754.487060546875	19.75	2259
0.0	3091.41748046875	17.15	2260
0.0	3441.038330078125	17.75	2261
0.0	11493.161987304688	61.45	2262
0.0	2848.9454345703125	16.14	2263
0.0	9407.653076171875	49.1	2264
0.0	8615.080322265625	47.03	2265
0.0	4535.97998046875	25.15	2266
0.0	9061.369750976562	47.88	2267
0.0	6991.015869140625	35.76	2268
0.0	2499.6776123046875	13.36	2269
0.0	3371.4022216796875	17.78	2270
0.0	3996.5494384765625	20.95	2271
0.0	3065.5391845703125	16.77	2272
0.0	6038.327392578125	31.98	2273
0.0	4107.1412353515625	21.94	2274
0.0	13479.096435546875	72.84	2275
0.0	3117.189208984375	16.98	2276
0.0	4647.34130859375	23.98	2277
0.0	6429.10791015625	35.48	2278
0.0	8741.246948242188	45.12	2279
0.0	4416.67236328125	23.51	2280
0.0	1981.275146484375	9.98	2281
0.0	1639.943603515625	8.65	2282
0.0	6613.1109619140625	36.27	2283
0.0	3173.21728515625	17.35	2284
0.0	5692.5111083984375	29.2	2285
0.0	3917.0906982421875	19.72	2286
0.0	6031.349609375	31.87	2287
0.0	6827.3082275390625	34.45	2288
0.0	4771.0810546875	23.37	2289
0.0	14924.947021484375	78.6	2290
0.0	18645.015869140625	101.47	2291
0.0	5369.2896728515625	27.89	2292
0.0	4145.3697509765625	21.65	2293
0.0	3718.1060791015625	19.86	2294
0.0	4006.4835205078125	20.98	2295
0.0	4129.9281005859375	21.61	2296
0.0	1985.9820556640625	10.8	2297
0.0	2605.3936767578125	13.0	2298
0.0	3862.761962890625	20.89	2299
0.0	3221.4837646484375	16.1	2300
0.0	7326.6591796875	39.36	2301
0.0	12834.771850585938	67.97	2302
0.0	2851.5555419921875	14.88	2303
0.0	3075.426025390625	15.95	2304
0.0	5848.948974609375	30.87	2305
0.0	2543.7735595703125	14.14	2306
0.0	2553.5892333984375	13.59	2307
0.0	2167.6748046875	11.88	2308
0.0	4628.3653564453125	25.23	2309
0.0	3407.82958984375	18.71	2310
0.0	2635.354248046875	14.81	2311
0.0	3410.9144287109375	18.03	2312
0.0	18401.704467773438	97.24	2313
0.0	5286.31982421875	28.51	2314
0.0	2173.8817138671875	12.05	2315
0.0	21561.150512695312	102.79	2316
0.0	1922.64013671875	10.03	2317
0.0	6898.4102783203125	37.68	2318
0.0	3470.8280029296875	18.22	2319
0.0	4113.1815185546875	22.57	2320
0.0	1585.6075439453125	7.95	2321
0.0	3467.1475830078125	18.24	2322
0.0	3341.9964599609375	17.64	2323
0.0	9009.498413085938	48.46	2324
0.0	3476.246826171875	18.63	2325
0.0	5968.47900390625	33.16	2326
0.0	3727.3668212890625	20.02	2327
0.0	3337.4183349609375	17.74	2328
0.0	7001.8876953125	37.31	2329
0.0	5153.85546875	25.89	2330
0.0	5820.928466796875	32.1	2331
0.0	14855.961303710938	78.21	2332
0.0	8226.761962890625	43.21	2333
0.0	4186.5997314453125	22.53	2334
0.0	10624.42626953125	58.39	2335
0.0	5145.4775390625	27.6	2336
0.0	5196.9013671875	27.56	2337
0.0	9950.687744140625	52.76	2338
0.0	1730.0894775390625	8.17	2339
0.0	3565.245849609375	18.04	2340
0.0	3174.982177734375	16.92	2341
0.0	1940.640869140625	10.72	2342
0.0	5055.118896484375	26.3	2343
0.0	7470.52197265625	39.27	2344
0.0	2319.4512939453125	12.75	2345
0.0	3600.1090087890625	19.44	2346
0.0	3339.2052001953125	17.85	2347
0.0	1402.011962890625	7.82	2348
0.0	2769.00244140625	14.89	2349
0.0	8895.563354492188	48.01	2350
0.0	6281.3944091796875	29.0	2941
0.0	4944.692626953125	24.8	2942
0.0	895.9788818359375	4.48	2943
0.0	3914.2481689453125	20.31	2944
0.0	5076.5174560546875	24.41	2945
0.0	3341.7679443359375	17.94	2946
0.0	9579.116821289062	44.51	2947
0.0	3206.44189453125	16.12	2948
0.0	5370.2647705078125	27.02	2949
0.0	2933.47900390625	14.3	2950
0.0	6727.661865234375	34.31	2951
0.0	5067.5078125	25.93	2952
0.0	5761.87158203125	28.04	2953
0.0	5610.42041015625	28.09	2954
0.0	1256.360107421875	6.73	2955
0.0	3411.53515625	17.65	2956
0.0	4611.5390625	24.56	2957
0.0	10595.063720703125	52.73	2958
0.0	6340.2213134765625	32.49	2959
0.0	13916.84716796875	74.39	2960
0.0	3099.562744140625	15.74	2961
0.0	3695.1717529296875	18.62	2962
0.0	2478.364013671875	12.57	2963
0.0	1218.96240234375	5.92	2964
0.0	4570.8858642578125	22.91	2965
0.0	3294.2694091796875	17.23	2966
0.0	6712.903564453125	34.12	2967
0.0	6977.25390625	36.52	2968
0.0	2509.1407470703125	13.36	2969
0.0	3992.9310302734375	21.11	2970
0.0	10040.694946289062	51.53	2971
0.0	4137.8233642578125	21.95	2972
0.0	3769.398681640625	17.66	2973
0.0	6317.6092529296875	33.03	2974
0.0	7501.6241455078125	39.97	2975
0.0	2058.146728515625	10.79	2976
0.0	24106.28955078125	115.44	2977
0.0	4742.44677734375	23.34	2978
0.0	4765.4549560546875	25.11	2979
0.0	2120.841552734375	11.25	2980
0.0	17876.696655273438	78.55	2981
0.0	2484.5465087890625	12.1	2982
0.0	5245.1514892578125	25.97	2983
0.0	7093.564697265625	35.3	2984
0.0	14812.722045898438	76.85	2985
0.0	8572.602294921875	44.33	2986
0.0	6688.7947998046875	33.6	2987
0.0	2447.2493896484375	12.93	2988
0.0	12224.852416992188	64.71	2989
0.0	4744.0926513671875	23.06	2990
0.0	7448.01318359375	35.69	2991
0.0	8076.7359619140625	41.19	2992
0.0	3702.740234375	19.79	2993
0.0	3858.9200439453125	20.69	2994
0.0	2901.4210205078125	14.32	2995
0.0	4026.895263671875	20.13	2996
0.0	6006.6358642578125	31.3	2997
0.0	2596.588134765625	12.55	2998
0.0	2717.3326416015625	14.09	2999
0.0	15412.351196289062	79.52	3000
0.0	5482.7301025390625	28.2	3001
0.0	4277.533935546875	21.94	3002
0.0	7274.5491943359375	38.59	3003
0.0	1819.2584228515625	9.56	3004
0.0	2600.449951171875	13.65	3005
0.0	4848.686767578125	24.99	3006
0.0	4685.301513671875	24.29	3007
0.0	2296.1136474609375	11.72	3008
0.0	8114.38037109375	42.45	3009
0.0	2673.4541015625	13.72	3010
0.0	7005.3421630859375	37.4	3011
0.0	1943.1082763671875	10.25	3012
0.0	5199.473876953125	27.52	3013
0.0	4292.3746337890625	21.11	3014
0.0	5467.3330078125	29.13	3015
0.0	2969.6068115234375	14.27	3016
0.0	3207.311767578125	17.17	3017
0.0	966.3282470703125	5.06	3018
0.0	3026.7073974609375	16.63	3019
0.0	14161.766479492188	74.06	3020
0.0	4166.71923828125	22.42	3021
0.0	6127.011962890625	32.1	3022
0.0	3794.631103515625	20.18	3023
0.0	7385.0716552734375	37.75	3024
0.0	4045.6290283203125	20.8	3025
0.0	2906.121826171875	14.74	3026
0.0	4839.7462158203125	25.56	3027
0.0	5012.9381103515625	25.59	3028
0.0	1658.63232421875	8.84	3029
0.0	8744.36962890625	46.33	3030
0.0	9029.981323242188	47.28	3031
0.0	1892.146240234375	9.25	3032
0.0	3277.69140625	16.73	3033
0.0	5210.0452880859375	26.8	3034
0.0	3109.7696533203125	14.45	3035
0.0	3805.8487548828125	19.89	3036
0.0	17401.164672851562	90.78	3037
0.0	7719.6429443359375	38.31	3038
0.0	5752.0767822265625	29.56	3039
0.0	2044.4095458984375	10.78	3040
0.0	4795.2410888671875	24.04	3041
0.0	6158.2685546875	31.36	3042
0.0	20725.458862304688	107.29	3043
0.0	4174.692138671875	22.27	3044
0.0	6192.45166015625	32.62	3045
0.0	3443.3563232421875	18.49	3046
0.0	3480.5953369140625	18.51	3047
0.0	10295.843872070312	56.01	3048
0.0	9586.047607421875	48.07	3049
0.0	2923.476318359375	15.34	3050
0.0	7100.344482421875	35.58	3051
0.0	1640.6859130859375	8.23	3052
0.0	2768.214599609375	14.75	3053
0.0	9424.9375	50.19	3054
0.0	2558.412353515625	13.42	3055
0.0	3953.3280029296875	21.37	3056
0.0	3207.349853515625	17.06	3057
0.0	12377.60791015625	59.81	3058
0.0	5642.7900390625	29.36	3059
0.0	6428.14794921875	34.59	3060
0.0	3558.9669189453125	18.5	3061
0.0	12042.585205078125	65.01	3062
0.0	5206.1739501953125	27.66	3063
0.0	5198.331787109375	27.76	3064
0.0	1484.009521484375	7.53	3065
0.0	5634.087158203125	29.52	3066
0.0	17129.37646484375	89.07	3067
0.0	9168.440307617188	47.07	3068
0.0	5479.485595703125	28.52	3069
0.0	1339.959228515625	7.05	3070
0.0	5230.48779296875	27.15	3071
0.0	8491.045654296875	45.96	3072
0.0	9995.042724609375	51.35	3073
0.0	9760.038208007812	52.25	3074
0.0	1679.6373291015625	8.77	3075
0.0	2878.2607421875	14.68	3076
0.0	3800.111328125	19.56	3077
0.0	3878.2969970703125	20.37	3078
0.0	5105.93505859375	27.82	3079
0.0	5141.0570068359375	26.83	3080
0.0	6743.8798828125	35.32	3081
0.0	1880.1759033203125	9.71	3082
0.0	11171.069091796875	57.18	3083
0.0	1819.7105712890625	10.07	3084
0.0	9561.732543945312	49.87	3085
0.0	3418.8128662109375	16.93	3086
0.0	16216.699340820312	87.25	3087
0.0	15728.468627929688	85.44	3088
0.0	6230.7227783203125	32.3	3089
0.0	5663.113037109375	29.89	3090
0.0	2133.0811767578125	11.36	3091
0.0	2312.6685791015625	12.02	3092
0.0	4200.4151611328125	21.82	3093
0.0	2602.0985107421875	13.68	3094
0.0	4139.2979736328125	20.83	3095
0.0	2115.6026611328125	11.43	3096
0.0	2752.8505859375	14.13	3097
0.0	13873.76123046875	69.1	3098
0.0	8913.65185546875	46.67	3099
0.0	3120.53125	16.6	3100
0.0	5819.1539306640625	29.95	3101
0.0	11707.551879882812	59.6	3102
0.0	1859.4371337890625	9.57	3103
0.0	1883.607666015625	9.34	3104
0.0	5796.90771484375	30.62	3105
0.0	6272.3538818359375	32.52	3106
0.0	4038.895263671875	20.83	3107
0.0	4808.1029052734375	25.89	3108
0.0	1253.771728515625	6.78	3109
0.0	3618.9140625	18.05	3110
0.0	6727.7447509765625	34.87	3111
0.0	14461.316284179688	74.91	3112
0.0	6711.7867431640625	32.71	3113
0.0	2456.0673828125	12.16	3114
0.0	1950.5057373046875	9.96	3115
0.0	6042.788330078125	31.43	3116
0.0	4422.8648681640625	22.53	3117
0.0	5739.575439453125	29.68	3118
0.0	3884.181396484375	21.13	3119
0.0	6289.857177734375	33.5	3120
0.0	5890.595458984375	31.62	3121
0.0	3576.72802734375	18.06	3122
0.0	7458.082763671875	39.59	3123
0.0	5073.583984375	26.29	3124
0.0	2630.195068359375	14.06	3125
0.0	4986.150634765625	26.64	3126
0.0	10036.7109375	55.02	3127
0.0	3058.669921875	15.39	3128
0.0	4466.4815673828125	23.0	3129
0.0	3790.9288330078125	19.7	3130
0.0	2841.467529296875	15.71	3131
0.0	4410.286865234375	23.6	3132
0.0	5366.9459228515625	26.64	3133
0.0	3507.6787109375	18.71	3134
0.0	6126.016357421875	33.46	3135
0.0	6105.1959228515625	32.96	3136
0.0	6857.70263671875	37.44	3137
0.0	7376.8343505859375	38.84	3138
0.0	9893.073852539062	52.02	3139
0.0	4798.8599853515625	26.03	3140
0.0	4396.5206298828125	23.16	3141
0.0	2962.49267578125	15.33	3142
0.0	3581.115478515625	19.89	3143
0.0	12206.563598632812	61.34	3144
0.0	4526.8302001953125	23.78	3145
0.0	6186.8443603515625	32.19	3146
0.0	3137.8616943359375	15.7	3147
0.0	4420.23779296875	23.72	3148
0.0	3029.95654296875	15.71	3149
0.0	6908.253662109375	35.89	3150
0.0	5487.652587890625	27.81	3151
0.0	2368.23046875	12.4	3152
0.0	8403.43994140625	44.7	3153
0.0	5947.3765869140625	30.2	3154
0.0	3674.8841552734375	18.87	3155
0.0	5500.8013916015625	28.57	3156
0.0	6324.7529296875	34.1	3157
0.0	3562.814697265625	18.87	3158
0.0	5647.439208984375	30.35	3159
0.0	2806.6986083984375	14.58	3160
0.0	9305.1220703125	48.19	3161
0.0	5292.3380126953125	28.73	3162
0.0	2888.4097900390625	15.5	3163
0.0	3570.46484375	18.82	3164
0.0	2662.88134765625	14.0	3165
0.0	5165.0670166015625	27.47	3166
0.0	6257.185791015625	33.09	3167
0.0	20829.907470703125	110.47	3168
0.0	10229.665771484375	55.36	3169
0.0	4472.458984375	23.95	3170
0.0	10784.9814453125	58.04	3171
0.0	3026.2147216796875	16.27	3172
0.0	2783.42431640625	14.86	3173
0.0	2290.82958984375	12.76	3174
0.0	5806.80078125	32.1	3175
0.0	6679.6123046875	33.97	3176
0.0	1234.2476806640625	6.57	3177
0.0	10938.718505859375	58.73	3178
0.0	6926.5372314453125	36.11	3179
0.0	3998.1337890625	20.65	3180
0.0	3902.00830078125	20.84	3181
0.0	2321.8568115234375	12.47	3182
0.0	2421.716552734375	12.99	3183
0.0	6509.55078125	34.51	3184
0.0	4982.025390625	27.04	3185
0.0	6160.0167236328125	32.03	3186
0.0	3620.958740234375	18.42	3187
0.0	6809.76416015625	33.43	3188
0.0	5342.716796875	28.37	3189
0.0	3925.850341796875	21.01	3190
0.0	20209.045654296875	103.13	3191
0.0	4928.3917236328125	25.61	3192
0.0	2123.6170654296875	11.79	3193
0.0	2765.878662109375	15.16	3194
0.0	9814.218139648438	51.05	3195
0.0	7667.954345703125	40.4	3196
0.0	2689.299560546875	14.44	3197
0.0	2881.9560546875	15.2	3198
0.0	4190.0450439453125	22.72	3199
0.0	6649.852783203125	33.63	3200
0.0	11317.91650390625	58.93	3201
0.0	10518.771850585938	55.18	3202
0.0	3423.9716796875	17.38	3203
0.0	4093.93994140625	21.58	3204
0.0	5586.476318359375	28.8	3205
0.0	2526.6485595703125	13.45	3206
0.0	2479.529052734375	13.48	3207
0.0	5004.4188232421875	26.35	3208
0.0	11897.575927734375	56.93	3209
0.0	4967.917236328125	27.66	3210
0.0	3611.103759765625	19.37	3211
0.0	46975.16650390625	246.8	3212
0.0	4363.2559814453125	22.63	3213
0.0	12648.949462890625	59.87	3214
0.0	4495.851806640625	23.69	3215
0.0	8508.563354492188	43.24	3216
0.0	6374.8582763671875	33.54	3217
0.0	6192.1141357421875	32.57	3218
0.0	5582.3297119140625	30.05	3219
0.0	6103.8319091796875	31.66	3220
0.0	11057.451171875	60.53	3221
0.0	2725.308837890625	13.88	3222
0.0	2221.9359130859375	11.45	3223
0.0	4237.969970703125	22.65	3224
0.0	3682.9879150390625	19.92	3225
0.0	2920.25146484375	15.81	3226
0.0	6668.881103515625	35.24	3227
0.0	2981.510498046875	16.69	3228
0.0	10754.361938476562	58.79	3229
0.0	5069.083740234375	28.31	3230
0.0	8084.81103515625	43.56	3231
0.0	6687.2049560546875	36.1	3232
0.0	4475.9786376953125	23.54	3233
0.0	10055.029296875	50.97	3234
0.0	20757.840454101562	107.63	3235
0.0	5768.2000732421875	30.78	3236
0.0	4773.6453857421875	23.45	3237
0.0	2506.53466796875	12.77	3238
0.0	6027.7242431640625	31.34	3239
0.0	12471.904663085938	65.51	3240
0.0	4514.39453125	23.13	3241
0.0	3913.8297119140625	21.29	3242
0.0	3214.1512451171875	17.81	3243
0.0	1212.608154296875	6.35	3244
0.0	12282.820922851562	63.99	3245
0.0	2703.1622314453125	14.31	3246
0.0	6134.8482666015625	33.47	3247
0.0	3317.4461669921875	18.21	3248
0.0	6229.08740234375	34.77	3249
0.0	11415.572875976562	55.85	3250
0.0	2766.3857421875	14.48	3251
0.0	3850.32861328125	20.19	3252
0.0	3873.1121826171875	21.19	3253
0.0	4751.313720703125	25.0	3254
0.0	2802.1829833984375	14.31	3255
0.0	8198.253173828125	42.93	3256
0.0	4316.610107421875	21.08	3257
0.0	7417.9908447265625	39.5	3258
0.0	2901.6546630859375	15.58	3259
0.0	5106.79248046875	25.55	3260
0.0	2232.7205810546875	11.6	3261
0.0	14528.197143554688	79.56	3262
0.0	1646.561767578125	8.29	3263
0.0	2537.3170166015625	13.52	3264
0.0	4820.783935546875	24.71	3265
0.0	5318.3533935546875	28.67	3266
0.0	10427.54052734375	53.89	3267
0.0	2846.6409912109375	13.32	3268
0.0	6608.303466796875	34.01	3269
0.0	2066.465576171875	10.97	3270
0.0	7460.6353759765625	40.43	3271
0.0	3264.484375	16.91	3272
0.0	8708.128540039062	46.93	3273
0.0	2892.9332275390625	15.18	3274
0.0	5696.8421630859375	29.67	3275
0.0	6204.774169921875	32.73	3276
0.0	7907.6273193359375	38.98	3277
0.0	4786.6046142578125	25.59	3278
0.0	4273.0079345703125	21.43	3279
0.0	5215.15576171875	27.9	3280
0.0	7428.56298828125	39.31	3281
0.0	11234.0341796875	61.67	3282
0.0	3388.4169921875	17.55	3283
0.0	4662.238037109375	24.75	3284
0.0	12545.644897460938	65.25	3285
0.0	11574.23681640625	63.27	3286
0.0	3042.775390625	16.57	3287
0.0	3796.7381591796875	19.73	3288
0.0	14078.788330078125	76.46	3289
0.0	9672.652465820312	50.57	3290
0.0	6755.812255859375	36.64	3291
0.0	6050.836181640625	33.1	3292
0.0	4254.394287109375	22.92	3293
0.0	6918.36572265625	36.74	3294
0.0	2635.3323974609375	14.25	3295
0.0	6394.8538818359375	33.87	3296
0.0	2651.8076171875	13.74	3297
0.0	6785.5286865234375	36.25	3298
0.0	5625.427734375	30.21	3299
0.0	9615.685424804688	49.55	3300
0.0	12737.599853515625	70.27	3301
0.0	3066.2779541015625	16.78	3302
0.0	3925.46923828125	20.8	3303
0.0	3070.778076171875	15.14	3304
0.0	7637.7303466796875	39.83	3305
0.0	8209.306274414062	42.2	3306
0.0	2843.32470703125	15.12	3307
0.0	5068.100830078125	26.19	3308
0.0	1944.8975830078125	10.47	3309
0.0	4458.512451171875	23.33	3310
0.0	4271.984619140625	23.33	3311
0.0	12444.207397460938	66.42	3312
0.0	7584.524169921875	41.79	3313
0.0	2867.2396240234375	15.15	3314
0.0	3092.7813720703125	15.78	3315
0.0	4058.24267578125	20.04	3316
0.0	7609.0281982421875	41.81	3317
0.0	3073.0279541015625	16.6	3318
0.0	3255.28466796875	18.11	3319
0.0	6156.96533203125	34.33	3320
0.0	3015.0953369140625	14.98	3321
0.0	3290.1568603515625	17.34	3322
0.0	5720.5048828125	30.19	3323
0.0	3884.0457763671875	21.38	3324
0.0	1780.6361083984375	8.88	3325
0.0	5184.4940185546875	28.56	3326
0.0	3213.6717529296875	16.62	3327
0.0	4785.29248046875	25.12	3328
0.0	2135.845458984375	11.35	3329
0.0	2119.853759765625	10.99	3330
0.0	5585.23388671875	29.67	3331
0.0	2826.5576171875	14.78	3332
0.0	5842.586669921875	30.34	3333
0.0	7811.567138671875	43.34	3334
0.0	4533.1541748046875	24.86	3335
0.0	9866.251708984375	53.99	3336
0.0	7298.527587890625	39.8	3337
0.0	5551.789306640625	27.48	3921
0.0	15854.359130859375	78.96	3922
0.0	1790.0635986328125	9.17	3923
0.0	7430.0684814453125	37.52	3924
0.0	3274.378662109375	15.93	3925
0.0	6452.86376953125	31.63	3926
0.0	9154.451782226562	48.42	3927
0.0	3197.933349609375	16.53	3928
0.0	4413.5111083984375	21.49	3929
0.0	3304.3564453125	17.25	3930
0.0	2581.85791015625	12.98	3931
0.0	9491.952880859375	47.98	3932
0.0	8058.969970703125	40.37	3933
0.0	7699.6949462890625	37.84	3934
0.0	5098.5166015625	24.87	3935
0.0	5976.986083984375	29.73	3936
0.0	3721.6785888671875	19.38	3937
0.0	9793.670288085938	50.14	3938
0.0	3346.901611328125	17.11	3939
0.0	6356.1822509765625	32.76	3940
0.0	2871.026611328125	14.97	3941
0.0	6490.759521484375	33.53	3942
0.0	3240.2593994140625	15.81	3943
0.0	7741.1314697265625	38.15	3944
0.0	1032.49658203125	5.56	3945
0.0	5072.957763671875	25.52	3946
0.0	5249.305419921875	25.7	3947
0.0	2581.2459716796875	13.36	3948
0.0	4393.8331298828125	22.36	3949
0.0	3186.61083984375	16.18	3950
0.0	2026.9471435546875	10.68	3951
0.0	2953.46923828125	15.4	3952
0.0	7169.109130859375	37.31	3953
0.0	1223.632568359375	6.54	3954
0.0	12255.488891601562	61.98	3955
0.0	4475.3375244140625	21.96	3956
0.0	4058.0958251953125	20.47	3957
0.0	2933.6229248046875	14.85	3958
0.0	13810.271240234375	68.9	3959
0.0	2029.5369873046875	10.37	3960
0.0	2801.2427978515625	14.34	3961
0.0	4947.1793212890625	25.17	3962
0.0	5740.2083740234375	29.44	3963
0.0	1799.3973388671875	9.72	3964
0.0	4512.2401123046875	23.7	3965
0.0	2850.91162109375	15.53	3966
0.0	2408.4649658203125	12.63	3967
0.0	2107.737060546875	11.15	3968
0.0	6173.7081298828125	30.6	3969
0.0	3402.362060546875	18.03	3970
0.0	4116.705322265625	20.61	3971
0.0	2016.5518798828125	10.72	3972
0.0	8274.71240234375	44.04	3973
0.0	16232.0	83.95	3974
0.0	2608.4736328125	13.87	3975
0.0	4668.23876953125	24.68	3976
0.0	1720.013427734375	9.04	3977
0.0	4509.3876953125	23.68	3978
0.0	5970.7530517578125	29.25	3979
0.0	2079.0623779296875	10.59	3980
0.0	5347.549072265625	28.44	3981
0.0	5174.602783203125	26.37	3982
0.0	7341.4176025390625	37.42	3983
0.0	2421.75732421875	12.03	3984
0.0	5595.219482421875	28.96	3985
0.0	2893.5863037109375	14.04	3986
0.0	4392.040771484375	22.39	3987
0.0	2301.4395751953125	12.15	3988
0.0	8132.4173583984375	41.78	3989
0.0	2684.4095458984375	14.37	3990
0.0	8155.54833984375	41.84	3991
0.0	1556.759765625	8.15	3992
0.0	11414.9306640625	58.55	3993
0.0	2298.322998046875	12.05	3994
0.0	4209.83642578125	22.29	3995
0.0	2986.19287109375	15.84	3996
0.0	6402.786865234375	33.49	3997
0.0	2765.2962646484375	14.29	3998
0.0	3579.873291015625	19.21	3999
0.0	15366.285522460938	79.28	4000
0.0	4747.8612060546875	25.05	4001
0.0	6165.601318359375	32.4	4002
0.0	4689.988037109375	23.77	4003
0.0	5586.0123291015625	28.2	4004
0.0	3119.2474365234375	16.07	4005
0.0	3222.31298828125	16.48	4006
0.0	4407.4422607421875	22.66	4007
0.0	4906.29150390625	26.01	4008
0.0	7620.98291015625	39.57	4009
0.0	4453.6796875	23.77	4010
0.0	6911.24560546875	36.91	4011
0.0	4829.358642578125	25.32	4012
0.0	16475.5810546875	83.18	4013
0.0	4009.1905517578125	22.14	4014
0.0	3900.0201416015625	20.49	4015
0.0	8772.36279296875	48.39	4016
0.0	3716.2802734375	19.53	4017
0.0	32401.813720703125	177.78	4018
0.0	4158.3837890625	21.16	4019
0.0	2087.2078857421875	10.99	4020
0.0	4030.842041015625	20.9	4021
0.0	3701.7225341796875	19.35	4022
0.0	6680.8421630859375	33.57	4023
0.0	2726.49951171875	14.52	4024
0.0	5083.0255126953125	25.11	4025
0.0	14734.173217773438	76.25	4026
0.0	3062.511474609375	15.56	4027
0.0	10493.387451171875	55.17	4028
0.0	1317.34716796875	6.37	4029
0.0	2784.1722412109375	14.44	4030
0.0	10312.392211914062	54.19	4031
0.0	4579.9610595703125	23.27	4032
0.0	5572.011962890625	28.94	4033
0.0	2738.0103759765625	13.12	4034
0.0	3239.7967529296875	17.6	4035
0.0	8204.475219726562	42.47	4036
0.0	1894.26708984375	9.51	4037
0.0	2993.6993408203125	14.71	4038
0.0	14069.271362304688	71.61	4039
0.0	2455.4129638671875	13.23	4040
0.0	6216.9149169921875	33.02	4041
0.0	2573.5863037109375	14.05	4042
0.0	7338.46630859375	39.63	4043
0.0	7201.082275390625	36.8	4044
0.0	1320.7191162109375	7.05	4045
0.0	11773.424072265625	62.46	4046
0.0	7235.9200439453125	37.29	4047
0.0	4490.60400390625	23.31	4048
0.0	4798.319091796875	25.18	4049
0.0	2393.1688232421875	12.16	4050
0.0	3503.24755859375	18.61	4051
0.0	10710.325561523438	56.54	4052
0.0	3179.1336669921875	16.96	4053
0.0	7157.290283203125	37.5	4054
0.0	3537.28466796875	18.52	4055
0.0	39586.57580566406	194.55	4056
0.0	11394.74755859375	60.21	4057
0.0	2301.7110595703125	12.26	4058
0.0	2420.8704833984375	12.92	4059
0.0	3812.32080078125	20.55	4060
0.0	3355.4844970703125	17.73	4061
0.0	2898.961669921875	14.53	4062
0.0	2589.9085693359375	13.53	4063
0.0	5200.938232421875	26.56	4064
0.0	9277.967163085938	46.23	4065
0.0	9000.871215820312	45.27	4066
0.0	5426.333740234375	28.72	4067
0.0	3009.5716552734375	16.72	4068
0.0	2486.466064453125	13.29	4069
0.0	5232.110107421875	27.21	4070
0.0	2593.63720703125	13.85	4071
0.0	2660.86865234375	13.9	4072
0.0	7316.6610107421875	38.96	4073
0.0	1473.414794921875	8.15	4074
0.0	4646.45703125	22.96	4075
0.0	3017.67041015625	16.27	4076
0.0	4639.0975341796875	25.17	4077
0.0	2153.55712890625	11.5	4078
0.0	11022.1689453125	57.36	4079
0.0	4117.90771484375	21.94	4080
0.0	7899.71240234375	41.94	4081
0.0	17429.610717773438	90.19	4082
0.0	7935.610595703125	40.42	4083
0.0	4500.9700927734375	23.25	4084
0.0	2265.7965087890625	11.52	4085
0.0	13985.345092773438	73.56	4086
0.0	2415.853515625	12.61	4087
0.0	8093.9178466796875	42.01	4088
0.0	6921.73828125	36.7	4089
0.0	4725.191650390625	24.94	4090
0.0	2424.4808349609375	12.32	4091
0.0	3840.648193359375	20.6	4092
0.0	6639.3936767578125	34.43	4093
0.0	2857.91943359375	14.48	4094
0.0	17641.359497070312	92.48	4095
0.0	3147.764892578125	15.77	4096
0.0	3432.001953125	17.74	4097
0.0	1937.5906982421875	10.52	4098
0.0	9029.224975585938	45.68	4099
0.0	1842.288818359375	9.6	4100
0.0	3722.056884765625	18.96	4101
0.0	1892.3892822265625	10.24	4102
0.0	7550.2537841796875	40.33	4103
0.0	4174.334228515625	22.1	4104
0.0	4890.0657958984375	25.2	4105
0.0	3389.7977294921875	17.63	4106
0.0	2974.563720703125	14.67	4107
0.0	3603.192138671875	19.35	4108
0.0	12025.482788085938	57.36	4109
0.0	4580.6688232421875	23.37	4110
0.0	3477.1947021484375	18.46	4111
0.0	11146.927124023438	58.5	4112
0.0	10752.325927734375	54.1	4113
0.0	4639.843994140625	24.29	4114
0.0	2714.4718017578125	14.34	4115
0.0	2891.98291015625	15.73	4116
0.0	6325.1663818359375	33.31	4117
0.0	2812.7877197265625	14.19	4118
0.0	10613.0517578125	57.31	4119
0.0	4016.643798828125	20.57	4120
0.0	6925.3104248046875	36.97	4121
0.0	7012.4696044921875	36.94	4122
0.0	4410.3570556640625	23.07	4123
0.0	6640.3494873046875	35.62	4124
0.0	5756.1993408203125	29.27	4125
0.0	1888.3736572265625	10.38	4126
0.0	5889.3792724609375	32.17	4127
0.0	15160.92626953125	80.47	4128
0.0	5219.5115966796875	27.47	4129
0.0	4364.2340087890625	23.8	4130
0.0	1348.2208251953125	7.08	4131
0.0	2868.797119140625	15.67	4132
0.0	9221.267578125	50.11	4133
0.0	4426.271728515625	23.34	4134
0.0	6087.27734375	33.54	4135
0.0	1970.2235107421875	9.91	4136
0.0	7722.2545166015625	40.87	4137
0.0	5310.936767578125	28.57	4138
0.0	4931.411865234375	25.59	4139
0.0	3448.054931640625	18.43	4140
0.0	8163.066162109375	42.73	4141
0.0	6686.1390380859375	35.22	4142
0.0	3709.773681640625	19.71	4143
0.0	3154.2359619140625	16.38	4144
0.0	6338.585693359375	33.48	4145
0.0	8303.093139648438	42.56	4146
0.0	3559.260009765625	18.05	4147
0.0	1529.88427734375	8.24	4148
0.0	12660.306274414062	66.73	4149
0.0	3983.8028564453125	20.33	4150
0.0	5673.4332275390625	30.24	4151
0.0	5486.92138671875	28.72	4152
0.0	7812.5633544921875	42.59	4153
0.0	1501.1177978515625	7.44	4154
0.0	12277.700073242188	55.88	4155
0.0	2621.051025390625	13.78	4156
0.0	4397.9036865234375	22.9	4157
0.0	7294.311767578125	37.39	4158
0.0	5694.2110595703125	31.0	4159
0.0	5745.47412109375	31.3	4160
0.0	8045.3323974609375	43.06	4161
0.0	7448.176513671875	39.62	4162
0.0	1473.998046875	8.25	4163
0.0	13513.125122070312	72.42	4164
0.0	6675.181640625	34.37	4165
0.0	8209.72998046875	43.98	4166
0.0	3168.5479736328125	16.64	4167
0.0	1275.3826904296875	7.05	4168
0.0	6445.699951171875	34.32	4169
0.0	4865.9158935546875	25.13	4170
0.0	7401.763427734375	40.28	4171
0.0	5533.60302734375	29.82	4172
0.0	10937.199951171875	58.43	4173
0.0	2981.286376953125	16.06	4174
0.0	4404.7239990234375	22.08	4175
0.0	11467.901123046875	59.22	4176
0.0	10945.070068359375	58.52	4177
0.0	12939.853149414062	66.61	4178
0.0	3752.7322998046875	17.98	4179
0.0	11487.228271484375	61.6	4180
0.0	3074.007568359375	16.9	4181
0.0	5858.3895263671875	32.76	4182
0.0	4022.0330810546875	20.67	4183
0.0	10067.062744140625	52.98	4184
0.0	1623.05419921875	8.44	4185
0.0	3201.9454345703125	17.6	4186
0.0	3352.84521484375	18.3	4187
0.0	5406.361328125	28.32	4188
0.0	2052.00634765625	10.95	4189
0.0	5810.3380126953125	30.18	4190
0.0	7819.8525390625	40.88	4191
0.0	1321.0648193359375	6.85	4192
0.0	3043.34716796875	16.11	4193
0.0	15338.092041015625	80.56	4194
0.0	2976.1748046875	15.43	4195
0.0	3548.8524169921875	18.22	4196
0.0	16808.467407226562	88.94	4197
0.0	7540.069091796875	39.6	4198
0.0	3736.051025390625	19.34	4199
0.0	3687.817138671875	19.87	4200
0.0	5896.2568359375	32.35	4201
0.0	4935.0902099609375	25.55	4202
0.0	5476.8487548828125	27.66	4203
0.0	4344.9652099609375	21.81	4204
0.0	14697.851196289062	78.8	4205
0.0	12543.0849609375	64.25	4206
0.0	4120.1893310546875	21.8	4207
0.0	1478.113525390625	7.72	4208
0.0	4340.861572265625	22.59	4209
0.0	6731.658203125	34.43	4210
0.0	2949.9237060546875	15.9	4211
0.0	2854.9515380859375	15.2	4212
0.0	14355.376220703125	78.41	4213
0.0	5278.6419677734375	28.48	4214
0.0	1920.0587158203125	10.29	4215
0.0	2736.1915283203125	14.95	4216
0.0	3247.1983642578125	16.99	4217
0.0	5628.47021484375	30.38	4218
0.0	2955.5050048828125	15.73	4219
0.0	8262.122680664062	45.82	4220
0.0	5169.4017333984375	27.48	4221
0.0	4327.94970703125	19.74	4222
0.0	3337.1656494140625	18.2	4223
0.0	5017.5157470703125	26.74	4224
0.0	4234.402099609375	20.97	4225
0.0	5211.558349609375	28.35	4226
0.0	7998.326904296875	42.6	4227
0.0	3636.868896484375	19.48	4228
0.0	3594.9637451171875	17.97	4229
0.0	3046.9412841796875	16.42	4230
0.0	6567.8065185546875	34.76	4231
0.0	4342.7457275390625	22.52	4232
0.0	3147.8687744140625	17.03	4233
0.0	6930.071044921875	38.48	4234
0.0	2230.9404296875	11.88	4235
0.0	17567.547607421875	96.71	4236
0.0	11590.309692382812	62.83	4237
0.0	3620.7113037109375	18.25	4238
0.0	8548.319946289062	44.83	4239
0.0	2878.44873046875	15.91	4240
0.0	2182.6595458984375	11.33	4241
0.0	3701.9091796875	19.06	4242
0.0	12297.127685546875	65.34	4243
0.0	6596.0479736328125	35.45	4244
0.0	3975.0792236328125	21.33	4245
0.0	7991.9036865234375	43.97	4246
0.0	2016.41357421875	10.83	4247
0.0	9515.2412109375	51.89	4248
0.0	5832.020263671875	31.41	4249
0.0	4247.21044921875	23.46	4250
0.0	37489.680419921875	200.5	4251
0.0	4430.1595458984375	22.75	4252
0.0	4925.765869140625	26.45	4253
0.0	2254.9327392578125	12.61	4254
0.0	7995.058349609375	39.77	4255
0.0	4569.9320068359375	23.89	4256
0.0	6306.2940673828125	33.89	4257
0.0	3812.4837646484375	20.03	4258
0.0	10532.173828125	54.61	4259
0.0	1929.24853515625	9.99	4260
0.0	3388.27783203125	17.6	4261
0.0	7532.1199951171875	41.64	4262
0.0	6005.065185546875	30.81	4263
0.0	1640.560791015625	8.79	4264
0.0	4657.0145263671875	24.37	4265
0.0	3279.61279296875	17.49	4266
0.0	3756.2181396484375	19.82	4267
0.0	28445.0830078125	151.47	4268
0.0	5533.4697265625	29.59	4269
0.0	6167.1971435546875	33.79	4270
0.0	9345.726196289062	47.99	4271
0.0	2760.1053466796875	15.34	4272
0.0	5952.8492431640625	32.15	4273
0.0	3584.226806640625	18.93	4274
0.0	5685.08154296875	28.12	4275
0.0	2377.0877685546875	13.27	4276
0.0	3674.9046630859375	20.33	4277
0.0	2851.4305419921875	16.1	4278
0.0	4926.656494140625	25.65	4279
0.0	8316.810546875	42.28	4280
0.0	6403.0726318359375	33.54	4281
0.0	2639.1883544921875	13.48	4282
0.0	8162.252685546875	43.77	4283
0.0	1921.125732421875	10.54	4284
0.0	4746.6949462890625	24.23	4285
0.0	6047.7384033203125	32.29	4286
0.0	2977.5892333984375	14.84	4287
0.0	5661.5433349609375	30.12	4288
0.0	7901.727783203125	38.14	4289
0.0	4483.6201171875	24.2	4290
0.0	1966.2725830078125	10.56	4291
0.0	5840.95556640625	29.33	4292
0.0	3995.667236328125	21.97	4293
0.0	2752.517578125	14.94	4294
0.0	4390.8876953125	23.56	4295
0.0	7125.1898193359375	38.12	4296
0.0	2882.2137451171875	15.69	4297
0.0	2474.2978515625	12.79	4298
0.0	16826.429565429688	91.78	4299
0.0	8185.969482421875	44.62	4300
0.0	3859.7669677734375	20.23	4301
0.0	7486.7259521484375	39.55	4302
0.0	4819.237060546875	24.79	4303
0.0	2749.9322509765625	14.11	4304
0.0	11283.38818359375	61.89	4305
0.0	9590.026245117188	51.7	4306
0.0	5747.5223388671875	29.81	4307
0.0	4975.35693359375	25.73	4308
0.0	5699.07763671875	31.63	4309
0.0	10081.313842773438	52.4	4310
0.0	4193.781005859375	22.98	4311
0.0	1719.69677734375	8.93	4312
0.0	4040.960205078125	22.1	4313
0.0	2588.5875244140625	13.03	4314
0.0	3896.872314453125	21.61	4315
0.0	10853.34521484375	59.5	4316
0.0	6783.8326416015625	38.38	4317
0.0	2618.1634521484375	14.59	4318
0.0	4692.20263671875	23.01	4901
0.0	6650.4854736328125	32.03	4902
0.0	4517.905029296875	23.34	4903
0.0	6654.7637939453125	33.98	4904
0.0	13907.184692382812	71.06	4905
0.0	3214.3460693359375	16.09	4906
0.0	2450.1441650390625	12.63	4907
0.0	6799.9354248046875	35.0	4908
0.0	2212.5531005859375	11.42	4909
0.0	7210.7261962890625	36.42	4910
0.0	10360.085083007812	52.3	4911
0.0	2304.9581298828125	11.93	4912
0.0	4320.6016845703125	21.82	4913
0.0	11164.421997070312	57.79	4914
0.0	7670.3441162109375	38.1	4915
0.0	7822.755615234375	40.03	4916
0.0	2302.8819580078125	11.78	4917
0.0	1391.394287109375	7.45	4918
0.0	5093.51416015625	27.29	4919
0.0	4947.8121337890625	25.76	4920
0.0	7116.05615234375	35.92	4921
0.0	4923.968505859375	25.03	4922
0.0	4044.5093994140625	20.78	4923
0.0	1396.9228515625	7.0	4924
0.0	5569.186279296875	29.14	4925
0.0	5613.425537109375	28.64	4926
0.0	3698.2568359375	18.48	4927
0.0	5584.5174560546875	29.34	4928
0.0	7241.4112548828125	36.61	4929
0.0	9491.8291015625	46.53	4930
0.0	3305.386962890625	15.86	4931
0.0	8536.508544921875	43.13	4932
0.0	11599.53466796875	57.79	4933
0.0	5099.910888671875	24.95	4934
0.0	7372.3382568359375	38.75	4935
0.0	6176.3248291015625	32.49	4936
0.0	2397.2655029296875	11.6	4937
0.0	3303.568115234375	16.51	4938
0.0	2507.4268798828125	12.81	4939
0.0	4529.997314453125	23.21	4940
0.0	2540.91552734375	12.82	4941
0.0	9265.070678710938	48.76	4942
0.0	3082.2261962890625	16.65	4943
0.0	5696.5528564453125	29.47	4944
0.0	7624.34521484375	37.45	4945
0.0	2769.5955810546875	14.61	4946
0.0	2715.8389892578125	13.91	4947
0.0	5514.188720703125	28.3	4948
0.0	9356.470703125	48.17	4949
0.0	3710.413330078125	19.38	4950
0.0	6006.38623046875	30.51	4951
0.0	4691.6903076171875	23.11	4952
0.0	4005.8187255859375	20.93	4953
0.0	4967.9278564453125	26.16	4954
0.0	5333.070556640625	28.07	4955
0.0	4323.9534912109375	22.91	4956
0.0	3842.33056640625	18.68	4957
0.0	6787.222900390625	34.76	4958
0.0	5960.484130859375	30.33	4959
0.0	14524.015747070312	71.62	4960
0.0	8576.935546875	45.04	4961
0.0	4939.1583251953125	24.84	4962
0.0	2877.431396484375	15.26	4963
0.0	2931.74658203125	14.42	4964
0.0	2078.3843994140625	10.61	4965
0.0	2157.6318359375	10.76	4966
0.0	9965.792236328125	52.87	4967
0.0	3030.6195068359375	15.78	4968
0.0	6232.3482666015625	31.48	4969
0.0	8405.226440429688	41.92	4970
0.0	2796.4500732421875	14.24	4971
0.0	9307.777954101562	48.31	4972
0.0	3305.729736328125	17.08	4973
0.0	1476.347900390625	7.17	4974
0.0	4406.7445068359375	21.38	4975
0.0	11660.07470703125	61.98	4976
0.0	1902.75537109375	9.96	4977
0.0	1538.759521484375	8.22	4978
0.0	4563.8902587890625	24.25	4979
0.0	8419.235473632812	44.24	4980
0.0	13912.642456054688	74.45	4981
0.0	9552.294311523438	45.36	4982
0.0	1805.5997314453125	9.8	4983
0.0	7449.082275390625	38.26	4984
0.0	4603.8653564453125	24.86	4985
0.0	3162.0167236328125	16.94	4986
0.0	6466.0108642578125	34.29	4987
0.0	7670.2423095703125	39.69	4988
0.0	3475.783447265625	18.62	4989
0.0	6638.806640625	35.91	4990
0.0	7808.1009521484375	40.2	4991
0.0	7476.3868408203125	36.21	4992
0.0	10055.922241210938	53.29	4993
0.0	2762.4781494140625	14.38	4994
0.0	3876.4263916015625	19.88	4995
0.0	2091.03076171875	10.79	4996
0.0	9679.038940429688	51.66	4997
0.0	4442.39013671875	23.32	4998
0.0	4168.558837890625	22.06	4999
0.0	3626.7481689453125	17.54	5000
0.0	10163.88134765625	53.47	5001
0.0	7710.003173828125	40.54	5002
0.0	5663.5411376953125	29.76	5003
0.0	2870.3607177734375	14.91	5004
0.0	2402.9935302734375	12.19	5005
0.0	16178.341430664062	86.58	5006
0.0	3346.7811279296875	17.34	5007
0.0	8963.607299804688	46.31	5008
0.0	1400.0987548828125	7.3	5009
0.0	2040.3004150390625	10.32	5010
0.0	10547.512329101562	57.01	5011
0.0	33979.892333984375	183.77	5012
0.0	1842.038818359375	9.9	5013
0.0	5365.5615234375	27.71	5014
0.0	3410.991455078125	18.63	5015
0.0	4806.1575927734375	24.88	5016
0.0	1670.7401123046875	8.68	5017
0.0	1906.47705078125	9.99	5018
0.0	3511.9002685546875	19.12	5019
0.0	2342.6068115234375	11.68	5020
0.0	8429.71923828125	43.39	5021
0.0	8494.651611328125	43.66	5022
0.0	6768.193359375	35.22	5023
0.0	15439.458251953125	76.31	5024
0.0	2834.0279541015625	15.24	5025
0.0	3289.373046875	17.0	5026
0.0	7044.531982421875	36.77	5027
0.0	4192.241943359375	21.59	5028
0.0	6381.9339599609375	33.31	5029
0.0	6306.03857421875	33.34	5030
0.0	3278.1898193359375	16.59	5031
0.0	3917.296875	20.93	5032
0.0	5075.638916015625	26.48	5033
0.0	4089.52001953125	21.74	5034
0.0	4503.207275390625	23.1	5035
0.0	9168.961303710938	48.62	5036
0.0	10949.6103515625	54.89	5037
0.0	15552.9736328125	80.29	5038
0.0	1547.2259521484375	8.16	5039
0.0	3871.30078125	19.7	5040
0.0	10014.560913085938	50.65	5041
0.0	2924.383544921875	14.84	5042
0.0	11428.994140625	62.74	5043
0.0	4174.207275390625	21.71	5044
0.0	4958.9849853515625	27.45	5045
0.0	6094.4525146484375	32.87	5046
0.0	2680.76123046875	13.93	5047
0.0	10588.255859375	55.78	5048
0.0	3729.3951416015625	19.27	5049
0.0	1490.32373046875	7.66	5050
0.0	7286.55419921875	37.8	5051
0.0	8896.540405273438	46.38	5052
0.0	2414.46630859375	13.17	5053
0.0	2896.92236328125	15.76	5054
0.0	1873.5059814453125	10.14	5055
0.0	17948.393920898438	89.8	5056
0.0	3603.1207275390625	18.33	5057
0.0	5987.1885986328125	31.86	5058
0.0	3523.0166015625	18.58	5059
0.0	2852.7381591796875	14.09	5060
0.0	2465.7978515625	13.42	5061
0.0	3997.602783203125	20.78	5062
0.0	2971.72607421875	15.83	5063
0.0	8669.41455078125	44.93	5064
0.0	3708.34912109375	18.97	5065
0.0	29492.6328125	153.7	5066
0.0	2173.298828125	11.7	5067
0.0	4760.8897705078125	25.75	5068
0.0	3051.5064697265625	16.35	5069
0.0	4656.587890625	24.98	5070
0.0	2234.5386962890625	11.38	5071
0.0	3905.3680419921875	21.24	5072
0.0	6045.42724609375	32.77	5073
0.0	1720.1171875	8.82	5074
0.0	2235.027099609375	11.31	5075
0.0	3129.0679931640625	16.54	5076
0.0	3705.0638427734375	20.03	5077
0.0	3617.604736328125	18.39	5078
0.0	2924.3143310546875	16.21	5079
0.0	5073.9051513671875	26.14	5080
0.0	2862.431396484375	15.35	5081
0.0	4250.404541015625	23.15	5082
0.0	4866.93505859375	26.82	5083
0.0	3326.15478515625	17.73	5084
0.0	4183.2913818359375	21.54	5085
0.0	2990.659912109375	15.49	5086
0.0	2389.0379638671875	12.38	5087
0.0	3955.8370361328125	20.8	5088
0.0	12454.3125	66.92	5089
0.0	5650.439208984375	28.15	5090
0.0	4389.179443359375	21.36	5091
0.0	3442.7652587890625	17.33	5092
0.0	3600.6075439453125	17.97	5093
0.0	3526.8363037109375	18.96	5094
0.0	3109.7215576171875	16.85	5095
0.0	2639.4808349609375	13.6	5096
0.0	9040.906005859375	44.48	5097
0.0	2309.4486083984375	12.09	5098
0.0	9792.515869140625	51.61	5099
0.0	9958.721313476562	53.02	5100
0.0	2762.9803466796875	13.98	5101
0.0	5456.246826171875	30.58	5102
0.0	6206.3160400390625	33.02	5103
0.0	7220.3006591796875	38.02	5104
0.0	4323.9102783203125	22.76	5105
0.0	4145.345703125	21.73	5106
0.0	3188.154541015625	16.48	5107
0.0	7444.142333984375	39.73	5108
0.0	4895.858154296875	26.57	5109
0.0	3663.6043701171875	18.36	5110
0.0	8185.765869140625	43.05	5111
0.0	6597.41064453125	33.05	5112
0.0	8472.744262695312	44.37	5113
0.0	6105.5047607421875	33.55	5114
0.0	5327.6700439453125	28.08	5115
0.0	6921.207763671875	37.6	5116
0.0	1603.965576171875	8.64	5117
0.0	8153.464111328125	43.99	5118
0.0	4104.446533203125	22.78	5119
0.0	6278.100341796875	33.47	5120
0.0	2279.16650390625	11.83	5121
0.0	4537.35302734375	25.04	5122
0.0	1531.89794921875	8.06	5123
0.0	6482.47119140625	34.07	5124
0.0	2917.086181640625	15.46	5125
0.0	5334.345458984375	28.68	5126
0.0	5087.7027587890625	26.83	5127
0.0	6778.629638671875	34.03	5128
0.0	3457.9130859375	18.19	5129
0.0	3166.1746826171875	16.64	5130
0.0	7805.1707763671875	40.82	5131
0.0	4315.923828125	23.27	5132
0.0	1431.7357177734375	7.32	5133
0.0	9031.569702148438	48.09	5134
0.0	2665.9837646484375	14.8	5135
0.0	5770.82275390625	29.09	5136
0.0	6837.6617431640625	36.93	5137
0.0	23009.5009765625	124.45	5138
0.0	9393.507202148438	50.91	5139
0.0	6348.994873046875	33.15	5140
0.0	3678.71533203125	18.0	5141
0.0	2478.5216064453125	12.55	5142
0.0	3297.2066650390625	17.75	5143
0.0	5602.130859375	29.47	5144
0.0	8514.6220703125	44.54	5145
0.0	8066.9266357421875	43.56	5146
0.0	8560.624389648438	44.55	5147
0.0	6623.7652587890625	34.81	5148
0.0	9463.362426757812	52.11	5149
0.0	4733.559814453125	24.79	5150
0.0	1740.341064453125	9.02	5151
0.0	4361.94775390625	23.17	5152
0.0	1587.585693359375	9.16	5153
0.0	1648.0465087890625	8.84	5154
0.0	2963.5560302734375	15.98	5155
0.0	5937.4691162109375	32.27	5156
0.0	3896.5362548828125	20.23	5157
0.0	739.13720703125	4.04	5158
0.0	3028.9010009765625	15.98	5159
0.0	3068.3641357421875	16.37	5160
0.0	2808.1815185546875	14.36	5161
0.0	3410.7037353515625	18.57	5162
0.0	3803.1944580078125	18.37	5163
0.0	3217.8353271484375	16.83	5164
0.0	6999.25732421875	35.98	5165
0.0	6051.7154541015625	32.17	5166
0.0	9150.299438476562	49.91	5167
0.0	9862.19384765625	51.42	5168
0.0	4694.395263671875	25.92	5169
0.0	3213.9892578125	16.45	5170
0.0	2420.8262939453125	12.66	5171
0.0	9395.152221679688	48.17	5172
0.0	5338.5498046875	27.93	5173
0.0	4445.673095703125	23.54	5174
0.0	9902.466796875	53.85	5175
0.0	6501.845458984375	34.7	5176
0.0	12462.150512695312	64.28	5177
0.0	2952.2091064453125	15.16	5178
0.0	10012.213623046875	53.39	5179
0.0	7604.487548828125	38.9	5180
0.0	2257.44921875	11.97	5181
0.0	1176.3455810546875	6.0	5182
0.0	3602.3236083984375	18.92	5183
0.0	2354.6226806640625	12.65	5184
0.0	10280.369506835938	53.5	5185
0.0	1778.922607421875	9.33	5186
0.0	4963.06591796875	23.4	5187
0.0	4829.5345458984375	25.63	5188
0.0	6954.4212646484375	33.82	5189
0.0	11516.000122070312	57.25	5190
0.0	2784.83349609375	14.9	5191
0.0	16040.28955078125	85.74	5192
0.0	7165.364013671875	37.31	5193
0.0	8767.002685546875	45.67	5194
0.0	3470.1192626953125	18.35	5195
0.0	7074.484130859375	38.78	5196
0.0	4954.3643798828125	25.17	5197
0.0	4030.29833984375	21.1	5198
0.0	8751.080322265625	46.06	5199
0.0	5693.893798828125	30.26	5200
0.0	1638.3486328125	9.21	5201
0.0	1822.7862548828125	9.78	5202
0.0	1385.896484375	7.45	5203
0.0	8525.661376953125	45.22	5204
0.0	4108.1702880859375	21.96	5205
0.0	10859.2119140625	58.64	5206
0.0	5115.0245361328125	28.11	5207
0.0	18005.34130859375	97.63	5208
0.0	2680.016845703125	13.84	5209
0.0	9175.10546875	46.28	5210
0.0	5988.61669921875	33.06	5211
0.0	2616.1318359375	13.59	5212
0.0	4427.3419189453125	23.08	5213
0.0	16129.693725585938	86.96	5214
0.0	7627.4207763671875	41.46	5215
0.0	8820.17626953125	43.46	5216
0.0	1634.7884521484375	8.8	5217
0.0	2885.2523193359375	15.54	5218
0.0	4235.810791015625	21.65	5219
0.0	16339.425048828125	87.93	5220
0.0	7796.85107421875	41.19	5221
0.0	3650.1929931640625	17.52	5222
0.0	2535.8753662109375	13.56	5223
0.0	7340.2000732421875	39.6	5224
0.0	6210.228759765625	33.53	5225
0.0	2033.818115234375	10.68	5226
0.0	2021.0284423828125	10.79	5227
0.0	4237.367919921875	22.33	5228
0.0	5913.75	31.38	5229
0.0	10763.698486328125	58.67	5230
0.0	4456.57275390625	23.18	5231
0.0	3273.073486328125	17.24	5232
0.0	7142.7174072265625	38.6	5233
0.0	5520.111572265625	28.41	5234
0.0	5782.1810302734375	28.3	5235
0.0	9434.697998046875	50.34	5236
0.0	2230.8026123046875	12.24	5237
0.0	7140.7713623046875	38.35	5238
0.0	1945.734619140625	9.11	5239
0.0	3401.5106201171875	18.89	5240
0.0	1301.8582763671875	7.27	5241
0.0	5721.4288330078125	31.75	5242
0.0	7782.714111328125	40.88	5243
0.0	1538.8330078125	8.19	5244
0.0	5927.7017822265625	31.07	5245
0.0	8637.684326171875	45.44	5246
0.0	1999.7757568359375	10.63	5247
0.0	1193.6251220703125	6.74	5248
0.0	1850.5018310546875	9.73	5249
0.0	3777.2857666015625	19.65	5250
0.0	2394.5592041015625	12.9	5251
0.0	7599.1905517578125	39.11	5252
0.0	5741.7667236328125	31.74	5253
0.0	8899.8671875	48.57	5254
0.0	4327.2462158203125	23.04	5255
0.0	3699.4700927734375	19.95	5256
0.0	3483.5384521484375	18.6	5257
0.0	1552.3385009765625	8.54	5258
0.0	5619.950927734375	27.55	5259
0.0	3303.960693359375	17.47	5260
0.0	6072.3609619140625	31.18	5261
0.0	3386.431640625	18.46	5262
0.0	6895.09326171875	38.09	5263
0.0	11277.676635742188	52.65	5264
0.0	2261.2371826171875	12.13	5265
0.0	10192.0908203125	53.79	5266
0.0	3252.5296630859375	17.12	5267
0.0	4078.71923828125	21.53	5268
0.0	4747.5789794921875	25.74	5269
0.0	1808.5506591796875	9.8	5270
0.0	19541.0458984375	104.86	5271
0.0	9606.0810546875	51.67	5272
0.0	2993.2867431640625	15.93	5273
0.0	5220.2412109375	27.53	5274
0.0	1596.6456298828125	8.35	5275
0.0	3310.35107421875	17.62	5276
0.0	4900.7501220703125	26.21	5277
0.0	4969.6705322265625	25.61	5278
0.0	5750.0966796875	30.83	5279
0.0	13901.203857421875	75.87	5280
0.0	14382.192626953125	76.81	5281
0.0	6760.0711669921875	36.73	5282
0.0	3063.3525390625	16.14	5283
0.0	7863.1632080078125	41.63	5284
0.0	7570.311279296875	40.88	5285
0.0	4308.9932861328125	24.11	5286
0.0	4733.46728515625	24.93	5287
0.0	5448.0714111328125	28.91	5288
0.0	5213.260986328125	26.26	5289
0.0	6592.9703369140625	35.61	5290
0.0	11576.745239257812	63.24	5291
0.0	8335.80810546875	42.62	5292
0.0	2396.310546875	12.27	5293
0.0	2454.512451171875	13.55	5294
0.0	6039.7578125	32.11	5295
0.0	3131.28076171875	16.36	5296
0.0	2147.5272216796875	11.24	5297
0.0	3029.7470703125	16.45	5298
0.0	4701.746337890625	24.89	5299
0.0	1908.307861328125	10.79	5300
0.0	3824.7615966796875	20.19	5301
0.0	2918.8853759765625	15.7	5302
0.0	9264.900146484375	48.89	5303
0.0	3573.326416015625	18.54	5304
0.0	6432.4381103515625	34.5	5305
0.0	3460.240478515625	17.91	5306
0.0	11674.47607421875	61.91	5307
0.0	6077.182373046875	31.78	5308
0.0	5707.9407958984375	29.56	5309
0.0	5052.4453125	25.7	5881
0.0	3861.954833984375	19.21	5882
0.0	1947.2806396484375	9.33	5883
0.0	5604.329345703125	28.74	5884
0.0	7753.5369873046875	40.14	5885
0.0	8071.37060546875	41.59	5886
0.0	4238.816162109375	21.08	5887
0.0	2296.611328125	12.07	5888
0.0	4238.25732421875	21.45	5889
0.0	12210.282958984375	60.99	5890
0.0	9776.317138671875	50.95	5891
0.0	2085.9949951171875	10.69	5892
0.0	2363.1036376953125	12.24	5893
0.0	10640.150146484375	52.18	5894
0.0	6107.7193603515625	32.53	5895
0.0	6777.2132568359375	36.64	5896
0.0	29581.437622070312	149.42	5897
0.0	11711.789306640625	60.93	5898
0.0	5799.2408447265625	30.02	5899
0.0	3375.109619140625	17.31	5900
0.0	4412.2314453125	22.11	5901
0.0	5266.218994140625	27.15	5902
0.0	5195.021484375	24.62	5903
0.0	4032.675537109375	20.5	5904
0.0	1744.9600830078125	9.19	5905
0.0	4978.6627197265625	25.81	5906
0.0	8385.30859375	43.35	5907
0.0	3518.531982421875	18.53	5908
0.0	2434.81689453125	12.41	5909
0.0	6813.5877685546875	34.91	5910
0.0	3469.5667724609375	17.78	5911
0.0	2835.4649658203125	13.73	5912
0.0	2358.1422119140625	12.77	5913
0.0	3723.2142333984375	17.77	5914
0.0	4021.1600341796875	21.1	5915
0.0	4712.1455078125	24.43	5916
0.0	8834.224365234375	45.67	5917
0.0	4953.9884033203125	25.2	5918
0.0	2565.015380859375	13.04	5919
0.0	12430.474853515625	64.38	5920
0.0	17591.598022460938	91.06	5921
0.0	8435.190063476562	43.69	5922
0.0	2280.8878173828125	11.24	5923
0.0	2199.478759765625	11.4	5924
0.0	4373.60302734375	22.15	5925
0.0	5240.3280029296875	26.9	5926
0.0	1944.310302734375	9.85	5927
0.0	6547.5684814453125	32.88	5928
0.0	2097.421875	11.1	5929
0.0	3799.4005126953125	19.29	5930
0.0	6396.462890625	31.84	5931
0.0	2595.30126953125	13.66	5932
0.0	4192.761962890625	22.89	5933
0.0	3471.3795166015625	18.16	5934
0.0	3803.5313720703125	19.98	5935
0.0	8709.628540039062	44.47	5936
0.0	9470.01171875	49.24	5937
0.0	3628.5263671875	18.65	5938
0.0	10067.921020507812	52.12	5939
0.0	3188.234130859375	17.02	5940
0.0	5803.1927490234375	28.39	5941
0.0	6129.3077392578125	32.17	5942
0.0	3595.8692626953125	18.49	5943
0.0	3966.71923828125	19.83	5944
0.0	3595.0345458984375	17.88	5945
0.0	3268.616943359375	17.77	5946
0.0	5029.5865478515625	24.26	5947
0.0	7374.8765869140625	36.48	5948
0.0	4630.9852294921875	22.79	5949
0.0	2385.9295654296875	12.51	5950
0.0	15431.994750976562	80.37	5951
0.0	1245.9912109375	6.71	5952
0.0	3952.3519287109375	21.07	5953
0.0	5392.953369140625	28.53	5954
0.0	4639.583251953125	22.77	5955
0.0	1764.30419921875	9.11	5956
0.0	4623.0045166015625	24.31	5957
0.0	4610.02880859375	24.52	5958
0.0	9142.010620117188	47.96	5959
0.0	3985.7772216796875	21.94	5960
0.0	7470.7213134765625	38.76	5961
0.0	6984.21630859375	35.48	5962
0.0	6027.904296875	31.04	5963
0.0	1780.8831787109375	9.75	5964
0.0	2783.1817626953125	13.87	5965
0.0	4299.472412109375	21.85	5966
0.0	3520.9024658203125	16.57	5967
0.0	4336.3326416015625	22.92	5968
0.0	9553.41796875	50.18	5969
0.0	11534.82666015625	59.66	5970
0.0	3578.296875	18.87	5971
0.0	1919.667236328125	10.28	5972
0.0	6931.096435546875	37.05	5973
0.0	6902.918212890625	35.9	5974
0.0	3056.7410888671875	16.33	5975
0.0	5627.329345703125	29.12	5976
0.0	4589.867919921875	24.15	5977
0.0	7314.1258544921875	35.42	5978
0.0	9335.046020507812	49.18	5979
0.0	10630.782592773438	53.22	5980
0.0	18146.041137695312	96.62	5981
0.0	7530.9403076171875	38.67	5982
0.0	4974.5906982421875	26.64	5983
0.0	2185.81005859375	11.44	5984
0.0	4775.0499267578125	25.39	5985
0.0	5889.1177978515625	30.14	5986
0.0	6916.074951171875	36.58	5987
0.0	4074.0518798828125	22.13	5988
0.0	2998.903076171875	15.39	5989
0.0	12461.833374023438	66.89	5990
0.0	3119.0789794921875	16.61	5991
0.0	2659.914794921875	14.04	5992
0.0	9043.5419921875	47.86	5993
0.0	2288.7208251953125	11.49	5994
0.0	2497.776611328125	12.79	5995
0.0	2591.218994140625	13.41	5996
0.0	4791.1630859375	25.48	5997
0.0	6503.787109375	34.45	5998
0.0	7616.87744140625	37.88	5999
0.0	3292.3223876953125	17.13	6000
0.0	5809.6787109375	30.22	6001
0.0	1768.8990478515625	9.1	6002
0.0	1746.000244140625	8.89	6003
0.0	2346.1668701171875	12.54	6004
0.0	2065.898193359375	10.73	6005
0.0	3554.7020263671875	18.35	6006
0.0	2776.017578125	14.62	6007
0.0	7520.950927734375	38.97	6008
0.0	3019.948974609375	15.5	6009
0.0	4266.442138671875	22.77	6010
0.0	2308.4447021484375	12.03	6011
0.0	13373.892578125	68.51	6012
0.0	11316.618530273438	59.01	6013
0.0	5912.0919189453125	31.94	6014
0.0	16820.062866210938	88.75	6015
0.0	6546.733154296875	34.17	6016
0.0	4019.1854248046875	19.68	6017
0.0	3610.4598388671875	19.91	6018
0.0	19695.0439453125	105.14	6019
0.0	6946.9273681640625	35.43	6020
0.0	7016.739990234375	35.99	6021
0.0	9043.2099609375	46.82	6022
0.0	5363.948486328125	27.37	6023
0.0	6147.9808349609375	31.92	6024
0.0	2262.365478515625	12.05	6025
0.0	8205.008666992188	40.88	6026
0.0	1815.535888671875	9.6	6027
0.0	4282.7552490234375	23.6	6028
0.0	8127.3369140625	41.76	6029
0.0	7059.309326171875	37.25	6030
0.0	1348.327880859375	7.12	6031
0.0	3165.2884521484375	17.08	6032
0.0	5543.8043212890625	29.8	6033
0.0	3743.541748046875	19.84	6034
0.0	6888.3939208984375	35.37	6035
0.0	19737.285888671875	102.75	6036
0.0	6077.3753662109375	32.34	6037
0.0	6587.4254150390625	34.23	6038
0.0	5713.461669921875	29.91	6039
0.0	18380.89111328125	98.11	6040
0.0	6150.633056640625	31.43	6041
0.0	3253.79541015625	17.76	6042
0.0	5942.168701171875	30.99	6043
0.0	2957.6617431640625	15.53	6044
0.0	4400.053466796875	22.67	6045
0.0	7461.111083984375	39.39	6046
0.0	7323.22216796875	39.04	6047
0.0	9415.683715820312	49.41	6048
0.0	7522.1798095703125	40.23	6049
0.0	10094.013427734375	53.13	6050
0.0	3026.989013671875	15.31	6051
0.0	12466.093872070312	67.25	6052
0.0	6573.720703125	34.21	6053
0.0	5479.750732421875	27.99	6054
0.0	1799.819091796875	8.92	6055
0.0	7811.1539306640625	42.55	6056
0.0	3335.2628173828125	18.35	6057
0.0	3912.4610595703125	21.2	6058
0.0	1555.5411376953125	8.18	6059
0.0	5331.4859619140625	26.95	6060
0.0	1575.192626953125	8.48	6061
0.0	7871.0467529296875	41.42	6062
0.0	5553.053466796875	30.24	6063
0.0	3900.289794921875	20.44	6064
0.0	4590.717041015625	23.29	6065
0.0	8635.07666015625	44.27	6066
0.0	3615.3758544921875	18.96	6067
0.0	1742.990234375	9.37	6068
0.0	7487.436767578125	39.42	6069
0.0	3607.4771728515625	19.24	6070
0.0	4796.2899169921875	25.0	6071
0.0	3059.942138671875	16.8	6072
0.0	6450.6563720703125	34.09	6073
0.0	4494.104248046875	22.86	6074
0.0	2441.792236328125	12.26	6075
0.0	10083.4794921875	53.34	6076
0.0	4186.4681396484375	22.38	6077
0.0	3657.3870849609375	17.89	6078
0.0	7738.337646484375	40.22	6079
0.0	2061.3712158203125	11.2	6080
0.0	1965.57275390625	10.84	6081
0.0	4985.6639404296875	27.2	6082
0.0	8670.733642578125	46.96	6083
0.0	5420.6712646484375	28.4	6084
0.0	11094.553588867188	59.67	6085
0.0	1863.9276123046875	9.74	6086
0.0	3282.4580078125	17.65	6087
0.0	2769.6651611328125	14.48	6088
0.0	5375.9696044921875	29.21	6089
0.0	6000.0269775390625	32.53	6090
0.0	16158.306518554688	81.54	6091
0.0	7978.2109375	41.55	6092
0.0	4840.805908203125	26.24	6093
0.0	5230.923828125	26.96	6094
0.0	2104.80224609375	11.11	6095
0.0	4508.9735107421875	24.53	6096
0.0	20945.126831054688	109.15	6097
0.0	8057.511474609375	44.09	6098
0.0	16011.996826171875	85.92	6099
0.0	4726.462646484375	22.99	6100
0.0	6864.714111328125	33.9	6101
0.0	12702.185302734375	61.17	6102
0.0	9613.090209960938	51.26	6103
0.0	2848.1173095703125	15.59	6104
0.0	3500.8736572265625	18.96	6105
0.0	3644.1087646484375	18.97	6106
0.0	6410.8819580078125	32.01	6107
0.0	2730.9666748046875	14.34	6108
0.0	5248.712158203125	27.81	6109
0.0	3841.329833984375	19.6	6110
0.0	3902.437744140625	21.07	6111
0.0	12864.745727539062	68.99	6112
0.0	20493.710083007812	94.63	6113
0.0	3420.54296875	18.22	6114
0.0	4793.4185791015625	26.07	6115
0.0	4901.3720703125	27.27	6116
0.0	33555.35900878906	180.51	6117
0.0	1305.6806640625	6.85	6118
0.0	4064.2808837890625	21.38	6119
0.0	4495.271240234375	24.1	6120
0.0	2221.5985107421875	11.77	6121
0.0	5239.7708740234375	27.26	6122
0.0	4588.473876953125	23.4	6123
0.0	3297.052490234375	17.54	6124
0.0	3647.448486328125	19.93	6125
0.0	6377.905029296875	34.85	6126
0.0	8644.071166992188	45.75	6127
0.0	5518.522705078125	28.79	6128
0.0	10335.087036132812	53.84	6129
0.0	5771.5601806640625	29.59	6130
0.0	1808.9215087890625	9.89	6131
0.0	2745.4031982421875	14.19	6132
0.0	3947.7406005859375	20.64	6133
0.0	5050.2835693359375	26.37	6134
0.0	1746.750732421875	9.1	6135
0.0	2992.08056640625	16.18	6136
0.0	35849.88464355469	192.15	6137
0.0	2633.8343505859375	13.56	6138
0.0	5562.4283447265625	29.61	6139
0.0	1982.559814453125	11.15	6140
0.0	3810.3824462890625	20.94	6141
0.0	3490.527587890625	18.35	6142
0.0	16317.651123046875	88.22	6143
0.0	5962.392333984375	31.77	6144
0.0	3042.2647705078125	16.69	6145
0.0	5055.2396240234375	27.42	6146
0.0	1282.795166015625	6.6	6147
0.0	15676.94091796875	80.02	6148
0.0	8835.576293945312	45.88	6149
0.0	5734.4407958984375	28.36	6150
0.0	1837.8717041015625	9.59	6151
0.0	3891.828857421875	20.84	6152
0.0	2824.6099853515625	15.01	6153
0.0	9324.921508789062	51.34	6154
0.0	13714.14453125	74.34	6155
0.0	3227.8663330078125	18.05	6156
0.0	4226.55517578125	23.35	6157
0.0	2166.861083984375	11.25	6158
0.0	3469.500244140625	18.08	6159
0.0	2335.7779541015625	12.56	6160
0.0	3477.9385986328125	18.2	6161
0.0	5529.4359130859375	29.49	6162
0.0	6564.8902587890625	34.97	6163
0.0	2612.90380859375	13.32	6164
0.0	4064.2933349609375	21.64	6165
0.0	4220.318359375	23.13	6166
0.0	2820.2100830078125	13.76	6167
0.0	4706.03369140625	23.59	6168
0.0	4222.5933837890625	23.33	6169
0.0	5665.013916015625	30.65	6170
0.0	2095.8460693359375	11.53	6171
0.0	11609.337646484375	61.36	6172
0.0	22802.717163085938	122.38	6173
0.0	2398.3975830078125	13.04	6174
0.0	6584.0972900390625	35.39	6175
0.0	4089.3021240234375	22.41	6176
0.0	3144.9805908203125	16.98	6177
0.0	2228.5452880859375	12.08	6178
0.0	1785.927001953125	9.5	6179
0.0	2318.0194091796875	12.0	6180
0.0	5610.5491943359375	29.65	6181
0.0	7598.0606689453125	40.91	6182
0.0	1779.093017578125	9.43	6183
0.0	7828.1123046875	37.25	6184
0.0	3388.425537109375	18.06	6185
0.0	21865.6123046875	117.36	6186
0.0	15595.591918945312	84.03	6187
0.0	5734.476318359375	29.64	6188
0.0	4669.580078125	26.16	6189
0.0	671.7884521484375	3.85	6190
0.0	2333.590087890625	12.38	6191
0.0	7526.9761962890625	39.93	6192
0.0	7328.0516357421875	39.25	6193
0.0	2228.220703125	11.96	6194
0.0	1501.5128173828125	7.88	6195
0.0	5256.034912109375	26.2	6196
0.0	5102.5103759765625	28.45	6197
0.0	3472.29443359375	17.51	6198
0.0	1981.2034912109375	10.88	6199
0.0	17873.51318359375	97.17	6200
0.0	2375.67138671875	12.98	6201
0.0	4493.1343994140625	23.4	6202
0.0	3923.4427490234375	20.86	6203
0.0	14446.251708984375	78.47	6204
0.0	5260.3209228515625	27.41	6205
0.0	2486.4097900390625	13.32	6206
0.0	11771.117309570312	64.05	6207
0.0	19518.205932617188	101.41	6208
0.0	10316.708251953125	55.13	6209
0.0	4467.1119384765625	21.71	6210
0.0	3183.05078125	17.84	6211
0.0	5411.742431640625	27.03	6212
0.0	3865.5760498046875	20.57	6213
0.0	3857.7921142578125	21.27	6214
0.0	5809.2625732421875	32.19	6215
0.0	3005.9051513671875	16.53	6216
0.0	3476.1976318359375	18.35	6217
0.0	5103.8233642578125	25.55	6218
0.0	6813.961181640625	35.42	6219
0.0	4851.308349609375	25.24	6220
0.0	1943.89892578125	10.0	6221
0.0	6127.50390625	31.3	6222
0.0	7059.3431396484375	35.23	6223
0.0	13000.103759765625	71.37	6224
0.0	1617.2962646484375	9.17	6225
0.0	2152.038818359375	11.79	6226
0.0	3884.441162109375	19.07	6227
0.0	3414.6033935546875	18.85	6228
0.0	1636.91845703125	8.9	6229
0.0	3347.8330078125	18.93	6230
0.0	3801.5882568359375	19.2	6231
0.0	5644.57177734375	30.46	6232
0.0	6106.7535400390625	32.68	6233
0.0	1326.32861328125	6.95	6234
0.0	11773.82958984375	62.38	6235
0.0	15984.443603515625	85.14	6236
0.0	5109.895263671875	26.46	6237
0.0	3444.671142578125	17.2	6238
0.0	2997.1409912109375	16.09	6239
0.0	5449.072998046875	29.33	6240
0.0	7176.070068359375	38.58	6241
0.0	9098.565795898438	45.0	6242
0.0	1524.6087646484375	7.97	6243
0.0	2880.656494140625	15.5	6244
0.0	7529.8118896484375	36.72	6245
0.0	5126.1690673828125	27.4	6246
0.0	7583.634765625	40.03	6247
0.0	2241.2476806640625	12.32	6248
0.0	8300.763305664062	45.21	6249
0.0	2438.6796875	12.93	6250
0.0	2062.782958984375	11.38	6251
0.0	8423.3798828125	46.13	6252
0.0	2131.5753173828125	11.07	6253
0.0	10237.477905273438	53.15	6254
0.0	5999.1787109375	31.83	6255
0.0	10055.39013671875	54.15	6256
0.0	5409.4495849609375	29.63	6257
0.0	3821.6278076171875	20.34	6258
0.0	2951.3216552734375	15.58	6259
0.0	7943.64501953125	42.27	6260
0.0	6363.3575439453125	33.23	6261
0.0	4422.8701171875	24.3	6262
0.0	2993.731201171875	15.21	6263
0.0	2272.470458984375	12.53	6264
0.0	3198.4425048828125	16.98	6265
0.0	28780.545776367188	152.67	6266
0.0	5103.8953857421875	25.88	6861
0.0	3401.9830322265625	17.45	6862
0.0	6428.125732421875	33.7	6863
0.0	3286.714599609375	16.23	6864
0.0	3421.1480712890625	17.22	6865
0.0	3263.8673095703125	16.6	6866
0.0	3087.264404296875	15.33	6867
0.0	1690.4769287109375	8.66	6868
0.0	2986.483154296875	14.79	6869
0.0	3260.4552001953125	16.24	6870
0.0	10877.94580078125	56.99	6871
0.0	3783.907958984375	19.25	6872
0.0	9668.286987304688	50.27	6873
0.0	4034.2318115234375	21.13	6874
0.0	3825.511474609375	19.66	6875
0.0	5513.08447265625	28.41	6876
0.0	7232.49853515625	37.39	6877
0.0	2239.81103515625	11.88	6878
0.0	7796.6981201171875	38.45	6879
0.0	4182.858642578125	21.09	6880
0.0	5986.969482421875	31.34	6881
0.0	2479.4193115234375	12.68	6882
0.0	9018.49169921875	46.49	6883
0.0	2725.7459716796875	13.98	6884
0.0	7227.5179443359375	37.78	6885
0.0	5979.3382568359375	31.06	6886
0.0	4920.8507080078125	25.03	6887
0.0	8138.9781494140625	41.57	6888
0.0	3653.07421875	18.46	6889
0.0	6558.4193115234375	33.48	6890
0.0	3328.5185546875	17.0	6891
0.0	2337.00927734375	12.37	6892
0.0	3865.1910400390625	18.57	6893
0.0	4536.669677734375	22.21	6894
0.0	2378.5443115234375	12.37	6895
0.0	3193.867919921875	17.02	6896
0.0	3578.4298095703125	18.74	6897
0.0	3702.69677734375	19.65	6898
0.0	6524.7113037109375	33.45	6899
0.0	4450.675048828125	22.9	6900
0.0	2564.7196044921875	13.76	6901
0.0	2189.777587890625	11.76	6902
0.0	3525.91162109375	18.67	6903
0.0	2585.4395751953125	13.16	6904
0.0	3019.1375732421875	14.65	6905
0.0	6249.039306640625	31.44	6906
0.0	2454.6002197265625	13.01	6907
0.0	12204.82373046875	62.05	6908
0.0	11433.381591796875	57.5	6909
0.0	9954.3994140625	52.55	6910
0.0	4540.091552734375	24.68	6911
0.0	5512.7491455078125	26.21	6912
0.0	3475.8125	17.69	6913
0.0	7496.5635986328125	39.24	6914
0.0	3776.4501953125	19.28	6915
0.0	12606.900756835938	65.48	6916
0.0	3635.7857666015625	18.22	6917
0.0	6509.458251953125	34.19	6918
0.0	4099.492431640625	20.64	6919
0.0	2339.6500244140625	12.44	6920
0.0	3359.9619140625	16.47	6921
0.0	25261.092407226562	134.56	6922
0.0	3439.6888427734375	17.28	6923
0.0	6438.70556640625	33.64	6924
0.0	3631.3590087890625	19.24	6925
0.0	12118.278198242188	64.98	6926
0.0	6668.1632080078125	35.79	6927
0.0	5983.8533935546875	30.83	6928
0.0	2170.0787353515625	11.19	6929
0.0	3339.3775634765625	17.56	6930
0.0	5626.4395751953125	29.6	6931
0.0	2546.077392578125	13.02	6932
0.0	3570.26513671875	18.62	6933
0.0	2829.524658203125	14.03	6934
0.0	6122.192138671875	30.85	6935
0.0	5915.593017578125	31.18	6936
0.0	4913.254638671875	24.83	6937
0.0	7237.3544921875	37.94	6938
0.0	2530.849853515625	14.01	6939
0.0	5198.99853515625	26.66	6940
0.0	3970.108642578125	20.84	6941
0.0	3427.4835205078125	18.01	6942
0.0	1144.2857666015625	5.9	6943
0.0	13533.042724609375	65.02	6944
0.0	4823.7490234375	24.78	6945
0.0	5391.768310546875	26.81	6946
0.0	1151.111572265625	6.17	6947
0.0	4532.602783203125	23.09	6948
0.0	4638.2255859375	22.51	6949
0.0	4287.4046630859375	20.42	6950
0.0	3671.55517578125	17.82	6951
0.0	2872.6571044921875	15.3	6952
0.0	2912.1820068359375	15.52	6953
0.0	4380.638427734375	23.38	6954
0.0	8809.203002929688	47.42	6955
0.0	11780.997314453125	62.78	6956
0.0	3745.5400390625	20.35	6957
0.0	6563.1956787109375	33.56	6958
0.0	12467.268798828125	65.64	6959
0.0	1973.4837646484375	10.3	6960
0.0	2008.47265625	10.66	6961
0.0	4550.2890625	24.22	6962
0.0	1502.3040771484375	8.27	6963
0.0	12121.714599609375	61.61	6964
0.0	1949.002685546875	10.3	6965
0.0	7193.18603515625	36.09	6966
0.0	3365.974853515625	18.09	6967
0.0	2656.6019287109375	12.71	6968
0.0	4232.5863037109375	22.32	6969
0.0	11937.139282226562	62.23	6970
0.0	15182.249877929688	77.61	6971
0.0	7615.815673828125	37.21	6972
0.0	3265.132080078125	16.38	6973
0.0	3191.4786376953125	16.8	6974
0.0	3238.6627197265625	16.18	6975
0.0	2872.751708984375	15.27	6976
0.0	5157.4190673828125	27.34	6977
0.0	2457.2774658203125	12.32	6978
0.0	3484.310546875	18.38	6979
0.0	2874.078125	14.55	6980
0.0	1951.7344970703125	10.82	6981
0.0	1587.1678466796875	8.76	6982
0.0	2767.2908935546875	14.41	6983
0.0	3551.0831298828125	18.01	6984
0.0	2270.908203125	12.03	6985
0.0	6125.62255859375	31.65	6986
0.0	4401.0740966796875	22.86	6987
0.0	5198.010986328125	27.05	6988
0.0	3079.2677001953125	16.29	6989
0.0	5568.521484375	27.9	6990
0.0	6154.9840087890625	30.26	6991
0.0	1621.1561279296875	8.52	6992
0.0	5543.044189453125	29.92	6993
0.0	36458.69006347656	186.59	6994
0.0	7929.4801025390625	38.54	6995
0.0	5385.1031494140625	28.72	6996
0.0	2538.5028076171875	13.49	6997
0.0	4244.891845703125	22.84	6998
0.0	4280.5399169921875	21.07	6999
