# order  nit
0	1002.5904541015625
1	1026.9114990234375
2	1091.4514770507812
3	1116.6569213867188
4	1162.2713623046875
5	1234.138427734375
6	1385.353271484375
7	1453.847412109375
8	1463.8423461914062
9	1470.2532348632812
10	1472.87646484375
11	1476.891357421875
12	1477.646728515625
13	1518.6665649414062
14	1556.9531860351562
15	1559.446044921875
16	1570.4572143554688
17	1580.5751342773438
18	1581.1929931640625
19	1608.02734375
20	1631.058349609375
21	1652.9254760742188
22	1658.08642578125
23	1660.1889038085938
24	1699.5762939453125
25	1731.925048828125
26	1737.2796630859375
27	1752.4924926757812
28	1770.4042358398438
29	1823.6776123046875
30	1834.5733642578125
31	1848.0938720703125
32	1857.6843872070312
33	1898.4276733398438
34	1943.193115234375
35	1999.1203002929688
36	2032.1318969726562
37	2033.4515991210938
38	2041.2779541015625
39	2074.8519897460938
40	2088.6890258789062
41	2099.922119140625
42	2113.286376953125
43	2115.2777099609375
44	2162.8529663085938
45	2226.354736328125
46	2272.6215209960938
47	2288.4257202148438
48	2288.5404663085938
49	2291.561279296875
50	2300.064697265625
51	2312.2710571289062
52	2318.4795532226562
53	2325.231201171875
54	2335.2534790039062
55	2349.1268920898438
56	2349.7105102539062
57	2355.5147705078125
58	2359.3603515625
59	2368.3937377929688
60	2397.845947265625
61	2401.017578125
62	2402.2144165039062
63	2404.0066528320312
64	2412.9771728515625
65	2462.8154296875
66	2464.871337890625
67	2467.9154052734375
68	2475.23046875
69	2482.267333984375
70	2510.6932983398438
71	2520.5818481445312
72	2522.6740112304688
73	2524.5945434570312
74	2527.639892578125
75	2543.639404296875
76	2553.1895751953125
77	2555.7601318359375
78	2561.4208374023438
79	2564.201416015625
80	2576.68408203125
81	2593.0107421875
82	2594.1663818359375
83	2595.2600708007812
84	2607.1959838867188
85	2614.59765625
86	2620.851318359375
87	2634.6021118164062
88	2643.7809448242188
89	2660.7509155273438
90	2670.2020874023438
91	2674.0486450195312
92	2717.6923217773438
93	2722.789794921875
94	2738.2324829101562
95	2772.39599609375
96	2774.8203735351562
97	2788.6515502929688
98	2800.8880615234375
99	2827.3130493164062
100	2836.3226928710938
101	2840.27001953125
102	2853.1064453125
103	2871.8937377929688
104	2888.6984252929688
105	2906.2579345703125
106	2908.9669799804688
107	2914.3892211914062
108	2923.8218383789062
109	2931.70751953125
110	2956.2735595703125
111	2957.471923828125
112	2965.2418212890625
113	3017.6502685546875
114	3020.3248901367188
115	3037.3486938476562
116	3039.2756958007812
117	3043.0615844726562
118	3057.3822021484375
119	3066.4713134765625
120	3069.6022338867188
121	3075.979736328125
122	3096.209228515625
123	3099.688720703125
124	3103.7282104492188
125	3104.390380859375
126	3116.0234375
127	3123.8988037109375
128	3134.6293334960938
129	3135.59228515625
130	3163.5581665039062
131	3165.7025756835938
132	3192.2566528320312
133	3197.846435546875
134	3213.072509765625
135	3231.46435546875
136	3246.7310180664062
137	3262.3702392578125
138	3282.7330322265625
139	3285.1902465820312
140	3285.5553588867188
141	3299.4189453125
142	3317.1753540039062
143	3325.1744384765625
144	3335.2813720703125
145	3363.8873901367188
146	3375.8072509765625
147	3413.1838989257812
148	3413.2470703125
149	3419.5269165039062
150	3438.3279418945312
151	3443.7171630859375
152	3445.8047485351562
153	3457.4485473632812
154	3462.849609375
155	3484.0958251953125
156	3499.9286499023438
157	3501.7979125976562
158	3502.1386108398438
159	3502.23974609375
160	3502.8746337890625
161	3503.3146362304688
162	3503.5526733398438
163	3511.3963012695312
164	3525.4329223632812
165	3528.8771362304688
166	3541.5120239257812
167	3606.309814453125
168	3609.4276733398438
169	3617.2553100585938
170	3641.3504028320312
171	3642.7694702148438
172	3644.4393920898438
173	3645.7583618164062
174	3653.5072021484375
175	3653.8687744140625
176	3654.1483154296875
177	3682.7918701171875
178	3688.260009765625
179	3695.9694213867188
180	3715.9807739257812
181	3720.9644165039062
182	3730.697509765625
183	3736.2896118164062
184	3744.1983642578125
185	3747.8026733398438
186	3766.3833618164062
187	3771.35400390625
188	3777.8057250976562
189	3790.5
190	3813.31005859375
191	3820.0000610351562
192	3827.7443237304688
193	3849.7332153320312
194	3866.6064453125
195	3867.1006469726562
196	3869.3228149414062
197	3876.9922485351562
198	3894.2705688476562
199	3912.9531860351562
200	3940.4414672851562
201	3944.04931640625
202	3948.3671264648438
203	3960.715087890625
204	3968.334228515625
205	3976.4498901367188
206	3977.2288208007812
207	3982.8939208984375
208	4008.9666748046875
209	4023.5504150390625
210	4052.3782958984375
211	4078.0133666992188
212	4087.1610717773438
213	4102.962341308594
214	4104.164733886719
215	4113.0594482421875
216	4117.471618652344
217	4121.613342285156
218	4129.749206542969
219	4137.840759277344
220	4163.885681152344
221	4177.448791503906
222	4195.256896972656
223	4204.882141113281
224	4212.3896484375
225	4218.639343261719
226	4228.4130859375
227	4229.769226074219
228	4234.951110839844
229	4266.8660888671875
230	4282.983215332031
231	4284.5489501953125
232	4289.352966308594
233	4314.500793457031
234	4329.8538818359375
235	4332.081115722656
236	4333.388671875
237	4338.677795410156
238	4353.593994140625
239	4356.854919433594
240	4362.523986816406
241	4365.674743652344
242	4367.417907714844
243	4371.090270996094
244	4371.7440185546875
245	4398.375793457031
246	4403.760925292969
247	4406.407531738281
248	4407.7838134765625
249	4411.232177734375
250	4432.4010009765625
251	4487.898132324219
252	4505.897155761719
253	4514.026123046875
254	4514.166564941406
255	4523.23388671875
256	4523.431091308594
257	4529.673645019531
258	4537.097412109375
259	4538.87451171875
260	4545.387268066406
261	4556.7911376953125
262	4557.1651611328125
263	4564.547302246094
264	4582.033874511719
265	4585.3109130859375
266	4605.4564208984375
267	4611.8416748046875
268	4627.407043457031
269	4651.449890136719
270	4654.837707519531
271	4666.0770263671875
272	4671.416809082031
273	4680.053527832031
274	4685.2418212890625
275	4687.4735107421875
276	4708.799255371094
277	4712.200866699219
278	4714.34716796875
279	4714.716064453125
280	4721.6219482421875
281	4722.252685546875
282	4730.613525390625
283	4749.2452392578125
284	4751.321716308594
285	4773.5780029296875
286	4785.870422363281
287	4806.2506103515625
288	4808.801940917969
289	4817.702819824219
290	4856.159484863281
291	4859.656311035156
292	4878.8438720703125
293	4888.70361328125
294	4891.9559326171875
295	4905.734436035156
296	4914.090637207031
297	4922.057434082031
298	4929.77685546875
299	4933.303039550781
300	4940.79638671875
301	4947.05322265625
302	4951.018005371094
303	4955.945129394531
304	4965.688903808594
305	4981.686340332031
306	4993.4052734375
307	4994.0518798828125
308	4994.2122802734375
309	4994.275634765625
310	4999.326110839844
311	5019.151916503906
312	5032.832336425781
313	5032.891540527344
314	5041.631286621094
315	5042.09521484375
316	5074.0526123046875
317	5074.4244384765625
318	5078.101379394531
319	5082.201721191406
320	5084.703308105469
321	5084.940734863281
322	5085.2362060546875
323	5099.4649658203125
324	5114.553955078125
325	5174.198791503906
326	5183.496154785156
327	5195.584411621094
328	5196.8642578125
329	5199.0030517578125
330	5208.6539306640625
331	5235.228271484375
332	5246.428955078125
333	5257.201599121094
334	5270.609558105469
335	5279.1279296875
336	5290.398498535156
337	5290.408020019531
338	5292.449035644531
339	5304.8626708984375
340	5309.3409423828125
341	5312.870544433594
342	5336.9722900390625
343	5341.1744384765625
344	5343.779541015625
345	5348.8082275390625
346	5354.576904296875
347	5365.216857910156
348	5376.9930419921875
349	5377.544250488281
350	5378.4935302734375
351	5384.165832519531
352	5384.264831542969
353	5408.0009765625
354	5420.502685546875
355	5430.144592285156
356	5435.0223388671875
357	5435.53173828125
358	5440.287536621094
359	5457.799621582031
360	5461.260009765625
361	5501.4937744140625
362	5508.063537597656
363	5514.5267333984375
364	5536.246643066406
365	5537.2366943359375
366	5552.86328125
367	5593.8577880859375
368	5604.503662109375
369	5609.7996826171875
370	5613.632141113281
371	5628.898864746094
372	5637.31982421875
373	5639.624084472656
374	5653.642761230469
375	5657.753356933594
376	5659.28857421875
377	5690.611389160156
378	5693.877136230469
379	5699.784484863281
380	5716.4755859375
381	5719.341369628906
382	5740.3951416015625
383	5752.014953613281
384	5776.597900390625
385	5777.268310546875
386	5808.2021484375
387	5812.2454833984375
388	5813.446105957031
389	5845.10302734375
390	5857.87939453125
391	5866.391784667969
392	5876.0478515625
393	5878.2513427734375
394	5893.248840332031
395	5919.190734863281
396	5921.776062011719
397	5931.952453613281
398	5954.914367675781
399	5958.695495605469
400	5962.900085449219
401	5971.825378417969
402	5980.555725097656
403	5995.232727050781
404	6031.9744873046875
405	6034.334777832031
406	6070.154296875
407	6080.345520019531
408	6081.787414550781
409	6089.225036621094
410	6090.315856933594
411	6091.117004394531
412	6103.7322998046875
413	6105.8033447265625
414	6109.8997802734375
415	6122.7952880859375
416	6127.376953125
417	6147.651428222656
418	6155.007629394531
419	6166.183166503906
420	6181.199768066406
421	6186.267517089844
422	6203.250183105469
423	6217.152770996094
424	6240.296447753906
425	6241.759094238281
426	6242.733703613281
427	6254.881103515625
428	6261.501953125
429	6273.602111816406
430	6274.902282714844
431	6275.276611328125
432	6288.124267578125
433	6292.5167236328125
434	6304.4569091796875
435	6317.309020996094
436	6330.419250488281
437	6344.668701171875
438	6361.8648681640625
439	6362.6246337890625
440	6364.464782714844
441	6367.2222900390625
442	6367.25146484375
443	6371.789489746094
444	6425.0540771484375
445	6427.120849609375
446	6433.415222167969
447	6438.707275390625
448	6448.245910644531
449	6482.753356933594
450	6484.871276855469
451	6501.4893798828125
452	6504.203063964844
453	6520.1534423828125
454	6530.861755371094
455	6550.7210693359375
456	6553.34033203125
457	6557.6273193359375
458	6561.313903808594
459	6561.542053222656
460	6576.015808105469
461	6576.716369628906
462	6587.079284667969
463	6596.513488769531
464	6619.304016113281
465	6642.99267578125
466	6643.168762207031
467	6658.811340332031
468	6661.287902832031
469	6663.1180419921875
470	6672.028259277344
471	6688.646057128906
472	6711.4771728515625
473	6713.281982421875
474	6722.118347167969
475	6723.288513183594
476	6726.590270996094
477	6747.195556640625
478	6753.7449951171875
479	6778.396423339844
480	6780.5772705078125
481	6783.5477294921875
482	6789.881164550781
483	6793.193054199219
484	6848.8154296875
485	6861.23486328125
486	6863.959716796875
487	6870.173400878906
488	6874.1517333984375
489	6874.788879394531
490	6900.614807128906
491	6902.307434082031
492	6903.994567871094
493	6919.345764160156
494	6924.983642578125
495	6929.7822265625
496	6930.0848388671875
497	6930.966491699219
498	6933.915100097656
499	6938.5787353515625
500	6951.041564941406
501	6959.883544921875
502	6968.438415527344
503	6968.841125488281
504	6981.4744873046875
505	6997.744873046875
506	6999.326965332031
507	7009.548400878906
508	7013.852111816406
509	7014.233703613281
510	7026.271179199219
511	7029.074462890625
512	7030.204833984375
513	7043.008605957031
514	7047.968200683594
515	7058.456787109375
516	7062.251953125
517	7084.015319824219
518	7112.330871582031
519	7149.3128662109375
520	7158.0596923828125
521	7172.06396484375
522	7173.746276855469
523	7177.143310546875
524	7186.223388671875
525	7188.995544433594
526	7189.539245605469
527	7193.9185791015625
528	7199.515319824219
529	7227.649108886719
530	7228.5867919921875
531	7230.622009277344
532	7236.371154785156
533	7255.279541015625
534	7263.117614746094
535	7293.091491699219
536	7328.6641845703125
537	7337.771301269531
538	7356.618835449219
539	7364.7237548828125
540	7386.556091308594
541	7387.692810058594
542	7397.048767089844
543	7410.6612548828125
544	7419.5157470703125
545	7419.889953613281
546	7421.4072265625
547	7425.991760253906
548	7437.416809082031
549	7442.875427246094
550	7450.297790527344
551	7457.0655517578125
552	7468.3626708984375
553	7474.08544921875
554	7474.60791015625
555	7483.0899658203125
556	7489.584716796875
557	7491.4501953125
558	7501.9971923828125
559	7505.941345214844
560	7507.2296142578125
561	7517.957580566406
562	7524.092529296875
563	7524.244445800781
564	7528.453796386719
565	7529.2081298828125
566	7532.8795166015625
567	7539.834716796875
568	7546.2183837890625
569	7550.2659912109375
570	7552.425231933594
571	7583.986572265625
572	7598.1014404296875
573	7600.667236328125
574	7608.833312988281
575	7625.584228515625
576	7636.878845214844
577	7640.143371582031
578	7660.5181884765625
579	7667.976623535156
580	7680.189025878906
581	7736.2823486328125
582	7743.987121582031
583	7751.1322021484375
584	7762.830261230469
585	7764.203430175781
586	7777.610107421875
587	7791.7144775390625
588	7817.815002441406
589	7818.1947021484375
590	7839.142028808594
591	7840.2974853515625
592	7870.2467041015625
593	7871.333557128906
594	7897.436950683594
595	7904.8763427734375
596	7912.055908203125
597	7922.8414306640625
598	7957.193115234375
599	7978.427185058594
600	7983.5872802734375
601	7990.541198730469
602	7992.591064453125
603	7993.5738525390625
604	7994.763366699219
605	8005.983642578125
606	8024.167663574219
607	8044.4705810546875
608	8052.6983642578125
609	8052.796325683594
610	8053.565002441406
611	8062.604431152344
612	8064.212097167969
613	8088.7603759765625
614	8094.033752441406
615	8096.614501953125
616	8096.806884765625
617	8104.517333984375
618	8104.960205078125
619	8130.019714355469
620	8156.4552001953125
621	8176.785705566406
622	8217.430908203125
623	8236.719787597656
624	8240.194946289062
625	8277.717407226562
626	8287.347290039062
627	8295.018188476562
628	8307.865051269531
629	8322.56787109375
630	8324.185607910156
631	8339.100646972656
632	8340.838989257812
633	8358.42626953125
634	8361.981689453125
635	8375.777893066406
636	8385.030151367188
637	8389.428894042969
638	8392.90185546875
639	8420.500549316406
640	8435.564758300781
641	8437.925415039062
642	8443.299011230469
643	8473.2666015625
644	8478.768005371094
645	8486.196838378906
646	8488.323547363281
647	8491.7919921875
648	8496.659973144531
649	8496.996276855469
650	8508.922607421875
651	8512.473388671875
652	8516.741333007812
653	8547.455810546875
654	8558.457580566406
655	8578.361877441406
656	8581.969787597656
657	8588.652160644531
658	8591.898315429688
659	8605.88330078125
660	8607.407470703125
661	8609.759704589844
662	8613.530700683594
663	8647.827575683594
664	8657.0830078125
665	8661.554870605469
666	8682.067504882812
667	8682.298706054688
668	8695.080200195312
669	8700.721313476562
670	8773.138305664062
671	8775.573059082031
672	8787.080505371094
673	8798.728820800781
674	8798.792358398438
675	8817.406433105469
676	8822.133605957031
677	8830.028869628906
678	8833.572631835938
679	8840.987548828125
680	8847.710693359375
681	8861.414184570312
682	8893.769409179688
683	8897.131774902344
684	8897.928405761719
685	8911.349731445312
686	8942.273376464844
687	8948.546325683594
688	8950.61376953125
689	8955.1474609375
690	8979.049682617188
691	8984.959106445312
692	8993.129211425781
693	8993.34912109375
694	9016.668884277344
695	9036.166870117188
696	9076.400512695312
697	9081.664245605469
698	9088.151123046875
699	9103.509643554688
700	9111.845764160156
701	9116.739990234375
702	9174.282409667969
703	9179.398315429688
704	9211.792541503906
705	9219.520080566406
706	9240.092102050781
707	9242.837890625
708	9261.377380371094
709	9263.859619140625
710	9273.646240234375
711	9284.840637207031
712	9292.289672851562
713	9308.235595703125
714	9309.247314453125
715	9328.797485351562
716	9331.640930175781
717	9344.134399414062
718	9350.714660644531
719	9355.767761230469
720	9358.288757324219
721	9372.624816894531
722	9378.554138183594
723	9383.228515625
724	9385.047790527344
725	9404.618957519531
726	9426.275756835938
727	9465.756408691406
728	9485.03369140625
729	9501.358703613281
730	9526.716552734375
731	9533.056274414062
732	9534.610107421875
733	9543.297973632812
734	9558.851318359375
735	9576.431518554688
736	9582.773315429688
737	9592.29052734375
738	9609.789611816406
739	9619.831665039062
740	9633.25244140625
741	9660.624572753906
742	9663.012390136719
743	9682.410522460938
744	9687.266845703125
745	9693.610900878906
746	9696.154052734375
747	9702.669860839844
748	9734.256652832031
749	9745.843688964844
750	9767.0146484375
751	9781.220397949219
752	9788.023803710938
753	9794.646606445312
754	9814.863586425781
755	9816.735778808594
756	9826.075988769531
757	9850.3955078125
758	9878.256591796875
759	9883.25341796875
760	9886.89208984375
761	9895.231567382812
762	9919.726013183594
763	9925.863647460938
764	9938.638061523438
765	9952.479125976562
766	9974.962707519531
767	9991.302734375
768	10023.455200195312
769	10028.784423828125
770	10037.271911621094
771	10040.968139648438
772	10060.876220703125
773	10062.108581542969
774	10086.477294921875
775	10096.0791015625
776	10104.108337402344
777	10115.723937988281
778	10131.812622070312
779	10134.661376953125
780	10145.834899902344
781	10154.266540527344
782	10178.553955078125
783	10206.102661132812
784	10207.262084960938
785	10212.248596191406
786	10217.430786132812
787	10218.133850097656
788	10220.693115234375
789	10240.693115234375
790	10250.201782226562
791	10264.639831542969
792	10266.8603515625
793	10289.60009765625
794	10290.825744628906
795	10330.688110351562
796	10345.447937011719
797	10354.052124023438
798	10365.15576171875
799	10371.872619628906
800	10396.649597167969
801	10407.65625
802	10435.995849609375
803	10457.424133300781
804	10468.081115722656
805	10497.037902832031
806	10506.398620605469
807	10511.370788574219
808	10522.036437988281
809	10553.186584472656
810	10553.998107910156
811	10560.517883300781
812	10577.904602050781
813	10584.517822265625
814	10659.632629394531
815	10680.764343261719
816	10681.177429199219
817	10681.387573242188
818	10698.508056640625
819	10705.650512695312
820	10713.581298828125
821	10716.645935058594
822	10728.494934082031
823	10739.486938476562
824	10757.304016113281
825	10766.792541503906
826	10773.418823242188
827	10810.908203125
828	10835.509399414062
829	10867.174377441406
830	10876.064514160156
831	10887.449768066406
832	10905.0537109375
833	10906.225524902344
834	10909.5341796875
835	10911.053466796875
836	10967.619384765625
837	10978.656372070312
838	11011.253234863281
839	11012.253234863281
840	11014.637634277344
841	11025.818664550781
842	11027.044311523438
843	11038.947265625
844	11043.904602050781
845	11055.615173339844
846	11086.151550292969
847	11094.500610351562
848	11099.94775390625
849	11100.629028320312
850	11124.3134765625
851	11134.680725097656
852	11155.082763671875
853	11159.977722167969
854	11161.611022949219
855	11207.167541503906
856	11209.60986328125
857	11217.065368652344
858	11240.646850585938
859	11241.469848632812
860	11243.8388671875
861	11246.579772949219
862	11251.804016113281
863	11254.704895019531
864	11271.373352050781
865	11275.943481445312
866	11309.754150390625
867	11318.277221679688
868	11327.282409667969
869	11336.484008789062
870	11348.287841796875
871	11367.055419921875
872	11367.955993652344
873	11390.473022460938
874	11397.389343261719
875	11425.558898925781
876	11450.634643554688
877	11451.260620117188
878	11453.992065429688
879	11476.032531738281
880	11480.716918945312
881	11500.036376953125
882	11505.746459960938
883	11507.234680175781
884	11509.592590332031
885	11515.529846191406
886	11552.371765136719
887	11554.167297363281
888	11569.69189453125
889	11570.279174804688
890	11571.931762695312
891	11590.891784667969
892	11592.87548828125
893	11632.795715332031
894	11643.671630859375
895	11653.446228027344
896	11666.044982910156
897	11666.561828613281
898	11667.247253417969
899	11673.643615722656
900	11696.250183105469
901	11700.715148925781
902	11700.76171875
903	11702.314270019531
904	11704.048461914062
905	11706.393676757812
906	11727.153015136719
907	11731.103942871094
908	11765.981384277344
909	11779.229248046875
910	11788.276306152344
911	11789.000671386719
912	11801.992736816406
913	11811.551025390625
914	11812.090576171875
915	11822.246459960938
916	11833.98779296875
917	11884.149841308594
918	11941.984008789062
919	11949.260070800781
920	11950.403869628906
921	11954.083374023438
922	11972.492858886719
923	11975.53515625
924	12007.981079101562
925	12008.487670898438
926	12017.622924804688
927	12019.93798828125
928	12078.092041015625
929	12079.916442871094
930	12080.455261230469
931	12094.396362304688
932	12105.596557617188
933	12113.199768066406
934	12113.728210449219
935	12128.536560058594
936	12141.420104980469
937	12144.20361328125
938	12158.305114746094
939	12176.182861328125
940	12188.691345214844
941	12204.871215820312
942	12214.774658203125
943	12218.771118164062
944	12240.903381347656
945	12250.085021972656
946	12256.686157226562
947	12261.943603515625
948	12264.966857910156
949	12268.158142089844
950	12284.267578125
951	12332.489868164062
952	12336.155029296875
953	12354.083984375
954	12354.755798339844
955	12361.593505859375
956	12379.184753417969
957	12384.587280273438
958	12393.170654296875
959	12395.362182617188
960	12414.096313476562
961	12425.856262207031
962	12481.158020019531
963	12485.642333984375
964	12491.613098144531
965	12499.424743652344
966	12503.262023925781
967	12523.32666015625
968	12525.824401855469
969	12531.993530273438
970	12542.93212890625
971	12546.874206542969
972	12563.67578125
973	12580.291198730469
974	12594.41015625
975	12597.350036621094
976	12600.288452148438
977	12604.188293457031
978	12612.049255371094
979	12624.535339355469
980	12626.613891601562
981	12626.771362304688
982	12655.597961425781
983	12659.284973144531
984	12661.771484375
985	12661.901794433594
986	12666.321594238281
987	12681.700134277344
988	12683.017395019531
989	12691.19287109375
990	12699.495239257812
991	12730.462707519531
992	12731.287963867188
993	12747.34423828125
994	12755.666259765625
995	12764.257507324219
996	12771.133728027344
997	12772.856140136719
998	12778.0703125
999	12778.908630371094
1000	12780.039489746094
1001	12793.409545898438
1002	12803.39306640625
1003	12830.469604492188
1004	12850.340637207031
1005	12869.157592773438
1006	12882.997985839844
1007	12890.55712890625
1008	12919.088928222656
1009	12921.335083007812
1010	12925.742858886719
1011	12980.365234375
1012	13025.570068359375
1013	13054.40185546875
1014	13056.701232910156
1015	13085.058227539062
1016	13086.56201171875
1017	13086.956359863281
1018	13117.846374511719
1019	13159.862915039062
1020	13170.557006835938
1021	13183.083068847656
1022	13202.605590820312
1023	13206.385864257812
1024	13207.611389160156
1025	13212.780395507812
1026	13226.668640136719
1027	13233.571594238281
1028	13281.826049804688
1029	13283.182373046875
1030	13286.252197265625
1031	13288.419677734375
1032	13362.723937988281
1033	13369.847412109375
1034	13388.446228027344
1035	13392.367797851562
1036	13445.463317871094
1037	13454.743103027344
1038	13471.767395019531
1039	13504.021911621094
1040	13534.680297851562
1041	13578.638916015625
1042	13579.522888183594
1043	13583.248962402344
1044	13594.392761230469
1045	13595.007446289062
1046	13596.327819824219
1047	13606.41162109375
1048	13608.000366210938
1049	13620.661193847656
1050	13626.771057128906
1051	13648.878540039062
1052	13649.154296875
1053	13650.226867675781
1054	13655.843505859375
1055	13657.97265625
1056	13682.316955566406
1057	13729.521423339844
1058	13737.296875
1059	13746.55517578125
1060	13766.4990234375
1061	13774.319458007812
1062	13786.55712890625
1063	13798.141052246094
1064	13834.447204589844
1065	13837.969787597656
1066	13847.406311035156
1067	13865.992614746094
1068	13873.599975585938
1069	13882.412475585938
1070	13896.433715820312
1071	13900.709716796875
1072	13958.119934082031
1073	13960.606018066406
1074	13980.123657226562
1075	13982.6474609375
1076	13989.089172363281
1077	14013.221557617188
1078	14023.949462890625
1079	14033.867736816406
1080	14040.7978515625
1081	14062.264404296875
1082	14141.595703125
1083	14165.799987792969
1084	14170.255859375
1085	14188.538696289062
1086	14190.972106933594
1087	14223.436340332031
1088	14230.249450683594
1089	14237.17529296875
1090	14237.674011230469
1091	14247.586608886719
1092	14281.618347167969
1093	14284.328796386719
1094	14297.4794921875
1095	14314.559509277344
1096	14321.345336914062
1097	14338.845397949219
1098	14342.608093261719
1099	14350.572631835938
1100	14356.519226074219
1101	14365.0869140625
1102	14380.427062988281
1103	14441.070678710938
1104	14452.324645996094
1105	14545.600646972656
1106	14570.027160644531
1107	14603.734436035156
1108	14609.664184570312
1109	14613.076843261719
1110	14614.10009765625
1111	14640.762573242188
1112	14673.314697265625
1113	14679.046875
1114	14716.9619140625
1115	14726.691833496094
1116	14734.270874023438
1117	14777.423217773438
1118	14868.552001953125
1119	14874.9345703125
1120	14885.451904296875
1121	14928.036499023438
1122	14956.153930664062
1123	14992.42431640625
1124	14999.07470703125
1125	15043.75244140625
1126	15059.531799316406
1127	15075.513244628906
1128	15077.046447753906
1129	15092.576843261719
1130	15117.330139160156
1131	15122.607360839844
1132	15125.345581054688
1133	15150.04736328125
1134	15161.233581542969
1135	15161.607238769531
1136	15190.140258789062
1137	15209.630798339844
1138	15240.784484863281
1139	15248.245910644531
1140	15255.283325195312
1141	15269.224609375
1142	15294.715270996094
1143	15317.34521484375
1144	15343.967895507812
1145	15367.618286132812
1146	15556.8837890625
1147	15583.11767578125
1148	15604.763732910156
1149	15613.323425292969
1150	15649.556640625
1151	15695.375610351562
1152	15697.559814453125
1153	15728.638854980469
1154	15754.562744140625
1155	15799.457702636719
1156	15861.029541015625
1157	15878.049072265625
1158	15902.974914550781
1159	15909.096923828125
1160	15913.345031738281
1161	15919.349670410156
1162	15940.399047851562
1163	15944.678955078125
1164	15947.928527832031
1165	15953.792297363281
1166	16074.34423828125
1167	16080.976196289062
1168	16082.271301269531
1169	16130.575378417969
1170	16175.753845214844
1171	16190.142761230469
1172	16207.107177734375
1173	16225.177917480469
1174	16248.140075683594
1175	16306.948425292969
1176	16310.987426757812
1177	16314.375732421875
1178	16393.049255371094
1179	16398.82745361328
1180	16414.711364746094
1181	16433.27374267578
1182	16465.34375
1183	16537.20849609375
1184	16577.643188476562
1185	16582.472290039062
1186	16598.143005371094
1187	16598.486267089844
1188	16679.309509277344
1189	16687.765014648438
1190	16706.224060058594
1191	16722.921142578125
1192	16729.786010742188
1193	16740.489013671875
1194	16803.521057128906
1195	16877.214721679688
1196	16946.23760986328
1197	16955.972778320312
1198	16980.91748046875
1199	17000.13671875
1200	17001.55401611328
1201	17002.818603515625
1202	17009.033325195312
1203	17011.126342773438
1204	17021.09197998047
1205	17032.426330566406
1206	17041.66778564453
1207	17052.08709716797
1208	17073.754333496094
1209	17079.44354248047
1210	17117.400817871094
1211	17124.114685058594
1212	17148.60174560547
1213	17172.994689941406
1214	17180.756896972656
1215	17181.596252441406
1216	17200.11798095703
1217	17257.99639892578
1218	17261.146545410156
1219	17310.478942871094
1220	17321.309020996094
1221	17322.43096923828
1222	17331.313354492188
1223	17335.38037109375
1224	17383.18017578125
1225	17434.12628173828
1226	17436.437744140625
1227	17443.45147705078
1228	17477.454467773438
1229	17484.503540039062
1230	17494.588317871094
1231	17501.36016845703
1232	17512.367065429688
1233	17534.339721679688
1234	17584.102966308594
1235	17584.295837402344
1236	17593.106079101562
1237	17671.243591308594
1238	17679.21826171875
1239	17681.99609375
1240	17690.863830566406
1241	17707.09393310547
1242	17715.40350341797
1243	17757.484436035156
1244	17757.628967285156
1245	17819.537658691406
1246	17859.763122558594
1247	17863.972229003906
1248	17880.799255371094
1249	17904.912475585938
1250	17921.861877441406
1251	17980.77557373047
1252	18001.66473388672
1253	18031.577087402344
1254	18043.41473388672
1255	18082.537109375
1256	18099.861694335938
1257	18131.05694580078
1258	18142.21746826172
1259	18160.88671875
1260	18208.35565185547
1261	18210.669555664062
1262	18232.14093017578
1263	18245.57958984375
1264	18261.026977539062
1265	18292.423583984375
1266	18317.123413085938
1267	18322.419982910156
1268	18332.75457763672
1269	18367.045349121094
1270	18413.170349121094
1271	18434.668579101562
1272	18455.354248046875
1273	18455.669921875
1274	18459.80584716797
1275	18483.41375732422
1276	18501.209899902344
1277	18506.069763183594
1278	18513.274291992188
1279	18556.56610107422
1280	18569.57098388672
1281	18583.106872558594
1282	18584.225463867188
1283	18608.655822753906
1284	18675.814819335938
1285	18681.155822753906
1286	18690.77130126953
1287	18710.469787597656
1288	18725.775512695312
1289	18764.06280517578
1290	18790.750549316406
1291	18885.832641601562
1292	18894.922912597656
1293	18916.877197265625
1294	18934.184631347656
1295	18959.958435058594
1296	19002.435119628906
1297	19038.645446777344
1298	19108.33154296875
1299	19152.909301757812
1300	19169.199462890625
1301	19198.5302734375
1302	19229.10662841797
1303	19249.554321289062
1304	19271.545349121094
1305	19272.457092285156
1306	19277.855041503906
1307	19302.792053222656
1308	19335.99835205078
1309	19336.13348388672
1310	19345.892639160156
1311	19347.620849609375
1312	19380.24871826172
1313	19400.091796875
1314	19414.0556640625
1315	19428.306884765625
1316	19465.401245117188
1317	19472.00164794922
1318	19485.06268310547
1319	19537.742736816406
1320	19542.47314453125
1321	19557.183471679688
1322	19565.46746826172
1323	19594.383239746094
1324	19608.852661132812
1325	19632.137268066406
1326	19661.6982421875
1327	19663.817321777344
1328	19807.819458007812
1329	19859.970581054688
1330	19861.6884765625
1331	19909.09503173828
1332	19915.10888671875
1333	19962.291015625
1334	20002.45050048828
1335	20033.87860107422
1336	20034.45556640625
1337	20036.702575683594
1338	20048.097717285156
1339	20052.986206054688
1340	20078.737548828125
1341	20089.216064453125
1342	20128.101989746094
1343	20170.762573242188
1344	20174.901489257812
1345	20213.132263183594
1346	20221.485595703125
1347	20243.110473632812
1348	20250.02685546875
1349	20265.788696289062
1350	20268.47265625
1351	20308.21112060547
1352	20325.888671875
1353	20375.709899902344
1354	20377.7451171875
1355	20399.036010742188
1356	20401.025329589844
1357	20413.908447265625
1358	20460.31317138672
1359	20469.786254882812
1360	20485.72979736328
1361	20499.97247314453
1362	20500.71875
1363	20582.345764160156
1364	20601.386779785156
1365	20651.8369140625
1366	20687.479736328125
1367	20695.344848632812
1368	20707.02899169922
1369	20731.840087890625
1370	20738.665100097656
1371	20780.857849121094
1372	20783.556579589844
1373	20788.352966308594
1374	20815.359375
1375	20854.182067871094
1376	20858.9970703125
1377	20880.492614746094
1378	20923.313049316406
1379	20948.36376953125
1380	20971.80615234375
1381	20980.76788330078
1382	20981.676513671875
1383	20998.090270996094
1384	21026.051391601562
1385	21035.380859375
1386	21042.1044921875
1387	21042.249877929688
1388	21076.50732421875
1389	21093.536499023438
1390	21119.97186279297
1391	21172.5263671875
1392	21225.69708251953
1393	21271.695190429688
1394	21296.564819335938
1395	21322.26727294922
1396	21334.51385498047
1397	21356.790588378906
1398	21360.089965820312
1399	21380.996215820312
1400	21399.68975830078
1401	21407.502685546875
1402	21437.06121826172
1403	21521.372985839844
1404	21532.33465576172
1405	21558.470947265625
1406	21567.060485839844
1407	21569.070556640625
1408	21622.27197265625
1409	21632.358337402344
1410	21639.080017089844
1411	21643.209045410156
1412	21674.625732421875
1413	21698.11737060547
1414	21716.60546875
1415	21733.38153076172
1416	21872.9150390625
1417	21888.222106933594
1418	21892.541259765625
1419	21893.660034179688
1420	21964.191284179688
1421	21972.252807617188
1422	21995.793029785156
1423	22000.628662109375
1424	22010.84149169922
1425	22012.467529296875
1426	22052.97735595703
1427	22135.321350097656
1428	22158.023681640625
1429	22209.690673828125
1430	22228.251708984375
1431	22230.570434570312
1432	22231.557373046875
1433	22273.01055908203
1434	22315.597229003906
1435	22370.974060058594
1436	22386.444885253906
1437	22401.769897460938
1438	22467.059936523438
1439	22485.27880859375
1440	22512.668823242188
1441	22523.64373779297
1442	22601.13702392578
1443	22612.683349609375
1444	22632.89453125
1445	22645.188415527344
1446	22727.372497558594
1447	22737.441345214844
1448	22779.843688964844
1449	22788.709899902344
1450	22799.661254882812
1451	22819.050048828125
1452	22827.78759765625
1453	22925.595092773438
1454	22930.263732910156
1455	22943.48046875
1456	22948.724060058594
1457	23043.828186035156
1458	23095.77294921875
1459	23096.26727294922
1460	23141.787475585938
1461	23146.359313964844
1462	23197.44403076172
1463	23208.042236328125
1464	23264.04266357422
1465	23276.43017578125
1466	23287.53973388672
1467	23309.208557128906
1468	23317.257751464844
1469	23373.39569091797
1470	23376.183715820312
1471	23409.51776123047
1472	23432.539001464844
1473	23513.294189453125
1474	23516.416442871094
1475	23545.378662109375
1476	23570.22247314453
1477	23576.372802734375
1478	23628.60968017578
1479	23636.856384277344
1480	23650.593688964844
1481	23825.163818359375
1482	23895.5185546875
1483	23898.331420898438
1484	23972.363403320312
1485	24014.81805419922
1486	24035.859436035156
1487	24156.86993408203
1488	24167.645629882812
1489	24191.462463378906
1490	24218.726013183594
1491	24245.89080810547
1492	24249.32794189453
1493	24308.24853515625
1494	24317.808959960938
1495	24323.385803222656
1496	24379.441284179688
1497	24440.522094726562
1498	24463.90313720703
1499	24474.646423339844
1500	24548.14373779297
1501	24587.419189453125
1502	24623.101928710938
1503	24635.533203125
1504	24638.249450683594
1505	24664.047912597656
1506	24787.067443847656
1507	24787.464477539062
1508	24825.233642578125
1509	24869.728759765625
1510	24934.71697998047
1511	24948.914428710938
1512	24976.000061035156
1513	24979.31707763672
1514	25005.704650878906
1515	25006.08038330078
1516	25030.68292236328
1517	25085.90655517578
1518	25169.61602783203
1519	25216.081909179688
1520	25219.804626464844
1521	25228.71875
1522	25230.754760742188
1523	25260.507385253906
1524	25276.69061279297
1525	25322.350463867188
1526	25360.81103515625
1527	25420.296142578125
1528	25421.30108642578
1529	25425.014770507812
1530	25474.589782714844
1531	25555.091857910156
1532	25555.993225097656
1533	25578.19757080078
1534	25592.085510253906
1535	25608.2236328125
1536	25636.740478515625
1537	25655.539611816406
1538	25667.8759765625
1539	25711.385375976562
1540	25719.413940429688
1541	25720.659240722656
1542	25782.853088378906
1543	25796.33770751953
1544	25796.644958496094
1545	25848.96368408203
1546	25860.700561523438
1547	25893.650268554688
1548	25907.347045898438
1549	25913.400756835938
1550	25915.41375732422
1551	26018.751098632812
1552	26049.770751953125
1553	26113.0322265625
1554	26125.69647216797
1555	26134.399841308594
1556	26168.542358398438
1557	26270.44677734375
1558	26363.72686767578
1559	26364.114807128906
1560	26366.54217529297
1561	26371.13653564453
1562	26374.400756835938
1563	26407.68096923828
1564	26410.315979003906
1565	26439.102172851562
1566	26461.195068359375
1567	26488.89306640625
1568	26491.171936035156
1569	26518.334228515625
1570	26519.626892089844
1571	26565.644897460938
1572	26587.38818359375
1573	26617.56640625
1574	26641.92010498047
1575	26711.719360351562
1576	26769.98858642578
1577	26819.46405029297
1578	26820.0029296875
1579	26840.268798828125
1580	26857.252380371094
1581	26858.307983398438
1582	26896.923095703125
1583	26919.19854736328
1584	26922.123046875
1585	26966.293029785156
1586	26990.91632080078
1587	27043.132568359375
1588	27082.2041015625
1589	27170.848999023438
1590	27197.187438964844
1591	27206.871337890625
1592	27208.703979492188
1593	27306.422424316406
1594	27333.978271484375
1595	27340.736450195312
1596	27457.948974609375
1597	27484.797424316406
1598	27509.273864746094
1599	27628.44091796875
1600	27669.139221191406
1601	27700.77215576172
1602	27717.06427001953
1603	27761.685791015625
1604	27843.907165527344
1605	27850.111389160156
1606	27883.699340820312
1607	27948.6591796875
1608	27958.296875
1609	28013.34375
1610	28098.8173828125
1611	28152.071350097656
1612	28180.092163085938
1613	28219.235961914062
1614	28236.590270996094
1615	28238.054138183594
1616	28255.819396972656
1617	28278.233459472656
1618	28318.542846679688
1619	28532.2431640625
1620	28534.309448242188
1621	28540.880798339844
1622	28541.383850097656
1623	28551.884765625
1624	28609.565490722656
1625	28623.976928710938
1626	28700.733154296875
1627	28709.500732421875
1628	28755.307495117188
1629	28784.363647460938
1630	28793.93914794922
1631	28810.27178955078
1632	28837.685180664062
1633	28882.152893066406
1634	28890.36346435547
1635	28891.004760742188
1636	28920.615173339844
1637	29002.03045654297
1638	29073.203674316406
1639	29171.677490234375
1640	29171.890258789062
1641	29236.62158203125
1642	29396.084045410156
1643	29427.47833251953
1644	29455.431213378906
1645	29475.19189453125
1646	29519.376831054688
1647	29576.071044921875
1648	29606.506103515625
1649	29610.759338378906
1650	29615.6650390625
1651	29631.806640625
1652	29660.183166503906
1653	29670.453063964844
1654	29737.478149414062
1655	29745.734313964844
1656	29762.158142089844
1657	29790.96954345703
1658	29806.805114746094
1659	29866.099609375
1660	29907.79150390625
1661	30002.727111816406
1662	30004.742553710938
1663	30055.772033691406
1664	30086.497802734375
1665	30108.617309570312
1666	30192.692321777344
1667	30234.67755126953
1668	30253.099548339844
1669	30260.096618652344
1670	30268.928833007812
1671	30302.192260742188
1672	30369.403442382812
1673	30371.13311767578
1674	30377.36981201172
1675	30457.486083984375
1676	30460.48291015625
1677	30462.014099121094
1678	30530.889892578125
1679	30615.59912109375
1680	30689.944396972656
1681	30737.203186035156
1682	30761.230224609375
1683	30805.82293701172
1684	31033.511840820312
1685	31046.08428955078
1686	31095.151489257812
1687	31183.836059570312
1688	31379.88885498047
1689	31382.802185058594
1690	31385.132568359375
1691	31407.1533203125
1692	31462.77001953125
1693	31527.18048095703
1694	31532.34130859375
1695	31548.18487548828
1696	31557.83367919922
1697	31674.159606933594
1698	31825.692016601562
1699	31877.502990722656
1700	31893.641479492188
1701	31938.235107421875
1702	31977.15936279297
1703	32110.999450683594
1704	32131.22265625
1705	32198.28924560547
1706	32237.472778320312
1707	32271.110290527344
1708	32332.173095703125
1709	32345.08624267578
1710	32383.262939453125
1711	32413.042419433594
1712	32526.145629882812
1713	32580.229370117188
1714	32631.95050048828
1715	32685.329467773438
1716	32706.651611328125
1717	32731.44598388672
1718	32731.50665283203
1719	32740.071716308594
1720	32760.52313232422
1721	32868.19366455078
1722	32881.32342529297
1723	33029.12109375
1724	33097.3623046875
1725	33226.018981933594
1726	33253.811279296875
1727	33310.869689941406
1728	33431.56414794922
1729	33444.565185546875
1730	33466.906311035156
1731	33481.065002441406
1732	33495.111572265625
1733	33615.25109863281
1734	33705.343505859375
1735	33820.45104980469
1736	33844.014099121094
1737	34050.906799316406
1738	34265.60040283203
1739	34304.12243652344
1740	34360.647033691406
1741	34498.924865722656
1742	34501.309509277344
1743	34517.047790527344
1744	34665.59375
1745	34782.48034667969
1746	34802.19580078125
1747	34919.177307128906
1748	34923.966857910156
1749	34946.31671142578
1750	35007.416564941406
1751	35072.8134765625
1752	35105.66943359375
1753	35155.048828125
1754	35347.52276611328
1755	35427.655700683594
1756	35514.84161376953
1757	35576.001037597656
1758	35785.72442626953
1759	35847.68133544922
1760	35926.53253173828
1761	36020.82971191406
1762	36240.967712402344
1763	36294.40283203125
1764	36306.54656982422
1765	36354.77899169922
1766	36400.59521484375
1767	36433.686462402344
1768	36588.26483154297
1769	36643.032775878906
1770	36705.788635253906
1771	36712.71252441406
1772	36797.76885986328
1773	36834.97393798828
1774	36862.41613769531
1775	37065.5595703125
1776	37086.090087890625
1777	37165.416259765625
1778	37174.952697753906
1779	37176.76043701172
1780	37191.91485595703
1781	37234.549743652344
1782	37236.75762939453
1783	37319.03466796875
1784	37341.72869873047
1785	37459.42932128906
1786	37494.79675292969
1787	37505.741149902344
1788	37678.098205566406
1789	37801.348205566406
1790	37831.763732910156
1791	37853.269287109375
1792	37872.911193847656
1793	37909.89013671875
1794	37925.0380859375
1795	37944.68487548828
1796	37958.94354248047
1797	37986.84875488281
1798	38067.20764160156
1799	38099.852600097656
1800	38119.141174316406
1801	38125.98291015625
1802	38132.0615234375
1803	38249.9951171875
1804	38258.497619628906
1805	38298.97100830078
1806	38379.519592285156
1807	38434.884765625
1808	38437.454833984375
1809	38449.237060546875
1810	38536.22607421875
1811	38575.606384277344
1812	38613.08465576172
1813	38702.472106933594
1814	38726.96813964844
1815	38727.760986328125
1816	38731.47296142578
1817	38871.65869140625
1818	39010.25720214844
1819	39056.83166503906
1820	39156.797790527344
1821	39217.770935058594
1822	39265.50469970703
1823	39355.357482910156
1824	39424.50799560547
1825	39477.74688720703
1826	39479.97155761719
1827	39481.973388671875
1828	39510.50231933594
1829	39523.182067871094
1830	39548.06604003906
1831	39571.172607421875
1832	39607.66241455078
1833	39685.25372314453
1834	39866.71643066406
1835	39972.6103515625
1836	40001.24206542969
1837	40320.987243652344
1838	40371.85089111328
1839	40445.35272216797
1840	40589.202697753906
1841	40787.241760253906
1842	40841.35089111328
1843	40871.28332519531
1844	41122.81433105469
1845	41297.6337890625
1846	41302.452575683594
1847	41326.13604736328
1848	41326.449462890625
1849	41354.73516845703
1850	41367.53186035156
1851	41714.16339111328
1852	41743.88446044922
1853	41745.48742675781
1854	41756.866943359375
1855	41757.08410644531
1856	41786.757385253906
1857	41952.6826171875
1858	41979.332580566406
1859	42094.2685546875
1860	42106.79132080078
1861	42124.50469970703
1862	42175.21813964844
1863	42248.44421386719
1864	42364.104064941406
1865	42427.50311279297
1866	42736.66125488281
1867	42836.454040527344
1868	42876.3740234375
1869	43053.229919433594
1870	43083.6630859375
1871	43148.47766113281
1872	43184.02551269531
1873	43266.246032714844
1874	43323.935485839844
1875	43373.84014892578
1876	43413.24084472656
1877	43670.10693359375
1878	43734.13232421875
1879	43744.87091064453
1880	43857.40075683594
1881	43926.219299316406
1882	43951.06317138672
1883	44049.921936035156
1884	44176.07928466797
1885	44220.36474609375
1886	44313.733825683594
1887	44454.12042236328
1888	44544.901611328125
1889	44599.052978515625
1890	44649.88293457031
1891	44675.01788330078
1892	44732.816650390625
1893	44762.128173828125
1894	44769.680236816406
1895	44773.9814453125
1896	44868.14190673828
1897	44916.38635253906
1898	45068.06561279297
1899	45101.914611816406
1900	45202.072509765625
1901	45279.31610107422
1902	45290.613037109375
1903	45341.83801269531
1904	45490.65802001953
1905	45558.891662597656
1906	45566.29553222656
1907	45737.69189453125
1908	45744.69140625
1909	45848.834228515625
1910	46006.039978027344
1911	46169.47314453125
1912	46261.187438964844
1913	46669.625
1914	46797.16906738281
1915	46899.42449951172
1916	47037.223388671875
1917	47055.010986328125
1918	47258.44091796875
1919	47354.741149902344
1920	47436.90313720703
1921	47472.25256347656
1922	47536.07977294922
1923	47548.79357910156
1924	47554.08642578125
1925	47584.439697265625
1926	47739.20422363281
1927	47906.63671875
1928	47925.211853027344
1929	48110.22863769531
1930	48223.33477783203
1931	48228.17413330078
1932	48241.048889160156
1933	48337.75701904297
1934	48357.66961669922
1935	48361.66436767578
1936	48396.27941894531
1937	48408.5205078125
1938	48444.710205078125
1939	48555.63836669922
1940	48668.10607910156
1941	48749.9208984375
1942	48785.74230957031
1943	48806.929138183594
1944	48864.110900878906
1945	48865.20672607422
1946	48932.232666015625
1947	48940.5283203125
1948	48948.07354736328
1949	48965.78454589844
1950	49051.5224609375
1951	49052.197265625
1952	49343.79620361328
1953	49409.45812988281
1954	49449.96789550781
1955	49651.4267578125
1956	49722.21594238281
1957	49801.61846923828
1958	49844.02069091797
1959	49968.88903808594
1960	50084.155029296875
1961	50088.23742675781
1962	50206.3125
1963	50208.718017578125
1964	50213.15393066406
1965	50313.18572998047
1966	50381.98809814453
1967	50703.03192138672
1968	50739.67169189453
1969	50797.17218017578
1970	50842.19171142578
1971	50916.582763671875
1972	51098.345947265625
1973	51143.64013671875
1974	51155.65069580078
1975	51228.915771484375
1976	51268.724548339844
1977	51539.507080078125
1978	51648.642333984375
1979	51702.05749511719
1980	51709.301818847656
1981	51819.27703857422
1982	51983.39538574219
1983	52032.56805419922
1984	52094.473083496094
1985	52136.810119628906
1986	52268.056213378906
1987	52376.28875732422
1988	52450.796813964844
1989	52532.04998779297
1990	52544.029724121094
1991	52643.00341796875
1992	52696.65936279297
1993	52730.190490722656
1994	52759.142150878906
1995	52784.64025878906
1996	52796.240661621094
1997	52863.691650390625
1998	53176.49395751953
1999	53476.02502441406
2000	53521.57049560547
2001	53561.29504394531
2002	53637.00616455078
2003	53775.949951171875
2004	53966.694274902344
2005	54227.614501953125
2006	54258.363708496094
2007	54272.57568359375
2008	54298.689453125
2009	54590.11358642578
2010	54619.63635253906
2011	54792.882873535156
2012	55110.836853027344
2013	55272.348205566406
2014	55275.316162109375
2015	55351.88153076172
2016	55410.19470214844
2017	55431.07928466797
2018	55477.09356689453
2019	55598.37957763672
2020	55645.2080078125
2021	55649.32550048828
2022	55883.42639160156
2023	55941.447814941406
2024	56049.704345703125
2025	56116.163146972656
2026	56196.687927246094
2027	56244.145751953125
2028	56246.16082763672
2029	56296.25573730469
2030	56413.10675048828
2031	56583.11462402344
2032	56611.06219482422
2033	56615.088928222656
2034	56687.4052734375
2035	56703.685974121094
2036	56861.220153808594
2037	57039.89709472656
2038	57286.28741455078
2039	57457.548278808594
2040	57591.13708496094
2041	57647.89813232422
2042	58287.535705566406
2043	58467.319763183594
2044	58725.55987548828
2045	59128.66796875
2046	59157.44787597656
2047	59432.589599609375
2048	59554.175354003906
2049	59686.99578857422
2050	59756.987854003906
2051	59771.45178222656
2052	59895.82409667969
2053	59958.48583984375
2054	60233.225158691406
2055	60409.61047363281
2056	60558.76025390625
2057	60592.932678222656
2058	60660.605712890625
2059	60842.62878417969
2060	60954.318420410156
2061	61010.26678466797
2062	61130.02111816406
2063	61228.89367675781
2064	61659.43084716797
2065	61671.74151611328
2066	61728.67663574219
2067	61782.454528808594
2068	61887.169921875
2069	62086.648193359375
2070	62305.17559814453
2071	62314.85986328125
2072	62442.23767089844
2073	62608.209533691406
2074	62663.501220703125
2075	62697.40954589844
2076	62705.561462402344
2077	62862.10137939453
2078	62893.83721923828
2079	63134.907958984375
2080	63251.13653564453
2081	63325.967529296875
2082	63660.478759765625
2083	63752.405029296875
2084	63901.90490722656
2085	63989.88409423828
2086	64023.30017089844
2087	64038.53820800781
2088	64178.13854980469
2089	64413.610900878906
2090	64442.60546875
2091	64500.28576660156
2092	64590.78552246094
2093	64805.29229736328
2094	64820.17266845703
2095	64865.9375
2096	64937.49621582031
2097	65154.269958496094
2098	65197.90850830078
2099	65466.482421875
2100	65571.6865234375
2101	65572.8980102539
2102	65652.87896728516
2103	65771.49328613281
2104	65945.37939453125
2105	66014.82397460938
2106	66192.33770751953
2107	66258.39447021484
2108	66290.48876953125
2109	66479.91223144531
2110	66802.21850585938
2111	66911.13262939453
2112	66969.408203125
2113	67092.15789794922
2114	67139.58502197266
2115	67291.79821777344
2116	67729.0302734375
2117	68118.58898925781
2118	68172.54504394531
2119	68562.69842529297
2120	68654.63818359375
2121	68892.01251220703
2122	68924.22595214844
2123	68965.21881103516
2124	69001.42614746094
2125	69046.88232421875
2126	69311.12902832031
2127	69414.1283569336
2128	69716.49035644531
2129	70025.96960449219
2130	70061.12310791016
2131	70175.2162475586
2132	70291.52917480469
2133	70316.54522705078
2134	70491.17071533203
2135	70791.7046508789
2136	70847.2451171875
2137	70879.59210205078
2138	71082.4956665039
2139	71094.0835571289
2140	71118.22491455078
2141	71209.1869506836
2142	71393.44799804688
2143	71829.06353759766
2144	72056.98327636719
2145	72371.17822265625
2146	72404.55596923828
2147	72621.54321289062
2148	72930.47485351562
2149	73107.20336914062
2150	73592.72833251953
2151	73692.37670898438
2152	73774.49670410156
2153	73777.6294555664
2154	74334.22637939453
2155	74486.4310913086
2156	74596.52032470703
2157	74682.23071289062
2158	74797.74139404297
2159	74979.79577636719
2160	75138.17181396484
2161	76242.21459960938
2162	76670.10766601562
2163	76736.1187133789
2164	77778.40344238281
2165	78448.25408935547
2166	78899.58154296875
2167	78942.33526611328
2168	78982.0132446289
2169	79098.60180664062
2170	79277.16143798828
2171	79323.71215820312
2172	79741.74896240234
2173	79816.4008178711
2174	80409.19213867188
2175	80576.50048828125
2176	80709.01947021484
2177	80752.26953125
2178	81030.10675048828
2179	82085.80407714844
2180	82919.50146484375
2181	83016.22686767578
2182	83169.93157958984
2183	83367.39776611328
2184	83535.44897460938
2185	83868.21771240234
2186	83995.22094726562
2187	84709.84008789062
2188	85739.42449951172
2189	86187.76629638672
2190	86299.57482910156
2191	86385.60119628906
2192	86885.16180419922
2193	86892.00903320312
2194	87023.1986694336
2195	87085.13830566406
2196	87549.82623291016
2197	87626.27185058594
2198	88090.89245605469
2199	88228.98052978516
2200	88399.03594970703
2201	88496.23083496094
2202	88965.41381835938
2203	89172.84558105469
2204	89529.78576660156
2205	90345.31842041016
2206	90469.92950439453
2207	90793.32122802734
2208	90956.5785522461
2209	91525.35076904297
2210	92046.80895996094
2211	92209.6527709961
2212	92626.29754638672
2213	93389.25109863281
2214	94231.56359863281
2215	94698.79376220703
2216	95389.37310791016
2217	95513.21911621094
2218	95720.69360351562
2219	95934.28393554688
2220	96805.21936035156
2221	97012.21533203125
2222	97214.13073730469
2223	97677.89453125
2224	97726.1259765625
2225	98706.58087158203
2226	98766.22357177734
2227	98860.58197021484
2228	100401.02893066406
2229	100923.76245117188
2230	101353.2915649414
2231	101605.48620605469
2232	101976.3969116211
2233	102007.12371826172
2234	102223.22924804688
2235	102264.0126953125
2236	102984.47442626953
2237	103353.77966308594
2238	103453.76159667969
2239	103600.21508789062
2240	103796.78985595703
2241	103861.69384765625
2242	104153.26239013672
2243	104446.6318359375
2244	104466.06762695312
2245	105021.005859375
2246	105567.33166503906
2247	105818.55694580078
2248	106397.1576538086
2249	106601.68225097656
2250	107664.80651855469
2251	107786.90307617188
2252	108353.53314208984
2253	108644.64251708984
2254	108725.10400390625
2255	108975.2201538086
2256	109515.51440429688
2257	109587.5166015625
2258	109696.33099365234
2259	109907.58563232422
2260	110036.71826171875
2261	110064.9917602539
2262	110449.01867675781
2263	110675.63391113281
2264	110988.60040283203
2265	111479.50744628906
2266	112065.4741821289
2267	112160.42846679688
2268	112283.60864257812
2269	112459.68048095703
2270	112715.17749023438
2271	113117.2685546875
2272	113479.90100097656
2273	113779.53210449219
2274	114245.68041992188
2275	114794.94647216797
2276	114803.96911621094
2277	115307.4140625
2278	115438.21496582031
2279	115876.56860351562
2280	115955.61199951172
2281	116053.2631225586
2282	116240.05004882812
2283	116589.55639648438
2284	116649.44677734375
2285	117057.28393554688
2286	117159.3745727539
2287	117457.76580810547
2288	117899.70477294922
2289	118560.01904296875
2290	119148.08251953125
2291	119200.8168334961
2292	119375.4111328125
2293	119446.38385009766
2294	119493.76647949219
2295	119650.64654541016
2296	119760.00946044922
2297	120215.2880859375
2298	120426.80670166016
2299	120488.29162597656
2300	120597.53631591797
2301	121467.34674072266
2302	122189.9652709961
2303	122996.447265625
2304	123557.4946899414
2305	123968.70544433594
2306	125667.11584472656
2307	126150.18255615234
2308	126301.94274902344
2309	126326.64025878906
2310	126425.29119873047
2311	126594.70477294922
2312	127502.2992553711
2313	127818.42980957031
2314	128817.46258544922
2315	129362.58129882812
2316	129604.50390625
2317	129623.63049316406
2318	129757.86358642578
2319	130125.98937988281
2320	131095.41137695312
2321	132091.1674194336
2322	132170.09790039062
2323	134397.56915283203
2324	136221.23699951172
2325	136304.83709716797
2326	136470.80377197266
2327	137053.92181396484
2328	137432.8978881836
2329	137691.79400634766
2330	137961.14916992188
2331	138124.58923339844
2332	139458.86883544922
2333	139659.60052490234
2334	140026.6688232422
2335	142743.04571533203
2336	142815.79327392578
2337	142976.73077392578
2338	143731.27337646484
2339	144437.4331665039
2340	144521.34411621094
2341	144925.4063720703
2342	147962.5361328125
2343	148366.41174316406
2344	148411.3963623047
2345	149055.49041748047
2346	150087.07843017578
2347	150341.44763183594
2348	151846.3660888672
2349	152093.3031616211
2350	153427.0923461914
2351	153708.92779541016
2352	154195.95001220703
2353	154488.7811279297
2354	155635.42791748047
2355	156420.32415771484
2356	156764.55859375
2357	156882.03869628906
2358	157707.81658935547
2359	158693.75714111328
2360	159595.9115600586
2361	159688.06799316406
2362	162464.85485839844
2363	162467.57861328125
2364	163394.53442382812
2365	163763.28173828125
2366	164139.39361572266
2367	164477.33111572266
2368	165887.58129882812
2369	168104.84991455078
2370	169151.77716064453
2371	169718.43658447266
2372	169739.13653564453
2373	169772.50103759766
2374	169925.56854248047
2375	171255.02838134766
2376	171327.47119140625
2377	172386.25610351562
2378	172581.9793701172
2379	174819.83770751953
2380	175114.4012451172
2381	175282.05206298828
2382	176846.93432617188
2383	178222.98028564453
2384	178859.15362548828
2385	178986.1483154297
2386	179459.8861694336
2387	181357.16033935547
2388	182117.44171142578
2389	182118.58099365234
2390	182431.20184326172
2391	182682.38690185547
2392	183553.54425048828
2393	184056.47564697266
2394	184907.99041748047
2395	185928.3578491211
2396	186166.7875366211
2397	187547.79931640625
2398	188309.48724365234
2399	188398.74365234375
2400	189214.51300048828
2401	192114.1678466797
2402	193834.16046142578
2403	195637.23516845703
2404	197081.92163085938
2405	197120.07635498047
2406	197973.39685058594
2407	198141.57257080078
2408	198893.05834960938
2409	199745.52056884766
2410	199750.5863647461
2411	201272.86846923828
2412	204394.7890625
2413	205827.94219970703
2414	206821.0682373047
2415	208401.60723876953
2416	208582.66766357422
2417	210940.4288330078
2418	213019.85388183594
2419	213257.6675415039
2420	213714.45489501953
2421	214170.82989501953
2422	214683.94702148438
2423	216864.40405273438
2424	217407.78997802734
2425	218329.87463378906
2426	219294.29693603516
2427	220027.8262939453
2428	221490.6728515625
2429	223891.44372558594
2430	223910.15728759766
2431	226917.74481201172
2432	229462.77508544922
2433	230688.1333618164
2434	231884.1112060547
2435	232587.67260742188
2436	233868.3451538086
2437	236064.15393066406
2438	236148.41693115234
2439	241316.07330322266
2440	241927.30108642578
2441	242370.19567871094
2442	244526.04064941406
2443	244952.634765625
2444	247112.59356689453
2445	247894.78106689453
2446	250658.4481201172
2447	250903.12237548828
2448	251423.61334228516
2449	252204.78271484375
2450	253103.4718017578
2451	253321.89141845703
2452	253358.26385498047
2453	254285.5288696289
2454	254631.01690673828
2455	256271.9828491211
2456	262144.0
2457	262144.0
2458	262144.0
2459	262144.0
2460	262144.0
2461	262144.0
2462	262144.0
2463	262144.0
2464	262144.0
2465	262144.0
2466	262144.0
2467	262144.0
2468	262144.0
2469	262144.0
2470	262144.0
2471	262144.0
2472	262144.0
2473	262144.0
2474	262144.0
2475	262144.0
2476	262144.0
2477	262144.0
2478	262144.0
2479	262144.0
2480	262144.0
2481	262144.0
2482	262144.0
2483	262144.0
2484	262144.0
2485	262144.0
2486	262144.0
2487	262144.0
2488	262144.0
2489	262144.0
2490	262144.0
2491	262144.0
2492	262144.0
2493	262144.0
2494	262144.0
2495	262144.0
2496	262144.0
2497	262144.0
2498	262144.0
2499	262144.0
2500	262144.0
2501	262144.0
2502	262144.0
2503	262144.0
2504	262144.0
2505	262144.0
2506	262144.0
2507	262144.0
2508	262144.0
2509	262144.0
2510	262144.0
2511	262144.0
2512	262144.0
2513	262144.0
2514	262144.0
2515	262144.0
2516	262144.0
2517	262144.0
2518	262144.0
2519	262144.0
2520	262144.0
2521	262144.0
2522	262144.0
2523	262144.0
2524	262144.0
2525	262144.0
2526	262144.0
2527	262144.0
2528	262144.0
2529	262144.0
2530	262144.0
2531	262144.0
2532	262144.0
2533	262144.0
2534	262144.0
2535	262144.0
2536	262144.0
2537	262144.0
2538	262144.0
2539	262144.0
2540	262144.0
2541	262144.0
2542	262144.0
2543	262144.0
2544	262144.0
2545	262144.0
2546	262144.0
2547	262144.0
2548	262144.0
2549	262144.0
2550	262144.0
2551	262144.0
2552	262144.0
2553	262144.0
2554	262144.0
2555	262144.0
2556	262144.0
2557	262144.0
2558	262144.0
2559	262144.0
2560	262144.0
2561	262144.0
2562	262144.0
2563	262144.0
2564	262144.0
2565	262144.0
2566	262144.0
2567	262144.0
2568	262144.0
2569	262144.0
2570	262144.0
2571	262144.0
2572	262144.0
2573	262144.0
2574	262144.0
2575	262144.0
2576	262144.0
2577	262144.0
2578	262144.0
2579	262144.0
2580	262144.0
2581	262144.0
2582	262144.0
2583	262144.0
2584	262144.0
2585	262144.0
2586	262144.0
2587	262144.0
2588	262144.0
2589	262144.0
2590	262144.0
2591	262144.0
2592	262144.0
2593	262144.0
2594	262144.0
2595	262144.0
2596	262144.0
2597	262144.0
2598	262144.0
2599	262144.0
2600	262144.0
2601	262144.0
2602	262144.0
2603	262144.0
2604	262144.0
2605	262144.0
2606	262144.0
2607	262144.0
2608	262144.0
2609	262144.0
2610	262144.0
2611	262144.0
2612	262144.0
2613	262144.0
2614	262144.0
2615	262144.0
2616	262144.0
2617	262144.0
2618	262144.0
2619	262144.0
2620	262144.0
2621	262144.0
2622	262144.0
2623	262144.0
2624	262144.0
2625	262144.0
2626	262144.0
2627	262144.0
2628	262144.0
2629	262144.0
2630	262144.0
2631	262144.0
2632	262144.0
2633	262144.0
2634	262144.0
2635	262144.0
2636	262144.0
2637	262144.0
2638	262144.0
2639	262144.0
2640	262144.0
2641	262144.0
2642	262144.0
2643	262144.0
2644	262144.0
2645	262144.0
2646	262144.0
2647	262144.0
2648	262144.0
2649	262144.0
2650	262144.0
2651	262144.0
2652	262144.0
2653	262144.0
2654	262144.0
2655	262144.0
2656	262144.0
2657	262144.0
2658	262144.0
2659	262144.0
2660	262144.0
2661	262144.0
2662	262144.0
2663	262144.0
2664	262144.0
2665	262144.0
