# order  nit
0	349.49658203125
1	438.64697265625
2	564.1669921875
3	613.99658203125
4	658.50830078125
5	665.4111328125
6	667.94921875
7	706.33349609375
8	780.986328125
9	781.9892578125
10	804.59326171875
11	820.43017578125
12	844.05078125
13	857.310546875
14	879.22119140625
15	950.16845703125
16	975.59130859375
17	1022.67578125
18	1077.30517578125
19	1132.4287109375
20	1140.33544921875
21	1149.97900390625
22	1186.22998046875
23	1194.75048828125
24	1217.27880859375
25	1230.474609375
26	1239.54345703125
27	1252.19482421875
28	1259.06494140625
29	1277.09619140625
30	1287.798828125
31	1308.40234375
32	1326.857421875
33	1355.39892578125
34	1360.67529296875
35	1395.841796875
36	1417.2744140625
37	1420.59375
38	1433.20654296875
39	1434.56982421875
40	1465.05126953125
41	1470.8935546875
42	1472.86279296875
43	1495.86962890625
44	1508.63134765625
45	1521.298828125
46	1539.947265625
47	1545.92529296875
48	1554.64794921875
49	1582.1845703125
50	1590.42822265625
51	1610.04296875
52	1612.826171875
53	1622.82421875
54	1627.79931640625
55	1684.1328125
56	1695.7578125
57	1700.60546875
58	1706.13916015625
59	1711.02197265625
60	1721.07666015625
61	1753.17431640625
62	1760.63232421875
63	1772.95068359375
64	1794.3740234375
65	1810.3818359375
66	1819.17333984375
67	1831.02734375
68	1839.09423828125
69	1852.0234375
70	1859.21337890625
71	1904.71875
72	1908.48974609375
73	1944.8974609375
74	1970.8798828125
75	1974.9580078125
76	1984.8447265625
77	2005.82763671875
78	2015.140625
79	2015.61572265625
80	2021.10546875
81	2075.853515625
82	2080.283203125
83	2082.4580078125
84	2100.95556640625
85	2126.35791015625
86	2137.63134765625
87	2167.6640625
88	2183.28515625
89	2233.52685546875
90	2278.7939453125
91	2297.82568359375
92	2300.61279296875
93	2305.654296875
94	2308.24072265625
95	2320.21435546875
96	2324.01904296875
97	2330.9599609375
98	2344.74609375
99	2347.744140625
100	2352.06689453125
101	2365.21142578125
102	2379.69873046875
103	2415.05810546875
104	2423.88330078125
105	2428.2685546875
106	2428.78955078125
107	2439.4970703125
108	2450.05029296875
109	2454.97998046875
110	2465.20751953125
111	2480.3056640625
112	2488.6171875
113	2497.47314453125
114	2513.5126953125
115	2536.15478515625
116	2550.35693359375
117	2557.70068359375
118	2565.4423828125
119	2576.9892578125
120	2586.9736328125
121	2612.666015625
122	2613.03173828125
123	2626.49462890625
124	2628.1865234375
125	2640.70166015625
126	2701.7890625
127	2706.8017578125
128	2722.28271484375
129	2726.39892578125
130	2732.62841796875
131	2746.0546875
132	2752.37890625
133	2768.34423828125
134	2779.3134765625
135	2785.185546875
136	2795.85595703125
137	2819.39794921875
138	2819.515625
139	2825.7802734375
140	2840.90478515625
141	2841.90771484375
142	2875.787109375
143	2886.5322265625
144	2905.025390625
145	2947.33984375
146	2949.86572265625
147	2950.701171875
148	2956.10009765625
149	2956.99609375
150	2961.09521484375
151	2961.70166015625
152	2963.6630859375
153	2964.5322265625
154	2969.72216796875
155	2971.58544921875
156	2975.5546875
157	2987.57470703125
158	2988.08837890625
159	3002.28466796875
160	3026.72314453125
161	3040.20361328125
162	3058.703125
163	3108.28759765625
164	3108.966796875
165	3118.2294921875
166	3128.43310546875
167	3135.3369140625
168	3153.5244140625
169	3154.52587890625
170	3158.111328125
171	3169.08447265625
172	3176.46435546875
173	3183.08740234375
174	3184.8955078125
175	3197.93017578125
176	3204.85546875
177	3207.0673828125
178	3216.904296875
179	3221.91015625
180	3224.3486328125
181	3264.6005859375
182	3280.6640625
183	3283.39306640625
184	3307.28662109375
185	3310.04150390625
186	3313.0458984375
187	3335.9462890625
188	3381.0029296875
189	3396.66845703125
190	3413.65966796875
191	3427.93994140625
192	3429.33056640625
193	3433.31640625
194	3435.5576171875
195	3436.263671875
196	3436.92822265625
197	3443.96923828125
198	3452.2109375
199	3470.123046875
200	3474.6796875
201	3475.0166015625
202	3483.04931640625
203	3485.76025390625
204	3493.42431640625
205	3495.373046875
206	3498.77880859375
207	3506.62548828125
208	3519.23876953125
209	3520.4443359375
210	3536.8408203125
211	3539.15625
212	3560.68310546875
213	3579.74365234375
214	3600.04052734375
215	3628.3828125
216	3629.2158203125
217	3630.14599609375
218	3630.34716796875
219	3664.83203125
220	3668.890625
221	3687.48095703125
222	3693.9482421875
223	3695.771484375
224	3698.01953125
225	3700.931640625
226	3709.03125
227	3711.97607421875
228	3716.63427734375
229	3716.80078125
230	3720.18017578125
231	3735.052734375
232	3751.7021484375
233	3770.72216796875
234	3785.5673828125
235	3786.57763671875
236	3792.25537109375
237	3797.69970703125
238	3812.1875
239	3812.55029296875
240	3825.43408203125
241	3833.56982421875
242	3834.98876953125
243	3840.89599609375
244	3869.41552734375
245	3886.27685546875
246	3889.2490234375
247	3918.33642578125
248	3930.91552734375
249	3954.50830078125
250	3956.90087890625
251	3998.5390625
252	4058.0390625
253	4071.39208984375
254	4083.6962890625
255	4088.30126953125
256	4110.26220703125
257	4115.97509765625
258	4161.8623046875
259	4166.11767578125
260	4175.3203125
261	4221.51025390625
262	4229.2509765625
263	4252.1845703125
264	4252.9873046875
265	4278.41015625
266	4310.05029296875
267	4310.4580078125
268	4315.330078125
269	4327.3671875
270	4336.59912109375
271	4359.05224609375
272	4363.271484375
273	4390.10888671875
274	4397.32470703125
275	4428.4716796875
276	4429.02490234375
277	4444.732421875
278	4453.2880859375
279	4486.2431640625
280	4504.58642578125
281	4516.4140625
282	4519.80419921875
283	4559.3681640625
284	4563.39990234375
285	4572.8701171875
286	4590.97021484375
287	4595.3798828125
288	4595.91552734375
289	4596.42431640625
290	4638.830078125
291	4649.13818359375
292	4655.43701171875
293	4663.099609375
294	4665.35546875
295	4700.89990234375
296	4708.88232421875
297	4717.6875
298	4753.1630859375
299	4760.5966796875
300	4762.240234375
301	4770.84228515625
302	4772.35205078125
303	4828.515625
304	4833.482421875
305	4883.7197265625
306	4884.5537109375
307	4884.7177734375
308	4903.39892578125
309	4920.52392578125
310	4926.7236328125
311	4941.84423828125
312	4945.8828125
313	4957.39794921875
314	4957.689453125
315	5010.3291015625
316	5013.88671875
317	5019.8623046875
318	5036.59765625
319	5048.869140625
320	5053.0537109375
321	5109.3828125
322	5133.763671875
323	5134.705078125
324	5143.52490234375
325	5158.59765625
326	5160.9560546875
327	5165.88037109375
328	5168.564453125
329	5184.3994140625
330	5199.013671875
331	5227.14208984375
332	5242.8818359375
333	5278.818359375
334	5287.8798828125
335	5292.85693359375
336	5299.09033203125
337	5316.06103515625
338	5334.68359375
339	5350.75634765625
340	5370.02197265625
341	5370.078125
342	5380.15087890625
343	5386.6650390625
344	5403.77880859375
345	5410.486328125
346	5421.3671875
347	5421.50927734375
348	5441.78173828125
349	5460.46337890625
350	5465.125
351	5477.8056640625
352	5492.53369140625
353	5505.69482421875
354	5522.32177734375
355	5525.04638671875
356	5531.236328125
357	5538.62451171875
358	5545.654296875
359	5550.7705078125
360	5588.9052734375
361	5589.50927734375
362	5592.5419921875
363	5636.6591796875
364	5640.990234375
365	5648.970703125
366	5667.3701171875
367	5673.74951171875
368	5680.71826171875
369	5716.056640625
370	5744.06591796875
371	5765.39013671875
372	5773.64892578125
373	5788.65625
374	5806.43505859375
375	5807.28662109375
376	5821.22509765625
377	5825.0986328125
378	5825.8857421875
379	5850.04833984375
380	5865.505859375
381	5876.10302734375
382	5885.57421875
383	5885.99169921875
384	5897.72314453125
385	5919.80810546875
386	5920.6953125
387	5934.35595703125
388	5949.1044921875
389	5953.4638671875
390	5960.87109375
391	5963.14306640625
392	5963.28271484375
393	5970.00048828125
394	5979.17333984375
395	5979.9501953125
396	5998.27734375
397	6005.6201171875
398	6010.15869140625
399	6026.173828125
400	6031.05615234375
401	6033.49169921875
402	6067.92236328125
403	6142.29833984375
404	6142.80029296875
405	6143.349609375
406	6157.49951171875
407	6161.86962890625
408	6164.6298828125
409	6165.22265625
410	6192.046875
411	6200.06005859375
412	6227.02001953125
413	6229.69091796875
414	6241.9443359375
415	6249.43408203125
416	6275.13720703125
417	6296.35888671875
418	6306.931640625
419	6309.4365234375
420	6310.7509765625
421	6312.04736328125
422	6313.71923828125
423	6321.599609375
424	6334.203125
425	6361.67578125
426	6363.5703125
427	6376.27099609375
428	6439.17236328125
429	6440.591796875
430	6462.70849609375
431	6464.939453125
432	6474.5068359375
433	6485.11865234375
434	6502.06005859375
435	6510.13037109375
436	6520.9287109375
437	6551.703125
438	6552.33203125
439	6604.513671875
440	6620.3955078125
441	6628.71240234375
442	6633.39501953125
443	6669.880859375
444	6680.21875
445	6712.46533203125
446	6721.1982421875
447	6726.5546875
448	6760.748046875
449	6760.94775390625
450	6774.7939453125
451	6779.98193359375
452	6784.39697265625
453	6788.51708984375
454	6789.7802734375
455	6802.28369140625
456	6829.45654296875
457	6842.32080078125
458	6848.9609375
459	6852.12939453125
460	6859.544921875
461	6903.7109375
462	6936.39697265625
463	6939.97314453125
464	6957.11767578125
465	6963.9609375
466	6989.19482421875
467	6989.369140625
468	7008.14599609375
469	7017.04541015625
470	7033.48779296875
471	7058.72216796875
472	7085.38330078125
473	7127.22119140625
474	7146.0927734375
475	7171.16552734375
476	7171.48193359375
477	7175.18359375
478	7175.2021484375
479	7201.69091796875
480	7208.1171875
481	7213.1962890625
482	7225.61767578125
483	7231.99560546875
484	7248.962890625
485	7287.890625
486	7295.2294921875
487	7303.78173828125
488	7309.36376953125
489	7321.85693359375
490	7351.0947265625
491	7353.3388671875
492	7358.63427734375
493	7366.74560546875
494	7387.56298828125
495	7397.41455078125
496	7413.28125
497	7431.373046875
498	7442.01171875
499	7454.63818359375
500	7475.484375
501	7490.5712890625
502	7499.94384765625
503	7507.52294921875
504	7516.35302734375
505	7541.38671875
506	7544.3779296875
507	7553.79638671875
508	7563.912109375
509	7568.92626953125
510	7592.4111328125
511	7601.76220703125
512	7616.93310546875
513	7632.3896484375
514	7647.2421875
515	7651.58447265625
516	7671.341796875
517	7671.7080078125
518	7685.587890625
519	7703.3125
520	7703.47119140625
521	7721.64306640625
522	7758.607421875
523	7770.3681640625
524	7775.87353515625
525	7788.1591796875
526	7791.53955078125
527	7801.37841796875
528	7823.95654296875
529	7881.1396484375
530	7887.70947265625
531	7911.76806640625
532	7915.8896484375
533	7924.0478515625
534	7926.6865234375
535	7933.04150390625
536	7966.88037109375
537	7973.25244140625
538	8006.234375
539	8013.87109375
540	8035.212890625
541	8041.28369140625
542	8047.517578125
543	8049.9453125
544	8080.74462890625
545	8107.02978515625
546	8130.869140625
547	8178.32958984375
548	8191.7724609375
549	8200.80419921875
550	8209.74267578125
551	8222.61474609375
552	8228.134765625
553	8230.3779296875
554	8321.453125
555	8326.25537109375
556	8345.38818359375
557	8348.4970703125
558	8350.53662109375
559	8379.181640625
560	8389.45849609375
561	8417.7451171875
562	8424.07421875
563	8438.6689453125
564	8453.841796875
565	8456.7373046875
566	8466.611328125
567	8480.54541015625
568	8498.8701171875
569	8507.02294921875
570	8512.9462890625
571	8524.31982421875
572	8525.3271484375
573	8536.39306640625
574	8538.9130859375
575	8539.53857421875
576	8552.0654296875
577	8563.404296875
578	8571.6416015625
579	8572.31298828125
580	8590.9814453125
581	8733.96435546875
582	8738.5029296875
583	8747.609375
584	8786.43017578125
585	8790.8466796875
586	8803.8876953125
587	8829.80810546875
588	8842.69189453125
589	8857.02294921875
590	8865.41845703125
591	8889.53125
592	8893.52490234375
593	8910.55615234375
594	8910.6630859375
595	8922.2275390625
596	8925.59033203125
597	8956.56396484375
598	9018.48193359375
599	9088.0263671875
600	9104.7099609375
601	9115.05615234375
602	9121.52197265625
603	9124.31884765625
604	9133.7177734375
605	9150.88427734375
606	9151.5322265625
607	9155.873046875
608	9304.78564453125
609	9318.580078125
610	9322.56982421875
611	9413.83740234375
612	9427.677734375
613	9455.35693359375
614	9458.30322265625
615	9469.62890625
616	9478.5009765625
617	9535.921875
618	9545.03662109375
619	9581.0244140625
620	9589.673828125
621	9594.841796875
622	9621.921875
623	9647.01806640625
624	9669.71630859375
625	9678.49267578125
626	9699.61181640625
627	9746.939453125
628	9758.90234375
629	9759.3291015625
630	9764.56298828125
631	9784.3779296875
632	9797.24951171875
633	9842.97900390625
634	9857.1474609375
635	9875.67236328125
636	9889.607421875
637	9890.095703125
638	9893.921875
639	9924.0888671875
640	9930.9921875
641	9941.22998046875
642	9963.5888671875
643	9969.89453125
644	9977.29052734375
645	9981.0400390625
646	10047.6796875
647	10060.62353515625
648	10083.21826171875
649	10098.27783203125
650	10113.59423828125
651	10132.22314453125
652	10178.703125
653	10217.32470703125
654	10286.86376953125
655	10309.0234375
656	10337.09033203125
657	10354.6455078125
658	10357.4814453125
659	10363.83984375
660	10365.69970703125
661	10385.08349609375
662	10409.6298828125
663	10534.09619140625
664	10534.95751953125
665	10561.34521484375
666	10562.95068359375
667	10571.0400390625
668	10585.31787109375
669	10589.55224609375
670	10671.0625
671	10672.53759765625
672	10689.50439453125
673	10699.9345703125
674	10707.732421875
675	10715.04833984375
676	10724.25146484375
677	10742.51953125
678	10746.50146484375
679	10758.076171875
680	10770.54833984375
681	10774.5810546875
682	10783.6025390625
683	10817.18310546875
684	10823.39404296875
685	10827.6328125
686	10840.46923828125
687	10865.61865234375
688	10958.45458984375
689	10968.7080078125
690	10989.2353515625
691	11003.58544921875
692	11023.65087890625
693	11024.982421875
694	11047.50048828125
695	11062.0400390625
696	11072.58154296875
697	11081.39404296875
698	11101.8037109375
699	11128.134765625
700	11146.77734375
701	11156.46533203125
702	11160.52294921875
703	11203.2568359375
704	11204.8564453125
705	11214.328125
706	11264.111328125
707	11308.66455078125
708	11318.6708984375
709	11322.4052734375
710	11323.72900390625
711	11342.197265625
712	11365.9560546875
713	11374.45166015625
714	11390.814453125
715	11407.197265625
716	11480.1103515625
717	11483.84765625
718	11556.3828125
719	11616.82861328125
720	11617.6904296875
721	11625.27490234375
722	11687.14990234375
723	11692.22265625
724	11762.2451171875
725	11788.76318359375
726	11810.26953125
727	11811.880859375
728	11900.4423828125
729	11900.70068359375
730	11937.4619140625
731	11956.55908203125
732	11962.28857421875
733	11987.13720703125
734	11997.373046875
735	12007.83935546875
736	12104.17822265625
737	12115.796875
738	12140.6240234375
739	12143.08642578125
740	12157.5322265625
741	12181.3828125
742	12226.974609375
743	12272.60205078125
744	12276.53076171875
745	12278.6435546875
746	12283.65234375
747	12295.41796875
748	12355.76953125
749	12359.30224609375
750	12365.267578125
751	12384.9873046875
752	12400.6259765625
753	12403.45458984375
754	12412.51416015625
755	12412.98095703125
756	12444.384765625
757	12476.09326171875
758	12500.46923828125
759	12551.556640625
760	12558.98486328125
761	12602.43017578125
762	12618.63623046875
763	12621.94921875
764	12685.6767578125
765	12686.48779296875
766	12729.55712890625
767	12761.5244140625
768	12762.24658203125
769	12785.48779296875
770	12796.60595703125
771	12796.98046875
772	12802.49267578125
773	12812.36181640625
774	12886.66552734375
775	12923.0419921875
776	12934.62158203125
777	12993.248046875
778	13010.666015625
779	13013.18310546875
780	13033.544921875
781	13063.591796875
782	13065.70751953125
783	13071.634765625
784	13080.86572265625
785	13086.85693359375
786	13142.6083984375
787	13162.55810546875
788	13219.39453125
789	13223.76513671875
790	13228.5625
791	13251.42333984375
792	13253.755859375
793	13312.96044921875
794	13325.12744140625
795	13332.6201171875
796	13360.79541015625
797	13366.40576171875
798	13397.93701171875
799	13404.33984375
800	13420.2470703125
801	13429.1650390625
802	13501.82080078125
803	13502.6767578125
804	13553.55517578125
805	13592.5830078125
806	13636.47998046875
807	13638.12548828125
808	13663.076171875
809	13704.48876953125
810	13728.71484375
811	13746.1064453125
812	13777.35693359375
813	13777.67529296875
814	13783.34814453125
815	13793.9462890625
816	13832.828125
817	13852.5634765625
818	13863.02490234375
819	13885.4541015625
820	13903.49169921875
821	13944.2548828125
822	13944.44189453125
823	13968.240234375
824	14055.953125
825	14077.9443359375
826	14084.57373046875
827	14098.4345703125
828	14123.62060546875
829	14197.421875
830	14210.91552734375
831	14243.73095703125
832	14254.376953125
833	14257.6396484375
834	14350.76806640625
835	14355.88818359375
836	14356.82568359375
837	14396.46875
838	14405.87841796875
839	14411.7490234375
840	14418.37890625
841	14430.423828125
842	14463.52001953125
843	14467.12744140625
844	14558.86181640625
845	14682.0771484375
846	14708.31005859375
847	14728.544921875
848	14778.38134765625
849	14804.470703125
850	14809.80029296875
851	14811.65185546875
852	14811.88525390625
853	14821.4326171875
854	14869.22412109375
855	14915.69873046875
856	14926.54296875
857	15012.4384765625
858	15018.78173828125
859	15057.80810546875
860	15090.826171875
861	15097.76123046875
862	15106.69873046875
863	15114.03076171875
864	15116.71240234375
865	15151.37451171875
866	15154.57177734375
867	15156.32421875
868	15234.49072265625
869	15275.2646484375
870	15290.12890625
871	15342.3798828125
872	15372.84130859375
873	15402.154296875
874	15429.63623046875
875	15433.4814453125
876	15454.521484375
877	15455.53759765625
878	15471.8525390625
879	15472.26123046875
880	15478.2041015625
881	15478.697265625
882	15495.04833984375
883	15530.0869140625
884	15540.59375
885	15583.66943359375
886	15630.05078125
887	15646.65380859375
888	15653.17529296875
889	15665.03515625
890	15672.4931640625
891	15691.1962890625
892	15756.91162109375
893	15817.23681640625
894	15857.13134765625
895	15860.24365234375
896	15877.22607421875
897	15960.91259765625
898	15980.06689453125
899	15994.5908203125
900	16047.3935546875
901	16084.9326171875
902	16093.6357421875
903	16112.72998046875
904	16129.73486328125
905	16144.21142578125
906	16190.095703125
907	16217.0849609375
908	16240.31884765625
909	16244.69091796875
910	16246.89892578125
911	16262.1630859375
912	16369.22802734375
913	16391.49853515625
914	16397.18896484375
915	16439.53955078125
916	16441.42529296875
917	16442.5693359375
918	16444.6484375
919	16531.673828125
920	16589.48095703125
921	16632.677734375
922	16651.52880859375
923	16699.26513671875
924	16741.27294921875
925	16766.06103515625
926	16818.77392578125
927	16853.0888671875
928	16920.09375
929	16948.86181640625
930	16994.48876953125
931	17038.3505859375
932	17201.97998046875
933	17296.35205078125
934	17308.32275390625
935	17397.50537109375
936	17416.80908203125
937	17433.4482421875
938	17435.13037109375
939	17452.00390625
940	17518.1962890625
941	17545.20849609375
942	17558.79248046875
943	17698.67919921875
944	17766.20751953125
945	17812.1171875
946	17866.5107421875
947	18025.59130859375
948	18035.15283203125
949	18047.72705078125
950	18125.966796875
951	18138.50048828125
952	18138.70458984375
953	18200.068359375
954	18259.748046875
955	18275.79638671875
956	18280.755859375
957	18282.61669921875
958	18288.56640625
959	18303.43896484375
960	18340.265625
961	18346.73486328125
962	18401.77001953125
963	18473.896484375
964	18486.22216796875
965	18508.65771484375
966	18539.78759765625
967	18540.93603515625
968	18563.62646484375
969	18567.95947265625
970	18568.8779296875
971	18576.25634765625
972	18786.67626953125
973	18870.3740234375
974	18948.45849609375
975	18999.38525390625
976	19110.94970703125
977	19115.0126953125
978	19166.4365234375
979	19166.8876953125
980	19215.36083984375
981	19264.87939453125
982	19268.4736328125
983	19276.01318359375
984	19332.7890625
985	19356.88037109375
986	19455.1904296875
987	19467.67236328125
988	19514.1044921875
989	19514.8193359375
990	19555.26025390625
991	19558.9560546875
992	19590.23046875
993	19590.927734375
994	19628.921875
995	19633.865234375
996	19649.17041015625
997	19702.84765625
998	19760.82666015625
999	19772.16064453125
1000	19794.70654296875
1001	19894.5849609375
1002	19944.02099609375
1003	19972.81298828125
1004	19978.27587890625
1005	19980.103515625
1006	19994.46630859375
1007	20029.52783203125
1008	20061.55712890625
1009	20072.419921875
1010	20098.2197265625
1011	20186.0546875
1012	20214.00341796875
1013	20215.53857421875
1014	20268.34619140625
1015	20331.0654296875
1016	20351.2099609375
1017	20415.35595703125
1018	20426.041015625
1019	20462.044921875
1020	20475.9736328125
1021	20502.169921875
1022	20520.4287109375
1023	20552.22314453125
1024	20600.20263671875
1025	20629.4365234375
1026	20647.3720703125
1027	20696.0009765625
1028	20728.69091796875
1029	20744.720703125
1030	20744.748046875
1031	20745.4990234375
1032	20767.10009765625
1033	20771.3701171875
1034	20802.75048828125
1035	20827.7802734375
1036	20879.95751953125
1037	20882.17919921875
1038	20891.60595703125
1039	20917.28076171875
1040	20940.88037109375
1041	20961.84521484375
1042	21014.82373046875
1043	21032.18798828125
1044	21097.35693359375
1045	21119.8671875
1046	21123.408203125
1047	21173.8837890625
1048	21334.53466796875
1049	21351.150390625
1050	21373.935546875
1051	21448.5859375
1052	21467.72802734375
1053	21480.103515625
1054	21498.111328125
1055	21547.32958984375
1056	21564.78271484375
1057	21577.83154296875
1058	21578.6767578125
1059	21688.7880859375
1060	21697.15234375
1061	21785.27685546875
1062	21814.46240234375
1063	21865.8525390625
1064	21881.76708984375
1065	21981.69140625
1066	21989.966796875
1067	22083.73779296875
1068	22101.09619140625
1069	22144.20947265625
1070	22152.28955078125
1071	22193.666015625
1072	22220.53564453125
1073	22236.248046875
1074	22254.14013671875
1075	22277.15478515625
1076	22374.3056640625
1077	22446.1455078125
1078	22494.29052734375
1079	22514.791015625
1080	22543.62841796875
1081	22648.173828125
1082	22660.77294921875
1083	22690.38134765625
1084	22761.2451171875
1085	22808.6259765625
1086	22828.13916015625
1087	22841.7861328125
1088	22924.79150390625
1089	22978.90283203125
1090	22979.80029296875
1091	23036.29052734375
1092	23048.4052734375
1093	23171.93115234375
1094	23176.1826171875
1095	23221.57080078125
1096	23311.66015625
1097	23334.6044921875
1098	23395.81201171875
1099	23429.21728515625
1100	23475.42041015625
1101	23524.35546875
1102	23542.724609375
1103	23579.70166015625
1104	23604.6259765625
1105	23642.294921875
1106	23643.96484375
1107	23681.90771484375
1108	23698.5693359375
1109	23723.30224609375
1110	23741.85009765625
1111	23909.5322265625
1112	23932.18310546875
1113	23958.7451171875
1114	24083.96630859375
1115	24095.9326171875
1116	24155.875
1117	24269.39697265625
1118	24407.421875
1119	24427.7998046875
1120	24440.51416015625
1121	24552.11328125
1122	24670.99462890625
1123	24762.978515625
1124	24851.75244140625
1125	24913.24462890625
1126	24973.23681640625
1127	24982.6455078125
1128	24987.57373046875
1129	25036.763671875
1130	25104.859375
1131	25300.5341796875
1132	25335.3828125
1133	25404.859375
1134	25449.19384765625
1135	25460.59423828125
1136	25464.27294921875
1137	25464.65283203125
1138	25538.9248046875
1139	25572.75341796875
1140	25598.0732421875
1141	25690.02001953125
1142	25728.4853515625
1143	25779.49658203125
1144	25848.03466796875
1145	25893.65234375
1146	25946.12353515625
1147	25968.8994140625
1148	26033.25
1149	26161.904296875
1150	26166.90087890625
1151	26184.19091796875
1152	26307.72265625
1153	26334.376953125
1154	26371.685546875
1155	26453.2080078125
1156	26463.96630859375
1157	26477.0068359375
1158	26499.77099609375
1159	26512.49462890625
1160	26573.232421875
1161	26587.078125
1162	26660.69482421875
1163	26693.408203125
1164	26763.1435546875
1165	26802.93408203125
1166	26841.6708984375
1167	26959.35498046875
1168	27012.19482421875
1169	27030.95947265625
1170	27083.69775390625
1171	27124.33837890625
1172	27173.7392578125
1173	27270.744140625
1174	27374.46435546875
1175	27468.22021484375
1176	27506.60498046875
1177	27509.90087890625
1178	27540.68408203125
1179	27624.322265625
1180	27806.39794921875
1181	27825.83251953125
1182	27852.37060546875
1183	27907.357421875
1184	27912.875
1185	27995.68603515625
1186	28080.83251953125
1187	28128.65380859375
1188	28173.4443359375
1189	28238.7041015625
1190	28260.25439453125
1191	28305.80712890625
1192	28435.28955078125
1193	28468.7919921875
1194	28471.9609375
1195	28473.814453125
1196	28492.4501953125
1197	28499.82568359375
1198	28509.6220703125
1199	28576.3466796875
1200	28600.5849609375
1201	28816.97998046875
1202	28918.5322265625
1203	28983.15185546875
1204	29346.9599609375
1205	29354.5263671875
1206	29477.49853515625
1207	29482.8671875
1208	29485.05126953125
1209	29593.7529296875
1210	29599.76123046875
1211	29776.04736328125
1212	29886.568359375
1213	29937.810546875
1214	30032.1162109375
1215	30046.86669921875
1216	30112.31396484375
1217	30342.71826171875
1218	30406.0908203125
1219	30517.33447265625
1220	30728.84375
1221	30733.109375
1222	30733.92431640625
1223	30799.1826171875
1224	30856.42626953125
1225	30910.80078125
1226	30968.759765625
1227	31050.796875
1228	31106.08154296875
1229	31156.01513671875
1230	31167.56982421875
1231	31285.6923828125
1232	31374.02392578125
1233	31376.98681640625
1234	31385.94580078125
1235	31387.04443359375
1236	31392.48876953125
1237	31646.3251953125
1238	31746.0107421875
1239	31808.033203125
1240	31823.11962890625
1241	31867.26123046875
1242	31932.3818359375
1243	31937.88232421875
1244	31962.4794921875
1245	32011.515625
1246	32206.6162109375
1247	32239.0087890625
1248	32273.17138671875
1249	32327.81494140625
1250	32371.06787109375
1251	32493.15673828125
1252	32765.51904296875
1253	32768.3388671875
1254	32770.052734375
1255	32814.16259765625
1256	32882.841796875
1257	32912.580078125
1258	33312.9072265625
1259	33322.123046875
1260	33373.8125
1261	33379.083984375
1262	33423.4833984375
1263	33473.59228515625
1264	33608.87744140625
1265	33681.8271484375
1266	33742.6083984375
1267	33771.13916015625
1268	33864.8076171875
1269	33916.32421875
1270	33953.64697265625
1271	33982.45947265625
1272	34014.42138671875
1273	34102.7294921875
1274	34209.81298828125
1275	34332.5068359375
1276	34338.42626953125
1277	34364.1533203125
1278	34388.87939453125
1279	34471.8037109375
1280	34586.26904296875
1281	34597.4482421875
1282	34619.275390625
1283	34709.7392578125
1284	34728.83349609375
1285	34750.3935546875
1286	34761.45849609375
1287	34817.52978515625
1288	34864.7939453125
1289	34911.6123046875
1290	34931.0517578125
1291	34963.92822265625
1292	35071.587890625
1293	35089.6953125
1294	35119.67431640625
1295	35125.08447265625
1296	35302.17333984375
1297	35347.64404296875
1298	35360.61083984375
1299	35383.787109375
1300	35417.56640625
1301	35419.05859375
1302	35441.2861328125
1303	35582.9296875
1304	35721.287109375
1305	35736.71728515625
1306	35760.3115234375
1307	35817.64501953125
1308	36244.251953125
1309	36321.3984375
1310	36364.10595703125
1311	36451.36279296875
1312	36617.2236328125
1313	36626.7470703125
1314	36697.5712890625
1315	36705.84521484375
1316	36774.42724609375
1317	36801.54443359375
1318	36857.2646484375
1319	36952.69775390625
1320	37002.6923828125
1321	37015.326171875
1322	37085.3798828125
1323	37212.96435546875
1324	37249.78564453125
1325	37250.986328125
1326	37289.80078125
1327	37308.580078125
1328	37412.61279296875
1329	37516.5986328125
1330	37555.68701171875
1331	37800.7587890625
1332	37924.54296875
1333	37933.3369140625
1334	37984.5947265625
1335	38057.4443359375
1336	38201.86376953125
1337	38294.52490234375
1338	38417.2958984375
1339	38473.28955078125
1340	38526.5908203125
1341	38577.77587890625
1342	38620.05615234375
1343	38803.8642578125
1344	38906.10546875
1345	39002.10205078125
1346	39068.49560546875
1347	39222.9169921875
1348	39405.46826171875
1349	39681.6640625
1350	39701.0048828125
1351	39756.31591796875
1352	39769.306640625
1353	39783.63671875
1354	39789.63037109375
1355	39857.11962890625
1356	40014.806640625
1357	40180.89794921875
1358	40234.5478515625
1359	40487.3671875
1360	40496.9072265625
1361	40524.8056640625
1362	40913.85888671875
1363	41057.677734375
1364	41256.3671875
1365	41372.78857421875
1366	41420.091796875
1367	41594.26123046875
1368	41672.57177734375
1369	41695.0966796875
1370	41705.24609375
1371	41829.8837890625
1372	41988.7548828125
1373	42043.41064453125
1374	42141.2158203125
1375	42242.0263671875
1376	42259.56982421875
1377	42351.40185546875
1378	42444.546875
1379	42502.3125
1380	42513.40673828125
1381	42718.47021484375
1382	42847.09521484375
1383	42877.26123046875
1384	43361.82373046875
1385	43476.70458984375
1386	43553.40380859375
1387	43743.7421875
1388	43905.55712890625
1389	43972.42822265625
1390	44012.1552734375
1391	44143.56689453125
1392	44253.72216796875
1393	44311.482421875
1394	44410.47607421875
1395	44433.59423828125
1396	44524.5654296875
1397	44545.62890625
1398	44595.88232421875
1399	44606.85546875
1400	44750.7724609375
1401	44756.8798828125
1402	45267.1201171875
1403	45296.68310546875
1404	45309.8740234375
1405	45355.7158203125
1406	45537.82958984375
1407	45547.19873046875
1408	45566.11474609375
1409	45586.59521484375
1410	45600.42041015625
1411	45757.91455078125
1412	45942.3388671875
1413	45985.640625
1414	46090.453125
1415	46158.958984375
1416	46203.681640625
1417	46310.9765625
1418	46395.92919921875
1419	46511.64990234375
1420	46517.86767578125
1421	46568.89599609375
1422	46666.7138671875
1423	46864.951171875
1424	47143.1474609375
1425	47148.34326171875
1426	47569.8310546875
1427	47621.658203125
1428	47693.12158203125
1429	47710.404296875
1430	47734.7216796875
1431	47769.818359375
1432	47884.6123046875
1433	48126.50048828125
1434	48165.12939453125
1435	48168.98291015625
1436	48301.29296875
1437	48317.44189453125
1438	48319.19970703125
1439	48526.76953125
1440	48731.01708984375
1441	48896.10546875
1442	48931.64111328125
1443	49117.53759765625
1444	49197.34814453125
1445	49204.3623046875
1446	49340.79931640625
1447	49413.2119140625
1448	49451.19873046875
1449	49651.3193359375
1450	49699.81787109375
1451	49811.65478515625
1452	49818.35595703125
1453	50027.19580078125
1454	50223.076171875
1455	50319.98095703125
1456	50351.7734375
1457	50458.359375
1458	50933.4736328125
1459	51271.33251953125
1460	51334.6005859375
1461	51751.98486328125
1462	51857.58203125
1463	51970.107421875
1464	52030.24951171875
1465	52756.44384765625
1466	52886.6015625
1467	53030.310546875
1468	53343.38232421875
1469	53769.4892578125
1470	53988.0146484375
1471	54588.552734375
1472	54770.48291015625
1473	54786.85400390625
1474	54804.802734375
1475	54925.02685546875
1476	55311.91162109375
1477	55564.095703125
1478	55612.4228515625
1479	56120.095703125
1480	56170.13623046875
1481	56220.02197265625
1482	56545.77783203125
1483	56547.7529296875
1484	56682.669921875
1485	57039.1162109375
1486	57117.6279296875
1487	57122.93115234375
1488	57325.76318359375
1489	57404.6572265625
1490	57463.31640625
1491	57470.8603515625
1492	57827.77734375
1493	57855.3056640625
1494	57872.728515625
1495	57959.43701171875
1496	58385.38427734375
1497	58433.96923828125
1498	58658.33740234375
1499	58702.53515625
1500	58716.87158203125
1501	58793.16357421875
1502	59902.275390625
1503	59962.46630859375
1504	60453.88623046875
1505	60560.2724609375
1506	60756.91357421875
1507	60781.71044921875
1508	61066.2529296875
1509	61610.7783203125
1510	61703.70703125
1511	61869.8984375
1512	61870.45849609375
1513	61980.4404296875
1514	62155.2109375
1515	62164.04150390625
1516	62170.77197265625
1517	62313.58203125
1518	62529.53125
1519	63017.35693359375
1520	63038.5966796875
1521	63066.83203125
1522	63464.203125
1523	63474.85400390625
1524	63516.07080078125
1525	63668.14306640625
1526	63892.44970703125
1527	64084.49951171875
1528	64828.091796875
1529	65174.57421875
1530	65248.568359375
1531	65672.68359375
1532	65752.435546875
1533	65799.84423828125
1534	65892.99462890625
1535	65923.64892578125
1536	66413.9453125
1537	66502.931640625
1538	67123.87158203125
1539	67130.2080078125
1540	67301.0107421875
1541	68123.06787109375
1542	68314.42724609375
1543	68334.591796875
1544	68537.65966796875
1545	68571.46240234375
1546	68834.28125
1547	68972.76416015625
1548	69031.47607421875
1549	69221.77294921875
1550	69770.22021484375
1551	70345.58544921875
1552	70355.17919921875
1553	70432.90087890625
1554	70502.86376953125
1555	70605.3681640625
1556	70654.82275390625
1557	70691.7119140625
1558	70887.681640625
1559	70889.1181640625
1560	71015.93701171875
1561	71060.9775390625
1562	71079.8251953125
1563	71103.0322265625
1564	71472.24853515625
1565	71584.2255859375
1566	71860.96630859375
1567	72530.8173828125
1568	72615.8046875
1569	72743.28173828125
1570	72764.728515625
1571	72900.97705078125
1572	73055.25341796875
1573	73632.6484375
1574	73803.87939453125
1575	74006.939453125
1576	74675.48193359375
1577	74858.45068359375
1578	75130.6953125
1579	75220.11181640625
1580	75298.58642578125
1581	75551.9423828125
1582	75721.42236328125
1583	76341.7431640625
1584	76449.0244140625
1585	76559.32763671875
1586	76633.9892578125
1587	76637.9208984375
1588	76807.63330078125
1589	77124.82470703125
1590	77333.07275390625
1591	77829.28955078125
1592	78106.03271484375
1593	78270.39111328125
1594	78839.6962890625
1595	78990.57958984375
1596	79192.09814453125
1597	80668.3564453125
1598	81511.79150390625
1599	81945.82861328125
1600	82268.0849609375
1601	82651.06298828125
1602	82816.6162109375
1603	83160.26953125
1604	83286.2607421875
1605	83316.0927734375
1606	84188.93896484375
1607	84328.72705078125
1608	84343.6181640625
1609	84367.14990234375
1610	84707.88232421875
1611	84750.09326171875
1612	84769.09814453125
1613	85226.89892578125
1614	85488.677734375
1615	85542.50830078125
1616	86158.7509765625
1617	87290.9794921875
1618	87547.28662109375
1619	88050.39208984375
1620	88478.59375
1621	88666.71728515625
1622	88883.4462890625
1623	88901.74658203125
1624	89658.90771484375
1625	89756.4755859375
1626	90562.97412109375
1627	90727.5947265625
1628	91218.71337890625
1629	91618.6357421875
1630	93091.2861328125
1631	93470.0537109375
1632	93708.66552734375
1633	94116.728515625
1634	94982.1513671875
1635	95085.599609375
1636	95146.767578125
1637	95421.0634765625
1638	95549.12060546875
1639	95762.3125
1640	96506.71240234375
1641	96766.52490234375
1642	96887.25439453125
1643	97182.17236328125
1644	97522.595703125
1645	97851.73095703125
1646	98340.01953125
1647	99615.44384765625
1648	99888.0615234375
1649	100505.40478515625
1650	100600.49560546875
1651	101825.68359375
1652	102048.89013671875
1653	102881.1943359375
1654	103359.607421875
1655	103574.13671875
1656	103757.7587890625
1657	104204.27783203125
1658	104698.76025390625
1659	106399.0
1660	106401.4130859375
1661	106874.0
1662	107582.69677734375
1663	107802.3828125
1664	108042.26318359375
1665	108529.087890625
1666	109856.48193359375
1667	110828.625
1668	111245.91650390625
1669	111441.8720703125
1670	111740.828125
1671	112707.79931640625
1672	113053.6943359375
1673	113216.71142578125
1674	113646.677734375
1675	114709.4150390625
1676	114729.47509765625
1677	114860.431640625
1678	115351.50537109375
1679	115486.3291015625
1680	115600.19580078125
1681	116675.43017578125
1682	117052.287109375
1683	118158.47802734375
1684	118434.8369140625
1685	118515.341796875
1686	118622.10009765625
1687	119832.248046875
1688	120394.88037109375
1689	121558.244140625
1690	121811.7041015625
1691	122185.8857421875
1692	122465.9306640625
1693	123830.62841796875
1694	123885.15576171875
1695	124049.08837890625
1696	124346.6103515625
1697	124409.7744140625
1698	124881.2548828125
1699	125165.1591796875
1700	125876.9716796875
1701	126426.091796875
1702	126977.69921875
1703	127373.98779296875
1704	127434.63134765625
1705	128028.46484375
1706	129677.91845703125
1707	129816.9521484375
1708	131055.64453125
1709	131839.072265625
1710	132103.9404296875
1711	132401.02734375
1712	133319.3203125
1713	133923.64990234375
1714	134153.65576171875
1715	134341.1015625
1716	134465.5283203125
1717	134505.81298828125
1718	134587.5400390625
1719	134786.2890625
1720	135448.8798828125
1721	136728.73974609375
1722	137013.720703125
1723	137200.96044921875
1724	137418.9033203125
1725	137704.478515625
1726	138196.4345703125
1727	140626.677734375
1728	143777.18798828125
1729	144157.5498046875
1730	144652.2041015625
1731	145779.24365234375
1732	146554.4248046875
1733	147051.7626953125
1734	147391.29443359375
1735	147559.89990234375
1736	147647.7880859375
1737	148769.2802734375
1738	149263.97509765625
1739	149764.90087890625
1740	149847.82373046875
1741	150311.13525390625
1742	150408.0244140625
1743	150721.96435546875
1744	151019.03125
1745	151377.92626953125
1746	152627.48486328125
1747	153204.65966796875
1748	153286.34423828125
1749	153550.3896484375
1750	153734.431640625
1751	154948.89892578125
1752	156615.7529296875
1753	157147.97119140625
1754	157373.61572265625
1755	158966.0263671875
1756	159179.73779296875
1757	160509.5283203125
1758	160615.41455078125
1759	162766.3017578125
1760	164792.32421875
1761	165231.9951171875
1762	165384.72314453125
1763	166461.017578125
1764	166701.7958984375
1765	167580.07958984375
1766	168477.91162109375
1767	169959.82421875
1768	170108.88525390625
1769	170739.35400390625
1770	170794.00341796875
1771	171451.7822265625
1772	171996.49072265625
1773	172797.99267578125
1774	173126.6953125
1775	175406.79296875
1776	181068.29052734375
1777	182186.76025390625
1778	183212.32568359375
1779	183495.0771484375
1780	183921.25537109375
1781	184177.890625
1782	185756.3173828125
1783	186380.70166015625
1784	188274.587890625
1785	191806.6064453125
1786	193354.37255859375
1787	195359.99609375
1788	196553.2607421875
1789	197552.0498046875
1790	199510.94677734375
1791	200829.4892578125
1792	201543.2060546875
1793	207146.97705078125
1794	207363.12744140625
1795	207723.71630859375
1796	208430.5419921875
1797	209073.41015625
1798	212133.1318359375
1799	213878.34814453125
1800	214339.5126953125
1801	215080.8935546875
1802	219615.28369140625
1803	220456.78271484375
1804	221896.18505859375
1805	224813.32421875
1806	226811.13525390625
1807	226891.70166015625
1808	228931.58642578125
1809	234439.58349609375
1810	235246.52734375
1811	235320.00830078125
1812	238700.99365234375
1813	241291.00390625
1814	242349.83203125
1815	248907.82861328125
1816	250038.36865234375
1817	252075.2412109375
1818	255342.1474609375
1819	260012.97216796875
1820	260295.31396484375
1821	265386.40478515625
1822	266115.279296875
1823	266807.8564453125
1824	268910.9521484375
1825	280003.5712890625
1826	281310.7861328125
1827	282172.578125
1828	289944.95263671875
1829	292438.23388671875
1830	293239.71826171875
1831	294782.87939453125
1832	298241.90185546875
1833	307067.77490234375
1834	307205.4921875
1835	313345.4921875
1836	314321.9404296875
1837	320014.068359375
1838	324260.53662109375
1839	329514.21728515625
1840	331119.2900390625
1841	334146.97607421875
1842	339943.78515625
1843	340839.0830078125
1844	343250.55126953125
1845	345985.09619140625
1846	347690.2451171875
1847	348107.86279296875
1848	355834.44775390625
1849	359000.58154296875
1850	361845.9306640625
1851	363990.01220703125
1852	364205.10107421875
1853	368575.9921875
1854	374394.54931640625
1855	386814.009765625
1856	392801.99853515625
1857	402053.18798828125
1858	402351.9462890625
1859	403721.06103515625
1860	431738.0361328125
1861	446400.41162109375
1862	447307.94189453125
1863	471581.7900390625
1864	485245.26416015625
1865	491559.40478515625
1866	502630.23876953125
1867	518304.85595703125
1868	531518.2944335938
1869	539335.2587890625
1870	541791.1313476562
1871	545186.1616210938
1872	551351.5483398438
1873	559875.283203125
1874	564220.6943359375
1875	568480.1665039062
1876	574788.5986328125
1877	614785.1083984375
1878	628406.74609375
1879	641302.859375
1880	648260.7724609375
1881	680713.9311523438
1882	724544.4565429688
1883	769893.0673828125
1884	845510.2172851562
1885	864590.3330078125
1886	890343.0043945312
1887	895350.6650390625
1888	1093467.7641601562
1889	1298079.4418945312
1890	1315725.3115234375
1891	1577605.4375
1892	1722593.376953125
1893	2048000.0
1894	2048000.0
