# order  nit
0	461.92547607421875
1	533.7994384765625
2	605.9182739257812
3	619.4437866210938
4	619.841064453125
5	655.0661010742188
6	659.2842407226562
7	675.5046997070312
8	741.1129150390625
9	756.4383544921875
10	776.3292236328125
11	801.95849609375
12	802.8090209960938
13	803.8320922851562
14	810.7244262695312
15	871.2762451171875
16	873.4074096679688
17	885.1004638671875
18	893.2864379882812
19	898.4502563476562
20	900.009033203125
21	913.8648681640625
22	924.558349609375
23	934.306884765625
24	940.7947387695312
25	946.3555297851562
26	966.9930419921875
27	971.0921630859375
28	973.4019165039062
29	981.153076171875
30	995.8712768554688
31	996.0508422851562
32	1004.3900756835938
33	1018.7396850585938
34	1046.9808959960938
35	1051.6080322265625
36	1052.9556274414062
37	1057.7001953125
38	1064.2325439453125
39	1064.2869262695312
40	1066.3357543945312
41	1068.2756958007812
42	1070.1429443359375
43	1072.1408081054688
44	1076.0362548828125
45	1078.621337890625
46	1081.6591796875
47	1095.814208984375
48	1096.821533203125
49	1107.1626586914062
50	1109.2220458984375
51	1110.9822998046875
52	1111.1959838867188
53	1111.4273071289062
54	1116.2244262695312
55	1120.2561645507812
56	1121.3797607421875
57	1137.8629760742188
58	1146.0098266601562
59	1151.6617431640625
60	1151.919189453125
61	1158.5353393554688
62	1166.3942260742188
63	1167.8323364257812
64	1171.3344116210938
65	1181.2825317382812
66	1189.9738159179688
67	1198.1051635742188
68	1198.3134155273438
69	1221.1163330078125
70	1225.4550170898438
71	1226.3297729492188
72	1230.022705078125
73	1234.7444458007812
74	1237.225830078125
75	1250.2872314453125
76	1263.1506958007812
77	1265.5204467773438
78	1267.9144287109375
79	1268.0655517578125
80	1282.8699340820312
81	1286.8447265625
82	1292.24951171875
83	1293.3893432617188
84	1294.9885864257812
85	1298.48779296875
86	1300.769775390625
87	1301.6509399414062
88	1305.8731689453125
89	1317.6909790039062
90	1326.0532836914062
91	1329.9075317382812
92	1332.720458984375
93	1333.9898681640625
94	1342.4786987304688
95	1345.1571655273438
96	1349.1294555664062
97	1352.9166870117188
98	1353.9140625
99	1362.9700317382812
100	1369.2466430664062
101	1374.8531494140625
102	1376.4859619140625
103	1377.1600952148438
104	1380.0350341796875
105	1380.3035888671875
106	1385.0590209960938
107	1385.076171875
108	1394.0962524414062
109	1398.981201171875
110	1400.7471313476562
111	1403.232421875
112	1404.8582763671875
113	1413.906982421875
114	1416.6651611328125
115	1422.3308715820312
116	1423.5869140625
117	1431.30908203125
118	1439.6885986328125
119	1440.6851196289062
120	1461.156982421875
121	1462.5291137695312
122	1466.1222534179688
123	1467.4867553710938
124	1470.0379028320312
125	1471.0827026367188
126	1476.2195434570312
127	1487.5336303710938
128	1508.6976318359375
129	1512.3585815429688
130	1520.5789184570312
131	1523.4730224609375
132	1523.7282104492188
133	1532.0386962890625
134	1536.0031127929688
135	1542.366455078125
136	1551.1471557617188
137	1560.24267578125
138	1566.6776733398438
139	1569.05517578125
140	1574.2929077148438
141	1576.7022705078125
142	1579.087646484375
143	1580.4378662109375
144	1583.430419921875
145	1587.6676635742188
146	1589.8284912109375
147	1593.5001831054688
148	1603.4974365234375
149	1604.3102416992188
150	1608.1160888671875
151	1608.943115234375
152	1611.8338012695312
153	1612.3189697265625
154	1612.5477294921875
155	1612.7635498046875
156	1614.8563842773438
157	1615.2628784179688
158	1618.0537109375
159	1619.8397827148438
160	1622.0576171875
161	1625.869140625
162	1632.8924560546875
163	1634.8701171875
164	1634.93505859375
165	1653.0317993164062
166	1661.5048828125
167	1665.3992919921875
168	1669.6378784179688
169	1679.61669921875
170	1680.7582397460938
171	1681.9766845703125
172	1691.3938598632812
173	1697.1887817382812
174	1701.4780883789062
175	1715.7893676757812
176	1717.6114501953125
177	1725.9558715820312
178	1727.6546630859375
179	1737.0087280273438
180	1740.9193725585938
181	1741.144287109375
182	1743.6401977539062
183	1745.3098754882812
184	1748.784912109375
185	1749.1973876953125
186	1750.2957763671875
187	1753.862060546875
188	1755.7656860351562
189	1757.8352661132812
190	1760.8099365234375
191	1763.0902099609375
192	1764.7529296875
193	1764.8509521484375
194	1767.8102416992188
195	1770.9744873046875
196	1773.3154296875
197	1776.2396240234375
198	1776.2536010742188
199	1776.6687622070312
200	1783.8619995117188
201	1785.5457153320312
202	1790.2725830078125
203	1793.284912109375
204	1796.630615234375
205	1798.0407104492188
206	1798.7947387695312
207	1819.3866577148438
208	1829.2831420898438
209	1832.3621826171875
210	1834.1504516601562
211	1840.2650146484375
212	1848.2904663085938
213	1851.5216064453125
214	1857.9419555664062
215	1859.93994140625
216	1865.4005126953125
217	1868.4551391601562
218	1870.93359375
219	1878.36962890625
220	1878.4273681640625
221	1890.1920776367188
222	1891.3069458007812
223	1895.6807861328125
224	1912.6038818359375
225	1916.2431030273438
226	1919.6349487304688
227	1922.8800048828125
228	1923.6112060546875
229	1927.8837890625
230	1928.3944702148438
231	1936.5029907226562
232	1938.3609008789062
233	1944.968505859375
234	1946.8412475585938
235	1950.3596801757812
236	1951.251220703125
237	1955.3280029296875
238	1958.3329467773438
239	1963.4336547851562
240	1963.7393798828125
241	1968.2056884765625
242	1971.071044921875
243	1978.7098388671875
244	1978.719970703125
245	1978.7286376953125
246	1985.386474609375
247	1994.4600830078125
248	1996.2347412109375
249	1996.7882690429688
250	2000.0692138671875
251	2002.1127319335938
252	2006.0346069335938
253	2010.69873046875
254	2013.2781982421875
255	2014.2468872070312
256	2014.6237182617188
257	2020.4174194335938
258	2022.306640625
259	2025.9574584960938
260	2028.1038818359375
261	2030.5816650390625
262	2036.0469360351562
263	2036.4275512695312
264	2039.9442749023438
265	2040.8026123046875
266	2046.3199462890625
267	2046.9549560546875
268	2050.1705932617188
269	2054.6410522460938
270	2054.6652221679688
271	2057.8113403320312
272	2061.2684326171875
273	2064.0490112304688
274	2065.407958984375
275	2065.870849609375
276	2067.6895751953125
277	2071.0498046875
278	2075.8804931640625
279	2090.4879760742188
280	2092.646484375
281	2097.7008666992188
282	2098.2437744140625
283	2098.9165649414062
284	2106.8519287109375
285	2108.4481201171875
286	2111.9525756835938
287	2112.9761962890625
288	2114.464599609375
289	2115.489990234375
290	2118.2984008789062
291	2122.0686645507812
292	2123.8594970703125
293	2123.9702758789062
294	2126.6699829101562
295	2130.970458984375
296	2138.1381225585938
297	2142.72998046875
298	2150.3958129882812
299	2154.5773315429688
300	2164.1215209960938
301	2164.1944580078125
302	2164.5394287109375
303	2164.820556640625
304	2165.0681762695312
305	2165.1095581054688
306	2169.3556518554688
307	2171.5799560546875
308	2175.4938354492188
309	2176.1942749023438
310	2176.9605712890625
311	2177.8693237304688
312	2179.6373291015625
313	2181.3844604492188
314	2191.18115234375
315	2191.2001953125
316	2192.1596069335938
317	2192.4189453125
318	2194.7410888671875
319	2196.4244384765625
320	2199.4635620117188
321	2200.2683715820312
322	2210.232421875
323	2210.8599853515625
324	2211.1256713867188
325	2220.3174438476562
326	2224.9385375976562
327	2227.2129516601562
328	2240.216064453125
329	2242.0616455078125
330	2243.2190551757812
331	2245.3709106445312
332	2245.7723388671875
333	2264.5740966796875
334	2267.0152587890625
335	2280.0770874023438
336	2280.8775024414062
337	2283.34521484375
338	2283.7236938476562
339	2284.1383666992188
340	2285.3262329101562
341	2287.5350341796875
342	2293.5892944335938
343	2297.3359375
344	2297.4835815429688
345	2301.4559326171875
346	2303.7840576171875
347	2309.7305908203125
348	2309.7798461914062
349	2312.2767333984375
350	2312.78466796875
351	2322.2542114257812
352	2323.1416015625
353	2337.7149658203125
354	2341.3416137695312
355	2356.3436279296875
356	2362.69384765625
357	2365.5109252929688
358	2367.0946655273438
359	2368.2349243164062
360	2368.2962036132812
361	2374.64208984375
362	2379.4500122070312
363	2387.647705078125
364	2391.8112182617188
365	2412.9467163085938
366	2424.2772827148438
367	2425.0088500976562
368	2437.6390380859375
369	2438.3335571289062
370	2451.498291015625
371	2451.58203125
372	2457.8794555664062
373	2459.1897583007812
374	2464.9776611328125
375	2469.9658813476562
376	2470.204833984375
377	2471.0587768554688
378	2479.6597290039062
379	2479.9889526367188
380	2481.202880859375
381	2490.7623291015625
382	2492.4158325195312
383	2493.359619140625
384	2493.8884887695312
385	2495.3092041015625
386	2497.2481079101562
387	2498.6506958007812
388	2503.1107788085938
389	2503.5011596679688
390	2504.6598510742188
391	2516.8262329101562
392	2518.7999267578125
393	2521.189208984375
394	2526.1176147460938
395	2533.8090209960938
396	2535.99560546875
397	2537.5230102539062
398	2539.4051513671875
399	2546.0230712890625
400	2556.2643432617188
401	2557.507568359375
402	2560.4360961914062
403	2571.29833984375
404	2573.2156372070312
405	2575.1884155273438
406	2578.2897338867188
407	2578.74072265625
408	2579.7284545898438
409	2588.4193725585938
410	2589.2244873046875
411	2589.2817993164062
412	2590.1539306640625
413	2591.0656127929688
414	2594.8338012695312
415	2595.8526611328125
416	2597.2599487304688
417	2600.6880493164062
418	2603.1484375
419	2603.6937255859375
420	2606.1998291015625
421	2619.26513671875
422	2626.7720947265625
423	2629.7040405273438
424	2631.9912719726562
425	2641.44189453125
426	2647.7833251953125
427	2652.7708740234375
428	2667.3528442382812
429	2670.069580078125
430	2680.6101684570312
431	2684.8095703125
432	2693.009033203125
433	2699.4689331054688
434	2704.4315795898438
435	2710.480224609375
436	2712.4617309570312
437	2714.1337280273438
438	2720.0859985351562
439	2725.2537231445312
440	2728.0679321289062
441	2729.6870727539062
442	2729.8609619140625
443	2730.5538330078125
444	2741.9622192382812
445	2747.7593994140625
446	2749.31787109375
447	2752.3890380859375
448	2756.7144775390625
449	2757.99609375
450	2760.00634765625
451	2760.6637573242188
452	2761.7311401367188
453	2787.7907104492188
454	2793.6587524414062
455	2794.0850830078125
456	2795.325927734375
457	2800.7437744140625
458	2802.8720092773438
459	2804.2689208984375
460	2805.463623046875
461	2810.6250610351562
462	2813.8956909179688
463	2816.365234375
464	2819.186279296875
465	2822.8794555664062
466	2825.26806640625
467	2826.79150390625
468	2832.1307373046875
469	2834.041259765625
470	2834.3389282226562
471	2834.9796752929688
472	2836.9249877929688
473	2837.1882934570312
474	2838.4262084960938
475	2842.2506103515625
476	2842.702392578125
477	2843.0430908203125
478	2844.5437622070312
479	2847.432373046875
480	2848.5765380859375
481	2855.0357666015625
482	2858.9854125976562
483	2862.0811767578125
484	2865.5570678710938
485	2866.1685180664062
486	2875.1809692382812
487	2880.101318359375
488	2880.18408203125
489	2880.3820190429688
490	2881.3159790039062
491	2881.4391479492188
492	2882.5703125
493	2883.6575927734375
494	2884.9244995117188
495	2885.6502075195312
496	2887.1342163085938
497	2888.7971801757812
498	2895.4134521484375
499	2903.688232421875
500	2908.0330200195312
501	2913.7926635742188
502	2913.94287109375
503	2914.5521850585938
504	2916.1433715820312
505	2916.5048828125
506	2925.3601684570312
507	2930.048095703125
508	2933.6629028320312
509	2938.4744262695312
510	2943.9498291015625
511	2946.178466796875
512	2946.723388671875
513	2947.6575317382812
514	2958.9203491210938
515	2963.6900634765625
516	2965.7000732421875
517	2966.3356323242188
518	2966.8054809570312
519	2967.3012084960938
520	2968.9052124023438
521	2970.9031982421875
522	2973.5935668945312
523	2978.2078857421875
524	2979.5985107421875
525	2982.4944458007812
526	2985.2080688476562
527	2989.1690673828125
528	2997.901611328125
529	3001.1165161132812
530	3006.3696899414062
531	3006.6539916992188
532	3007.7218017578125
533	3011.8930053710938
534	3019.9561767578125
535	3020.0681762695312
536	3025.517822265625
537	3028.1328735351562
538	3030.9419555664062
539	3032.8984375
540	3038.1197509765625
541	3040.3875732421875
542	3042.9699096679688
543	3044.0172119140625
544	3044.3034057617188
545	3048.1428833007812
546	3050.0963134765625
547	3067.5888671875
548	3069.0843505859375
549	3072.2427978515625
550	3074.7261962890625
551	3076.33642578125
552	3078.3771362304688
553	3084.8583374023438
554	3088.1673583984375
555	3096.3630981445312
556	3097.2744750976562
557	3099.6962280273438
558	3099.7291259765625
559	3101.7808227539062
560	3106.1160888671875
561	3108.2781982421875
562	3115.3408203125
563	3118.2125244140625
564	3119.2617797851562
565	3120.9312133789062
566	3123.1663818359375
567	3127.1023559570312
568	3133.2625122070312
569	3136.9586181640625
570	3156.5842895507812
571	3159.0104370117188
572	3163.2891845703125
573	3166.54150390625
574	3167.1190795898438
575	3171.7903442382812
576	3174.5007934570312
577	3176.6915893554688
578	3181.0001220703125
579	3183.0419921875
580	3183.46142578125
581	3186.9136352539062
582	3189.6799926757812
583	3190.4963989257812
584	3190.7723388671875
585	3193.4522705078125
586	3195.5316772460938
587	3198.3984985351562
588	3199.6369018554688
589	3201.3278198242188
590	3203.1126098632812
591	3203.559326171875
592	3205.6460571289062
593	3207.7791137695312
594	3212.80078125
595	3213.5681762695312
596	3213.8250732421875
597	3218.1761474609375
598	3220.3854370117188
599	3229.0650024414062
600	3233.9993896484375
601	3236.0264892578125
602	3241.6627197265625
603	3243.0276489257812
604	3244.4237060546875
605	3251.3341064453125
606	3252.9196166992188
607	3253.8713989257812
608	3253.9411010742188
609	3273.5475463867188
610	3274.9605102539062
611	3278.6832885742188
612	3281.5096435546875
613	3284.372802734375
614	3285.9556274414062
615	3289.4843139648438
616	3293.9210815429688
617	3295.92578125
618	3301.796875
619	3307.581787109375
620	3313.6312255859375
621	3317.9852294921875
622	3335.26416015625
623	3336.9527587890625
624	3341.9819946289062
625	3349.9047241210938
626	3358.3657836914062
627	3360.8632202148438
628	3368.7392578125
629	3369.5375366210938
630	3375.9441528320312
631	3384.1168212890625
632	3388.576904296875
633	3389.7745361328125
634	3391.9059448242188
635	3393.1517944335938
636	3396.8441772460938
637	3406.4417724609375
638	3407.8375854492188
639	3413.6533203125
640	3422.0718383789062
641	3422.6719360351562
642	3426.2529907226562
643	3427.5637817382812
644	3432.82080078125
645	3438.943115234375
646	3441.084228515625
647	3446.4541015625
648	3448.7587890625
649	3451.0123901367188
650	3457.7161254882812
651	3458.06591796875
652	3458.4711303710938
653	3459.734619140625
654	3468.89404296875
655	3469.5330200195312
656	3474.0979614257812
657	3474.41455078125
658	3475.711669921875
659	3480.4102172851562
660	3483.2750854492188
661	3485.9158325195312
662	3487.1638793945312
663	3492.0057373046875
664	3494.6712036132812
665	3504.8971557617188
666	3505.4117431640625
667	3516.5066528320312
668	3516.7066040039062
669	3528.4871826171875
670	3528.6370849609375
671	3532.2557983398438
672	3539.4191284179688
673	3539.9469604492188
674	3540.4974365234375
675	3549.7011108398438
676	3549.9760131835938
677	3560.1832885742188
678	3563.0181274414062
679	3563.548095703125
680	3563.8763427734375
681	3568.4451904296875
682	3572.3378295898438
683	3581.99755859375
684	3584.6488647460938
685	3598.9107666015625
686	3600.5610961914062
687	3601.5173950195312
688	3612.2939453125
689	3612.4074096679688
690	3614.4102172851562
691	3615.434814453125
692	3615.9924926757812
693	3617.7314453125
694	3623.005615234375
695	3624.7875366210938
696	3625.4036865234375
697	3627.807861328125
698	3628.2296142578125
699	3630.1350708007812
700	3638.5448608398438
701	3643.8197021484375
702	3644.8603515625
703	3646.673095703125
704	3648.1453247070312
705	3649.3939208984375
706	3650.7203979492188
707	3651.9039306640625
708	3663.5447998046875
709	3670.0099487304688
710	3674.0028686523438
711	3676.2032470703125
712	3687.9840698242188
713	3697.62890625
714	3698.5611572265625
715	3702.3046264648438
716	3704.8395385742188
717	3710.8727416992188
718	3718.7936401367188
719	3720.767578125
720	3724.9290771484375
721	3732.6051025390625
722	3733.1951293945312
723	3736.423095703125
724	3737.323486328125
725	3739.4464721679688
726	3739.8489379882812
727	3744.1300048828125
728	3744.531005859375
729	3744.6830444335938
730	3745.8375244140625
731	3752.6703491210938
732	3763.8981323242188
733	3776.3095703125
734	3776.462890625
735	3783.5300903320312
736	3785.5907592773438
737	3798.3110961914062
738	3807.3075561523438
739	3809.7158203125
740	3812.4132080078125
741	3813.2188720703125
742	3813.81884765625
743	3815.7417602539062
744	3817.0301513671875
745	3820.2782592773438
746	3823.7877197265625
747	3825.907470703125
748	3828.5889892578125
749	3828.7093505859375
750	3831.6513671875
751	3839.9874267578125
752	3841.584716796875
753	3846.159912109375
754	3848.7900390625
755	3850.9959106445312
756	3859.81689453125
757	3867.424560546875
758	3875.0194091796875
759	3875.999755859375
760	3882.9734497070312
761	3889.2114868164062
762	3894.7660522460938
763	3895.5692138671875
764	3896.6459350585938
765	3897.5169677734375
766	3904.4740600585938
767	3913.1135864257812
768	3921.3834838867188
769	3924.6636962890625
770	3926.3720092773438
771	3930.62548828125
772	3931.897705078125
773	3932.743896484375
774	3933.7255249023438
775	3935.6143798828125
776	3938.6847534179688
777	3938.97265625
778	3940.2990112304688
779	3940.4925537109375
780	3948.6143188476562
781	3951.3045043945312
782	3957.68701171875
783	3961.7069702148438
784	3966.105712890625
785	3966.4091796875
786	3967.840087890625
787	3968.611083984375
788	3971.8671875
789	3973.2949829101562
790	3984.2189331054688
791	3985.0015869140625
792	3987.387939453125
793	3994.3289184570312
794	3999.8432006835938
795	4003.5975952148438
796	4008.7113037109375
797	4019.7791137695312
798	4019.8153076171875
799	4020.3355102539062
800	4024.3074951171875
801	4032.0157470703125
802	4032.2569580078125
803	4036.2124633789062
804	4036.531982421875
805	4040.6505126953125
806	4049.2617797851562
807	4058.569091796875
808	4063.9058227539062
809	4067.0776977539062
810	4069.5728149414062
811	4071.0609741210938
812	4072.0289916992188
813	4084.7107543945312
814	4088.565673828125
815	4090.7162475585938
816	4094.3506469726562
817	4098.125671386719
818	4104.217529296875
819	4111.9486083984375
820	4122.84765625
821	4129.9754638671875
822	4133.511474609375
823	4137.658386230469
824	4140.7200927734375
825	4141.461730957031
826	4142.513000488281
827	4143.8814697265625
828	4144.1885986328125
829	4154.1654052734375
830	4155.985656738281
831	4157.572814941406
832	4165.909362792969
833	4168.2244873046875
834	4171.875061035156
835	4176.2220458984375
836	4177.504333496094
837	4180.2655029296875
838	4182.1617431640625
839	4184.617370605469
840	4185.267822265625
841	4186.37646484375
842	4190.7584228515625
843	4192.8955078125
844	4195.803771972656
845	4210.011413574219
846	4211.413024902344
847	4233.672119140625
848	4245.718322753906
849	4251.0572509765625
850	4259.5068359375
851	4263.3560791015625
852	4264.48095703125
853	4269.080139160156
854	4269.3994140625
855	4270.5360107421875
856	4276.4517822265625
857	4278.0328369140625
858	4278.351135253906
859	4279.281005859375
860	4281.357604980469
861	4282.4879150390625
862	4283.383728027344
863	4283.581726074219
864	4285.326354980469
865	4296.1729736328125
866	4297.581298828125
867	4311.081298828125
868	4311.2384033203125
869	4312.417297363281
870	4313.7327880859375
871	4320.247863769531
872	4323.748596191406
873	4327.337219238281
874	4327.549255371094
875	4331.536437988281
876	4332.0296630859375
877	4333.5257568359375
878	4333.9764404296875
879	4352.1715087890625
880	4358.5086669921875
881	4364.488586425781
882	4375.419372558594
883	4376.8775634765625
884	4394.147644042969
885	4394.195251464844
886	4397.09033203125
887	4401.1641845703125
888	4402.779113769531
889	4402.96484375
890	4407.768737792969
891	4410.49072265625
892	4412.2371826171875
893	4412.4110107421875
894	4423.331604003906
895	4446.384094238281
896	4447.6890869140625
897	4450.009582519531
898	4450.977844238281
899	4458.5250244140625
900	4465.330078125
901	4475.715270996094
902	4477.5888671875
903	4481.420959472656
904	4481.602111816406
905	4482.731872558594
906	4484.293701171875
907	4487.4041748046875
908	4488.3973388671875
909	4493.891296386719
910	4498.8804931640625
911	4502.157470703125
912	4511.6593017578125
913	4523.5484619140625
914	4524.876525878906
915	4525.502136230469
916	4529.146057128906
917	4533.942077636719
918	4535.37255859375
919	4536.487854003906
920	4536.564758300781
921	4544.404846191406
922	4544.892333984375
923	4552.283447265625
924	4553.6279296875
925	4559.703125
926	4561.5106201171875
927	4570.892028808594
928	4574.909912109375
929	4588.0361328125
930	4592.9212646484375
931	4594.414733886719
932	4596.299560546875
933	4600.327209472656
934	4608.8807373046875
935	4610.7652587890625
936	4616.2606201171875
937	4616.971923828125
938	4619.0025634765625
939	4621.702331542969
940	4622.30810546875
941	4625.909851074219
942	4628.0323486328125
943	4633.2335205078125
944	4639.8375244140625
945	4656.2664794921875
946	4669.849548339844
947	4671.714294433594
948	4674.230041503906
949	4680.4495849609375
950	4686.1365966796875
951	4687.241943359375
952	4687.825256347656
953	4690.2413330078125
954	4692.248840332031
955	4694.0291748046875
956	4705.770812988281
957	4708.876953125
958	4711.145751953125
959	4724.699401855469
960	4733.186218261719
961	4736.651611328125
962	4742.8348388671875
963	4743.4630126953125
964	4743.66845703125
965	4757.3170166015625
966	4760.2027587890625
967	4760.269348144531
968	4764.523376464844
969	4768.0687255859375
970	4773.625244140625
971	4777.046569824219
972	4800.4893798828125
973	4804.661560058594
974	4813.045837402344
975	4822.796447753906
976	4847.36865234375
977	4854.609313964844
978	4866.234924316406
979	4872.1397705078125
980	4877.175354003906
981	4878.428283691406
982	4883.113708496094
983	4890.820251464844
984	4904.1768798828125
985	4912.007141113281
986	4913.132263183594
987	4917.326354980469
988	4923.03076171875
989	4936.6849365234375
990	4938.986511230469
991	4943.857849121094
992	4944.375549316406
993	4949.155212402344
994	4954.1871337890625
995	4955.0596923828125
996	4961.4127197265625
997	4969.0845947265625
998	4970.428649902344
999	4972.4906005859375
1000	4974.054748535156
1001	4978.593811035156
1002	5003.1134033203125
1003	5005.1029052734375
1004	5007.1474609375
1005	5011.0338134765625
1006	5016.9423828125
1007	5023.383239746094
1008	5026.439697265625
1009	5030.624084472656
1010	5039.040832519531
1011	5043.530700683594
1012	5048.4134521484375
1013	5050.8531494140625
1014	5064.4593505859375
1015	5072.10791015625
1016	5074.5230712890625
1017	5082.1302490234375
1018	5096.397033691406
1019	5106.5594482421875
1020	5110.262390136719
1021	5124.126525878906
1022	5124.198181152344
1023	5127.036865234375
1024	5127.131652832031
1025	5128.506042480469
1026	5135.135498046875
1027	5137.264343261719
1028	5137.5347900390625
1029	5146.9644775390625
1030	5151.222900390625
1031	5159.145568847656
1032	5171.15185546875
1033	5174.105224609375
1034	5175.6343994140625
1035	5193.942932128906
1036	5198.625671386719
1037	5199.3463134765625
1038	5213.102294921875
1039	5234.9622802734375
1040	5244.437255859375
1041	5251.3182373046875
1042	5257.5338134765625
1043	5270.0565185546875
1044	5272.701110839844
1045	5277.7926025390625
1046	5280.762023925781
1047	5282.253234863281
1048	5285.784118652344
1049	5289.664611816406
1050	5290.0538330078125
1051	5301.000061035156
1052	5302.098083496094
1053	5302.381103515625
1054	5303.994140625
1055	5304.8089599609375
1056	5316.9700927734375
1057	5317.815490722656
1058	5318.8988037109375
1059	5321.91162109375
1060	5329.9156494140625
1061	5337.0302734375
1062	5341.4940185546875
1063	5344.187805175781
1064	5348.605407714844
1065	5352.8863525390625
1066	5353.029052734375
1067	5356.0511474609375
1068	5357.0819091796875
1069	5373.422180175781
1070	5391.669677734375
1071	5393.766296386719
1072	5397.7054443359375
1073	5417.087341308594
1074	5422.644775390625
1075	5424.758361816406
1076	5427.45263671875
1077	5428.047302246094
1078	5440.563232421875
1079	5442.60107421875
1080	5445.222900390625
1081	5447.197021484375
1082	5457.2147216796875
1083	5460.020568847656
1084	5480.260925292969
1085	5481.288513183594
1086	5483.6448974609375
1087	5485.31005859375
1088	5498.400085449219
1089	5517.663391113281
1090	5519.69580078125
1091	5526.205322265625
1092	5539.875183105469
1093	5543.413330078125
1094	5544.443908691406
1095	5545.059631347656
1096	5545.79931640625
1097	5568.271240234375
1098	5572.446105957031
1099	5589.251708984375
1100	5591.993408203125
1101	5598.605895996094
1102	5604.570861816406
1103	5605.271728515625
1104	5605.881652832031
1105	5606.071105957031
1106	5606.515930175781
1107	5635.559143066406
1108	5636.876159667969
1109	5656.114807128906
1110	5663.811828613281
1111	5673.122131347656
1112	5687.05615234375
1113	5691.034973144531
1114	5694.502136230469
1115	5697.088928222656
1116	5698.9912109375
1117	5700.2022705078125
1118	5713.006652832031
1119	5717.266784667969
1120	5722.30419921875
1121	5722.4580078125
1122	5737.428405761719
1123	5746.505615234375
1124	5750.8876953125
1125	5756.1827392578125
1126	5758.427001953125
1127	5774.811950683594
1128	5780.9432373046875
1129	5784.194580078125
1130	5787.1881103515625
1131	5789.5595703125
1132	5793.976806640625
1133	5797.823547363281
1134	5800.451721191406
1135	5800.5784912109375
1136	5806.3907470703125
1137	5809.5177001953125
1138	5811.838317871094
1139	5825.93212890625
1140	5827.30810546875
1141	5828.904052734375
1142	5830.6845703125
1143	5841.0313720703125
1144	5849.37548828125
1145	5857.81005859375
1146	5869.8699951171875
1147	5880.9644775390625
1148	5883.044982910156
1149	5885.000061035156
1150	5896.194396972656
1151	5898.152099609375
1152	5901.7216796875
1153	5909.814758300781
1154	5923.6495361328125
1155	5932.802795410156
1156	5967.039794921875
1157	5970.6495361328125
1158	5974.2764892578125
1159	5976.077209472656
1160	5981.2645263671875
1161	5984.2470703125
1162	5993.361877441406
1163	6004.7894287109375
1164	6007.734619140625
1165	6010.062683105469
1166	6011.3240966796875
1167	6036.7847900390625
1168	6061.526062011719
1169	6069.4312744140625
1170	6070.5018310546875
1171	6085.567199707031
1172	6116.2432861328125
1173	6128.2984619140625
1174	6131.085632324219
1175	6132.0885009765625
1176	6134.5372314453125
1177	6136.793518066406
1178	6138.7091064453125
1179	6151.210693359375
1180	6152.486267089844
1181	6165.425842285156
1182	6172.9456787109375
1183	6177.880187988281
1184	6177.993713378906
1185	6189.7559814453125
1186	6189.7860107421875
1187	6201.157043457031
1188	6205.837158203125
1189	6208.208557128906
1190	6216.572448730469
1191	6239.272766113281
1192	6263.621765136719
1193	6266.341247558594
1194	6267.2796630859375
1195	6291.364685058594
1196	6294.444885253906
1197	6299.631103515625
1198	6318.937805175781
1199	6321.893493652344
1200	6325.3907470703125
1201	6336.804748535156
1202	6337.6533203125
1203	6343.914367675781
1204	6345.45263671875
1205	6366.4471435546875
1206	6371.024353027344
1207	6377.526184082031
1208	6378.442077636719
1209	6379.70361328125
1210	6380.336669921875
1211	6381.71435546875
1212	6381.96337890625
1213	6387.3931884765625
1214	6391.015625
1215	6399.918395996094
1216	6402.335388183594
1217	6406.4073486328125
1218	6441.0235595703125
1219	6463.979309082031
1220	6468.599304199219
1221	6478.865966796875
1222	6480.910583496094
1223	6503.819641113281
1224	6515.1285400390625
1225	6515.671447753906
1226	6516.818542480469
1227	6522.730529785156
1228	6524.986633300781
1229	6554.365539550781
1230	6560.241516113281
1231	6561.4569091796875
1232	6563.50048828125
1233	6564.543151855469
1234	6583.257141113281
1235	6594.193298339844
1236	6595.015380859375
1237	6600.083251953125
1238	6609.4151611328125
1239	6622.723388671875
1240	6627.2823486328125
1241	6643.048889160156
1242	6648.6055908203125
1243	6649.4501953125
1244	6650.826721191406
1245	6654.687683105469
1246	6655.896179199219
1247	6665.1051025390625
1248	6665.623046875
1249	6680.967712402344
1250	6680.96875
1251	6690.0084228515625
1252	6695.961853027344
1253	6699.744079589844
1254	6700.100341796875
1255	6712.330261230469
1256	6723.5184326171875
1257	6724.487976074219
1258	6727.9971923828125
1259	6749.225646972656
1260	6751.7305908203125
1261	6762.580627441406
1262	6763.535827636719
1263	6775.014099121094
1264	6778.758483886719
1265	6780.9388427734375
1266	6784.30322265625
1267	6784.674621582031
1268	6787.145935058594
1269	6794.269775390625
1270	6794.9893798828125
1271	6798.070739746094
1272	6798.9931640625
1273	6807.39404296875
1274	6813.5198974609375
1275	6817.548400878906
1276	6819.4158935546875
1277	6834.6563720703125
1278	6852.270690917969
1279	6865.1121826171875
1280	6865.881164550781
1281	6866.324768066406
1282	6884.731201171875
1283	6886.723937988281
1284	6886.9815673828125
1285	6898.081298828125
1286	6898.505920410156
1287	6903.733581542969
1288	6920.476745605469
1289	6920.772521972656
1290	6928.6063232421875
1291	6945.321044921875
1292	6952.8294677734375
1293	6960.2423095703125
1294	6971.2613525390625
1295	6985.011474609375
1296	6988.5101318359375
1297	6990.9832763671875
1298	7003.7662353515625
1299	7013.3350830078125
1300	7014.4697265625
1301	7020.687194824219
1302	7021.0643310546875
1303	7036.5145263671875
1304	7040.167907714844
1305	7049.693176269531
1306	7064.4127197265625
1307	7084.627258300781
1308	7106.252136230469
1309	7124.7630615234375
1310	7128.9385986328125
1311	7135.6307373046875
1312	7141.0567626953125
1313	7158.073425292969
1314	7160.599548339844
1315	7172.304382324219
1316	7179.073303222656
1317	7185.030456542969
1318	7195.317932128906
1319	7195.388977050781
1320	7201.8961181640625
1321	7208.600646972656
1322	7210.673400878906
1323	7211.564514160156
1324	7212.6585693359375
1325	7233.2843017578125
1326	7258.4114990234375
1327	7260.2774658203125
1328	7263.708312988281
1329	7266.2110595703125
1330	7266.818054199219
1331	7267.9151611328125
1332	7280.6007080078125
1333	7293.851501464844
1334	7294.213439941406
1335	7309.224792480469
1336	7318.294128417969
1337	7337.528625488281
1338	7348.773620605469
1339	7360.7269287109375
1340	7370.981994628906
1341	7378.684265136719
1342	7395.901306152344
1343	7412.4803466796875
1344	7412.536926269531
1345	7414.3055419921875
1346	7435.7393798828125
1347	7454.666198730469
1348	7460.324890136719
1349	7462.816101074219
1350	7464.0302734375
1351	7467.529235839844
1352	7474.591857910156
1353	7476.22412109375
1354	7505.92578125
1355	7509.222595214844
1356	7509.488952636719
1357	7517.075927734375
1358	7519.177917480469
1359	7525.5318603515625
1360	7559.1163330078125
1361	7559.837646484375
1362	7570.552429199219
1363	7583.928161621094
1364	7584.905456542969
1365	7600.7620849609375
1366	7601.7060546875
1367	7604.174499511719
1368	7635.687255859375
1369	7638.214416503906
1370	7653.9212646484375
1371	7662.572998046875
1372	7670.9090576171875
1373	7680.2137451171875
1374	7698.379211425781
1375	7700.918029785156
1376	7720.895935058594
1377	7722.8289794921875
1378	7764.7813720703125
1379	7773.78173828125
1380	7775.8338623046875
1381	7796.790588378906
1382	7824.717590332031
1383	7837.3048095703125
1384	7856.942626953125
1385	7857.119140625
1386	7863.9219970703125
1387	7871.505065917969
1388	7872.412353515625
1389	7877.7996826171875
1390	7882.535461425781
1391	7916.677185058594
1392	7926.173034667969
1393	7937.78271484375
1394	7947.172180175781
1395	7960.729736328125
1396	8009.693542480469
1397	8022.4208984375
1398	8032.584045410156
1399	8054.859069824219
1400	8055.963806152344
1401	8058.953674316406
1402	8063.2578125
1403	8073.033752441406
1404	8092.386291503906
1405	8103.3970947265625
1406	8103.854248046875
1407	8105.474792480469
1408	8117.585510253906
1409	8145.345703125
1410	8146.273864746094
1411	8147.180725097656
1412	8147.57958984375
1413	8148.983703613281
1414	8149.668151855469
1415	8155.529541015625
1416	8168.067138671875
1417	8173.4476318359375
1418	8188.0279541015625
1419	8203.673278808594
1420	8205.432800292969
1421	8208.595153808594
1422	8211.461669921875
1423	8222.973876953125
1424	8229.192138671875
1425	8239.863464355469
1426	8246.422546386719
1427	8255.541259765625
1428	8292.56298828125
1429	8293.464233398438
1430	8300.399963378906
1431	8315.661743164062
1432	8318.468200683594
1433	8322.760070800781
1434	8331.808044433594
1435	8334.211669921875
1436	8334.422607421875
1437	8380.512573242188
1438	8402.290161132812
1439	8423.577392578125
1440	8436.058837890625
1441	8444.508056640625
1442	8453.97265625
1443	8468.388610839844
1444	8473.818420410156
1445	8488.573486328125
1446	8491.208190917969
1447	8491.464904785156
1448	8507.549560546875
1449	8512.047668457031
1450	8513.717224121094
1451	8523.078308105469
1452	8538.489501953125
1453	8541.633483886719
1454	8560.380798339844
1455	8561.627746582031
1456	8563.024658203125
1457	8598.967468261719
1458	8601.71435546875
1459	8603.012329101562
1460	8608.113098144531
1461	8608.551086425781
1462	8633.023071289062
1463	8640.788940429688
1464	8649.91162109375
1465	8650.231323242188
1466	8652.216857910156
1467	8653.700622558594
1468	8671.335998535156
1469	8675.604309082031
1470	8686.448364257812
1471	8693.33544921875
1472	8710.0263671875
1473	8733.926574707031
1474	8733.992309570312
1475	8736.595336914062
1476	8765.65478515625
1477	8766.88427734375
1478	8768.403076171875
1479	8772.871032714844
1480	8822.603088378906
1481	8838.9609375
1482	8849.263488769531
1483	8862.157348632812
1484	8904.943786621094
1485	8913.8759765625
1486	8927.232116699219
1487	8931.874755859375
1488	8966.552673339844
1489	8973.169372558594
1490	8981.98388671875
1491	8996.298645019531
1492	8997.542114257812
1493	9007.151733398438
1494	9039.61962890625
1495	9043.613098144531
1496	9052.870666503906
1497	9055.762084960938
1498	9083.291625976562
1499	9083.471374511719
1500	9101.341857910156
1501	9103.673278808594
1502	9104.355041503906
1503	9106.775268554688
1504	9111.695617675781
1505	9144.560974121094
1506	9150.35302734375
1507	9171.073486328125
1508	9173.251708984375
1509	9176.72314453125
1510	9176.741577148438
1511	9177.294128417969
1512	9197.4716796875
1513	9200.789123535156
1514	9203.357971191406
1515	9216.508666992188
1516	9232.380432128906
1517	9260.656311035156
1518	9262.518493652344
1519	9272.253723144531
1520	9285.430480957031
1521	9285.566955566406
1522	9286.11083984375
1523	9286.591979980469
1524	9299.011901855469
1525	9302.609008789062
1526	9303.083190917969
1527	9307.946533203125
1528	9329.980529785156
1529	9338.2451171875
1530	9349.1982421875
1531	9366.602172851562
1532	9391.092895507812
1533	9410.555297851562
1534	9420.326782226562
1535	9424.753112792969
1536	9425.460754394531
1537	9429.05322265625
1538	9439.966674804688
1539	9441.823120117188
1540	9446.602600097656
1541	9446.822021484375
1542	9451.055786132812
1543	9457.125305175781
1544	9488.8076171875
1545	9498.865783691406
1546	9505.549987792969
1547	9541.953735351562
1548	9551.179077148438
1549	9554.328125
1550	9560.636901855469
1551	9585.282531738281
1552	9587.364074707031
1553	9597.446105957031
1554	9612.545471191406
1555	9627.937927246094
1556	9649.373229980469
1557	9650.527282714844
1558	9670.642517089844
1559	9679.235290527344
1560	9715.533813476562
1561	9728.600524902344
1562	9739.189819335938
1563	9756.5126953125
1564	9772.826232910156
1565	9772.830871582031
1566	9810.112182617188
1567	9820.500061035156
1568	9838.536071777344
1569	9863.360900878906
1570	9889.390380859375
1571	9911.301940917969
1572	9923.202575683594
1573	9934.481506347656
1574	9945.542175292969
1575	9966.828063964844
1576	9967.648132324219
1577	9982.449462890625
1578	10032.311340332031
1579	10056.630798339844
1580	10073.6796875
1581	10092.005187988281
1582	10092.786682128906
1583	10094.256225585938
1584	10102.809997558594
1585	10123.724243164062
1586	10155.385498046875
1587	10177.421020507812
1588	10183.100952148438
1589	10199.408081054688
1590	10201.260803222656
1591	10240.506958007812
1592	10271.311584472656
1593	10273.222473144531
1594	10278.3896484375
1595	10281.440307617188
1596	10289.275817871094
1597	10353.750915527344
1598	10387.213195800781
1599	10391.093872070312
1600	10416.929321289062
1601	10424.14990234375
1602	10463.011535644531
1603	10481.499877929688
1604	10482.050354003906
1605	10484.984802246094
1606	10488.388793945312
1607	10492.019775390625
1608	10506.255920410156
1609	10511.991882324219
1610	10544.324829101562
1611	10545.460144042969
1612	10553.260498046875
1613	10571.972839355469
1614	10575.358337402344
1615	10593.928039550781
1616	10599.970092773438
1617	10609.070251464844
1618	10647.855285644531
1619	10695.358581542969
1620	10725.655151367188
1621	10737.328857421875
1622	10766.379577636719
1623	10817.846984863281
1624	10830.426879882812
1625	10837.867065429688
1626	10844.526062011719
1627	10845.92138671875
1628	10860.068786621094
1629	10870.789794921875
1630	10889.647583007812
1631	10898.472290039062
1632	10907.301147460938
1633	10918.040466308594
1634	10942.374145507812
1635	10962.984680175781
1636	11030.623168945312
1637	11041.7021484375
1638	11046.024108886719
1639	11061.152954101562
1640	11110.407043457031
1641	11158.540222167969
1642	11177.471618652344
1643	11222.205444335938
1644	11224.707153320312
1645	11229.664001464844
1646	11233.015686035156
1647	11248.954895019531
1648	11262.486267089844
1649	11293.650695800781
1650	11318.138488769531
1651	11329.370849609375
1652	11336.11181640625
1653	11372.294006347656
1654	11403.494873046875
1655	11408.509887695312
1656	11434.211059570312
1657	11437.245666503906
1658	11443.432006835938
1659	11478.324340820312
1660	11496.456909179688
1661	11515.846069335938
1662	11529.803894042969
1663	11586.480224609375
1664	11590.263732910156
1665	11641.153991699219
1666	11668.075439453125
1667	11693.969360351562
1668	11731.128479003906
1669	11761.364685058594
1670	11806.510437011719
1671	11809.315307617188
1672	11824.29150390625
1673	11847.058654785156
1674	11865.354736328125
1675	11872.44384765625
1676	11970.239624023438
1677	11987.53955078125
1678	11995.354125976562
1679	12016.855712890625
1680	12055.643432617188
1681	12069.036437988281
1682	12116.915405273438
1683	12149.35791015625
1684	12162.848876953125
1685	12195.706481933594
1686	12209.256774902344
1687	12269.271118164062
1688	12270.802124023438
1689	12279.563781738281
1690	12285.920532226562
1691	12287.684204101562
1692	12333.876281738281
1693	12353.432312011719
1694	12383.293395996094
1695	12385.326232910156
1696	12416.234375
1697	12433.853149414062
1698	12478.620666503906
1699	12499.437805175781
1700	12531.463989257812
1701	12540.852233886719
1702	12544.772338867188
1703	12545.756286621094
1704	12552.704711914062
1705	12597.911193847656
1706	12655.996826171875
1707	12688.331909179688
1708	12690.760803222656
1709	12712.6171875
1710	12796.4384765625
1711	12823.490051269531
1712	12824.10400390625
1713	12830.361511230469
1714	12858.586364746094
1715	12918.155334472656
1716	12952.025512695312
1717	12991.954711914062
1718	13030.395629882812
1719	13045.600830078125
1720	13090.961486816406
1721	13095.155456542969
1722	13121.057800292969
1723	13165.062438964844
1724	13219.022216796875
1725	13263.072814941406
1726	13305.655944824219
1727	13356.858764648438
1728	13382.56298828125
1729	13392.575256347656
1730	13447.039916992188
1731	13493.757690429688
1732	13520.872924804688
1733	13525.402038574219
1734	13530.812377929688
1735	13544.240234375
1736	13572.618408203125
1737	13573.222717285156
1738	13603.9716796875
1739	13627.520874023438
1740	13714.314819335938
1741	13774.455505371094
1742	13803.379943847656
1743	13869.548583984375
1744	13871.444030761719
1745	13933.390258789062
1746	13936.946899414062
1747	13938.445251464844
1748	13940.805419921875
1749	13947.090270996094
1750	13950.983520507812
1751	13987.116577148438
1752	14016.094482421875
1753	14034.7265625
1754	14045.398254394531
1755	14060.256652832031
1756	14065.566650390625
1757	14115.988159179688
1758	14128.507568359375
1759	14138.472595214844
1760	14151.122314453125
1761	14205.715087890625
1762	14219.924743652344
1763	14249.989440917969
1764	14302.479125976562
1765	14309.046752929688
1766	14327.7568359375
1767	14401.898681640625
1768	14411.173095703125
1769	14529.918701171875
1770	14548.210754394531
1771	14549.93603515625
1772	14550.289184570312
1773	14552.038513183594
1774	14610.143493652344
1775	14615.611083984375
1776	14661.932983398438
1777	14738.964660644531
1778	14773.453674316406
1779	14773.827941894531
1780	14812.63818359375
1781	14884.361755371094
1782	14893.390197753906
1783	14915.35400390625
1784	14916.408935546875
1785	14952.617126464844
1786	14975.113403320312
1787	14995.997985839844
1788	15077.039978027344
1789	15084.811462402344
1790	15099.05908203125
1791	15105.172546386719
1792	15131.083618164062
1793	15192.095764160156
1794	15205.399841308594
1795	15209.437255859375
1796	15221.764770507812
1797	15235.039367675781
1798	15245.813598632812
1799	15253.992004394531
1800	15339.200866699219
1801	15413.801025390625
1802	15424.411804199219
1803	15518.530944824219
1804	15549.955627441406
1805	15580.772521972656
1806	15583.363830566406
1807	15676.297180175781
1808	15724.235412597656
1809	15740.657043457031
1810	15781.919555664062
1811	15796.187927246094
1812	15847.855224609375
1813	15890.211730957031
1814	15936.935668945312
1815	15953.880737304688
1816	15993.502685546875
1817	16041.223754882812
1818	16081.457336425781
1819	16105.388671875
1820	16125.524780273438
1821	16131.558532714844
1822	16148.497619628906
1823	16238.407531738281
1824	16248.179260253906
1825	16282.544677734375
1826	16318.887756347656
1827	16360.969116210938
1828	16375.939086914062
1829	16378.130737304688
1830	16388.11346435547
1831	16413.499755859375
1832	16416.446899414062
1833	16423.174438476562
1834	16526.31280517578
1835	16570.536010742188
1836	16670.67559814453
1837	16757.38836669922
1838	16773.182678222656
1839	16781.05322265625
1840	16820.737731933594
1841	17067.97705078125
1842	17109.95574951172
1843	17184.849670410156
1844	17198.315795898438
1845	17232.590454101562
1846	17240.981872558594
1847	17312.47918701172
1848	17348.827697753906
1849	17365.67822265625
1850	17380.548461914062
1851	17390.974243164062
1852	17446.797729492188
1853	17460.294677734375
1854	17509.541015625
1855	17523.15020751953
1856	17569.34112548828
1857	17581.896606445312
1858	17649.369262695312
1859	17660.496643066406
1860	17764.829833984375
1861	17797.19317626953
1862	17873.190490722656
1863	17891.37109375
1864	17925.001098632812
1865	17983.338500976562
1866	17990.783325195312
1867	18020.425231933594
1868	18057.052734375
1869	18069.581481933594
1870	18110.287719726562
1871	18124.406127929688
1872	18201.936096191406
1873	18258.492431640625
1874	18293.21533203125
1875	18304.75360107422
1876	18332.203002929688
1877	18374.256469726562
1878	18415.093017578125
1879	18450.009216308594
1880	18507.066955566406
1881	18590.566955566406
1882	18669.598754882812
1883	18682.347717285156
1884	18947.6484375
1885	19009.120178222656
1886	19051.471557617188
1887	19083.072875976562
1888	19099.12353515625
1889	19200.295532226562
1890	19209.672241210938
1891	19235.765563964844
1892	19254.40594482422
1893	19312.149536132812
1894	19352.22772216797
1895	19475.250244140625
1896	19477.84539794922
1897	19620.884704589844
1898	19701.758422851562
1899	19709.181518554688
1900	19722.77117919922
1901	19793.631225585938
1902	19854.43829345703
1903	19908.08966064453
1904	19930.85076904297
1905	19979.82196044922
1906	19981.96075439453
1907	20029.959350585938
1908	20045.657592773438
1909	20139.124267578125
1910	20164.54132080078
1911	20244.483764648438
1912	20288.964721679688
1913	20401.526916503906
1914	20426.88848876953
1915	20606.42645263672
1916	20655.338623046875
1917	20750.746643066406
1918	20768.49627685547
1919	20941.468200683594
1920	21001.61846923828
1921	21009.56329345703
1922	21038.960876464844
1923	21148.454467773438
1924	21224.59326171875
1925	21226.95086669922
1926	21243.115844726562
1927	21569.123962402344
1928	21606.068359375
1929	22049.82586669922
1930	22064.930053710938
1931	22077.20477294922
1932	22189.142517089844
1933	22385.021911621094
1934	22404.90655517578
1935	22425.59326171875
1936	22432.879516601562
1937	22501.28094482422
1938	22573.058349609375
1939	22620.96026611328
1940	22785.062377929688
1941	22785.87615966797
1942	22831.470947265625
1943	22877.993225097656
1944	23008.09991455078
1945	23165.135498046875
1946	23179.464721679688
1947	23290.22119140625
1948	23449.579162597656
1949	23638.442626953125
1950	23814.156860351562
1951	23867.594970703125
1952	23883.000732421875
1953	24038.073669433594
1954	24045.9599609375
1955	24100.868286132812
1956	24157.109741210938
1957	24708.92010498047
1958	24709.884521484375
1959	25086.293090820312
1960	25440.676025390625
1961	25726.996520996094
1962	26193.831665039062
1963	26326.57586669922
1964	26395.105712890625
1965	26543.361877441406
1966	26616.302185058594
1967	26702.484008789062
1968	26807.401733398438
1969	27147.075134277344
1970	27464.128662109375
1971	27504.234252929688
1972	27695.121520996094
1973	27987.75604248047
1974	28073.46551513672
1975	28192.421447753906
1976	28229.878173828125
1977	28335.654907226562
1978	28644.915100097656
1979	28680.01153564453
1980	29317.582946777344
1981	29478.493225097656
1982	29486.361755371094
1983	29583.311584472656
1984	29634.160095214844
1985	29728.242065429688
1986	29885.63604736328
1987	30012.41455078125
1988	30409.82452392578
1989	30857.420959472656
1990	30999.876953125
1991	31033.290588378906
1992	31045.373779296875
1993	31396.29931640625
1994	31560.839782714844
1995	31621.752990722656
1996	31717.698669433594
1997	31745.520935058594
1998	32066.585815429688
1999	32219.630615234375
2000	32456.16436767578
2001	32639.21044921875
2002	32791.00842285156
2003	32805.67907714844
2004	32880.02716064453
2005	33055.67938232422
2006	33159.18359375
2007	33247.766845703125
2008	33306.65051269531
2009	33321.76776123047
2010	33358.43829345703
2011	33512.65563964844
2012	33534.78161621094
2013	34362.555236816406
2014	34857.81604003906
2015	34902.11102294922
2016	34991.84521484375
2017	35041.536376953125
2018	35238.41052246094
2019	35873.08807373047
2020	36181.04724121094
2021	36779.28192138672
2022	36866.866760253906
2023	36906.44384765625
2024	36916.97473144531
2025	36921.177185058594
2026	36990.540100097656
2027	37200.078674316406
2028	37592.510009765625
2029	37941.68975830078
2030	38080.48059082031
2031	38136.27099609375
2032	38931.61651611328
2033	39120.463317871094
2034	39204.94598388672
2035	39337.024169921875
2036	40278.70471191406
2037	40279.09033203125
2038	40424.55187988281
2039	41575.86999511719
2040	43300.97039794922
2041	43413.67352294922
2042	44838.46960449219
2043	45131.34051513672
2044	45479.976013183594
2045	45513.83087158203
2046	45516.379821777344
2047	45672.01348876953
2048	47008.385192871094
2049	47312.67053222656
2050	47695.202575683594
2051	47756.48303222656
2052	48738.83117675781
2053	48811.09167480469
2054	48845.069763183594
2055	49396.25897216797
2056	49802.27117919922
2057	49841.485290527344
2058	50000.0
2059	50000.0
2060	50000.0
2061	50000.0
2062	50000.0
2063	50000.0
2064	50000.0
2065	50000.0
2066	50000.0
2067	50000.0
2068	50000.0
2069	50000.0
2070	50000.0
2071	50000.0
2072	50000.0
2073	50000.0
2074	50000.0
2075	50000.0
2076	50000.0
2077	50000.0
2078	50000.0
2079	50000.0
2080	50000.0
2081	50000.0
2082	50000.0
2083	50000.0
2084	50000.0
2085	50000.0
2086	50000.0
2087	50000.0
2088	50000.0
2089	50000.0
2090	50000.0
2091	50000.0
2092	50000.0
2093	50000.0
2094	50000.0
2095	50000.0
2096	50000.0
2097	50000.0
2098	50000.0
2099	50000.0
2100	50000.0
2101	50000.0
2102	50000.0
2103	50000.0
2104	50000.0
2105	50000.0
2106	50000.0
2107	50000.0
2108	50000.0
2109	50000.0
