#FMS random 3-SAT
#N=4096  nIter=4096000  alpha=418   NSamples=1462
#av(nit)	80021.3308394363
#std(nit)	11818.46585644258
#av(e)	0.6019151846785226
#std(e)	0.17032193689065014
#av(runtime)	97.68519835841315
#std(runtime)	14.448265917203772
0.0	1803.758056640625	2.09	1
0.0	984.0986328125	1.18	2
0.0	9818.53662109375	11.47	3
0.0	792967.8957519531	914.43	4
0.0	128877.64672851562	153.84	5
0.0	273.440673828125	0.33	6
0.0	378.32275390625	0.44	7
0.0	1513.895751953125	1.81	8
0.0	4705.2431640625	5.82	9
0.0	531.62158203125	0.64	10
0.0	1852.390625	2.23	11
0.0	866.89306640625	1.07	12
0.0	7816.969970703125	9.47	13
0.0	1171.415771484375	1.47	14
0.0	1137.076904296875	1.37	15
0.0	823.871337890625	1.02	16
0.0	2329.31298828125	2.77	17
0.0	655.47705078125	0.81	18
0.0	2296606.2260742188	2812.08	19
0.0	1120982.40625	1380.9	20
0.0	561.48193359375	0.68	21
0.0	18244.487548828125	22.39	22
0.0	3932.0009765625	4.77	23
0.0	620.715087890625	0.77	24
0.0	704.66064453125	0.86	25
0.0	179.878662109375	0.23	26
0.0	970.06884765625	1.17	27
0.0	1384.9267578125	1.72	28
0.0	4583.439453125	5.54	29
0.0	46551.389892578125	55.75	30
0.0	697.2763671875	0.86	31
0.0	1714.87646484375	2.09	32
0.0	78166.2236328125	94.61	33
0.0	3092.820556640625	3.81	34
0.0	1729.547607421875	2.07	35
0.0	12876.32470703125	15.76	36
0.0	4161.6953125	5.14	37
0.0	772.50146484375	0.93	38
0.0	57001.180419921875	71.13	39
0.0	2607.433349609375	3.21	40
0.0	18118.807373046875	22.4	41
0.0	10565.703125	12.78	42
0.0	622.62646484375	0.76	43
0.0	3745.963134765625	4.64	44
0.0	2220.87158203125	2.7	45
0.0	1290.281494140625	1.64	46
0.0	20441.502197265625	25.26	47
0.0	2496.74853515625	3.04	48
0.0	4235.256591796875	5.21	49
0.0	4586.267578125	5.65	50
0.0	2951.489013671875	3.64	51
0.0	28527.501708984375	34.89	52
0.0	16261.9697265625	19.7	53
0.0	8657.57861328125	10.57	54
0.0	32471.980224609375	39.61	55
0.0	20038.82958984375	24.1	56
0.0	2122.11279296875	2.63	57
0.0	2527.621826171875	2.99	58
0.0	6728.918701171875	7.98	59
0.0	258307.90625	320.72	60
0.0	1609.7265625	2.0	61
0.0	440.46533203125	0.55	62
0.0	140938.16040039062	172.75	63
0.0	1662.19189453125	2.02	64
0.0	3559967.8068847656	4379.79	65
0.0	1772.8251953125	2.18	66
0.0	3620.865966796875	4.49	67
0.0	8312.187744140625	10.25	68
0.0	86849.22412109375	106.21	69
0.0	4260.238525390625	5.21	70
0.0	3569.20849609375	4.41	71
0.0	4359.111572265625	5.43	72
0.0	29567.994384765625	36.21	73
0.0	1065.23681640625	1.32	74
0.0	586952.0119628906	703.05	75
0.0	1073.325927734375	1.34	76
0.0	29407.923583984375	36.04	77
0.0	1462.923583984375	1.78	78
0.0	618.3525390625	0.77	79
0.0	57789.830078125	70.58	80
0.0	2434.44873046875	3.0	81
0.0	23720.403076171875	28.84	82
0.0	151849.09643554688	184.79	83
0.0	32834.616455078125	41.0	84
0.0	15317.666748046875	18.88	85
0.0	2376.630859375	2.97	86
0.0	13663.2607421875	17.14	87
0.0	2589.296630859375	3.14	88
0.0	6764.671875	8.34	89
0.0	1916.554443359375	2.32	90
0.0	739.359130859375	0.91	91
0.0	6389.508544921875	7.85	92
0.0	2218.0419921875	2.71	93
0.0	8523.902099609375	10.44	94
0.0	14809.615478515625	18.07	95
0.0	26490.377685546875	32.45	96
0.0	944.930419921875	1.21	97
0.0	7274.162109375	8.77	98
0.0	26238.51416015625	32.63	99
0.0	5418.83447265625	6.47	100
0.0	1350.696533203125	1.69	101
0.0	3789.470947265625	4.59	102
0.0	20865.25537109375	25.65	103
0.0	15960.9970703125	19.37	104
0.0	764.634765625	0.9	105
0.0	7821.32470703125	9.62	106
0.0	14117.355224609375	17.24	107
0.0	5976.2294921875	7.4	108
0.0	1250.113037109375	1.55	109
0.0	2148.1962890625	2.65	110
0.0	16397.85595703125	20.24	111
0.0	1660.049560546875	2.12	112
0.0	4674.51708984375	5.75	113
0.0	140141.3203125	173.15	114
0.0	1677.13916015625	2.04	115
0.0	5774.98388671875	7.05	116
0.0	6504.1083984375	7.76	117
0.0	255.3330078125	0.32	118
0.0	25955.298828125	31.14	119
0.0	1218.245849609375	1.52	120
0.0	1163.296875	1.45	121
0.0	2567.01953125	3.14	122
0.0	3181.00634765625	3.91	123
0.0	5224.0478515625	6.35	124
0.0	381.373291015625	0.47	125
0.0	452.623046875	0.55	126
0.0	1970.667724609375	2.45	127
0.0	11097.729248046875	13.55	128
0.0	2134.009033203125	2.64	129
0.0	817.728515625	1.03	130
0.0	468492.76318359375	576.34	131
0.0	198410.2021484375	241.46	132
0.0	9553.321044921875	11.64	133
0.0	2047.404296875	2.52	134
0.0	42664.98095703125	52.94	135
0.0	143740.45190429688	177.83	136
0.0	8047.940185546875	9.64	137
0.0	1893.8046875	2.34	138
0.0	4968.410400390625	5.93	139
0.0	564.0263671875	0.7	140
0.0	291271.19775390625	349.76	141
0.0	1183.853515625	1.46	142
0.0	2106.83544921875	2.55	143
0.0	2576.292724609375	3.19	144
0.0	822.802001953125	1.0	145
0.0	115527.41235351562	140.79	146
0.0	1037.8310546875	1.24	147
0.0	6628.2080078125	8.16	148
0.0	27384.1669921875	32.78	149
0.0	324.49072265625	0.38	150
0.0	32953.3115234375	40.54	151
0.0	2415.906005859375	2.97	152
0.0	101090.0126953125	125.06	153
0.0	19526.383056640625	23.97	154
0.0	3251.26953125	4.05	155
0.0	3651.69970703125	4.55	156
0.0	1056828.9235839844	1298.67	157
0.0	40226.28955078125	48.15	158
0.0	34050.53515625	41.73	159
0.0	11257.728759765625	13.81	160
0.0	3508.53271484375	4.21	161
0.0	1263.32177734375	1.56	162
0.0	12875.490478515625	15.6	163
0.0	1088.909912109375	1.33	164
0.0	20746.266357421875	25.26	165
0.0	3882.865478515625	4.78	166
0.0	612.712890625	0.76	167
0.0	451.276611328125	0.57	168
0.0	12574.313232421875	15.57	169
0.0	10004.737548828125	12.24	170
0.0	48001.8037109375	59.11	171
0.0	5084.65185546875	6.38	172
0.0	1888.745849609375	2.34	173
0.0	559.0634765625	0.7	174
0.0	5109.734619140625	6.35	175
0.0	91487.2099609375	109.76	176
0.0	60031.50439453125	75.06	177
0.0	4565.567138671875	5.67	178
0.0	13468.275146484375	16.62	179
0.0	999.32421875	1.2	180
0.0	2541.58984375	3.19	181
0.0	1580.7177734375	1.98	182
0.0	477.779296875	0.6	183
0.0	2855.8779296875	3.56	184
0.0	674.25830078125	0.83	185
0.0	2092.779296875	2.52	186
0.0	2907.733642578125	3.62	187
0.0	86706.67529296875	106.78	188
0.0	839.31396484375	1.03	189
0.0	4304.5400390625	5.37	190
0.0	394.041259765625	0.48	191
0.0	10085.723388671875	12.04	192
0.0	1216.01806640625	1.53	193
0.0	1501.91943359375	1.86	194
0.0	3290.67431640625	4.08	195
0.0	53249.667236328125	66.31	196
0.0	764.845947265625	0.97	197
0.0	10630.01416015625	13.02	198
0.0	4814.0615234375	5.8	199
0.0	1515217.2451171875	1881.76	200
0.0	1341.393798828125	1.62	201
0.0	295702.0476074219	366.91	202
0.0	10559.65576171875	12.98	203
0.0	3843.4716796875	4.8	204
0.0	30897.44384765625	38.04	205
0.0	11877.637939453125	14.67	206
0.0	36728.325439453125	44.04	207
0.0	781.95166015625	0.95	208
0.0	16245.544189453125	20.26	209
0.0	318.323974609375	0.4	210
0.0	2477.963623046875	3.07	211
0.0	82734.88110351562	101.11	212
0.0	2108.36279296875	2.57	213
0.0	2635.552490234375	3.26	214
0.0	10220.741455078125	12.37	215
0.0	29685.814208984375	34.25	981
0.0	433.98876953125	0.51	982
0.0	1504.684814453125	1.73	983
0.0	5160.72265625	6.23	984
0.0	10624.40673828125	12.51	985
0.0	3535.33203125	4.16	986
0.0	8657.8505859375	10.37	987
0.0	602.442138671875	0.75	988
0.0	103568.59301757812	122.49	989
0.0	1041.864990234375	1.28	990
0.0	14766.61572265625	18.01	991
0.0	8456.0087890625	10.18	992
0.0	1113.9990234375	1.37	993
0.0	472.463134765625	0.59	994
0.0	1320.418701171875	1.6	995
0.0	32415.7421875	37.72	996
0.0	2183.544189453125	2.62	997
0.0	32421.5732421875	38.2	998
0.0	2934.50244140625	3.55	999
0.0	17747.10009765625	21.1	1000
0.0	332776.51806640625	403.88	1001
0.0	2785.422607421875	3.39	1002
0.0	2391.068115234375	2.88	1003
0.0	15347.76953125	18.35	1004
0.0	823.21533203125	1.03	1005
0.0	78433.86645507812	92.9	1006
0.0	4560.21044921875	5.42	1007
0.0	1947.93359375	2.35	1008
0.0	17753.977783203125	21.71	1009
0.0	1407.67822265625	1.68	1010
0.0	1720.517333984375	2.1	1011
0.0	6545.524169921875	7.6	1012
0.0	114886.62231445312	138.13	1013
0.0	634.005615234375	0.75	1014
0.0	1349.90576171875	1.63	1015
0.0	747.3564453125	0.92	1016
0.0	47915.597900390625	55.47	1017
0.0	499.273681640625	0.61	1018
0.0	1490.715087890625	1.83	1019
0.0	2938.7841796875	3.65	1020
0.0	6391.08251953125	7.76	1021
0.0	6086.17431640625	7.45	1022
0.0	736.5166015625	0.91	1023
0.0	26824.310791015625	31.82	1024
0.0	1331.24560546875	1.59	1025
0.0	1246.322021484375	1.51	1026
0.0	480.40869140625	0.58	1027
0.0	838.01806640625	1.04	1028
0.0	24007.80859375	29.24	1029
0.0	5893.065673828125	7.1	1030
0.0	4934.8544921875	5.98	1031
0.0	415.813720703125	0.51	1032
0.0	29950.15380859375	36.11	1033
0.0	97734.2041015625	117.48	1034
0.0	1899.873046875	2.37	1035
0.0	3399.758056640625	4.18	1036
0.0	3696.415283203125	4.44	1037
0.0	5685.291748046875	6.9	1038
0.0	1225.31591796875	1.51	1039
0.0	6269.606201171875	7.64	1040
0.0	1310.21875	1.6	1041
70.0	4096000.0	4917.43	1042
0.0	1577.98583984375	1.96	1043
0.0	37810.365234375	46.56	1044
0.0	3265063.8381347656	4067.58	1045
0.0	2987.281982421875	3.62	1046
0.0	25430.16259765625	30.93	1047
0.0	3282.708740234375	3.91	1048
0.0	41445.478759765625	50.97	1049
0.0	788.668212890625	0.97	1050
0.0	2123.797607421875	2.58	1051
0.0	8524.383056640625	10.44	1052
0.0	5201.32666015625	6.37	1053
0.0	1299.272216796875	1.57	1054
0.0	6745.30908203125	8.0	1055
0.0	2771.279052734375	3.41	1056
0.0	424.580810546875	0.52	1057
0.0	85914.22338867188	102.39	1058
0.0	4191.05419921875	5.25	1059
0.0	23415.741943359375	29.2	1060
0.0	9579.3388671875	11.72	1061
0.0	14174.328369140625	17.51	1062
0.0	4698.052001953125	5.79	1063
0.0	5144.861572265625	6.21	1064
0.0	457.841552734375	0.59	1065
0.0	37874.0751953125	46.54	1066
0.0	3270.957763671875	3.92	1067
0.0	710.013427734375	0.88	1068
0.0	33151.9638671875	41.11	1069
0.0	534.7451171875	0.68	1070
0.0	1367.6279296875	1.68	1071
0.0	103914.0703125	127.21	1072
0.0	894.075927734375	1.05	1073
0.0	1469.254150390625	1.82	1074
0.0	49704.495849609375	60.97	1075
0.0	5874.591064453125	6.91	1076
0.0	5105.765625	6.21	1077
0.0	5464.407470703125	6.72	1078
0.0	5420.589599609375	6.72	1079
0.0	767.169921875	0.95	1080
0.0	486.524169921875	0.59	1081
0.0	3166.464111328125	3.69	1082
0.0	1044.83056640625	1.33	1083
0.0	18340.0458984375	22.54	1084
0.0	2097.492919921875	2.56	1085
0.0	4073.31201171875	4.99	1086
0.0	3106.842041015625	3.85	1087
0.0	1754.185791015625	2.21	1088
0.0	282.9697265625	0.35	1089
0.0	900.632080078125	1.13	1090
0.0	1831.45751953125	2.18	1091
0.0	1366268.3642578125	1703.7	1092
0.0	525.493408203125	0.66	1093
0.0	1258.92626953125	1.55	1094
0.0	106371.08520507812	130.98	1095
0.0	7239.063720703125	8.98	1096
0.0	1535.522216796875	1.87	1097
0.0	821.155029296875	1.03	1098
0.0	30554.971923828125	37.87	1099
0.0	1656.461669921875	2.04	1100
0.0	10127.78857421875	12.46	1101
0.0	2036.939453125	2.49	1102
0.0	217144.9453125	265.26	1103
0.0	73612.68994140625	91.07	1104
0.0	13197.821044921875	16.05	1105
0.0	1488.282958984375	1.87	1106
0.0	1936.834228515625	2.31	1107
0.0	318.65673828125	0.4	1108
0.0	6282.797607421875	7.66	1109
101.0	4096000.0	5130.98	1110
0.0	137423.8017578125	167.6	1111
0.0	920.860595703125	1.13	1112
0.0	3115.82958984375	3.81	1113
0.0	32215.27392578125	39.6	1114
0.0	2781.4560546875	3.41	1115
0.0	61878.12158203125	76.82	1116
0.0	8842.283935546875	10.96	1117
0.0	13663.72119140625	17.02	1118
0.0	2248.546630859375	2.74	1119
0.0	1598.57763671875	1.94	1120
0.0	1647.38232421875	2.01	1121
0.0	7526.681396484375	9.18	1122
0.0	1610.818603515625	1.93	1123
0.0	4820.03125	5.91	1124
0.0	373.560791015625	0.49	1125
0.0	31015.27197265625	37.43	1126
0.0	1264.986572265625	1.58	1127
0.0	4639.3681640625	5.81	1128
0.0	2200.754150390625	2.64	1129
0.0	918.113525390625	1.12	1130
0.0	22117.56396484375	27.34	1131
0.0	6986.4091796875	8.55	1132
0.0	64734.302001953125	79.61	1133
0.0	3231.5908203125	3.7	1961
0.0	30176.72802734375	36.11	1962
0.0	752.597412109375	0.91	1963
0.0	3414.918212890625	4.04	1964
0.0	1546.151123046875	1.8	1965
0.0	733605.7084960938	877.93	1966
0.0	1905.162841796875	2.25	1967
0.0	832.79931640625	1.03	1968
0.0	8776.373779296875	10.61	1969
0.0	8473.33447265625	10.23	1970
0.0	8874.2626953125	10.67	1971
0.0	13314.695068359375	15.97	1972
0.0	659.044921875	0.8	1973
0.0	39323.614501953125	47.29	1974
0.0	648.532958984375	0.8	1975
0.0	902.33984375	1.08	1976
0.0	1386.423828125	1.69	1977
0.0	2527.787109375	3.1	1978
0.0	16329.09716796875	19.47	1979
40.0	4096000.0	4926.63	1980
13.0	4096000.0	4851.15	1981
0.0	586.202392578125	0.72	1982
0.0	1978.374755859375	2.47	1983
0.0	742.30810546875	0.91	1984
0.0	5185.53564453125	6.46	1985
0.0	5067.389404296875	6.12	1986
0.0	28313.811279296875	34.86	1987
0.0	264.971923828125	0.31	1988
0.0	5574.515625	6.8	1989
0.0	4609.587646484375	5.68	1990
0.0	2973.151611328125	3.64	1991
0.0	5114.53955078125	6.25	1992
0.0	5902.563232421875	7.31	1993
0.0	19136.878173828125	23.47	1994
0.0	679.587158203125	0.83	1995
0.0	1746.814208984375	2.19	1996
0.0	4709.023681640625	5.75	1997
0.0	1020.9306640625	1.25	1998
0.0	4233.38623046875	4.96	1999
0.0	985.47412109375	1.2	2000
0.0	4423.498779296875	5.33	2001
0.0	4308.822021484375	5.25	2002
0.0	5775.14013671875	7.16	2003
0.0	2828.85498046875	3.49	2004
0.0	6126.060546875	7.32	2005
0.0	18235.867431640625	22.15	2006
0.0	7462.8427734375	9.16	2007
0.0	1125.406005859375	1.34	2008
0.0	1525.0234375	1.93	2009
0.0	3073.813232421875	3.77	2010
0.0	11617.919677734375	14.37	2011
0.0	38865.92333984375	48.06	2012
0.0	4801.01220703125	5.72	2013
0.0	177559.67749023438	217.46	2014
0.0	2410.92822265625	2.85	2015
0.0	2013.256591796875	2.51	2016
0.0	34122.5107421875	41.69	2017
0.0	8480.517578125	10.42	2018
0.0	7290.69775390625	9.07	2019
0.0	1564.452880859375	1.96	2020
0.0	1203.9853515625	1.49	2021
0.0	3868.75146484375	4.48	2022
0.0	1215.522705078125	1.52	2023
0.0	1973.760009765625	2.35	2024
0.0	21958.217041015625	26.76	2025
0.0	26119.17138671875	31.72	2026
0.0	6061.755126953125	7.36	2027
0.0	619.74658203125	0.77	2028
0.0	12245.783935546875	15.09	2029
0.0	6135.794189453125	7.55	2030
0.0	517.2578125	0.67	2031
0.0	3062.65966796875	3.63	2032
0.0	5897.127197265625	7.03	2033
0.0	3924.451416015625	4.76	2034
0.0	11833.727294921875	14.66	2035
0.0	26501.83154296875	32.99	2036
0.0	2419.515625	3.0	2037
0.0	4423.234619140625	5.27	2038
0.0	5149.165771484375	6.2	2039
0.0	7210.045166015625	8.92	2040
0.0	9724.192138671875	12.13	2041
0.0	1122.5654296875	1.37	2042
0.0	634.1328125	0.77	2043
0.0	1150.291748046875	1.43	2044
0.0	2063.491943359375	2.52	2045
0.0	7001.22802734375	8.61	2046
0.0	1143.238037109375	1.39	2047
0.0	1644.621337890625	2.1	2048
0.0	798.326416015625	0.96	2049
0.0	18327.045166015625	22.26	2050
0.0	330.305419921875	0.37	2051
0.0	124855.388671875	155.07	2052
0.0	85549.59765625	105.05	2053
0.0	2661.207275390625	3.32	2054
0.0	24941.15380859375	30.29	2055
0.0	8473.7431640625	10.25	2056
0.0	618.321044921875	0.78	2057
0.0	9780.187744140625	12.0	2058
0.0	3549.447021484375	4.3	2059
0.0	68512.23046875	84.12	2060
0.0	3199.9384765625	3.93	2061
0.0	6837.47021484375	8.32	2062
0.0	331.83984375	0.4	2063
0.0	4990.048095703125	6.17	2064
0.0	415.880859375	0.5	2065
0.0	28337.046142578125	35.16	2066
0.0	6406.47802734375	7.84	2067
0.0	18222.685546875	22.45	2068
0.0	2296.968994140625	2.79	2069
0.0	207.38720703125	0.25	2070
0.0	13626.015869140625	16.29	2071
0.0	211.55908203125	0.26	2072
0.0	270.12451171875	0.33	2073
0.0	1900.395263671875	2.36	2074
0.0	7672.873046875	9.18	2075
0.0	3132.617919921875	3.76	2076
0.0	2272.37744140625	2.82	2077
0.0	2891.120361328125	3.6	2078
0.0	274866.4675292969	338.4	2079
0.0	1001.277099609375	1.21	2080
0.0	5019.45947265625	6.19	2081
0.0	8517.226318359375	10.25	2082
0.0	2959.736083984375	3.63	2083
0.0	26878.738525390625	33.3	2084
0.0	570.832275390625	0.71	2085
0.0	1546.886474609375	1.91	2086
0.0	3174.938720703125	4.01	2087
0.0	9256.753173828125	11.21	2088
0.0	2201.009765625	2.72	2089
0.0	145923.3818359375	177.97	2090
0.0	2342.12841796875	2.89	2091
0.0	5179.7060546875	6.2	2092
0.0	5425.817138671875	6.61	2093
0.0	5797.81884765625	6.99	2094
0.0	17482.5283203125	21.62	2095
0.0	2929.58837890625	3.54	2096
0.0	17786.6015625	22.18	2097
0.0	1521.30810546875	1.85	2098
0.0	1573.474853515625	1.93	2099
0.0	780.772216796875	0.97	2100
0.0	3103.00830078125	3.8	2101
0.0	22065.52978515625	27.21	2102
0.0	7445.52099609375	8.9	2103
0.0	16749.6513671875	20.35	2104
0.0	8671.3623046875	10.8	2105
0.0	5884.401123046875	7.29	2106
0.0	2712.5947265625	3.34	2107
0.0	3077.30126953125	3.77	2108
0.0	302.62109375	0.38	2109
0.0	7340.7763671875	8.86	2110
0.0	331.219970703125	0.41	2111
0.0	2349.03759765625	2.87	2112
0.0	10329.75439453125	12.81	2113
0.0	5756.646240234375	7.03	2114
0.0	2494.136474609375	3.01	2115
0.0	2773.57666015625	3.46	2116
0.0	8287.623779296875	10.23	2117
0.0	1760.39501953125	2.16	2118
0.0	24323.6689453125	29.86	2119
0.0	1014.237548828125	1.24	2120
0.0	12325.89697265625	15.0	2121
0.0	40030.01513671875	48.35	2122
0.0	4511.13037109375	5.31	2123
0.0	8857.101318359375	10.67	2124
0.0	2590.947265625	3.16	2125
0.0	81779.35180664062	100.31	2126
0.0	8013.19775390625	9.81	2127
41.0	4096000.0	4989.18	2128
0.0	504.8203125	0.62	2129
0.0	3538.227294921875	4.32	2130
0.0	5048.069091796875	6.27	2131
0.0	1685.608642578125	2.08	2132
0.0	1544.21630859375	1.91	2133
0.0	66524.74951171875	81.25	2134
0.0	1344.5546875	1.6	2135
0.0	4173.71435546875	5.15	2136
0.0	1617.937744140625	1.96	2137
0.0	3399.54052734375	3.96	2138
0.0	18328.577880859375	22.0	2139
0.0	1167.778564453125	1.43	2140
0.0	6470.646240234375	7.75	2141
0.0	8431.092041015625	9.85	2941
0.0	656.0205078125	0.77	2942
0.0	1107.28662109375	1.31	2943
0.0	5826.650146484375	6.86	2944
0.0	10888.2919921875	12.72	2945
0.0	3585.772705078125	4.27	2946
0.0	79818.2314453125	90.41	2947
0.0	2726.28955078125	3.17	2948
0.0	2654407.869873047	3195.65	2949
0.0	436.893310546875	0.53	2950
0.0	585.979736328125	0.72	2951
0.0	580.174560546875	0.71	2952
0.0	1975.772705078125	2.45	2953
0.0	934.41162109375	1.17	2954
0.0	249.311767578125	0.3	2955
0.0	35202.253662109375	43.29	2956
0.0	1161.5966796875	1.39	2957
0.0	6115.206298828125	7.42	2958
0.0	4905.224365234375	5.85	2959
0.0	558.097412109375	0.7	2960
0.0	385008.578125	457.13	2961
0.0	1717.307373046875	2.16	2962
0.0	4767.669921875	5.8	2963
0.0	3821.240966796875	4.66	2964
0.0	27512.638671875	33.31	2965
0.0	4001.565673828125	4.94	2966
0.0	3748.58984375	4.68	2967
0.0	368.038330078125	0.46	2968
0.0	3231.3173828125	3.94	2969
0.0	11289.48486328125	13.94	2970
0.0	459821.7568359375	556.92	2971
0.0	2173.97021484375	2.59	2972
0.0	5671.83447265625	6.78	2973
0.0	3283.288818359375	4.04	2974
0.0	701.595947265625	0.88	2975
0.0	1544.207275390625	1.84	2976
0.0	12109.510498046875	14.74	2977
0.0	3234.25634765625	3.96	2978
0.0	336.5458984375	0.41	2979
0.0	1215.70263671875	1.51	2980
0.0	3086.72119140625	3.76	2981
0.0	1091.67041015625	1.35	2982
0.0	2650.257568359375	3.34	2983
0.0	333337.91357421875	400.29	2984
0.0	1815.06005859375	2.24	2985
0.0	5775.5498046875	6.98	2986
0.0	8455.165771484375	10.2	2987
0.0	797.95458984375	0.94	2988
0.0	1105.947998046875	1.36	2989
0.0	335502.13037109375	401.2	2990
0.0	1937.35009765625	2.41	2991
0.0	1128.90576171875	1.4	2992
0.0	700.07177734375	0.88	2993
0.0	666.15380859375	0.83	2994
0.0	46398.875	56.86	2995
0.0	10056.00927734375	12.37	2996
0.0	4510.597412109375	5.63	2997
0.0	687.388427734375	0.83	2998
0.0	199389.78759765625	243.11	2999
0.0	2059.8212890625	2.49	3000
0.0	5143.295166015625	6.26	3001
0.0	13815.655517578125	16.95	3002
0.0	907.193359375	1.14	3003
0.0	7707.535888671875	9.39	3004
0.0	3427.475830078125	4.24	3005
0.0	2286.27880859375	2.73	3006
0.0	3770.229248046875	4.69	3007
0.0	7867.900390625	9.81	3008
63.0	4096000.0	5090.48	3009
0.0	529.342529296875	0.64	3010
0.0	3422.807373046875	4.12	3011
0.0	2523.423583984375	3.07	3012
0.0	3053.06787109375	3.76	3013
0.0	2851.137451171875	3.53	3014
0.0	1134.075439453125	1.42	3015
0.0	2233.310791015625	2.72	3016
0.0	5124.852294921875	6.36	3017
0.0	1338.8173828125	1.67	3018
0.0	1842.068359375	2.27	3019
0.0	17308.091796875	21.15	3020
0.0	927.3359375	1.15	3021
0.0	25755.440185546875	31.58	3022
0.0	15744.753662109375	19.35	3023
0.0	960.1298828125	1.18	3024
0.0	2637.197998046875	3.23	3025
0.0	7849.974365234375	9.36	3026
0.0	5292.341552734375	6.53	3027
0.0	4503.32275390625	5.4	3028
0.0	579.941650390625	0.73	3029
0.0	1471.960205078125	1.79	3030
0.0	13750.010009765625	17.02	3031
0.0	35401.353515625	43.77	3032
0.0	54033.809814453125	66.68	3033
0.0	1933.654052734375	2.38	3034
0.0	40479.205810546875	49.5	3035
0.0	5265.691162109375	6.51	3036
0.0	398.794677734375	0.48	3037
0.0	856.260986328125	1.05	3038
0.0	104843.763671875	129.07	3039
0.0	378835.7194824219	463.68	3040
0.0	507.392333984375	0.61	3041
0.0	5009.18994140625	6.12	3042
0.0	4345.462646484375	5.31	3043
0.0	13616.808837890625	16.99	3044
0.0	140.763427734375	0.17	3045
0.0	6515.485107421875	8.06	3046
0.0	3314.642822265625	4.12	3047
0.0	7490.888671875	9.22	3048
0.0	5549.529296875	6.79	3049
0.0	36805.515625	44.93	3050
0.0	1484.45849609375	1.82	3051
57.0	4096000.0	5034.89	3052
0.0	571760.6484375	680.83	3053
0.0	175.23095703125	0.21	3054
0.0	1862.19873046875	2.32	3055
0.0	1499.617919921875	1.86	3056
0.0	2040.129150390625	2.49	3057
0.0	2636.260498046875	3.16	3058
0.0	33802.445556640625	41.79	3059
0.0	6630.9111328125	8.11	3060
0.0	50597.028076171875	62.25	3061
0.0	3535.184326171875	4.29	3062
0.0	457847.2160644531	557.93	3063
0.0	6820.359375	8.44	3064
0.0	4485.74267578125	5.55	3065
0.0	12170.92333984375	14.74	3066
0.0	1594.721923828125	2.0	3067
0.0	3241.4365234375	3.97	3068
0.0	48291.56689453125	59.72	3069
0.0	1480.102783203125	1.71	3070
0.0	87011.51953125	108.0	3071
0.0	16289.199462890625	20.24	3072
0.0	1618.320556640625	1.99	3073
0.0	1051.797119140625	1.3	3074
0.0	4080.56591796875	5.01	3075
0.0	5893.822021484375	7.25	3076
0.0	1006.614990234375	1.27	3077
0.0	3879.733642578125	4.84	3078
0.0	5035.8369140625	6.29	3079
0.0	3476.2783203125	4.29	3080
0.0	546.036376953125	0.66	3081
0.0	10405.00146484375	12.83	3082
0.0	44071.754638671875	54.64	3083
0.0	8659.642822265625	10.43	3084
0.0	43398.449462890625	53.39	3085
0.0	49352.75341796875	60.1	3086
0.0	6885.88427734375	8.49	3087
0.0	5179.74609375	6.19	3088
0.0	8013.341796875	9.86	3089
0.0	3108.4609375	3.88	3090
0.0	11236.55029296875	13.79	3091
0.0	167.372802734375	0.22	3092
0.0	8016.611328125	10.0	3093
0.0	854.816162109375	1.03	3094
0.0	6785.034423828125	8.3	3095
0.0	1809.18798828125	2.26	3096
0.0	798.38134765625	0.98	3097
0.0	47810.032958984375	58.34	3098
0.0	65088.492919921875	79.46	3099
0.0	5116.4658203125	6.29	3100
0.0	807.407958984375	1.01	3101
0.0	2794.3447265625	3.42	3102
0.0	377.3935546875	0.46	3103
0.0	482.907958984375	0.59	3104
0.0	194748.58227539062	239.04	3105
0.0	5098.73388671875	6.23	3106
0.0	5881.614990234375	7.14	3107
0.0	27531.8271484375	33.78	3108
0.0	101777.81811523438	124.6	3109
0.0	607.137451171875	0.75	3110
0.0	5417.356689453125	6.68	3111
0.0	875.42236328125	1.06	3112
0.0	836.794921875	1.04	3113
0.0	1063.565185546875	1.32	3114
0.0	801.560791015625	1.02	3115
0.0	1697.215087890625	2.11	3116
0.0	5420.869140625	6.47	3921
0.0	486.001953125	0.57	3922
0.0	1901.157470703125	2.22	3923
0.0	4582.38671875	5.33	3924
0.0	3167.9560546875	3.81	3925
0.0	982.84375	1.09	3926
0.0	6354.089111328125	7.49	3927
0.0	33883.64404296875	39.58	3928
0.0	1493.84423828125	1.8	3929
0.0	47316.461669921875	57.08	3930
0.0	20211.620361328125	24.25	3931
0.0	6423.5458984375	7.59	3932
0.0	640.733642578125	0.77	3933
0.0	5877.038330078125	7.04	3934
0.0	1733.36279296875	2.06	3935
0.0	797.48779296875	0.93	3936
0.0	4186.5341796875	4.96	3937
0.0	1895.101806640625	2.28	3938
0.0	4260.447265625	4.97	3939
0.0	4079.674072265625	4.84	3940
0.0	1100.339599609375	1.35	3941
0.0	1024.829345703125	1.24	3942
0.0	5758.037109375	6.96	3943
0.0	1670.4990234375	2.01	3944
0.0	1024.541748046875	1.22	3945
0.0	1360.959716796875	1.68	3946
0.0	1919.060302734375	2.33	3947
0.0	1344.569580078125	1.64	3948
0.0	2168.09375	2.58	3949
0.0	52844.976806640625	62.21	3950
0.0	1420.222412109375	1.65	3951
0.0	3348.015869140625	4.0	3952
0.0	1864.0498046875	2.3	3953
0.0	8958.35986328125	10.79	3954
0.0	1720.41064453125	2.04	3955
0.0	887068.2468261719	1077.04	3956
0.0	863.25927734375	1.05	3957
0.0	229.072021484375	0.28	3958
0.0	1873.933349609375	2.21	3959
0.0	4071.628173828125	4.98	3960
0.0	1400.47607421875	1.72	3961
0.0	5489.281494140625	6.76	3962
0.0	2416.304443359375	2.97	3963
0.0	2431.1962890625	2.97	3964
0.0	9265.328369140625	10.68	3965
0.0	34903.432861328125	41.0	3966
0.0	2149.670654296875	2.62	3967
0.0	1699.05517578125	2.05	3968
0.0	1359.527587890625	1.71	3969
0.0	5943.890625	7.14	3970
0.0	10567.695068359375	13.0	3971
0.0	5314.1015625	6.43	3972
0.0	1305.41796875	1.59	3973
0.0	10150.793212890625	12.37	3974
0.0	6390.11572265625	7.78	3975
0.0	24115.323486328125	28.37	3976
0.0	1467.50244140625	1.81	3977
0.0	3488.01171875	4.16	3978
0.0	1634.880859375	2.02	3979
0.0	2067.550048828125	2.52	3980
0.0	473259.06103515625	573.77	3981
0.0	1214.02197265625	1.48	3982
0.0	614.464599609375	0.77	3983
0.0	2000.70458984375	2.45	3984
0.0	2416.869873046875	2.94	3985
0.0	758814.1875	914.4	3986
0.0	5097.319091796875	6.22	3987
0.0	8782.76904296875	10.71	3988
0.0	12918.2802734375	15.71	3989
0.0	6307.975341796875	7.65	3990
0.0	1223.721435546875	1.51	3991
0.0	9913.191162109375	12.03	3992
46.0	4096000.0	5037.78	3993
0.0	3434.0166015625	4.14	3994
0.0	2681.10693359375	3.22	3995
0.0	12325.852294921875	15.28	3996
0.0	1833.328857421875	2.24	3997
0.0	1137.64208984375	1.41	3998
0.0	3596.630615234375	4.45	3999
0.0	3625.74755859375	4.48	4000
0.0	40092.25341796875	49.11	4001
0.0	2442.5712890625	3.02	4002
0.0	5751.6494140625	7.15	4003
0.0	126093.962890625	154.94	4004
0.0	8388.0224609375	9.82	4005
0.0	1406.35205078125	1.74	4006
0.0	1447.9375	1.76	4007
0.0	641.474609375	0.8	4008
0.0	954.348876953125	1.11	4009
0.0	8686.0654296875	10.64	4010
0.0	2124.194580078125	2.6	4011
0.0	8698.294189453125	10.52	4012
0.0	13136.765625	16.02	4013
0.0	1999.918701171875	2.48	4014
0.0	1367.04150390625	1.66	4015
0.0	81414.14404296875	100.31	4016
0.0	7392.202880859375	9.08	4017
0.0	29807.388671875	36.11	4018
0.0	2664.141845703125	3.22	4019
0.0	18366.833984375	22.52	4020
0.0	10205.72998046875	12.16	4021
0.0	2876.90625	3.56	4022
0.0	24090.7880859375	29.63	4023
0.0	5480.556640625	6.82	4024
0.0	1451.291015625	1.82	4025
0.0	4659.521484375	5.73	4026
0.0	15880.486572265625	19.67	4027
0.0	2359.517578125	2.92	4028
0.0	47431.28955078125	58.54	4029
0.0	24284.197998046875	29.05	4030
0.0	756.422607421875	0.94	4031
0.0	236.306640625	0.3	4032
76.0	4096000.0	5063.12	4033
0.0	4929.56591796875	5.93	4034
0.0	1612.518798828125	2.0	4035
0.0	8891.49072265625	11.05	4036
0.0	2341.09326171875	2.75	4037
0.0	2430.810546875	2.94	4038
0.0	10365.105712890625	12.9	4039
0.0	6305.099365234375	7.67	4040
0.0	2722.08447265625	3.34	4041
0.0	2480.843994140625	3.02	4042
0.0	1448.76025390625	1.79	4043
0.0	10091.129150390625	12.46	4044
0.0	2112.552978515625	2.58	4045
0.0	962.7294921875	1.16	4046
0.0	3071.626708984375	3.82	4047
0.0	7768.433837890625	9.58	4048
0.0	861.636962890625	1.09	4049
0.0	2399.853271484375	2.97	4050
0.0	1487.315185546875	1.82	4051
0.0	1490.95166015625	1.86	4052
0.0	2504.750244140625	3.12	4053
0.0	79232.57495117188	95.83	4054
0.0	2721.494384765625	3.38	4055
0.0	1873.87939453125	2.29	4056
0.0	1784.656005859375	2.17	4057
0.0	9484.422119140625	11.75	4058
0.0	3429.768798828125	4.22	4059
0.0	1479.03759765625	1.82	4060
0.0	48524.80224609375	57.96	4061
0.0	4491.832275390625	5.54	4062
0.0	731.782470703125	0.88	4063
0.0	981.254638671875	1.21	4064
0.0	751.84521484375	0.94	4065
0.0	2846.64013671875	3.58	4066
0.0	8724.68994140625	10.75	4067
0.0	629.49072265625	0.76	4068
0.0	12781.5166015625	15.87	4069
0.0	1759.607666015625	2.21	4070
0.0	2635.347412109375	3.19	4071
0.0	61281.671630859375	74.79	4072
0.0	159.985595703125	0.2	4073
0.0	1348.38916015625	1.64	4074
0.0	15091.8427734375	17.93	4075
0.0	1189.260009765625	1.48	4076
0.0	2341.364013671875	2.81	4077
0.0	9995.516357421875	12.42	4078
0.0	5817.35498046875	7.34	4079
0.0	7672.960205078125	9.48	4080
0.0	12168.079833984375	14.94	4081
0.0	681.54638671875	0.83	4082
0.0	2153.393310546875	2.66	4083
0.0	2842.984619140625	3.47	4084
0.0	190806.39575195312	229.69	4085
0.0	7243.129638671875	8.95	4086
0.0	290.71728515625	0.35	4087
0.0	27227.82373046875	33.16	4088
0.0	1852.02099609375	2.2	4089
0.0	1587.93212890625	1.87	4090
0.0	2703.53759765625	3.3	4091
0.0	961.08251953125	1.2	4092
0.0	20859.19140625	25.89	4093
0.0	3895.5732421875	4.78	4094
0.0	654.137939453125	0.77	4095
0.0	1450.864013671875	1.8	4096
0.0	2339.419921875	2.9	4097
0.0	2662.0791015625	3.28	4098
0.0	4870.21240234375	6.01	4099
0.0	1615.209716796875	1.99	4100
0.0	4173.915771484375	5.1	4101
0.0	19406.068359375	22.96	4901
0.0	9535.366455078125	11.18	4902
0.0	37867.222900390625	44.12	4903
0.0	7580.37939453125	8.89	4904
0.0	10636.5205078125	12.61	4905
0.0	4925.59326171875	5.89	4906
0.0	1324.882568359375	1.61	4907
0.0	6589.92724609375	7.84	4908
0.0	5344.849853515625	6.35	4909
0.0	3126.647216796875	3.82	4910
0.0	1328.256103515625	1.6	4911
0.0	6348.61669921875	7.7	4912
0.0	691.2109375	0.79	4913
0.0	188.255859375	0.23	4914
0.0	25768.593505859375	30.44	4915
0.0	283.425537109375	0.35	4916
0.0	225537.15600585938	268.19	4917
0.0	1703.08203125	2.05	4918
0.0	50134.068603515625	58.97	4919
0.0	1872.42431640625	2.21	4920
0.0	4016.231689453125	4.87	4921
0.0	2018.56689453125	2.48	4922
0.0	6302.2509765625	7.66	4923
0.0	3988.005615234375	4.81	4924
0.0	4699.450927734375	5.72	4925
0.0	2311.91064453125	2.78	4926
0.0	54038.298828125	64.88	4927
0.0	8162.04052734375	9.58	4928
0.0	5948.475341796875	7.34	4929
0.0	14284.839599609375	16.88	4930
0.0	2951.445068359375	3.54	4931
0.0	3222.90869140625	3.97	4932
0.0	14518.0634765625	17.17	4933
0.0	4040.117919921875	4.87	4934
0.0	7887.668212890625	9.5	4935
0.0	1570.257568359375	1.88	4936
0.0	514.468017578125	0.62	4937
0.0	494.0703125	0.62	4938
0.0	802.132080078125	0.97	4939
0.0	8613.373046875	10.05	4940
0.0	31654.2998046875	38.04	4941
0.0	2840.833740234375	3.4	4942
0.0	1670.960205078125	1.98	4943
0.0	20812.888916015625	24.92	4944
0.0	18089.70556640625	21.66	4945
0.0	548.915771484375	0.63	4946
0.0	9026.17431640625	11.03	4947
0.0	933.962158203125	1.12	4948
0.0	2262.135986328125	2.74	4949
0.0	4104.8525390625	4.91	4950
0.0	3604.003173828125	4.32	4951
0.0	4375.908447265625	5.32	4952
0.0	2715.76025390625	3.23	4953
0.0	2170.438232421875	2.61	4954
0.0	1934.69921875	2.34	4955
0.0	12117.968994140625	14.68	4956
0.0	37228.971435546875	44.28	4957
0.0	13581.646728515625	16.18	4958
0.0	4823.74560546875	5.87	4959
0.0	1591.805419921875	1.97	4960
0.0	8877.748291015625	10.78	4961
0.0	30318.070556640625	36.6	4962
0.0	4288.611083984375	5.18	4963
0.0	2476.611083984375	3.01	4964
0.0	2513.167724609375	2.91	4965
0.0	3034.3271484375	3.69	4966
0.0	11761.176025390625	14.23	4967
0.0	4776.282958984375	5.62	4968
0.0	2625.772705078125	3.21	4969
0.0	83296.15649414062	99.13	4970
0.0	14264.2177734375	17.14	4971
0.0	129204.09887695312	155.0	4972
0.0	3749.82470703125	4.45	4973
0.0	11105.082763671875	13.41	4974
0.0	1878.732666015625	2.3	4975
0.0	641217.5092773438	778.92	4976
0.0	305814.7785644531	370.39	4977
0.0	2429.69677734375	2.9	4978
0.0	1309.94287109375	1.61	4979
0.0	2245.17578125	2.74	4980
0.0	1121.018310546875	1.41	4981
0.0	13447.995849609375	16.49	4982
0.0	10882.448974609375	13.19	4983
57.0	4096000.0	4962.14	4984
0.0	643.809326171875	0.8	4985
0.0	4078.83203125	5.08	4986
0.0	1380.748046875	1.62	4987
0.0	403.746826171875	0.48	4988
0.0	12877.429443359375	15.59	4989
0.0	179472.46704101562	221.23	4990
0.0	25402.874755859375	30.44	4991
0.0	12345.42578125	15.17	4992
0.0	136997.41284179688	167.23	4993
0.0	1346.615234375	1.65	4994
0.0	3434.012939453125	4.21	4995
0.0	12946.360595703125	15.77	4996
0.0	1009.6708984375	1.25	4997
0.0	7111.73779296875	8.73	4998
0.0	17530.0673828125	21.64	4999
0.0	824611.4560546875	1011.9	5000
0.0	10940.4521484375	13.44	5001
0.0	9722.015869140625	12.11	5002
0.0	8806.251953125	10.56	5003
0.0	3759.8466796875	4.5	5004
0.0	77668.93872070312	95.18	5005
0.0	27760.4482421875	33.96	5006
0.0	1025.09521484375	1.28	5007
0.0	1001.0302734375	1.27	5008
0.0	1339.02685546875	1.67	5009
0.0	8586.789794921875	10.7	5010
0.0	1347.525146484375	1.67	5011
0.0	800.486572265625	0.99	5012
0.0	12239.27978515625	15.01	5013
0.0	2838.287841796875	3.54	5014
0.0	69670.50610351562	83.88	5015
0.0	1482.3955078125	1.84	5016
0.0	6305.12060546875	7.91	5017
0.0	1918.96826171875	2.36	5018
0.0	386.887451171875	0.5	5019
0.0	9150.757568359375	11.15	5020
0.0	1394.707763671875	1.71	5021
0.0	18611.067138671875	22.88	5022
0.0	2473.621826171875	3.0	5023
0.0	671.73974609375	0.82	5024
0.0	5716.11962890625	7.1	5025
0.0	317.6044921875	0.39	5026
0.0	1665.040283203125	2.05	5027
0.0	1203.2060546875	1.5	5028
0.0	3765.62158203125	4.67	5029
0.0	3330.072998046875	4.08	5030
0.0	1644.1044921875	1.94	5031
0.0	2596.21337890625	3.2	5032
0.0	17717.982421875	21.63	5033
0.0	6609.8603515625	8.11	5034
0.0	4490.138671875	5.32	5035
0.0	20713.484130859375	25.71	5036
0.0	6655.946044921875	7.83	5037
0.0	1112.968017578125	1.35	5038
0.0	2550.12353515625	3.18	5039
0.0	11519.84033203125	14.22	5040
0.0	1540.920654296875	1.9	5041
0.0	256.545166015625	0.34	5042
0.0	1979.072021484375	2.43	5043
0.0	14052.0283203125	17.33	5044
0.0	1043.4765625	1.3	5045
0.0	1076.538330078125	1.36	5046
0.0	3548.94287109375	4.33	5047
0.0	122821.44750976562	147.16	5048
0.0	418.103271484375	0.52	5049
0.0	1588.438232421875	1.97	5050
0.0	719.24755859375	0.89	5051
0.0	69986.220703125	85.19	5052
0.0	521.87158203125	0.65	5053
0.0	1673.396484375	2.07	5054
0.0	4444.94482421875	5.39	5055
0.0	19668.966796875	23.04	5056
0.0	47450.213623046875	58.12	5057
0.0	23461.2275390625	29.04	5058
0.0	1129.017578125	1.41	5059
0.0	4560.23486328125	5.46	5060
0.0	486.842529296875	0.61	5061
0.0	1328.886962890625	1.68	5062
0.0	546.3984375	0.67	5063
0.0	1002.806884765625	1.26	5064
79.0	4096000.0	5092.29	5065
0.0	7178.048095703125	8.87	5066
0.0	1553.859619140625	1.97	5067
0.0	100582.1435546875	123.84	5068
0.0	3349.298828125	4.17	5069
0.0	38665.79443359375	46.39	5070
0.0	1476.78564453125	1.72	5071
0.0	5266.68017578125	6.31	5072
0.0	1099.279296875	1.35	5073
0.0	1033.427734375	1.3	5074
0.0	5336.89990234375	6.41	5075
0.0	2493.353515625	3.07	5076
0.0	8138.22998046875	10.17	5077
0.0	23253.94580078125	28.02	5078
0.0	114174.25	136.37	5079
0.0	885.0302734375	1.06	5080
0.0	3368.716552734375	4.18	5081
0.0	4216.054931640625	5.24	5082
0.0	3222.928955078125	3.88	5083
0.0	531.143310546875	0.66	5084
0.0	4534.322509765625	5.59	5085
0.0	5742.589599609375	7.08	5086
0.0	54422.84423828125	65.12	5087
0.0	145114.00805664062	174.29	5088
0.0	11730.794189453125	14.53	5089
0.0	22449.740966796875	27.08	5090
0.0	12054.372314453125	15.04	5091
0.0	1766.638671875	2.22	5092
0.0	14783.29736328125	18.2	5093
0.0	715.39111328125	0.9	5094
0.0	7456.362060546875	9.35	5095
0.0	5861.87744140625	7.25	5096
0.0	93315.60473632812	114.2	5097
0.0	365.953369140625	0.46	5098
0.0	1418.026123046875	1.7	5099
0.0	239.780029296875	0.3	5100
0.0	1849.3896484375	2.19	5101
0.0	4138.3056640625	4.99	5102
0.0	950.5634765625	1.15	5103
0.0	12569.9501953125	15.37	5104
0.0	4233.359375	5.23	5105
0.0	13626.9970703125	16.68	5106
0.0	10385.548828125	12.82	5107
0.0	3928.22314453125	4.91	5108
0.0	1839.14306640625	2.25	5109
0.0	3113.49365234375	3.9	5110
0.0	52787.92578125	64.45	5111
0.0	858229.1232910156	1060.8	5112
0.0	4702.272216796875	5.76	5113
0.0	25848.402099609375	32.39	5114
0.0	28581.36083984375	34.46	5115
0.0	3171.556640625	3.86	5116
0.0	2853.24609375	3.45	5117
0.0	84101.45581054688	102.88	5118
0.0	3986.68896484375	4.89	5119
0.0	1161.559814453125	1.4	5120
0.0	7767.809814453125	9.15	5121
0.0	2727.655029296875	3.44	5122
0.0	370832.8740234375	459.73	5123
0.0	28551.626953125	35.86	5124
0.0	2030.907470703125	2.54	5125
0.0	3180.78466796875	3.9	5126
0.0	686200.2001953125	819.82	5127
0.0	617334.8198242188	742.2	5128
0.0	99307.30322265625	119.66	5129
0.0	1240.141357421875	1.55	5130
0.0	1357.5693359375	1.69	5131
0.0	2485.137451171875	3.1	5132
0.0	746.779296875	0.91	5133
0.0	282.299072265625	0.36	5134
0.0	2413.5068359375	2.91	5135
0.0	6324.0341796875	7.66	5136
0.0	17639.90771484375	21.35	5137
0.0	1833.65283203125	2.27	5138
0.0	4768.29638671875	5.94	5139
0.0	23862.771240234375	29.04	5140
0.0	3145.71337890625	3.92	5141
0.0	4342.7236328125	5.34	5142
0.0	6797.193359375	8.42	5143
0.0	1386.87451171875	1.64	5144
0.0	14202.41650390625	17.3	5145
0.0	28599.380126953125	33.07	5881
0.0	39138.777587890625	45.71	5882
0.0	5043.502197265625	6.1	5883
0.0	571.795654296875	0.69	5884
0.0	1830.502197265625	2.24	5885
0.0	4900.655029296875	5.73	5886
0.0	560.42724609375	0.66	5887
0.0	11066.703125	13.3	5888
0.0	1402751.1481933594	1679.23	5889
0.0	4771.18701171875	5.79	5890
0.0	17399.4482421875	20.56	5891
0.0	37039.934326171875	44.83	5892
0.0	1181.667724609375	1.44	5893
0.0	1829.421875	2.27	5894
0.0	9252.61962890625	11.31	5895
0.0	1251.826416015625	1.53	5896
0.0	7032.242919921875	8.27	5897
0.0	19407.193359375	23.04	5898
0.0	1182.274658203125	1.46	5899
0.0	21533.95947265625	25.63	5900
0.0	2691.484130859375	3.17	5901
0.0	4552.855712890625	5.37	5902
0.0	14668.732177734375	18.05	5903
0.0	4598.912841796875	5.42	5904
0.0	17968.869873046875	21.89	5905
0.0	6007.251220703125	7.38	5906
0.0	1822.45751953125	2.19	5907
0.0	13192.37255859375	15.99	5908
90.0	4096000.0	5091.01	5909
0.0	8618.648193359375	10.64	5910
0.0	67468.51416015625	82.97	5911
0.0	843.448486328125	1.01	5912
0.0	1634.443359375	2.01	5913
0.0	976.257080078125	1.2	5914
0.0	422.7216796875	0.51	5915
0.0	89116.97802734375	107.83	5916
0.0	390.420654296875	0.48	5917
0.0	5772.031494140625	7.08	5918
0.0	1529.851806640625	1.89	5919
0.0	3848.982177734375	4.65	5920
0.0	4428.07763671875	5.43	5921
0.0	21113.205322265625	25.95	5922
0.0	2312.47021484375	2.81	5923
0.0	7469.709716796875	9.33	5924
0.0	18747.78759765625	23.03	5925
0.0	20390.0986328125	25.27	5926
0.0	6092.312255859375	7.41	5927
0.0	345.802001953125	0.41	5928
0.0	1076.7919921875	1.32	5929
0.0	245.26708984375	0.31	5930
0.0	9317.8037109375	11.14	5931
0.0	1057.614013671875	1.29	5932
0.0	1655.2314453125	2.06	5933
0.0	3036.812255859375	3.72	5934
0.0	2190.48876953125	2.68	5935
0.0	16918.105712890625	20.62	5936
0.0	1413.02978515625	1.77	5937
0.0	25915.690185546875	30.7	5938
0.0	419.65869140625	0.52	5939
0.0	686.896728515625	0.85	5940
0.0	1697.144775390625	2.05	5941
0.0	594.08203125	0.74	5942
0.0	2590.821044921875	3.2	5943
0.0	1299.724853515625	1.61	5944
0.0	851.984130859375	1.07	5945
0.0	1737.959716796875	2.17	5946
0.0	7622.524658203125	9.25	5947
0.0	2586.10595703125	3.2	5948
0.0	15958.67333984375	19.5	5949
0.0	2576.060791015625	3.22	5950
0.0	827.10595703125	1.01	5951
0.0	645.228515625	0.79	5952
0.0	1162719.3837890625	1439.33	5953
0.0	1907.969970703125	2.32	5954
0.0	2687.82421875	3.31	5955
0.0	2096.34765625	2.56	5956
0.0	2407.093505859375	2.97	5957
0.0	14888.52734375	17.18	5958
0.0	2247.896240234375	2.73	5959
0.0	5005.085693359375	6.22	5960
0.0	805.1357421875	1.0	5961
0.0	4364.0439453125	5.14	5962
0.0	360.90185546875	0.45	5963
0.0	16162.27587890625	19.75	5964
0.0	6158.39892578125	7.6	5965
0.0	2015230.7463378906	2459.06	5966
0.0	3565.51416015625	4.4	5967
0.0	5727.750732421875	7.01	5968
0.0	4218.67724609375	5.22	5969
0.0	1555.837646484375	1.94	5970
0.0	3938.04736328125	4.86	5971
0.0	746.61181640625	0.96	5972
0.0	8739.148193359375	10.78	5973
0.0	6779.938232421875	8.26	5974
0.0	247660.21533203125	304.95	5975
0.0	15384.478515625	18.9	5976
0.0	5330.059326171875	6.52	5977
0.0	6609.259765625	8.24	5978
0.0	11510.941162109375	13.75	5979
0.0	19662.450439453125	23.69	5980
0.0	1628.513427734375	1.98	5981
0.0	4024.490234375	4.92	5982
0.0	1368.995849609375	1.7	5983
0.0	1751.30517578125	2.15	5984
0.0	4203.765625	5.17	5985
0.0	628.36767578125	0.79	5986
0.0	26515.7119140625	32.26	5987
0.0	4305.302978515625	5.36	5988
0.0	6563.475830078125	8.19	5989
0.0	1292.36181640625	1.55	5990
0.0	1470.829833984375	1.79	5991
0.0	7682.865966796875	9.42	5992
0.0	5522.431884765625	6.77	5993
0.0	236.086669921875	0.3	5994
0.0	3609.97314453125	4.5	5995
0.0	899.968505859375	1.08	5996
0.0	16566.398681640625	20.57	5997
0.0	60634.568359375	74.7	5998
0.0	52621.128662109375	64.83	5999
0.0	1903.334716796875	2.3	6000
0.0	1545.06201171875	1.88	6001
0.0	16442.9619140625	20.04	6002
0.0	2163.42431640625	2.63	6003
0.0	374.005615234375	0.46	6004
0.0	72214.05224609375	88.19	6005
0.0	1321.884765625	1.58	6006
0.0	515.511474609375	0.65	6007
0.0	1160.6806640625	1.39	6008
0.0	1638.311279296875	1.98	6009
0.0	1566.718505859375	1.98	6010
0.0	1301.710693359375	1.61	6011
0.0	91402.48852539062	106.79	6012
0.0	2021.9814453125	2.55	6013
0.0	44759.4326171875	53.81	6014
0.0	14023.095458984375	16.29	6015
0.0	1385.558837890625	1.71	6016
0.0	2642.349365234375	3.19	6017
0.0	38548.212646484375	47.38	6018
0.0	3547.4794921875	4.32	6019
0.0	998.325439453125	1.22	6020
0.0	414.51513671875	0.5	6021
0.0	888319.0031738281	1096.21	6022
0.0	37625.455078125	46.79	6023
0.0	2524.498779296875	3.1	6024
0.0	6290.35693359375	7.77	6025
0.0	8048.91015625	9.56	6026
0.0	13250.098388671875	16.22	6027
0.0	3516.2607421875	4.33	6028
0.0	18827.352783203125	22.46	6029
0.0	3147.549072265625	3.89	6030
0.0	19168.535888671875	23.63	6031
0.0	891.302490234375	1.12	6032
0.0	143783.046875	175.09	6033
0.0	662.028564453125	0.8	6034
0.0	253.214111328125	0.3	6035
0.0	2947.49169921875	3.61	6036
0.0	12361.35595703125	15.38	6037
0.0	2221.967529296875	2.72	6038
0.0	3982.4921875	4.84	6039
0.0	4536.392578125	5.56	6040
0.0	6453.23974609375	7.96	6041
0.0	5735.873291015625	7.13	6042
0.0	1932.029052734375	2.41	6043
0.0	315193.1188964844	387.1	6044
0.0	1044.318115234375	1.28	6045
0.0	255.89013671875	0.31	6046
0.0	14305.296875	17.65	6047
0.0	12834.56787109375	15.61	6048
0.0	616.0205078125	0.76	6049
0.0	6103.7431640625	7.65	6050
0.0	1691.941650390625	2.1	6051
0.0	6705.654052734375	8.26	6052
0.0	1898.7783203125	2.32	6053
0.0	1446.86572265625	1.82	6054
0.0	4053.190185546875	5.02	6055
0.0	144838.70141601562	177.4	6056
0.0	12941.8369140625	15.82	6057
0.0	12985.199462890625	15.31	6861
0.0	2175.8857421875	2.63	6862
0.0	3482.6484375	4.01	6863
0.0	992.596435546875	1.22	6864
0.0	2311.024658203125	2.77	6865
0.0	3243187.924560547	3905.3	6866
0.0	1982.68701171875	2.45	6867
0.0	75926.0869140625	90.26	6868
0.0	700.88525390625	0.83	6869
0.0	4343.361572265625	5.27	6870
0.0	176341.61596679688	207.81	6871
0.0	2012.63427734375	2.46	6872
0.0	1706.203125	2.09	6873
0.0	9858.166748046875	12.21	6874
0.0	4565.32958984375	5.55	6875
0.0	1261526.8610839844	1549.91	6876
0.0	22336.703369140625	27.24	6877
0.0	696.31591796875	0.87	6878
0.0	779.906494140625	0.96	6879
0.0	2556.142578125	3.2	6880
0.0	3587.14306640625	4.32	6881
0.0	6107.16748046875	7.32	6882
0.0	771.864013671875	0.97	6883
0.0	39021.856689453125	46.44	6884
0.0	17584.243408203125	21.67	6885
0.0	6626.725341796875	8.22	6886
0.0	1042.044189453125	1.28	6887
0.0	1724.815185546875	2.12	6888
0.0	39175.361572265625	46.31	6889
0.0	3017.187255859375	3.61	6890
0.0	37376.4375	44.88	6891
0.0	1156.09423828125	1.44	6892
0.0	84212.50634765625	104.81	6893
0.0	1733.072509765625	2.09	6894
0.0	387.447998046875	0.48	6895
0.0	532.506591796875	0.66	6896
0.0	428.329833984375	0.53	6897
0.0	5909.784912109375	7.26	6898
0.0	11100.004150390625	13.66	6899
0.0	3632.767578125	4.36	6900
0.0	2727.436279296875	3.29	6901
0.0	321.15234375	0.39	6902
0.0	2927.322021484375	3.55	6903
0.0	2161.593994140625	2.67	6904
0.0	25567.48779296875	31.75	6905
0.0	4679.563720703125	5.77	6906
0.0	1914.5341796875	2.41	6907
0.0	648.121826171875	0.83	6908
0.0	7397.397705078125	8.87	6909
0.0	7838.18115234375	9.56	6910
0.0	39887.081298828125	48.61	6911
0.0	12965.224609375	15.97	6912
0.0	369.45751953125	0.45	6913
0.0	744.68994140625	0.89	6914
0.0	5199.89306640625	6.3	6915
0.0	3613.886474609375	4.55	6916
0.0	546.13671875	0.67	6917
0.0	4076.5283203125	4.86	6918
0.0	1628.88330078125	2.02	6919
0.0	58324.4560546875	71.19	6920
0.0	3557.25537109375	4.38	6921
0.0	31774.87255859375	39.03	6922
0.0	437.17822265625	0.54	6923
0.0	1099.14990234375	1.38	6924
0.0	1543.57470703125	1.89	6925
0.0	721.451904296875	0.91	6926
0.0	10310.252685546875	12.61	6927
0.0	786.25146484375	0.97	6928
0.0	8682.5634765625	10.75	6929
0.0	4121.317138671875	5.13	6930
0.0	7152.072021484375	8.84	6931
0.0	3690.856201171875	4.62	6932
0.0	3126.863037109375	3.93	6933
0.0	49675.143310546875	62.12	6934
0.0	41935.21728515625	51.43	6935
0.0	7092.387451171875	8.74	6936
0.0	1216.234375	1.5	6937
0.0	1634.802978515625	2.04	6938
0.0	711.732421875	0.87	6939
0.0	9969.796875	12.32	6940
89.0	4096000.0	4908.24	6941
0.0	2455.6259765625	3.09	6942
0.0	57336.85009765625	70.12	6943
0.0	3290.5087890625	4.05	6944
0.0	12550.178466796875	15.31	6945
0.0	794.763427734375	0.97	6946
0.0	678.76953125	0.8	6947
0.0	4229.868408203125	5.16	6948
0.0	9217.220703125	11.41	6949
0.0	735.293212890625	0.91	6950
0.0	3435.3837890625	4.26	6951
0.0	1028.992919921875	1.21	6952
0.0	11539.54541015625	14.03	6953
0.0	784.47265625	1.0	6954
0.0	8069.595703125	10.13	6955
0.0	4120.34912109375	5.03	6956
0.0	975.75830078125	1.22	6957
0.0	1773.417724609375	2.13	6958
0.0	4038.125	5.01	6959
0.0	3234.597412109375	3.99	6960
0.0	636.352294921875	0.81	6961
0.0	1726.43359375	2.16	6962
0.0	718.793701171875	0.89	6963
0.0	13549.3837890625	16.52	6964
0.0	34500.134033203125	42.54	6965
0.0	8736.854248046875	10.67	6966
0.0	15320.372314453125	18.85	6967
0.0	136646.17602539062	169.43	6968
0.0	1073.70654296875	1.34	6969
0.0	1539.675537109375	1.93	6970
0.0	590.755126953125	0.72	6971
0.0	149.856689453125	0.19	6972
0.0	4050.34326171875	5.05	6973
58.0	4096000.0	4992.13	6974
0.0	2165.623779296875	2.63	6975
0.0	1677.324951171875	2.02	6976
0.0	11451.900390625	14.19	6977
0.0	20623.697265625	25.28	6978
0.0	59254.29443359375	72.92	6979
0.0	947.15283203125	1.15	6980
0.0	4717.885498046875	5.63	6981
0.0	1240.85693359375	1.48	6982
0.0	15976.9111328125	19.41	6983
0.0	1433.94482421875	1.78	6984
0.0	91856.47583007812	110.19	6985
0.0	17590.31494140625	21.72	6986
0.0	7676.464599609375	9.49	6987
0.0	7795.501708984375	9.55	6988
0.0	1124697.9614257812	1379.84	6989
0.0	1403.23095703125	1.71	6990
0.0	1055.0439453125	1.32	6991
0.0	2904.716796875	3.57	6992
0.0	1062.0234375	1.32	6993
0.0	640.60302734375	0.76	6994
