#FMS random 4-SAT
#N=2048  nIter=2048000  alpha=964   NSamples=1895
#av(nit)	55135.36988708979
#std(nit)	3071.2249288889643
#av(e)	0.06490765171503958
#std(e)	0.046536883073110644
#av(runtime)	47.97420052770448
#std(runtime)	2.679091105700088
0.0	68314.42724609375	58.67	1
0.0	3695.771484375	3.16	2
0.0	14430.423828125	12.2	3
0.0	3443.96923828125	2.99	4
0.0	19110.94970703125	16.18	5
0.0	2841.90771484375	2.34	6
0.0	12551.556640625	10.91	7
0.0	165231.9951171875	143.02	8
0.0	8733.96435546875	7.56	9
0.0	5380.15087890625	4.64	10
0.0	7563.912109375	6.54	11
0.0	10217.32470703125	8.62	12
0.0	5998.27734375	5.18	13
0.0	6604.513671875	5.8	14
0.0	9759.3291015625	8.16	15
0.0	4229.2509765625	3.66	16
0.0	31867.26123046875	27.49	17
0.0	13638.12548828125	11.88	18
0.0	84769.09814453125	71.94	19
0.0	16129.73486328125	13.53	20
0.0	12621.94921875	10.92	21
0.0	26587.078125	22.33	22
0.0	94982.1513671875	83.23	23
0.0	38473.28955078125	33.17	24
0.0	2975.5546875	2.55	25
0.0	2454.97998046875	2.12	26
0.0	6026.173828125	5.27	27
0.0	48168.98291015625	41.43	28
0.0	15290.12890625	13.03	29
0.0	26499.77099609375	23.18	30
0.0	44606.85546875	38.28	31
0.0	56120.095703125	47.98	32
0.0	20745.4990234375	17.59	33
0.0	18576.25634765625	16.09	34
0.0	238700.99365234375	207.23	35
0.0	96506.71240234375	82.8	36
0.0	16589.48095703125	14.74	37
0.0	14558.86181640625	12.57	38
0.0	12104.17822265625	10.66	39
0.0	4665.35546875	3.76	40
0.0	3664.83203125	3.17	41
0.0	83316.0927734375	73.02	42
0.0	8049.9453125	6.91	43
0.0	8865.41845703125	7.68	44
0.0	193354.37255859375	167.21	45
0.0	5850.04833984375	5.13	46
0.0	17545.20849609375	15.12	47
0.0	11128.134765625	9.45	48
0.0	15275.2646484375	12.74	49
0.0	16439.53955078125	13.88	50
0.0	46568.89599609375	41.02	51
0.0	18563.62646484375	15.97	52
0.0	313345.4921875	271.94	53
0.0	207363.12744140625	181.03	54
0.0	280003.5712890625	243.63	55
0.0	3169.08447265625	2.74	56
0.0	28305.80712890625	25.27	57
0.0	8590.9814453125	7.52	58
0.0	149263.97509765625	127.51	59
0.0	314321.9404296875	260.26	60
0.0	667.94921875	0.57	61
0.0	12444.384765625	11.02	62
0.0	10671.0625	9.31	63
0.0	1970.8798828125	1.69	64
0.0	7973.25244140625	7.04	65
0.0	24269.39697265625	21.35	66
0.0	81945.82861328125	70.17	67
0.0	33379.083984375	29.49	68
0.0	6726.5546875	5.94	69
0.0	15114.03076171875	12.95	70
0.0	19894.5849609375	17.5	71
0.0	5522.32177734375	4.76	72
0.0	2320.21435546875	2.07	73
0.0	14197.421875	12.35	74
0.0	4926.7236328125	4.36	75
0.0	7703.3125	6.44	76
0.0	27995.68603515625	24.42	77
0.0	7175.2021484375	6.3	78
0.0	7321.85693359375	6.32	79
0.0	10571.0400390625	9.19	80
0.0	3307.28662109375	2.91	81
0.0	41695.0966796875	36.41	82
0.0	208430.5419921875	182.89	83
0.0	118158.47802734375	102.39	84
0.0	5744.06591796875	4.97	85
0.0	39769.306640625	34.05	86
0.0	35817.64501953125	31.48	87
0.0	9842.97900390625	8.63	88
0.0	7127.22119140625	6.15	89
0.0	641302.859375	543.47	90
0.0	36774.42724609375	32.29	91
0.0	31385.94580078125	27.42	92
0.0	76449.0244140625	67.54	93
0.0	47734.7216796875	41.81	94
0.0	20600.20263671875	17.83	95
0.0	6161.86962890625	5.42	96
0.0	23958.7451171875	20.45	97
0.0	60453.88623046875	52.27	98
72.0	2048000.0	1799.46	99
0.0	6229.69091796875	5.52	100
0.0	5636.6591796875	5.0	101
0.0	4884.5537109375	4.35	102
0.0	19166.4365234375	17.15	103
0.0	1239.54345703125	1.08	104
0.0	5765.39013671875	4.94	105
0.0	1753.17431640625	1.55	106
0.0	10823.39404296875	9.26	107
0.0	37924.54296875	33.61	108
0.0	143777.18798828125	127.44	109
0.0	80668.3564453125	69.59	110
0.0	15540.59375	13.31	111
0.0	16444.6484375	14.5	112
0.0	31962.4794921875	28.53	113
0.0	4310.05029296875	3.79	114
0.0	31167.56982421875	27.04	115
0.0	4563.39990234375	4.09	116
0.0	21697.15234375	19.08	117
0.0	4941.84423828125	4.42	118
0.0	131839.072265625	113.32	119
0.0	164792.32421875	144.9	120
0.0	97182.17236328125	85.21	121
0.0	2726.39892578125	2.43	122
0.0	19633.865234375	17.06	123
0.0	42718.47021484375	37.49	124
0.0	34586.26904296875	30.55	125
0.0	23698.5693359375	20.56	126
0.0	147647.7880859375	127.22	127
0.0	30733.92431640625	25.88	128
0.0	13636.47998046875	12.06	129
0.0	3433.31640625	3.01	130
0.0	93091.2861328125	79.21	131
0.0	7213.1962890625	6.4	132
0.0	72764.728515625	63.17	133
0.0	1974.9580078125	1.69	134
0.0	551351.5483398438	491.12	135
0.0	78990.57958984375	68.81	136
0.0	28918.5322265625	25.09	137
0.0	7201.69091796875	6.17	138
0.0	8747.609375	7.58	139
0.0	3413.65966796875	2.9	140
0.0	1984.8447265625	1.75	141
0.0	25335.3828125	22.35	142
0.0	4310.4580078125	3.8	143
0.0	28576.3466796875	25.3	144
0.0	15012.4384765625	13.39	145
0.0	15097.76123046875	12.89	146
0.0	116675.43017578125	102.22	147
0.0	85226.89892578125	73.48	148
0.0	10689.50439453125	9.22	149
0.0	8790.8466796875	7.8	150
0.0	6142.80029296875	5.42	151
0.0	32765.51904296875	28.84	152
0.0	16948.86181640625	15.04	153
0.0	39783.63671875	35.5	154
0.0	41420.091796875	36.92	155
0.0	31376.98681640625	27.35	156
0.0	18138.50048828125	16.14	157
0.0	1539.947265625	1.37	158
0.0	33473.59228515625	29.64	159
0.0	121811.7041015625	102.7	160
0.0	84367.14990234375	74.54	161
0.0	2825.7802734375	2.46	162
0.0	36244.251953125	31.38	163
0.0	11160.52294921875	10.05	164
0.0	11762.2451171875	10.44	165
0.0	31050.796875	27.6	166
0.0	20767.10009765625	17.84	167
0.0	70887.681640625	61.77	168
0.0	15756.91162109375	13.68	169
0.0	5370.078125	4.64	170
0.0	35125.08447265625	30.57	171
0.0	8326.25537109375	7.24	172
0.0	46517.86767578125	41.28	173
0.0	36801.54443359375	32.27	174
0.0	19555.26025390625	17.17	175
0.0	21785.27685546875	19.28	176
0.0	63017.35693359375	54.04	177
0.0	8538.9130859375	7.64	178
0.0	3264.6005859375	2.85	179
0.0	12412.98095703125	10.85	180
0.0	170108.88525390625	148.85	181
0.0	2768.34423828125	2.45	182
0.0	6903.7109375	6.25	183
0.0	46864.951171875	41.67	184
0.0	131055.64453125	113.66	185
0.0	65672.68359375	56.81	186
0.0	20744.748046875	17.84	187
0.0	3026.72314453125	2.67	188
0.0	11047.50048828125	9.5	189
0.0	44253.72216796875	38.3	190
0.0	5979.9501953125	5.22	191
0.0	18288.56640625	15.83	192
0.0	574788.5986328125	502.68	193
0.0	49699.81787109375	44.24	194
0.0	134587.5400390625	115.59	195
0.0	58385.38427734375	50.2	196
0.0	23311.66015625	20.14	197
0.0	10817.18310546875	9.34	198
0.0	22979.80029296875	20.25	199
0.0	33916.32421875	30.12	200
0.0	3785.5673828125	3.31	201
0.0	41829.8837890625	36.51	202
0.0	8738.5029296875	7.78	203
0.0	22543.62841796875	19.83	204
0.0	16632.677734375	14.7	205
0.0	5316.06103515625	4.71	206
0.0	19166.8876953125	16.95	207
0.0	76341.7431640625	66.99	208
0.0	7208.1171875	6.43	209
0.0	219615.28369140625	190.57	210
0.0	22083.73779296875	19.04	211
0.0	3474.6796875	3.0	212
0.0	11483.84765625	10.33	213
0.0	8893.52490234375	7.72	214
0.0	42259.56982421875	37.47	215
0.0	27825.83251953125	24.1	216
0.0	19514.8193359375	17.06	217
0.0	3280.6640625	2.89	218
0.0	6760.748046875	6.04	219
0.0	73803.87939453125	64.66	220
0.0	74006.939453125	65.28	221
0.0	10783.6025390625	9.05	222
0.0	61980.4404296875	54.18	223
0.0	57855.3056640625	50.41	224
0.0	9150.88427734375	8.08	225
0.0	1904.71875	1.7	226
0.0	6989.19482421875	6.05	227
0.0	1465.05126953125	1.34	228
0.0	26184.19091796875	22.99	229
0.0	11365.9560546875	9.96	230
0.0	10309.0234375	9.19	231
0.0	7490.5712890625	6.52	232
0.0	8512.9462890625	7.45	233
0.0	7926.6865234375	6.99	234
0.0	23723.30224609375	20.74	235
0.0	7516.35302734375	6.55	236
0.0	6005.6201171875	5.45	237
0.0	19115.0126953125	16.86	238
0.0	29886.568359375	26.51	239
0.0	13783.34814453125	12.24	240
0.0	45296.68310546875	39.9	241
0.0	5492.53369140625	4.9	242
0.0	53343.38232421875	47.58	243
0.0	19972.81298828125	16.96	244
0.0	3224.3486328125	2.76	245
0.0	45600.42041015625	39.17	246
0.0	15653.17529296875	13.63	247
0.0	9124.31884765625	8.0	248
0.0	5421.3671875	4.64	249
0.0	12685.6767578125	11.08	250
0.0	152627.48486328125	131.16	251
0.0	14257.6396484375	12.72	252
0.0	6760.94775390625	5.93	253
0.0	331119.2900390625	281.18	254
0.0	12796.60595703125	11.36	255
0.0	71860.96630859375	59.7	981
0.0	84328.72705078125	70.7	982
0.0	8456.7373046875	7.01	983
0.0	14926.54296875	12.88	984
0.0	8107.02978515625	7.0	985
0.0	6485.11865234375	5.47	986
0.0	18275.79638671875	15.57	987
0.0	34388.87939453125	29.04	988
0.0	160509.5283203125	138.15	989
0.0	150721.96435546875	129.25	990
0.0	128028.46484375	110.26	991
0.0	23176.1826171875	19.75	992
0.0	14915.69873046875	13.11	993
0.0	9594.841796875	8.41	994
0.0	47710.404296875	41.05	995
0.0	21351.150390625	18.54	996
0.0	4770.84228515625	4.17	997
0.0	125876.9716796875	105.77	998
0.0	16651.52880859375	14.46	999
0.0	3812.1875	3.24	1000
0.0	10561.34521484375	9.07	1001
0.0	44756.8798828125	38.1	1002
0.0	49451.19873046875	42.95	1003
0.0	34864.7939453125	29.87	1004
0.0	4595.3798828125	3.94	1005
0.0	32371.06787109375	28.11	1006
0.0	27852.37060546875	23.98	1007
0.0	34619.275390625	30.37	1008
0.0	564.1669921875	0.48	1009
0.0	539335.2587890625	454.18	1010
0.0	38803.8642578125	33.95	1011
0.0	5053.0537109375	4.37	1012
0.0	2015.140625	1.76	1013
0.0	1277.09619140625	1.14	1014
0.0	780.986328125	0.7	1015
0.0	134505.81298828125	113.9	1016
0.0	52886.6015625	45.43	1017
0.0	14210.91552734375	12.4	1018
0.0	292438.23388671875	254.59	1019
0.0	20696.0009765625	18.09	1020
0.0	33423.4833984375	28.6	1021
0.0	27509.90087890625	23.74	1022
0.0	54786.85400390625	47.63	1023
0.0	518304.85595703125	458.85	1024
0.0	1360.67529296875	1.2	1025
0.0	31932.3818359375	27.39	1026
0.0	45537.82958984375	39.65	1027
0.0	42242.0263671875	36.29	1028
0.0	2840.90478515625	2.46	1029
0.0	29477.49853515625	25.86	1030
0.0	15630.05078125	13.73	1031
0.0	19628.921875	17.15	1032
0.0	57122.93115234375	49.68	1033
0.0	51751.98486328125	44.92	1034
0.0	93708.66552734375	82.24	1035
0.0	5825.0986328125	4.95	1036
0.0	10363.83984375	9.06	1037
0.0	23048.4052734375	20.43	1038
0.0	4428.4716796875	3.87	1039
0.0	14463.52001953125	12.63	1040
0.0	57325.76318359375	49.64	1041
0.0	23171.93115234375	19.69	1042
0.0	3158.111328125	2.77	1043
0.0	88666.71728515625	77.16	1044
0.0	2875.787109375	2.53	1045
0.0	8424.07421875	7.24	1046
0.0	1819.17333984375	1.59	1047
0.0	6241.9443359375	5.57	1048
0.0	42847.09521484375	37.83	1049
0.0	19772.16064453125	17.02	1050
0.0	6440.591796875	5.5	1051
0.0	13728.71484375	11.82	1052
0.0	45586.59521484375	40.03	1053
0.0	38906.10546875	33.8	1054
0.0	2819.515625	2.45	1055
0.0	5920.6953125	5.15	1056
0.0	5825.8857421875	5.12	1057
0.0	76807.63330078125	67.76	1058
0.0	35360.61083984375	31.35	1059
0.0	33312.9072265625	29.45	1060
0.0	6321.599609375	5.37	1061
0.0	22841.7861328125	20.09	1062
0.0	2344.74609375	2.07	1063
0.0	8321.453125	7.32	1064
0.0	21097.35693359375	18.38	1065
0.0	27624.322265625	24.07	1066
0.0	24762.978515625	21.79	1067
0.0	8889.53125	7.7	1068
0.0	3108.28759765625	2.7	1069
0.0	24552.11328125	20.65	1070
0.0	20502.169921875	17.5	1071
0.0	21467.72802734375	18.79	1072
0.0	13885.4541015625	11.87	1073
0.0	19944.02099609375	17.21	1074
0.0	16262.1630859375	14.26	1075
0.0	18047.72705078125	15.94	1076
0.0	79192.09814453125	67.27	1077
0.0	7601.76220703125	6.53	1078
0.0	13312.96044921875	11.36	1079
0.0	16531.673828125	14.64	1080
0.0	72615.8046875	63.87	1081
0.0	29354.5263671875	25.88	1082
0.0	26371.685546875	22.98	1083
0.0	137200.96044921875	119.44	1084
0.0	2300.61279296875	2.03	1085
0.0	12140.6240234375	10.7	1086
0.0	13852.5634765625	12.22	1087
0.0	11308.66455078125	10.06	1088
0.0	17435.13037109375	15.01	1089
0.0	18540.93603515625	16.22	1090
0.0	564220.6943359375	479.72	1091
0.0	5242.8818359375	4.63	1092
0.0	16766.06103515625	14.74	1093
0.0	33681.8271484375	29.57	1094
0.0	3792.25537109375	3.34	1095
0.0	68972.76416015625	60.56	1096
0.0	14396.46875	12.51	1097
0.0	1022.67578125	0.91	1098
0.0	43743.7421875	38.62	1099
0.0	70355.17919921875	61.46	1100
0.0	17308.32275390625	15.41	1101
0.0	2308.24072265625	2.03	1102
0.0	16397.18896484375	14.21	1103
0.0	8013.87109375	6.96	1104
0.0	25036.763671875	22.23	1105
0.0	22690.38134765625	19.73	1106
0.0	44410.47607421875	39.09	1107
0.0	6669.880859375	5.9	1108
0.0	11081.39404296875	9.79	1109
0.0	181068.29052734375	160.19	1110
0.0	9155.873046875	8.09	1111
0.0	7225.61767578125	6.41	1112
0.0	3709.03125	3.22	1113
0.0	502630.23876953125	437.87	1114
0.0	109856.48193359375	97.0	1115
0.0	3436.92822265625	2.97	1116
0.0	13501.82080078125	11.95	1117
0.0	78839.6962890625	69.8	1118
0.0	5897.72314453125	5.26	1119
0.0	57470.8603515625	50.61	1120
0.0	167580.07958984375	146.58	1121
0.0	24155.875	21.45	1122
0.0	10385.08349609375	9.1	1123
0.0	3498.77880859375	3.06	1124
0.0	30856.42626953125	27.37	1125
0.0	2565.4423828125	2.24	1126
0.0	20879.95751953125	18.13	1127
0.0	23741.85009765625	20.77	1128
0.0	95762.3125	82.52	1129
0.0	2701.7890625	2.31	1130
0.0	5010.3291015625	4.27	1131
0.0	21119.8671875	18.53	1132
0.0	58433.96923828125	50.46	1133
0.0	214339.5126953125	189.22	1134
0.0	16391.49853515625	14.47	1135
0.0	32912.580078125	28.78	1136
0.0	1472.86279296875	1.29	1137
0.0	345985.09619140625	297.27	1138
0.0	24670.99462890625	21.65	1139
0.0	1944.8974609375	1.72	1140
0.0	4638.830078125	4.07	1141
0.0	27124.33837890625	22.91	1142
0.0	5334.68359375	4.7	1143
0.0	127434.63134765625	113.35	1144
0.0	45547.19873046875	40.39	1145
0.0	9699.61181640625	8.52	1146
0.0	10354.6455078125	8.78	1147
0.0	3812.55029296875	3.33	1148
0.0	2021.10546875	1.79	1149
0.0	53988.0146484375	47.47	1150
0.0	2706.8017578125	2.26	1151
0.0	162766.3017578125	143.24	1152
0.0	27270.744140625	23.62	1153
0.0	85488.677734375	75.19	1154
0.0	10534.95751953125	8.94	1155
0.0	18280.755859375	15.69	1156
0.0	136728.73974609375	120.22	1157
0.0	343250.55126953125	290.38	1158
0.0	3716.63427734375	3.3	1159
0.0	242349.83203125	204.51	1160
0.0	15857.13134765625	13.62	1161
0.0	265386.40478515625	232.33	1162
0.0	2005.82763671875	1.84	1163
0.0	10672.53759765625	9.37	1164
0.0	10724.25146484375	9.45	1165
0.0	531518.2944335938	466.23	1166
0.0	38620.05615234375	34.4	1167
0.0	13777.35693359375	11.9	1168
0.0	864590.3330078125	763.77	1169
0.0	3735.052734375	3.26	1170
0.0	20827.7802734375	18.52	1171
0.0	3834.98876953125	3.34	1172
0.0	21373.935546875	19.05	1173
0.0	7171.48193359375	6.33	1174
0.0	22828.13916015625	19.7	1175
0.0	118515.341796875	104.02	1176
0.0	8209.74267578125	7.04	1177
0.0	184177.890625	161.13	1178
0.0	28435.28955078125	25.0	1179
0.0	49340.79931640625	43.63	1180
0.0	14809.80029296875	13.0	1181
0.0	169959.82421875	149.61	1182
0.0	7442.01171875	6.64	1183
0.0	7568.92626953125	6.76	1184
0.0	19356.88037109375	17.0	1185
0.0	2126.35791015625	1.84	1186
0.0	124881.2548828125	108.77	1187
0.0	266115.279296875	237.42	1188
0.0	8910.6630859375	8.0	1189
0.0	20771.3701171875	18.31	1190
0.0	24987.57373046875	22.22	1191
0.0	226891.70166015625	199.25	1192
0.0	14821.4326171875	12.93	1193
0.0	32814.16259765625	29.08	1194
0.0	48301.29296875	41.85	1195
0.0	33742.6083984375	29.42	1196
0.0	6143.349609375	5.32	1197
0.0	16084.9326171875	14.24	1198
0.0	2465.20751953125	2.17	1199
0.0	35417.56640625	30.82	1200
0.0	27506.60498046875	24.31	1201
0.0	60781.71044921875	53.03	1202
0.0	57404.6572265625	49.08	1203
0.0	2969.72216796875	2.66	1204
0.0	6376.27099609375	5.52	1205
0.0	107802.3828125	93.07	1206
0.0	5716.056640625	4.93	1207
0.0	46203.681640625	41.25	1208
0.0	147559.89990234375	130.13	1209
0.0	1684.1328125	1.48	1210
0.0	27912.875	24.59	1211
0.0	5876.10302734375	5.14	1212
0.0	2167.6640625	1.88	1213
0.0	153204.65966796875	134.22	1214
0.0	2949.86572265625	2.45	1215
0.0	57959.43701171875	51.4	1216
0.0	97851.73095703125	85.81	1217
0.0	74858.45068359375	65.7	1218
0.0	6192.046875	5.48	1219
0.0	22152.28955078125	19.26	1220
0.0	6510.13037109375	5.63	1221
0.0	471581.7900390625	416.85	1222
0.0	4175.3203125	3.67	1223
0.0	4161.8623046875	3.63	1224
0.0	1859.21337890625	1.58	1225
0.0	5919.80810546875	5.29	1226
0.0	15530.0869140625	13.72	1227
0.0	113053.6943359375	100.01	1228
0.0	34014.42138671875	29.93	1229
0.0	20268.34619140625	18.15	1230
0.0	5680.71826171875	4.93	1231
0.0	30406.0908203125	26.15	1232
0.0	6848.9609375	5.88	1961
0.0	20426.041015625	17.28	1962
0.0	33608.87744140625	29.04	1963
0.0	91218.71337890625	78.87	1964
0.0	12785.48779296875	10.85	1965
0.0	8829.80810546875	7.54	1966
0.0	73632.6484375	63.97	1967
0.0	289944.95263671875	247.95	1968
0.0	104698.76025390625	88.82	1969
0.0	6957.11767578125	5.96	1970
0.0	87290.9794921875	75.58	1971
0.0	226811.13525390625	195.91	1972
0.0	2278.7939453125	1.98	1973
0.0	34597.4482421875	28.45	1974
0.0	6474.5068359375	5.54	1975
0.0	25598.0732421875	22.09	1976
0.0	14084.57373046875	11.92	1977
0.0	4903.39892578125	4.34	1978
0.0	2956.10009765625	2.57	1979
0.0	34750.3935546875	29.69	1980
0.0	23334.6044921875	19.58	1981
0.0	13013.18310546875	11.25	1982
0.0	21014.82373046875	18.21	1983
0.0	31646.3251953125	27.33	1984
0.0	2513.5126953125	2.23	1985
0.0	3600.04052734375	3.11	1986
0.0	2987.57470703125	2.67	1987
0.0	4649.13818359375	4.05	1988
0.0	11956.55908203125	10.29	1989
0.0	40014.806640625	34.67	1990
0.0	17433.4482421875	15.15	1991
0.0	3825.43408203125	3.32	1992
0.0	485245.26416015625	422.16	1993
0.0	21688.7880859375	18.35	1994
0.0	28492.4501953125	24.28	1995
0.0	111245.91650390625	95.49	1996
0.0	42513.40673828125	35.93	1997
0.0	14778.38134765625	13.0	1998
0.0	5048.869140625	4.33	1999
0.0	1252.19482421875	1.01	2000
0.0	324260.53662109375	277.65	2001
0.0	51970.107421875	44.74	2002
0.0	2450.05029296875	2.0	2003
0.0	3197.93017578125	2.81	2004
0.0	88883.4462890625	78.2	2005
0.0	12412.51416015625	10.8	2006
0.0	18567.95947265625	16.41	2007
0.0	38577.77587890625	33.32	2008
0.0	5036.59765625	4.4	2009
0.0	340839.0830078125	296.8	2010
0.0	82651.06298828125	71.37	2011
0.0	27374.46435546875	24.18	2012
0.0	12476.09326171875	10.93	2013
0.0	2379.69873046875	2.05	2014
0.0	5143.52490234375	4.48	2015
0.0	2365.21142578125	2.04	2016
0.0	48126.50048828125	40.42	2017
0.0	97522.595703125	86.17	2018
0.0	4760.5966796875	4.15	2019
0.0	10699.9345703125	9.2	2020
0.0	33982.45947265625	29.93	2021
0.0	37412.61279296875	32.62	2022
0.0	54925.02685546875	47.41	2023
0.0	46395.92919921875	39.49	2024
0.0	24973.23681640625	21.81	2025
0.0	38201.86376953125	33.27	2026
0.0	11342.197265625	9.95	2027
0.0	4252.9873046875	3.72	2028
0.0	16217.0849609375	14.25	2029
0.0	15454.521484375	13.65	2030
0.0	4920.52392578125	4.28	2031
0.0	18200.068359375	15.76	2032
0.0	2746.0546875	2.41	2033
0.0	48526.76953125	42.79	2034
0.0	10286.86376953125	9.16	2035
0.0	6165.22265625	5.44	2036
0.0	7801.37841796875	6.8	2037
0.0	15116.71240234375	12.97	2038
0.0	134465.5283203125	111.69	2039
0.0	613.99658203125	0.53	2040
0.0	9581.0244140625	8.35	2041
0.0	1326.857421875	1.18	2042
0.0	13793.9462890625	12.13	2043
0.0	7175.18359375	6.09	2044
0.0	12007.83935546875	10.42	2045
0.0	5410.486328125	4.81	2046
0.0	5386.6650390625	4.73	2047
0.0	89658.90771484375	78.05	2048
0.0	124049.08837890625	106.45	2049
0.0	1470.8935546875	1.31	2050
0.0	35119.67431640625	30.95	2051
0.0	70605.3681640625	61.43	2052
0.0	14355.88818359375	12.24	2053
0.0	6296.35888671875	5.49	2054
0.0	13142.6083984375	11.47	2055
0.0	3506.62548828125	3.0	2056
0.0	9797.24951171875	8.79	2057
0.0	76633.9892578125	65.94	2058
0.0	63516.07080078125	54.84	2059
0.0	8563.404296875	7.31	2060
0.0	3687.48095703125	3.11	2061
0.0	63474.85400390625	54.69	2062
0.0	34709.7392578125	30.5	2063
0.0	39756.31591796875	34.66	2064
0.0	212133.1318359375	185.13	2065
0.0	975.59130859375	0.86	2066
0.0	20351.2099609375	17.88	2067
0.0	6067.92236328125	5.42	2068
0.0	32327.81494140625	28.14	2069
0.0	36705.84521484375	32.02	2070
0.0	34332.5068359375	29.44	2071
0.0	25968.8994140625	23.0	2072
0.0	1908.48974609375	1.71	2073
0.0	307067.77490234375	266.86	2074
0.0	3579.74365234375	3.17	2075
0.0	845510.2172851562	737.72	2076
0.0	25893.65234375	22.0	2077
0.0	21334.53466796875	18.77	2078
0.0	7671.7080078125	6.86	2079
0.0	24407.421875	21.49	2080
0.0	26477.0068359375	23.5	2081
0.0	7703.47119140625	6.81	2082
0.0	2752.37890625	2.41	2083
0.0	170739.35400390625	150.92	2084
0.0	183921.25537109375	162.25	2085
0.0	19794.70654296875	17.27	2086
0.0	32882.841796875	29.18	2087
0.0	12802.49267578125	11.3	2088
0.0	137418.9033203125	121.51	2089
0.0	9427.677734375	8.19	2090
0.0	5505.69482421875	4.83	2091
0.0	30799.1826171875	27.09	2092
0.0	1590.42822265625	1.4	2093
0.0	23681.90771484375	20.62	2094
0.0	123885.15576171875	109.55	2095
0.0	220456.78271484375	195.15	2096
0.0	241291.00390625	212.52	2097
0.0	4833.482421875	4.19	2098
0.0	4083.6962890625	3.7	2099
0.0	39701.0048828125	34.7	2100
0.0	39222.9169921875	33.94	2101
0.0	37249.78564453125	32.11	2102
0.0	65892.99462890625	57.62	2103
0.0	4655.43701171875	4.11	2104
0.0	171996.49072265625	152.0	2105
0.0	431738.0361328125	378.64	2106
0.0	5158.59765625	4.57	2107
0.0	6310.7509765625	5.29	2108
0.0	24440.51416015625	21.13	2109
0.0	37085.3798828125	32.99	2110
0.0	15342.3798828125	13.8	2111
0.0	7358.63427734375	6.48	2112
0.0	35071.587890625	30.06	2113
0.0	115600.19580078125	101.67	2114
0.0	13663.076171875	12.06	2115
0.0	49117.53759765625	43.69	2116
0.0	31285.6923828125	27.23	2117
0.0	77829.28955078125	68.46	2118
0.0	42043.41064453125	37.04	2119
0.0	2305.654296875	2.03	2120
0.0	10585.31787109375	9.35	2121
0.0	37308.580078125	32.69	2122
0.0	19649.17041015625	17.42	2123
0.0	4252.1845703125	3.7	2124
0.0	18539.78759765625	16.46	2125
0.0	2488.6171875	2.13	2126
0.0	37984.5947265625	33.23	2127
0.0	11203.2568359375	9.71	2128
0.0	3628.3828125	3.12	2129
0.0	255342.1474609375	214.42	2130
0.0	9930.9921875	8.6	2131
0.0	58702.53515625	52.26	2132
0.0	20415.35595703125	17.46	2133
0.0	50027.19580078125	43.75	2134
0.0	20331.0654296875	18.0	2135
0.0	5979.17333984375	5.37	2136
0.0	19332.7890625	17.01	2137
0.0	20917.28076171875	18.36	2138
0.0	12181.3828125	10.69	2139
0.0	71015.93701171875	61.54	2140
0.0	8389.45849609375	7.52	2141
0.0	12923.0419921875	11.29	2142
0.0	40180.89794921875	35.0	2143
0.0	9304.78564453125	8.25	2144
0.0	101825.68359375	89.11	2145
0.0	3797.69970703125	3.3	2146
0.0	8130.869140625	7.14	2147
0.0	7295.2294921875	6.38	2148
0.0	6010.15869140625	5.31	2149
0.0	27806.39794921875	24.09	2150
0.0	49811.65478515625	43.77	2151
0.0	47621.658203125	41.85	2152
0.0	55311.91162109375	48.77	2153
0.0	15495.04833984375	13.11	2154
0.0	62529.53125	53.99	2155
0.0	150311.13525390625	132.85	2156
0.0	8539.53857421875	7.37	2157
0.0	879.22119140625	0.79	2158
0.0	30112.31396484375	25.78	2159
0.0	34209.81298828125	30.27	2160
0.0	4957.689453125	4.23	2161
0.0	7721.64306640625	6.68	2162
0.0	13832.828125	12.05	2163
0.0	50223.076171875	44.56	2164
0.0	153734.431640625	135.48	2165
0.0	30517.33447265625	26.23	2166
0.0	104204.27783203125	91.96	2167
0.0	17766.20751953125	14.95	2168
0.0	5640.990234375	5.04	2169
0.0	17558.79248046875	15.57	2170
0.0	5403.77880859375	4.75	2171
0.0	21814.46240234375	18.99	2172
0.0	81511.79150390625	72.51	2173
0.0	18125.966796875	15.98	2174
0.0	28260.25439453125	25.05	2175
0.0	7671.341796875	6.68	2176
0.0	21564.78271484375	18.85	2177
0.0	13777.67529296875	12.28	2178
0.0	5885.57421875	5.25	2179
0.0	4327.3671875	3.72	2180
0.0	21547.32958984375	18.46	2181
0.0	42444.546875	37.09	2182
0.0	20098.2197265625	17.73	2183
0.0	21989.966796875	18.71	2184
0.0	9469.62890625	8.27	2185
0.0	10562.95068359375	9.36	2186
0.0	18346.73486328125	16.05	2187
0.0	5370.02197265625	4.69	2188
0.0	13502.6767578125	11.62	2189
0.0	160615.41455078125	141.76	2190
0.0	100600.49560546875	87.12	2191
0.0	60756.91357421875	53.37	2192
0.0	7770.3681640625	6.78	2193
0.0	22761.2451171875	19.39	2194
0.0	41988.7548828125	36.39	2195
0.0	35736.71728515625	31.13	2196
0.0	22494.29052734375	19.61	2197
0.0	58793.16357421875	51.77	2198
0.0	857.310546875	0.72	2199
0.0	545186.1616210938	468.18	2200
0.0	41256.3671875	35.96	2201
0.0	15402.154296875	13.74	2202
0.0	51271.33251953125	44.7	2203
0.0	25538.9248046875	21.97	2204
0.0	25690.02001953125	22.66	2205
0.0	3475.0166015625	3.05	2206
0.0	56682.669921875	49.57	2207
0.0	28473.814453125	25.22	2208
0.0	1495.86962890625	1.27	2209
0.0	38526.5908203125	34.38	2210
0.0	11101.8037109375	9.37	2211
0.0	16818.77392578125	14.72	2212
0.0	5460.46337890625	4.77	2213
0.0	19276.01318359375	16.79	2214
0.0	1810.3818359375	1.56	2215
0.0	71103.0322265625	62.8	2216
0.0	4390.10888671875	3.77	2217
0.0	6502.06005859375	5.79	2218
0.0	5134.705078125	4.55	2219
0.0	3310.04150390625	2.94	2220
0.0	4663.099609375	4.04	2221
0.0	71060.9775390625	62.09	2222
0.0	5821.22509765625	5.0	2223
0.0	568480.1665039062	489.94	2224
0.0	73055.25341796875	64.87	2225
0.0	44143.56689453125	38.72	2226
0.0	5441.78173828125	4.8	2227
0.0	65174.57421875	55.67	2228
0.0	15154.57177734375	13.49	2229
0.0	30910.80078125	26.59	2230
0.0	127373.98779296875	112.25	2231
0.0	19590.927734375	16.69	2232
0.0	44524.5654296875	39.0	2233
0.0	2612.666015625	2.22	2234
0.0	12143.08642578125	10.6	2235
0.0	3786.57763671875	3.41	2236
0.0	76559.32763671875	67.16	2237
0.0	100505.40478515625	88.5	2238
0.0	75220.11181640625	66.47	2239
0.0	9857.1474609375	8.61	2240
0.0	5592.5419921875	4.93	2241
0.0	15472.26123046875	13.41	2242
0.0	2233.52685546875	1.97	2243
0.0	15980.06689453125	14.08	2244
0.0	59962.46630859375	51.97	2245
0.0	24913.24462890625	21.45	2246
0.0	42502.3125	37.69	2247
0.0	191806.6064453125	169.74	2248
0.0	16442.5693359375	13.78	2249
0.0	20072.419921875	17.0	2941
0.0	8006.234375	6.72	2942
0.0	19980.103515625	17.3	2943
0.0	9151.5322265625	7.88	2944
0.0	34728.83349609375	29.56	2945
0.0	32273.17138671875	28.23	2946
0.0	47769.818359375	41.0	2947
0.0	18508.65771484375	15.61	2948
0.0	54588.552734375	46.6	2949
0.0	26033.25	22.15	2950
0.0	5465.125	4.81	2951
0.0	18259.748046875	15.7	2952
0.0	7353.3388671875	6.43	2953
0.0	20462.044921875	17.89	2954
0.0	2961.09521484375	2.43	2955
0.0	27083.69775390625	23.56	2956
0.0	132401.02734375	115.84	2957
0.0	706.33349609375	0.61	2958
0.0	4363.271484375	3.8	2959
0.0	14077.9443359375	12.23	2960
0.0	2080.283203125	1.8	2961
0.0	8466.611328125	7.22	2962
0.0	2324.01904296875	1.91	2963
0.0	10409.6298828125	9.06	2964
0.0	307205.4921875	262.52	2965
0.0	37212.96435546875	32.52	2966
0.0	56545.77783203125	48.81	2967
0.0	23642.294921875	20.8	2968
0.0	26959.35498046875	22.49	2969
0.0	20520.4287109375	17.77	2970
0.0	183495.0771484375	154.89	2971
0.0	4278.41015625	3.7	2972
0.0	14811.65185546875	12.8	2973
0.0	22101.09619140625	19.25	2974
0.0	3176.46435546875	2.83	2975
0.0	10357.4814453125	9.06	2976
0.0	7287.890625	6.36	2977
0.0	8572.31298828125	7.36	2978
0.0	9977.29052734375	8.55	2979
0.0	5885.99169921875	5.15	2980
0.0	15057.80810546875	13.17	2981
0.0	3918.33642578125	3.4	2982
0.0	4717.6875	4.08	2983
0.0	44750.7724609375	39.17	2984
0.0	14356.82568359375	12.55	2985
0.0	438.64697265625	0.36	2986
0.0	57117.6279296875	49.92	2987
0.0	8956.56396484375	7.74	2988
0.0	3381.0029296875	2.68	2989
0.0	3429.33056640625	2.95	2990
0.0	1420.59375	1.25	2991
0.0	86158.7509765625	73.58	2992
0.0	35089.6953125	30.41	2993
0.0	15860.24365234375	14.06	2994
0.0	22254.14013671875	19.33	2995
0.0	70502.86376953125	60.01	2996
0.0	134341.1015625	117.52	2997
0.0	13420.2470703125	11.6	2998
0.0	20629.4365234375	17.56	2999
0.0	8438.6689453125	7.4	3000
0.0	12558.98486328125	10.96	3001
0.0	25104.859375	21.75	3002
0.0	150408.0244140625	131.27	3003
0.0	18473.896484375	16.35	3004
0.0	95421.0634765625	82.99	3005
0.0	11407.197265625	9.79	3006
0.0	3668.890625	3.19	3007
0.0	23932.18310546875	20.71	3008
0.0	45985.640625	38.74	3009
0.0	34911.6123046875	30.55	3010
0.0	26161.904296875	22.47	3011
0.0	83286.2607421875	73.35	3012
0.0	6842.32080078125	5.75	3013
0.0	228931.58642578125	197.88	3014
0.0	3716.80078125	3.19	3015
0.0	4166.11767578125	3.65	3016
0.0	93470.0537109375	81.62	3017
0.0	44012.1552734375	38.45	3018
0.0	6633.39501953125	5.79	3019
0.0	2971.58544921875	2.67	3020
0.0	28499.82568359375	25.06	3021
0.0	45309.8740234375	38.48	3022
0.0	895350.6650390625	771.94	3023
0.0	48317.44189453125	41.04	3024
0.0	18303.43896484375	15.8	3025
0.0	18999.38525390625	16.72	3026
0.0	106874.0	90.59	3027
0.0	23221.57080078125	20.6	3028
0.0	19268.4736328125	16.93	3029
0.0	10047.6796875	8.8	3030
0.0	3700.931640625	3.2	3031
0.0	26660.69482421875	23.07	3032
0.0	5531.236328125	4.86	3033
0.0	12796.98046875	11.2	3034
0.0	58658.33740234375	49.04	3035
0.0	6464.939453125	5.66	3036
0.0	137704.478515625	120.43	3037
0.0	9121.52197265625	7.78	3038
0.0	260295.31396484375	224.82	3039
0.0	11264.111328125	9.53	3040
0.0	12278.6435546875	10.89	3041
0.0	7881.1396484375	6.94	3042
0.0	66413.9453125	55.51	3043
0.0	37002.6923828125	31.61	3044
0.0	47143.1474609375	40.83	3045
0.0	1721.07666015625	1.52	3046
0.0	7366.74560546875	6.35	3047
0.0	55564.095703125	47.22	3048
0.0	6784.39697265625	5.93	3049
0.0	185756.3173828125	160.88	3050
0.0	67301.0107421875	58.73	3051
0.0	61066.2529296875	53.36	3052
0.0	5199.013671875	4.52	3053
0.0	3153.5244140625	2.74	3054
0.0	12384.9873046875	10.89	3055
0.0	1700.60546875	1.48	3056
0.0	359000.58154296875	312.14	3057
0.0	8200.80419921875	7.35	3058
0.0	11322.4052734375	9.9	3059
0.0	8910.55615234375	7.66	3060
0.0	4753.1630859375	4.18	3061
0.0	6551.703125	5.81	3062
0.0	18025.59130859375	15.98	3063
0.0	11987.13720703125	10.22	3064
0.0	5133.763671875	4.43	3065
0.0	52030.24951171875	45.04	3066
0.0	83160.26953125	71.28	3067
0.0	28238.7041015625	24.67	3068
0.0	6789.7802734375	5.94	3069
0.0	5788.65625	5.18	3070
0.0	26693.408203125	22.92	3071
0.0	14123.62060546875	12.11	3072
0.0	37516.5986328125	33.11	3073
0.0	165384.72314453125	145.81	3074
0.0	45566.11474609375	39.87	3075
0.0	820.43017578125	0.75	3076
0.0	147051.7626953125	126.62	3077
0.0	36617.2236328125	32.2	3078
0.0	19455.1904296875	17.08	3079
0.0	34364.1533203125	30.55	3080
0.0	3396.66845703125	2.96	3081
0.0	45355.7158203125	40.12	3082
0.0	125165.1591796875	110.24	3083
0.0	1298079.4418945312	1133.62	3084
0.0	33864.8076171875	29.53	3085
0.0	32011.515625	28.31	3086
0.0	6031.05615234375	5.38	3087
0.0	183212.32568359375	160.59	3088
0.0	14728.544921875	13.19	3089
0.0	5287.8798828125	4.72	3090
0.0	16047.3935546875	14.14	3091
0.0	55612.4228515625	44.74	3092
0.0	25449.19384765625	22.5	3093
0.0	95549.12060546875	84.09	3094
0.0	10178.703125	8.95	3095
0.0	11323.72900390625	9.88	3096
0.0	252075.2412109375	220.76	3097
0.0	85542.50830078125	73.47	3098
0.0	111740.828125	97.01	3099
0.0	6680.21875	5.91	3100
0.0	60560.2724609375	53.05	3101
0.0	18486.22216796875	16.02	3102
0.0	28600.5849609375	25.34	3103
0.0	1093467.7641601562	958.05	3104
0.0	34931.0517578125	30.91	3105
0.0	1612.826171875	1.36	3106
0.0	12115.796875	10.72	3107
0.0	21448.5859375	18.93	3108
0.0	195359.99609375	172.99	3109
0.0	8857.02294921875	7.74	3110
0.0	15994.5908203125	14.11	3111
0.0	9764.56298828125	8.42	3112
0.0	151377.92626953125	133.18	3113
0.0	4486.2431640625	3.89	3114
0.0	2785.185546875	2.36	3115
0.0	355834.44775390625	314.3	3116
0.0	44595.88232421875	39.76	3117
0.0	37250.986328125	33.09	3118
0.0	10774.5810546875	9.39	3119
0.0	329514.21728515625	289.88	3120
0.0	9322.56982421875	8.06	3121
0.0	15429.63623046875	13.36	3122
0.0	13404.33984375	11.63	3123
0.0	12886.66552734375	11.28	3124
0.0	42877.26123046875	36.46	3125
0.0	18568.8779296875	16.54	3126
0.0	13944.44189453125	12.33	3127
0.0	26512.49462890625	23.44	3128
0.0	7413.28125	6.42	3129
0.0	19215.36083984375	17.18	3130
0.0	7454.63818359375	6.62	3131
0.0	446400.41162109375	389.32	3132
0.0	19978.27587890625	17.52	3133
0.0	36952.69775390625	32.28	3134
0.0	1395.841796875	1.26	3135
0.0	8842.69189453125	7.52	3136
0.0	13366.40576171875	11.77	3137
0.0	63668.14306640625	56.22	3138
0.0	62164.04150390625	55.45	3139
0.0	28983.15185546875	25.1	3140
0.0	156615.7529296875	137.79	3141
0.0	16853.0888671875	14.75	3142
0.0	8080.74462890625	6.99	3143
0.0	5667.3701171875	4.97	3144
0.0	3886.27685546875	3.4	3145
0.0	1521.298828125	1.36	3146
0.0	70889.1181640625	62.05	3147
0.0	12365.267578125	10.7	3148
0.0	12400.6259765625	10.86	3149
0.0	12812.36181640625	11.23	3150
0.0	56547.7529296875	49.41	3151
0.0	26334.376953125	23.06	3152
0.0	8498.8701171875	7.48	3153
0.0	28080.83251953125	24.95	3154
0.0	950.16845703125	0.81	3155
0.0	648260.7724609375	574.02	3156
0.0	5807.28662109375	5.14	3157
0.0	4590.97021484375	4.04	3158
0.0	3869.41552734375	3.26	3159
0.0	40913.85888671875	36.04	3160
0.0	9893.921875	8.79	3161
0.0	19760.82666015625	17.38	3162
0.0	75551.9423828125	65.56	3163
0.0	134153.65576171875	118.91	3164
0.0	95085.599609375	82.67	3165
0.0	33322.123046875	29.58	3166
0.0	13944.2548828125	12.06	3167
0.0	50351.7734375	43.96	3168
0.0	16190.095703125	14.38	3169
0.0	11024.982421875	9.85	3170
0.0	9589.673828125	8.52	3171
0.0	11788.76318359375	10.3	3172
0.0	18401.77001953125	15.96	3173
0.0	6628.71240234375	5.94	3174
0.0	29485.05126953125	26.06	3175
0.0	4700.89990234375	4.07	3176
0.0	57827.77734375	50.27	3177
0.0	20802.75048828125	18.09	3178
0.0	2347.744140625	2.16	3179
0.0	16994.48876953125	14.44	3921
0.0	4504.58642578125	3.83	3922
0.0	665.4111328125	0.58	3923
0.0	9969.89453125	8.31	3924
0.0	21881.76708984375	18.66	3925
0.0	1132.4287109375	1.01	3926
0.0	3930.91552734375	3.4	3927
0.0	25779.49658203125	21.77	3928
0.0	90727.5947265625	76.77	3929
0.0	541791.1313476562	467.06	3930
0.0	403721.06103515625	348.62	3931
0.0	2297.82568359375	1.97	3932
0.0	30032.1162109375	26.23	3933
0.0	13325.12744140625	11.37	3934
0.0	5673.74951171875	4.82	3935
0.0	2576.9892578125	2.19	3936
0.0	298241.90185546875	256.47	3937
0.0	13080.86572265625	11.52	3938
0.0	71584.2255859375	62.26	3939
0.0	11003.58544921875	9.69	3940
0.0	4115.97509765625	3.51	3941
0.0	1622.82421875	1.4	3942
0.0	724544.4565429688	629.65	3943
0.0	27540.68408203125	24.1	3944
0.0	3283.39306640625	2.91	3945
0.0	84750.09326171875	73.29	3946
0.0	39002.10205078125	33.24	3947
0.0	17812.1171875	15.33	3948
0.0	31808.033203125	27.88	3949
0.0	4884.7177734375	4.26	3950
0.0	7431.373046875	6.51	3951
0.0	41594.26123046875	36.33	3952
0.0	123830.62841796875	108.83	3953
0.0	35441.2861328125	30.28	3954
0.0	10098.27783203125	8.77	3955
0.0	13397.93701171875	11.52	3956
0.0	47884.6123046875	40.95	3957
0.0	28468.7919921875	24.26	3958
0.0	9758.90234375	8.41	3959
0.0	6361.67578125	5.38	3960
0.0	54804.802734375	47.75	3961
0.0	18282.61669921875	16.07	3962
0.0	3207.0673828125	2.79	3963
0.0	8345.38818359375	7.27	3964
0.0	268910.9521484375	231.18	3965
0.0	1140.33544921875	0.97	3966
0.0	6936.39697265625	6.0	3967
0.0	72900.97705078125	64.01	3968
0.0	25946.12353515625	23.02	3969
0.0	9413.83740234375	8.28	3970
0.0	13251.42333984375	11.74	3971
0.0	3539.15625	3.06	3972
0.0	1508.63134765625	1.19	3973
0.0	23395.81201171875	19.26	3974
0.0	9669.71630859375	8.18	3975
0.0	2100.95556640625	1.76	3976
0.0	9318.580078125	8.27	3977
0.0	10715.04833984375	9.42	3978
0.0	49413.2119140625	42.74	3979
0.0	215080.8935546875	185.26	3980
0.0	25464.65283203125	22.38	3981
0.0	49197.34814453125	42.73	3982
0.0	30342.71826171875	25.81	3983
0.0	13162.55810546875	11.39	3984
0.0	50458.359375	44.11	3985
0.0	36321.3984375	30.84	3986
0.0	58716.87158203125	51.56	3987
0.0	11937.4619140625	10.74	3988
0.0	62313.58203125	54.39	3989
0.0	628406.74609375	540.03	3990
0.0	4516.4140625	3.91	3991
0.0	5963.14306640625	5.31	3992
0.0	72743.28173828125	61.24	3993
0.0	10337.09033203125	9.07	3994
0.0	20186.0546875	17.65	3995
0.0	14350.76806640625	12.12	3996
0.0	12403.45458984375	10.87	3997
0.0	9890.095703125	8.55	3998
0.0	166461.017578125	142.55	3999
0.0	2613.03173828125	2.33	4000
0.0	11374.45166015625	9.91	4001
0.0	19994.46630859375	17.55	4002
0.0	11810.26953125	10.38	4003
0.0	804.59326171875	0.7	4004
0.0	91618.6357421875	80.06	4005
0.0	5648.970703125	4.95	4006
0.0	2550.35693359375	2.28	4007
0.0	2819.39794921875	2.45	4008
0.0	3483.04931640625	3.04	4009
0.0	8035.212890625	6.98	4010
0.0	14467.12744140625	12.89	4011
0.0	44433.59423828125	39.49	4012
0.0	41705.24609375	35.38	4013
0.0	5953.4638671875	5.13	4014
0.0	7685.587890625	6.72	4015
0.0	27907.357421875	24.09	4016
0.0	7553.79638671875	6.54	4017
0.0	8922.2275390625	7.59	4018
0.0	4957.39794921875	4.42	4019
0.0	9133.7177734375	8.02	4020
0.0	12761.5244140625	10.85	4021
0.0	67123.87158203125	58.94	4022
0.0	13065.70751953125	11.18	4023
0.0	68571.46240234375	59.75	4024
0.0	115486.3291015625	102.1	4025
0.0	56170.13623046875	49.17	4026
0.0	3435.5576171875	2.93	4027
0.0	21032.18798828125	17.73	4028
0.0	13360.79541015625	11.58	4029
0.0	8536.39306640625	7.21	4030
0.0	402053.18798828125	344.42	4031
0.0	12272.60205078125	10.8	4032
0.0	234439.58349609375	194.4	4033
0.0	224813.32421875	190.96	4034
0.0	99615.44384765625	88.9	4035
0.0	14243.73095703125	12.58	4036
0.0	22978.90283203125	20.03	4037
0.0	3058.703125	2.71	4038
0.0	20552.22314453125	17.67	4039
0.0	5013.88671875	4.38	4040
0.0	31746.0107421875	27.93	4041
0.0	28509.6220703125	25.02	4042
0.0	3519.23876953125	3.0	4043
0.0	133923.64990234375	112.26	4044
0.0	3698.01953125	3.31	4045
0.0	49204.3623046875	43.44	4046
0.0	293239.71826171875	249.75	4047
0.0	2795.85595703125	2.45	4048
0.0	844.05078125	0.75	4049
0.0	2075.853515625	1.85	4050
0.0	9924.0888671875	8.75	4051
0.0	5278.818359375	4.42	4052
0.0	95146.767578125	81.46	4053
0.0	68537.65966796875	60.29	4054
0.0	5934.35595703125	5.17	4055
0.0	1831.02734375	1.61	4056
0.0	48896.10546875	43.41	4057
0.0	5019.8623046875	4.47	4058
0.0	48319.19970703125	42.52	4059
0.0	7033.48779296875	6.13	4060
0.0	6620.3955078125	5.81	4061
0.0	6363.5703125	5.54	4062
0.0	890343.0043945312	775.75	4063
0.0	69770.22021484375	60.67	4064
0.0	1194.75048828125	1.03	4065
0.0	1186.22998046875	1.01	4066
0.0	5109.3828125	4.44	4067
0.0	35721.287109375	31.56	4068
0.0	3452.2109375	3.1	4069
0.0	24851.75244140625	21.23	4070
0.0	15672.4931640625	13.88	4071
0.0	17698.67919921875	15.31	4072
0.0	1852.0234375	1.66	4073
0.0	16093.6357421875	14.19	4074
0.0	281310.7861328125	249.67	4075
0.0	137013.720703125	119.84	4076
0.0	26802.93408203125	23.37	4077
0.0	25728.4853515625	22.94	4078
0.0	61610.7783203125	54.39	4079
0.0	2950.701171875	2.61	4080
0.0	9458.30322265625	8.17	4081
0.0	2557.70068359375	2.13	4082
0.0	157373.61572265625	137.4	4083
0.0	4071.39208984375	3.64	4084
0.0	23542.724609375	20.4	4085
0.0	50319.98095703125	44.55	4086
0.0	347690.2451171875	303.13	4087
0.0	32768.3388671875	28.71	4088
0.0	154948.89892578125	136.98	4089
0.0	9963.5888671875	8.56	4090
0.0	5545.654296875	4.84	4091
0.0	10707.732421875	9.6	4092
0.0	9889.607421875	8.8	4093
0.0	13429.1650390625	11.95	4094
0.0	31937.88232421875	28.0	4095
0.0	12729.55712890625	10.97	4096
0.0	680713.9311523438	590.96	4097
0.0	7231.99560546875	6.32	4098
0.0	132103.9404296875	113.32	4099
0.0	6227.02001953125	5.41	4100
0.0	10746.50146484375	9.35	4101
0.0	22514.791015625	19.58	4102
0.0	89756.4755859375	79.15	4103
0.0	56220.02197265625	49.14	4104
0.0	7647.2421875	6.7	4105
0.0	43972.42822265625	38.05	4106
0.0	392801.99853515625	339.73	4107
0.0	62170.77197265625	55.31	4108
0.0	2480.3056640625	2.08	4109
0.0	1554.64794921875	1.33	4110
0.0	6313.71923828125	5.35	4111
0.0	15646.65380859375	13.78	4112
0.0	45267.1201171875	39.28	4113
0.0	99888.0615234375	87.1	4114
0.0	21577.83154296875	18.82	4115
0.0	1706.13916015625	1.49	4116
0.0	118434.8369140625	102.12	4117
0.0	5589.50927734375	4.95	4118
0.0	84343.6181640625	74.4	4119
0.0	6462.70849609375	5.68	4120
0.0	22277.15478515625	19.32	4121
0.0	15090.826171875	13.32	4122
0.0	3693.9482421875	3.19	4123
0.0	31374.02392578125	27.5	4124
0.0	13063.591796875	11.31	4125
0.0	36626.7470703125	31.79	4126
0.0	3183.08740234375	2.87	4127
0.0	2886.5322265625	2.46	4128
0.0	53030.310546875	46.95	4129
0.0	1627.79931640625	1.43	4130
0.0	1355.39892578125	1.2	4131
0.0	2415.05810546875	2.09	4132
0.0	10132.22314453125	8.73	4133
0.0	402351.9462890625	356.46	4134
0.0	361845.9306640625	319.68	4135
0.0	7008.14599609375	6.22	4136
0.0	11146.77734375	9.95	4137
0.0	13253.755859375	11.26	4138
0.0	120394.88037109375	103.66	4139
0.0	35760.3115234375	30.1	4901
0.0	16441.42529296875	14.24	4902
0.0	115351.50537109375	98.74	4903
0.0	40487.3671875	34.2	4904
0.0	76637.9208984375	65.73	4905
0.0	103574.13671875	90.16	4906
0.0	9678.49267578125	8.32	4907
0.0	2423.88330078125	2.15	4908
0.0	7248.962890625	6.38	4909
0.0	2428.78955078125	2.2	4910
0.0	25848.03466796875	22.5	4911
0.0	18340.265625	15.42	4912
0.0	363990.01220703125	315.54	4913
0.0	781.9892578125	0.7	4914
0.0	3770.72216796875	3.32	4915
0.0	9621.921875	8.1	4916
0.0	15455.53759765625	13.33	4917
0.0	19467.67236328125	16.91	4918
0.0	5525.04638671875	4.69	4919
0.0	1217.27880859375	1.04	4920
0.0	2183.28515625	1.91	4921
0.0	77333.07275390625	65.56	4922
0.0	61703.70703125	53.84	4923
0.0	16920.09375	14.64	4924
0.0	3485.76025390625	3.0	4925
0.0	133319.3203125	115.48	4926
0.0	6829.45654296875	5.96	4927
0.0	260012.97216796875	220.43	4928
0.0	6164.6298828125	5.31	4929
0.0	559875.283203125	482.14	4930
0.0	8178.32958984375	7.03	4931
0.0	23579.70166015625	20.81	4932
0.0	15960.91259765625	13.96	4933
0.0	70345.58544921875	60.94	4934
0.0	49651.3193359375	43.48	4935
0.0	3002.28466796875	2.55	4936
0.0	209073.41015625	177.27	4937
0.0	199510.94677734375	174.13	4938
0.0	7146.0927734375	6.06	4939
0.0	65923.64892578125	57.69	4940
0.0	2964.5322265625	2.63	4941
0.0	34963.92822265625	29.54	4942
0.0	9104.7099609375	8.03	4943
0.0	207723.71630859375	180.56	4944
0.0	2137.63134765625	1.83	4945
0.0	23909.5322265625	20.77	4946
0.0	12500.46923828125	10.93	4947
0.0	26573.232421875	22.89	4948
0.0	31387.04443359375	26.48	4949
0.0	39405.46826171875	34.25	4950
0.0	6712.46533203125	5.55	4951
0.0	3956.90087890625	3.47	4952
0.0	29776.04736328125	25.79	4953
0.0	7791.53955078125	6.59	4954
0.0	15583.66943359375	13.55	4955
0.0	26453.2080078125	22.03	4956
0.0	9981.0400390625	8.72	4957
0.0	61869.8984375	54.04	4958
0.0	16741.27294921875	14.42	4959
0.0	57463.31640625	50.31	4960
0.0	8222.61474609375	7.12	4961
0.0	3335.9462890625	2.93	4962
0.0	10958.45458984375	9.38	4963
0.0	108529.087890625	95.41	4964
0.0	20647.3720703125	18.08	4965
0.0	6852.12939453125	6.16	4966
0.0	10589.55224609375	9.47	4967
0.0	5168.564453125	4.59	4968
0.0	33953.64697265625	29.76	4969
0.0	11687.14990234375	10.24	4970
0.0	2722.28271484375	2.39	4971
0.0	28471.9609375	24.84	4972
0.0	49818.35595703125	43.94	4973
0.0	26763.1435546875	23.42	4974
0.0	18870.3740234375	16.69	4975
0.0	134786.2890625	116.28	4976
0.0	36364.10595703125	32.09	4977
0.0	47148.34326171875	41.25	4978
0.0	78106.03271484375	68.48	4979
0.0	8191.7724609375	7.04	4980
0.0	2640.70166015625	2.32	4981
0.0	7397.41455078125	6.54	4982
0.0	170794.00341796875	148.36	4983
0.0	294782.87939453125	260.17	4984
0.0	28128.65380859375	24.71	4985
0.0	12993.248046875	11.52	4986
0.0	149847.82373046875	128.5	4987
0.0	7351.0947265625	6.35	4988
0.0	1695.7578125	1.44	4989
0.0	166701.7958984375	128.48	4990
0.0	11062.0400390625	9.74	4991
0.0	11997.373046875	10.62	4992
0.0	171451.7822265625	151.41	4993
0.0	320014.068359375	281.0	4994
0.0	386814.009765625	339.16	4995
0.0	37015.326171875	31.92	4996
0.0	10060.62353515625	8.95	4997
0.0	29482.8671875	25.77	4998
0.0	1794.3740234375	1.58	4999
0.0	96766.52490234375	82.46	5000
0.0	158966.0263671875	138.33	5001
0.0	282172.578125	246.91	5002
0.0	3128.43310546875	2.74	5003
0.0	368575.9921875	303.36	5004
0.0	1577605.4375	1380.99	5005
0.0	3711.97607421875	3.31	5006
0.0	7887.70947265625	7.07	5007
0.0	15478.697265625	13.56	5008
0.0	9088.0263671875	8.05	5009
0.0	6802.28369140625	5.93	5010
0.0	1230.474609375	1.09	5011
0.0	26463.96630859375	23.18	5012
0.0	8350.53662109375	7.1	5013
0.0	26307.72265625	23.21	5014
0.0	34102.7294921875	29.29	5015
0.0	3495.373046875	2.87	5016
0.0	15018.78173828125	13.26	5017
0.0	3536.8408203125	3.1	5018
0.0	1149.97900390625	1.06	5019
0.0	147391.29443359375	129.73	5020
0.0	65799.84423828125	58.24	5021
0.0	22660.77294921875	19.96	5022
0.0	63038.5966796875	55.7	5023
0.0	23429.21728515625	20.49	5024
0.0	3216.904296875	2.75	5025
0.0	24982.6455078125	21.56	5026
0.0	1722593.376953125	1516.56	5027
0.0	7823.95654296875	6.84	5028
0.0	13592.5830078125	11.9	5029
0.0	3204.85546875	2.84	5030
0.0	64084.49951171875	55.75	5031
0.0	35347.64404296875	30.44	5032
0.0	68334.591796875	59.87	5033
0.0	71472.24853515625	62.56	5034
0.0	8524.31982421875	7.46	5035
0.0	13010.666015625	11.53	5036
0.0	7632.3896484375	6.7	5037
0.0	339943.78515625	299.87	5038
0.0	47569.8310546875	41.71	5039
0.0	102881.1943359375	90.02	5040
0.0	1711.02197265625	1.44	5041
0.0	16244.69091796875	13.91	5042
0.0	46666.7138671875	40.96	5043
0.0	1610.04296875	1.43	5044
0.0	21498.111328125	18.23	5045
0.0	7933.04150390625	7.01	5046
0.0	11625.27490234375	9.87	5047
0.0	10968.7080078125	9.45	5048
0.0	8453.841796875	7.48	5049
0.0	172797.99267578125	152.35	5050
0.0	15433.4814453125	13.14	5051
0.0	96887.25439453125	86.22	5052
0.0	63066.83203125	55.9	5053
0.0	157147.97119140625	138.14	5054
0.0	42141.2158203125	36.83	5055
0.0	87547.28662109375	77.22	5056
0.0	41672.57177734375	36.73	5057
0.0	5588.9052734375	5.02	5058
0.0	2439.4970703125	2.16	5059
0.0	40234.5478515625	35.5	5060
0.0	25460.59423828125	22.77	5061
0.0	6275.13720703125	5.51	5062
0.0	614785.1083984375	535.71	5063
0.0	144652.2041015625	126.98	5064
0.0	98340.01953125	85.91	5065
0.0	8507.02294921875	7.51	5066
0.0	13086.85693359375	11.37	5067
0.0	27012.19482421875	23.72	5068
0.0	17452.00390625	15.46	5069
0.0	8786.43017578125	7.71	5070
0.0	67130.2080078125	59.23	5071
0.0	37933.3369140625	32.82	5072
0.0	10840.46923828125	9.42	5073
0.0	6439.17236328125	5.74	5074
0.0	5350.75634765625	4.76	5075
0.0	146554.4248046875	129.36	5076
0.0	57872.728515625	50.88	5077
0.0	153286.34423828125	135.3	5078
0.0	12276.53076171875	10.6	5079
0.0	14811.88525390625	13.19	5080
0.0	63464.203125	56.14	5081
0.0	14869.22412109375	13.2	5082
0.0	7924.0478515625	6.89	5083
0.0	57039.1162109375	49.9	5084
0.0	5963.28271484375	5.16	5085
0.0	35419.05859375	31.44	5086
0.0	8417.7451171875	7.24	5087
0.0	3427.93994140625	2.83	5881
0.0	17296.35205078125	14.8	5882
0.0	68834.28125	59.11	5883
0.0	37555.68701171875	32.46	5884
0.0	13863.02490234375	11.81	5885
0.0	23475.42041015625	20.28	5886
0.0	64828.091796875	55.33	5887
0.0	42351.40185546875	36.15	5888
0.0	46511.64990234375	39.56	5889
0.0	78270.39111328125	67.08	5890
0.0	11204.8564453125	9.86	5891
0.0	11811.880859375	10.05	5892
0.0	43361.82373046875	37.61	5893
0.0	36857.2646484375	32.07	5894
0.0	2536.15478515625	2.22	5895
0.0	2497.47314453125	2.22	5896
0.0	2330.9599609375	2.04	5897
0.0	15691.1962890625	13.77	5898
0.0	22374.3056640625	18.69	5899
0.0	7058.72216796875	6.17	5900
0.0	4110.26220703125	3.54	5901
0.0	20475.9736328125	17.66	5902
0.0	34338.42626953125	29.58	5903
0.0	7758.607421875	6.76	5904
0.0	11390.814453125	9.68	5905
0.0	1259.06494140625	1.06	5906
0.0	2963.6630859375	2.56	5907
0.0	118622.10009765625	100.71	5908
0.0	11692.22265625	10.23	5909
0.0	2015.61572265625	1.76	5910
0.0	9455.35693359375	7.9	5911
0.0	153550.3896484375	134.06	5912
0.0	235246.52734375	203.31	5913
0.0	15372.84130859375	13.33	5914
0.0	8379.181640625	7.26	5915
0.0	39857.11962890625	33.79	5916
0.0	4883.7197265625	4.27	5917
0.0	20961.84521484375	18.09	5918
0.0	53769.4892578125	45.56	5919
0.0	151019.03125	131.46	5920
0.0	3470.123046875	2.97	5921
0.0	8047.517578125	6.71	5922
0.0	16144.21142578125	14.13	5923
0.0	41057.677734375	35.88	5924
0.0	4336.59912109375	3.61	5925
0.0	46158.958984375	38.95	5926
0.0	29599.76123046875	25.22	5927
0.0	45757.91455078125	40.14	5928
0.0	6989.369140625	6.01	5929
0.0	19590.23046875	16.56	5930
0.0	19558.9560546875	16.96	5931
0.0	27173.7392578125	23.58	5932
0.0	31392.48876953125	26.85	5933
0.0	9784.3779296875	8.48	5934
0.0	9746.939453125	8.56	5935
0.0	39068.49560546875	34.13	5936
0.0	5550.7705078125	4.71	5937
0.0	4595.91552734375	3.9	5938
0.0	30046.86669921875	25.79	5939
0.0	70691.7119140625	62.07	5940
0.0	364205.10107421875	311.64	5941
0.0	11556.3828125	9.97	5942
0.0	13332.6201171875	11.56	5943
0.0	102048.89013671875	87.1	5944
0.0	106401.4130859375	92.43	5945
0.0	3560.68310546875	3.03	5946
0.0	126977.69921875	111.37	5947
0.0	14708.31005859375	12.67	5948
0.0	17397.50537109375	15.04	5949
0.0	2586.9736328125	2.21	5950
0.0	9647.01806640625	8.46	5951
0.0	68123.06787109375	59.53	5952
0.0	173126.6953125	144.24	5953
0.0	10534.09619140625	9.36	5954
0.0	12602.43017578125	10.91	5955
0.0	15106.69873046875	13.0	5956
0.0	19514.1044921875	17.21	5957
0.0	1077.30517578125	0.91	5958
0.0	22144.20947265625	19.32	5959
0.0	235320.00830078125	204.34	5960
0.0	32493.15673828125	28.45	5961
0.0	3954.50830078125	3.49	5962
0.0	14405.87841796875	12.37	5963
0.0	207146.97705078125	175.67	5964
0.0	32239.0087890625	28.23	5965
0.0	22446.1455078125	19.57	5966
0.0	7017.04541015625	6.07	5967
0.0	22808.6259765625	19.81	5968
0.0	11214.328125	9.94	5969
0.0	88901.74658203125	77.79	5970
0.0	38057.4443359375	33.1	5971
0.0	6309.4365234375	5.52	5972
0.0	4397.32470703125	3.73	5973
0.0	7387.56298828125	6.43	5974
0.0	21981.69140625	18.59	5975
0.0	13033.544921875	11.19	5976
0.0	4444.732421875	3.83	5977
0.0	74675.48193359375	64.83	5978
0.0	48731.01708984375	42.83	5979
0.0	37289.80078125	32.77	5980
0.0	40496.9072265625	35.78	5981
0.0	39789.63037109375	34.27	5982
0.0	138196.4345703125	119.89	5983
0.0	14098.4345703125	11.89	5984
0.0	21123.408203125	16.46	5985
0.0	19702.84765625	16.97	5986
0.0	7499.94384765625	6.42	5987
0.0	13223.76513671875	11.17	5988
0.0	3630.34716796875	3.09	5989
0.0	8230.3779296875	7.24	5990
0.0	8571.6416015625	7.36	5991
0.0	248907.82861328125	213.21	5992
0.0	27468.22021484375	23.49	5993
0.0	9535.921875	8.47	5994
0.0	108042.26318359375	94.31	5995
0.0	51334.6005859375	43.64	5996
0.0	6306.931640625	5.61	5997
0.0	1434.56982421875	1.26	5998
0.0	4359.05224609375	3.82	5999
0.0	8925.59033203125	7.96	6000
0.0	10989.2353515625	9.55	6001
0.0	30733.109375	26.89	6002
0.0	13746.1064453125	12.02	6003
0.0	32770.052734375	27.92	6004
0.0	11156.46533203125	9.74	6005
0.0	112707.79931640625	98.87	6006
0.0	5806.43505859375	5.16	6007
0.0	5970.00048828125	5.22	6008
0.0	7541.38671875	6.59	6009
0.0	11072.58154296875	9.85	6010
0.0	4708.88232421875	4.16	6011
0.0	103359.607421875	88.02	6012
0.0	35383.787109375	30.76	6013
0.0	17416.80908203125	15.24	6014
0.0	75721.42236328125	67.1	6015
0.0	213878.34814453125	182.41	6016
0.0	26841.6708984375	23.41	6017
0.0	17518.1962890625	15.51	6018
0.0	13228.5625	11.47	6019
0.0	201543.2060546875	176.91	6020
0.0	16369.22802734375	14.43	6021
0.0	12934.62158203125	10.98	6022
0.0	129677.91845703125	114.23	6023
0.0	38417.2958984375	33.82	6024
0.0	4572.8701171875	3.93	6025
0.0	9545.03662109375	8.14	6026
0.0	31823.11962890625	27.93	6027
0.0	23643.96484375	20.61	6028
0.0	3629.2158203125	3.15	6029
0.0	9478.5009765625	8.3	6030
0.0	122465.9306640625	105.35	6031
0.0	20061.55712890625	17.18	6032
0.0	15234.49072265625	13.16	6033
0.0	3108.966796875	2.7	6034
0.0	21578.6767578125	18.88	6035
0.0	24427.7998046875	21.54	6036
0.0	348107.86279296875	307.82	6037
0.0	5477.8056640625	4.74	6038
0.0	3889.2490234375	3.42	6039
0.0	117052.287109375	101.87	6040
0.0	15156.32421875	13.38	6041
0.0	7911.76806640625	6.92	6042
0.0	8041.28369140625	7.11	6043
0.0	2082.4580078125	1.79	6044
0.0	38294.52490234375	33.92	6045
0.0	11962.28857421875	10.49	6046
0.0	20029.52783203125	17.32	6047
0.0	5160.9560546875	4.67	6048
0.0	3720.18017578125	3.32	6049
0.0	103757.7587890625	91.26	6050
0.0	5165.88037109375	4.58	6051
0.0	168477.91162109375	147.08	6052
0.0	11900.70068359375	10.67	6053
0.0	61870.45849609375	54.05	6054
0.0	6963.9609375	5.97	6055
0.0	3118.2294921875	2.72	6056
0.0	34761.45849609375	30.76	6057
0.0	14055.953125	12.62	6058
0.0	3751.7021484375	3.18	6059
0.0	6200.06005859375	5.37	6060
0.0	135448.8798828125	119.06	6061
0.0	266807.8564453125	233.12	6062
0.0	186380.70166015625	164.97	6063
0.0	145779.24365234375	127.87	6064
0.0	24083.96630859375	19.8	6065
0.0	34817.52978515625	30.19	6066
0.0	188274.587890625	165.09	6067
0.0	69031.47607421875	60.76	6068
0.0	349.49658203125	0.3	6069
0.0	75298.58642578125	65.77	6070
0.0	52756.44384765625	45.57	6071
0.0	6779.98193359375	6.01	6072
0.0	5421.50927734375	4.74	6073
0.0	82816.6162109375	72.52	6074
0.0	114860.431640625	100.8	6075
0.0	3436.263671875	3.02	6076
0.0	122185.8857421875	108.02	6077
0.0	4559.3681640625	4.01	6078
0.0	4453.2880859375	3.93	6079
0.0	9941.22998046875	8.67	6080
0.0	18035.15283203125	15.42	6081
0.0	124346.6103515625	110.14	6082
0.0	13968.240234375	12.42	6083
0.0	44311.482421875	39.44	6084
0.0	51857.58203125	45.7	6085
0.0	6249.43408203125	5.42	6086
0.0	25464.27294921875	22.79	6087
0.0	2732.62841796875	2.43	6088
0.0	3520.4443359375	3.1	6089
0.0	59902.275390625	52.89	6090
0.0	22236.248046875	19.8	6091
0.0	7507.52294921875	6.56	6092
0.0	6033.49169921875	5.39	6093
0.0	7788.1591796875	6.9	6094
0.0	22193.666015625	19.39	6095
0.0	7475.484375	6.59	6096
0.0	8480.54541015625	7.41	6097
0.0	77124.82470703125	68.78	6098
0.0	15665.03515625	14.01	6099
0.0	9875.67236328125	8.82	6100
0.0	12355.76953125	10.88	6101
0.0	31156.01513671875	27.4	6102
0.0	12359.30224609375	10.9	6103
0.0	3630.14599609375	3.24	6104
0.0	3040.20361328125	2.71	6105
0.0	6774.7939453125	5.97	6106
0.0	69221.77294921875	60.43	6107
0.0	48165.12939453125	42.82	6108
0.0	6939.97314453125	5.95	6109
0.0	70654.82275390625	60.22	6110
0.0	110828.625	98.43	6111
0.0	54770.48291015625	47.3	6112
0.0	31106.08154296875	25.7	6113
0.0	39681.6640625	33.44	6114
0.0	7592.4111328125	6.58	6115
0.0	94116.728515625	82.97	6116
0.0	28173.4443359375	24.6	6117
0.0	3221.91015625	2.85	6118
0.0	24095.9326171875	20.82	6119
0.0	10865.61865234375	9.63	6120
0.0	2961.70166015625	2.63	6121
0.0	33771.13916015625	28.97	6122
0.0	62155.2109375	54.33	6123
0.0	29937.810546875	26.31	6124
0.0	2626.49462890625	2.24	6125
0.0	2428.2685546875	2.07	6126
0.0	4429.02490234375	3.87	6127
0.0	20882.17919921875	18.15	6128
0.0	30728.84375	26.83	6129
0.0	8348.4970703125	7.25	6130
0.0	17866.5107421875	15.62	6131
0.0	144157.5498046875	124.0	6132
0.0	37800.7587890625	32.63	6133
0.0	3135.3369140625	2.83	6134
0.0	35302.17333984375	30.33	6135
0.0	491559.40478515625	436.98	6136
0.0	200829.4892578125	176.75	6137
0.0	13704.48876953125	11.87	6138
0.0	114729.47509765625	100.73	6139
0.0	28816.97998046875	25.44	6140
0.0	12686.48779296875	11.23	6141
0.0	35582.9296875	29.97	6142
0.0	12618.63623046875	11.24	6143
0.0	16240.31884765625	14.47	6144
0.0	3833.56982421875	3.19	6145
0.0	22220.53564453125	19.52	6146
0.0	14418.37890625	12.89	6147
0.0	11616.82861328125	9.87	6148
0.0	1315725.3115234375	1146.94	6149
0.0	4772.35205078125	4.12	6150
0.0	15471.8525390625	13.56	6151
0.0	75130.6953125	67.01	6152
0.0	12295.41796875	10.86	6153
0.0	13903.49169921875	12.09	6154
0.0	29593.7529296875	26.14	6155
0.0	124409.7744140625	109.92	6156
0.0	72530.8173828125	63.95	6157
0.0	47693.12158203125	42.7	6158
0.0	12226.974609375	10.9	6159
0.0	19264.87939453125	17.17	6160
0.0	14682.0771484375	12.96	6161
0.0	1287.798828125	1.15	6162
0.0	50933.4736328125	44.22	6163
0.0	20744.720703125	17.75	6164
0.0	4828.515625	4.2	6165
0.0	23604.6259765625	20.86	6166
0.0	2947.33984375	2.68	6167
0.0	1308.40234375	1.18	6168
0.0	107582.69677734375	93.61	6169
0.0	5227.14208984375	4.6	6170
0.0	8228.134765625	7.26	6171
0.0	1582.1845703125	1.42	6172
0.0	44545.62890625	38.94	6173
0.0	8552.0654296875	7.44	6174
0.0	11900.4423828125	10.66	6175
0.0	18138.70458984375	16.05	6176
0.0	17038.3505859375	14.87	6177
0.0	14804.470703125	13.11	6178
0.0	88050.39208984375	76.45	6179
0.0	5184.3994140625	4.68	6180
0.0	4519.80419921875	3.84	6181
0.0	20728.69091796875	18.49	6182
0.0	15478.2041015625	13.44	6183
0.0	4221.51025390625	3.63	6184
0.0	7616.93310546875	6.52	6185
0.0	8525.3271484375	7.56	6186
0.0	658.50830078125	0.61	6187
0.0	7544.3779296875	6.61	6188
0.0	106399.0	94.47	6189
0.0	18948.45849609375	16.86	6190
0.0	4058.0390625	3.56	6191
0.0	4596.42431640625	3.98	6192
0.0	40524.8056640625	35.66	6193
0.0	119832.248046875	102.88	6194
0.0	23036.29052734375	20.7	6195
0.0	5299.09033203125	4.46	6861
0.0	84188.93896484375	73.19	6862
51.0	2048000.0	1785.17	6863
0.0	3184.8955078125	2.51	6864
0.0	66502.931640625	57.29	6865
0.0	197552.0498046875	171.69	6866
0.0	46310.9765625	39.65	6867
0.0	10827.6328125	9.43	6868
0.0	114709.4150390625	99.72	6869
0.0	82268.0849609375	70.06	6870
0.0	126426.091796875	111.17	6871
0.0	10742.51953125	9.4	6872
0.0	33373.8125	28.61	6873
0.0	48931.64111328125	43.07	6874
0.0	7915.8896484375	6.62	6875
0.0	17201.97998046875	15.18	6876
0.0	32206.6162109375	27.81	6877
0.0	4762.240234375	4.14	6878
0.0	2628.1865234375	2.26	6879
0.0	43905.55712890625	37.99	6880
0.0	7171.16552734375	6.29	6881
0.0	29346.9599609375	25.62	6882
0.0	10758.076171875	9.45	6883
0.0	175406.79296875	153.68	6884
0.0	334146.97607421875	291.15	6885
0.0	1772.95068359375	1.57	6886
0.0	159179.73779296875	136.38	6887
0.0	4945.8828125	4.26	6888
0.0	149764.90087890625	127.36	6889
0.0	7651.58447265625	6.72	6890
0.0	15151.37451171875	13.16	6891
0.0	2956.99609375	2.61	6892
0.0	1760.63232421875	1.53	6893
0.0	7085.38330078125	6.12	6894
0.0	3840.89599609375	3.36	6895
0.0	196553.2607421875	173.03	6896
0.0	3493.42431640625	3.08	6897
0.0	111441.8720703125	98.17	6898
0.0	121558.244140625	104.28	6899
0.0	1545.92529296875	1.33	6900
0.0	88478.59375	75.84	6901
0.0	9018.48193359375	7.92	6902
0.0	16699.26513671875	14.51	6903
0.0	6721.1982421875	5.99	6904
0.0	11023.65087890625	9.68	6905
0.0	113646.677734375	98.7	6906
0.0	250038.36865234375	217.52	6907
0.0	84707.88232421875	74.23	6908
0.0	8803.8876953125	7.74	6909
0.0	6142.29833984375	5.12	6910
0.0	10770.54833984375	9.39	6911
0.0	65752.435546875	57.42	6912
0.0	12157.5322265625	10.85	6913
0.0	23524.35546875	20.87	6914
0.0	1417.2744140625	1.18	6915
0.0	43553.40380859375	38.01	6916
0.0	1433.20654296875	1.31	6917
0.0	22648.173828125	19.77	6918
0.0	6334.203125	5.53	6919
0.0	2779.3134765625	2.48	6920
0.0	182186.76025390625	156.48	6921
0.0	11617.6904296875	10.08	6922
0.0	447307.94189453125	380.42	6923
0.0	1839.09423828125	1.65	6924
0.0	3998.5390625	3.5	6925
0.0	41372.78857421875	36.3	6926
0.0	20214.00341796875	17.59	6927
0.0	13219.39453125	11.66	6928
0.0	7309.36376953125	6.31	6929
0.0	4315.330078125	3.58	6930
0.0	3313.0458984375	2.91	6931
0.0	43476.70458984375	38.18	6932
0.0	5773.64892578125	5.08	6933
0.0	7775.87353515625	6.89	6934
0.0	65248.568359375	55.83	6935
0.0	3154.52587890625	2.75	6936
0.0	6157.49951171875	5.47	6937
0.0	90562.97412109375	76.24	6938
0.0	14411.7490234375	12.6	6939
0.0	21480.103515625	18.45	6940
0.0	6312.04736328125	5.58	6941
0.0	63892.44970703125	55.93	6942
0.0	4088.30126953125	3.61	6943
0.0	25572.75341796875	22.39	6944
0.0	11318.6708984375	9.96	6945
0.0	20940.88037109375	17.87	6946
0.0	12762.24658203125	11.41	6947
0.0	140626.677734375	117.9	6948
0.0	113216.71142578125	96.76	6949
0.0	20215.53857421875	17.46	6950
0.0	13071.634765625	11.57	6951
0.0	21173.8837890625	18.65	6952
0.0	769893.0673828125	670.72	6953
0.0	21865.8525390625	19.11	6954
0.0	2352.06689453125	2.1	6955
0.0	10083.21826171875	8.75	6956
0.0	5949.1044921875	5.09	6957
0.0	12283.65234375	10.49	6958
0.0	5865.505859375	5.18	6959
0.0	45942.3388671875	40.16	6960
0.0	25300.5341796875	22.34	6961
0.0	10365.69970703125	9.12	6962
0.0	71079.8251953125	62.13	6963
0.0	25404.859375	22.04	6964
0.0	2905.025390625	2.53	6965
0.0	20891.60595703125	18.56	6966
0.0	6552.33203125	5.61	6967
0.0	22924.79150390625	20.49	6968
0.0	27030.95947265625	23.77	6969
0.0	13553.55517578125	11.6	6970
0.0	15877.22607421875	13.97	6971
0.0	10113.59423828125	8.72	6972
0.0	6859.544921875	6.02	6973
0.0	34471.8037109375	30.33	6974
0.0	14254.376953125	12.79	6975
0.0	9115.05615234375	7.79	6976
0.0	374394.54931640625	328.15	6977
0.0	2988.08837890625	2.63	6978
0.0	30968.759765625	26.81	6979
0.0	7966.88037109375	6.88	6980
0.0	36697.5712890625	31.86	6981
0.0	6520.9287109375	5.64	6982
0.0	16112.72998046875	14.4	6983
0.0	46090.453125	40.24	6984
0.0	129816.9521484375	115.18	6985
0.0	36451.36279296875	32.04	6986
0.0	6788.51708984375	5.95	6987
0.0	26166.90087890625	23.35	6988
0.0	15817.23681640625	13.68	6989
0.0	7303.78173828125	6.39	6990
0.0	11480.1103515625	10.09	6991
0.0	70432.90087890625	61.82	6992
0.0	5292.85693359375	4.68	6993
0.0	5960.87109375	5.28	6994
0.0	148769.2802734375	131.69	6995
0.0	16246.89892578125	14.54	6996
0.0	5538.62451171875	4.92	6997
0.0	221896.18505859375	190.11	6998
0.0	18786.67626953125	16.64	6999
