#FMS random 4-SAT
#N=65536  nIter=65536000  alpha=940   NSamples=448
#av(nit)	2089.1005024569376
#std(nit)	18.44581899339966
#av(e)	0.0
#std(e)	0.0
#av(runtime)	214.6510267857143
#std(runtime)	1.9374467432809745
0.0	2061.063247680664	205.75	1
0.0	1652.9215240478516	164.23	2
0.0	2295.7915802001953	232.61	3
0.0	2948.2709197998047	300.6	4
0.0	2620.023971557617	267.78	5
0.0	3177.0170135498047	325.64	6
0.0	1577.9344787597656	153.83	7
0.0	2020.1790466308594	196.14	8
0.0	2039.094985961914	199.14	9
0.0	1836.2017974853516	192.63	10
0.0	2101.8262786865234	213.9	11
0.0	1966.9058074951172	192.66	12
0.0	2203.1224365234375	232.14	13
0.0	1595.3851013183594	164.49	14
0.0	2333.774124145508	239.87	15
0.0	2278.83544921875	224.17	16
0.0	2297.51513671875	249.79	17
0.0	1779.2969055175781	185.95	18
0.0	2308.220413208008	234.96	19
0.0	2041.5606842041016	216.7	20
0.0	2242.737014770508	229.43	21
0.0	1617.0348205566406	172.07	22
0.0	1644.2794189453125	154.78	23
0.0	1895.5294342041016	191.53	24
0.0	1787.4421691894531	186.0	25
0.0	1873.1580352783203	195.08	26
0.0	1995.0030975341797	204.91	27
0.0	2076.202163696289	215.75	28
0.0	1905.2090301513672	188.52	29
0.0	1967.8662567138672	205.74	30
0.0	1977.1941528320312	202.2	31
0.0	2909.1795501708984	313.77	32
0.0	2139.3231201171875	198.99	33
0.0	2629.8960571289062	285.91	34
0.0	1438.2201232910156	150.67	35
0.0	2149.301055908203	212.94	36
0.0	1770.8724212646484	189.36	37
0.0	1721.8079681396484	182.93	38
0.0	1634.841781616211	169.47	39
0.0	2330.6034393310547	237.27	40
0.0	2632.7857818603516	272.99	41
0.0	1486.3004150390625	150.59	42
0.0	3181.7326049804688	329.96	43
0.0	2014.494155883789	211.0	44
0.0	2751.6346435546875	294.41	45
0.0	2523.066604614258	256.77	46
0.0	1736.077377319336	186.75	47
0.0	2337.4446716308594	238.99	48
0.0	1835.988525390625	189.66	49
0.0	1770.6397094726562	164.1	50
0.0	2310.106903076172	245.86	51
0.0	2275.654556274414	241.78	52
0.0	2109.325729370117	230.31	53
0.0	1578.7150268554688	162.7	54
0.0	2114.0886840820312	229.52	55
0.0	1911.5838928222656	191.07	981
0.0	1595.8204040527344	162.86	982
0.0	1786.6050109863281	177.11	983
0.0	1938.7415008544922	198.42	984
0.0	2663.3359985351562	267.31	985
0.0	2210.5806579589844	224.06	986
0.0	2407.1634674072266	238.18	987
0.0	2656.3751373291016	278.06	988
0.0	1782.5889892578125	180.12	989
0.0	1662.2354736328125	158.22	990
0.0	2347.6017150878906	240.31	991
0.0	2241.4060668945312	232.51	992
0.0	2187.082290649414	218.99	993
0.0	1258.0551300048828	128.34	994
0.0	1887.9250183105469	199.27	995
0.0	1325.243408203125	134.44	996
0.0	2262.1800079345703	225.13	997
0.0	1882.3692321777344	181.07	998
0.0	2366.391555786133	233.74	999
0.0	2046.0989685058594	203.19	1000
0.0	3433.3584747314453	341.97	1001
0.0	2222.5306091308594	220.84	1002
0.0	2545.959442138672	267.3	1003
0.0	1440.7721710205078	144.45	1004
0.0	2320.075469970703	244.41	1005
0.0	2331.5315856933594	244.5	1006
0.0	3022.4373779296875	321.94	1007
0.0	2396.233352661133	255.92	1008
0.0	2266.0274810791016	240.83	1009
0.0	2484.529312133789	258.42	1010
0.0	1348.1767120361328	136.86	1011
0.0	2332.5237579345703	249.81	1012
0.0	1607.7231140136719	165.45	1013
0.0	2532.5137786865234	257.74	1014
0.0	2420.244384765625	245.31	1015
0.0	1776.1847839355469	181.39	1016
0.0	2030.8369903564453	220.56	1017
0.0	2068.72509765625	214.24	1018
0.0	1790.6548919677734	183.88	1019
0.0	1853.0101165771484	169.98	1020
0.0	2167.543182373047	222.23	1021
0.0	1803.3513641357422	195.29	1022
0.0	1682.8516540527344	182.57	1023
0.0	1653.078353881836	171.87	1024
0.0	1968.637222290039	180.9	1025
0.0	1986.4044494628906	192.96	1026
0.0	2354.588394165039	240.72	1027
0.0	1830.97265625	198.44	1028
0.0	2061.4929962158203	221.15	1029
0.0	2342.842498779297	241.42	1030
0.0	2036.1424407958984	209.72	1031
0.0	1550.5309448242188	160.0	1032
0.0	2402.2887115478516	257.4	1033
0.0	1736.5386657714844	176.45	1034
0.0	2008.2533569335938	210.96	1035
0.0	1490.0039367675781	156.42	1036
0.0	2107.5171966552734	196.5	1037
0.0	1663.5952911376953	163.05	1961
0.0	1593.8104095458984	161.42	1962
0.0	2310.7574157714844	234.12	1963
0.0	2230.029739379883	218.84	1964
0.0	1812.9656524658203	184.38	1965
0.0	2069.0191650390625	213.5	1966
0.0	2342.3983459472656	227.56	1967
0.0	1658.9606628417969	167.0	1968
0.0	1654.041030883789	167.99	1969
0.0	1823.8058776855469	185.63	1970
0.0	2196.5096740722656	232.8	1971
0.0	1854.5150299072266	185.14	1972
0.0	2053.821487426758	206.96	1973
0.0	2318.250457763672	243.67	1974
0.0	2517.6978759765625	232.78	1975
0.0	1405.3874206542969	144.25	1976
0.0	3122.158233642578	307.22	1977
0.0	2008.8619384765625	210.29	1978
0.0	2324.1647338867188	242.93	1979
0.0	2045.261459350586	209.11	1980
0.0	2223.1583404541016	227.65	1981
0.0	1700.4889068603516	173.45	1982
0.0	1371.6441802978516	141.85	1983
0.0	2279.5385131835938	241.05	1984
0.0	2355.9514923095703	239.53	1985
0.0	1387.3472595214844	144.06	1986
0.0	1730.8763122558594	184.68	1987
0.0	1945.149673461914	202.43	1988
0.0	1742.1730194091797	188.27	1989
0.0	2307.418411254883	228.43	1990
0.0	2159.774169921875	214.15	1991
0.0	1615.3796997070312	168.0	1992
0.0	1952.9376831054688	210.47	1993
0.0	2721.8814849853516	277.85	1994
0.0	1832.9809265136719	185.36	1995
0.0	2235.2984313964844	228.48	1996
0.0	2098.922882080078	217.94	1997
0.0	2205.900604248047	227.02	1998
0.0	2132.7676849365234	216.31	1999
0.0	1685.3936157226562	172.86	2000
0.0	1880.4918975830078	186.12	2001
0.0	1730.5608673095703	175.1	2002
0.0	1924.0590515136719	208.22	2003
0.0	2145.0055084228516	227.18	2004
0.0	2278.954071044922	234.84	2005
0.0	1716.5548248291016	180.35	2006
0.0	1950.2333984375	201.77	2007
0.0	2141.3861236572266	232.22	2008
0.0	2528.299545288086	243.1	2009
0.0	1894.5341491699219	193.14	2010
0.0	2484.0390625	251.64	2011
0.0	2193.2493286132812	230.11	2012
0.0	2209.4310913085938	236.79	2013
0.0	1950.4827117919922	208.45	2014
0.0	1717.124267578125	182.07	2015
0.0	3315.733871459961	364.39	2016
0.0	1836.1056671142578	189.96	2017
0.0	2452.443832397461	245.12	2941
0.0	2026.9806671142578	205.34	2942
0.0	2575.6966552734375	257.16	2943
0.0	1531.0685119628906	150.56	2944
0.0	2522.244110107422	243.62	2945
0.0	2088.2870178222656	208.65	2946
0.0	2224.690216064453	226.71	2947
0.0	2636.0118255615234	269.86	2948
0.0	1962.5808868408203	199.17	2949
0.0	2229.1617431640625	230.76	2950
0.0	2593.0355682373047	241.0	2951
0.0	2478.1023559570312	257.4	2952
0.0	2023.8431396484375	201.09	2953
0.0	2184.434600830078	225.45	2954
0.0	2550.8712615966797	265.41	2955
0.0	1924.7095184326172	202.36	2956
0.0	2285.9874114990234	226.87	2957
0.0	2004.4912567138672	208.34	2958
0.0	2363.0691986083984	252.35	2959
0.0	2854.225784301758	290.22	2960
0.0	1573.2253875732422	162.29	2961
0.0	1976.7489318847656	206.43	2962
0.0	3552.1603088378906	372.03	2963
0.0	2430.682357788086	265.01	2964
0.0	2264.82470703125	239.61	2965
0.0	2533.665267944336	255.06	2966
0.0	2028.7796020507812	209.53	2967
0.0	1892.6426391601562	203.76	2968
0.0	2484.3248443603516	260.03	2969
0.0	2381.1476440429688	246.89	2970
0.0	1973.0919799804688	205.81	2971
0.0	2510.571792602539	266.72	2972
0.0	2409.3357849121094	258.27	2973
0.0	1453.2550048828125	140.66	2974
0.0	2351.5618438720703	252.46	2975
0.0	1680.155502319336	183.18	2976
0.0	1594.69677734375	158.2	2977
0.0	1567.392822265625	162.58	2978
0.0	1732.0821075439453	175.31	2979
0.0	2225.6295166015625	212.9	2980
0.0	2762.6045532226562	299.3	2981
0.0	2183.337448120117	211.63	2982
0.0	3068.3414154052734	320.27	2983
0.0	2260.764144897461	231.03	2984
0.0	2067.658966064453	209.97	2985
0.0	2145.689010620117	224.71	2986
0.0	2079.989715576172	219.21	2987
0.0	1614.4099731445312	173.68	2988
0.0	2054.0472259521484	223.41	2989
0.0	1569.9496307373047	163.83	2990
0.0	2037.587890625	209.82	2991
0.0	2436.046188354492	249.16	2992
0.0	1979.907958984375	207.35	2993
0.0	2196.308578491211	218.33	3921
0.0	2364.627960205078	237.01	3922
0.0	2196.7877044677734	223.83	3923
0.0	2055.018569946289	196.39	3924
0.0	2364.3775329589844	241.75	3925
0.0	1879.0751342773438	195.07	3926
0.0	2216.3838500976562	228.65	3927
0.0	2452.937210083008	251.97	3928
0.0	2217.231735229492	208.58	3929
0.0	1942.9865112304688	181.73	3930
0.0	2198.0016479492188	220.4	3931
0.0	2114.7818603515625	214.27	3932
0.0	2139.1223907470703	219.67	3933
0.0	1639.1504364013672	169.31	3934
0.0	1968.5413818359375	204.37	3935
0.0	1604.840805053711	160.31	3936
0.0	2692.617919921875	281.82	3937
0.0	1711.9849548339844	180.73	3938
0.0	1745.5471954345703	178.9	3939
0.0	1911.024185180664	198.58	3940
0.0	2589.9156494140625	242.93	3941
0.0	1752.8038330078125	175.44	3942
0.0	1849.7279357910156	181.56	3943
0.0	2847.6331481933594	301.04	3944
0.0	1778.5914154052734	178.1	3945
0.0	1890.4975128173828	194.17	3946
0.0	2492.182098388672	254.52	3947
0.0	1992.9540252685547	204.54	3948
0.0	1802.343032836914	182.06	3949
0.0	1575.6868896484375	163.83	3950
0.0	3250.506317138672	340.98	3951
0.0	1897.2460479736328	201.38	3952
0.0	2111.9835815429688	221.02	3953
0.0	2004.132339477539	197.5	3954
0.0	2335.8441009521484	244.88	3955
0.0	2180.122512817383	226.25	3956
0.0	1347.5455322265625	139.31	3957
0.0	1781.666763305664	169.52	3958
0.0	1831.696792602539	194.19	3959
0.0	1569.9396514892578	163.56	3960
0.0	2149.1874389648438	208.85	3961
0.0	1447.6714172363281	132.88	3962
0.0	1492.7264099121094	163.63	3963
0.0	1642.1951599121094	158.36	3964
0.0	1639.0705261230469	170.93	3965
0.0	2176.197509765625	235.91	3966
0.0	2062.6853942871094	213.75	3967
0.0	1355.0575866699219	140.71	3968
0.0	1608.7236938476562	172.3	3969
0.0	2455.275909423828	260.32	3970
0.0	2297.0267486572266	235.37	3971
0.0	1806.6459655761719	185.69	3972
0.0	2605.1024780273438	280.52	3973
0.0	1585.1402282714844	162.36	3974
0.0	1749.0010833740234	184.28	3975
0.0	2257.770782470703	238.01	3976
0.0	2043.1542053222656	206.44	3977
0.0	2629.408706665039	270.98	3978
0.0	1843.7136993408203	175.52	4901
0.0	1558.2271728515625	156.37	4902
0.0	1377.7129364013672	134.39	4903
0.0	1674.6240539550781	166.45	4904
0.0	2391.836944580078	240.88	4905
0.0	1779.451187133789	179.78	4906
0.0	1862.1020812988281	194.16	4907
0.0	2295.5950469970703	231.0	4908
0.0	2090.3761138916016	217.21	4909
0.0	2648.007125854492	261.16	4910
0.0	1935.3876953125	189.52	4911
0.0	1999.2886962890625	208.24	4912
0.0	2188.386505126953	222.78	4913
0.0	1877.651870727539	191.61	4914
0.0	2064.580276489258	208.53	4915
0.0	2288.590347290039	229.57	4916
0.0	2109.054153442383	215.98	4917
0.0	2679.6385498046875	284.19	4918
0.0	1931.4321594238281	196.51	4919
0.0	1861.1006774902344	192.54	4920
0.0	1889.7010803222656	200.51	4921
0.0	1520.2949981689453	151.72	4922
0.0	2305.6699829101562	225.93	4923
0.0	2638.3240356445312	247.4	4924
0.0	2208.2122802734375	230.72	4925
0.0	2095.253692626953	218.47	4926
0.0	1930.0914154052734	203.6	4927
0.0	2318.3546142578125	247.08	4928
0.0	2220.2479553222656	238.51	4929
0.0	2079.921127319336	220.15	4930
0.0	1610.3228149414062	171.03	4931
0.0	2110.240219116211	217.5	4932
0.0	1772.108383178711	184.57	4933
0.0	2507.175552368164	260.05	4934
0.0	2482.8094482421875	259.87	4935
0.0	1932.0101470947266	203.2	4936
0.0	1656.1038360595703	179.21	4937
0.0	2122.193344116211	225.56	4938
0.0	1845.9861450195312	194.14	4939
0.0	2478.186248779297	269.18	4940
0.0	2216.718780517578	230.02	4941
0.0	1396.4004821777344	147.08	4942
0.0	1659.2708587646484	168.1	4943
0.0	2802.6966857910156	299.29	4944
0.0	2436.8741149902344	249.17	4945
0.0	2636.3198852539062	253.37	4946
0.0	2012.9544830322266	204.24	4947
0.0	2149.066452026367	233.53	4948
0.0	2143.833267211914	219.27	4949
0.0	2154.129150390625	227.85	4950
0.0	2471.6144104003906	252.18	4951
0.0	1869.087875366211	202.28	4952
0.0	2247.5663299560547	240.44	4953
0.0	2712.8887939453125	277.52	4954
0.0	1533.3622436523438	164.07	4955
0.0	2696.6053314208984	277.77	4956
0.0	2263.7981719970703	225.72	5881
0.0	2725.2828979492188	271.88	5882
0.0	2107.3826599121094	218.13	5883
0.0	2814.6204986572266	286.81	5884
0.0	1828.8900451660156	186.5	5885
0.0	2281.9332275390625	229.64	5886
0.0	2024.3543548583984	208.84	5887
0.0	2027.745864868164	192.65	5888
0.0	1885.1666107177734	191.58	5889
0.0	1619.7490692138672	167.41	5890
0.0	1698.1636199951172	182.77	5891
0.0	2823.5591888427734	281.34	5892
0.0	1953.0501708984375	206.34	5893
0.0	2021.1569061279297	208.63	5894
0.0	1958.4698181152344	191.98	5895
0.0	2159.5037689208984	231.14	5896
0.0	2234.6927490234375	230.35	5897
0.0	2299.181350708008	236.78	5898
0.0	2010.9935913085938	198.15	5899
0.0	2105.9645080566406	197.3	5900
0.0	1576.4318084716797	159.39	5901
0.0	2299.8995819091797	240.06	5902
0.0	2037.8627319335938	204.56	5903
0.0	2313.267578125	224.68	5904
0.0	2548.0726165771484	274.11	5905
0.0	2320.4376831054688	236.19	5906
0.0	2429.169143676758	245.38	5907
0.0	1677.210678100586	181.13	5908
0.0	1887.8484344482422	185.12	5909
0.0	2169.797332763672	226.14	5910
0.0	1696.3980407714844	181.14	5911
0.0	1832.3521118164062	180.12	5912
0.0	1741.6820068359375	186.97	5913
0.0	2649.7625274658203	283.03	5914
0.0	1518.0603332519531	158.75	5915
0.0	2622.116989135742	250.15	5916
0.0	2190.3422088623047	229.29	5917
0.0	1986.1181945800781	209.57	5918
0.0	2005.5809173583984	212.94	5919
0.0	2783.488998413086	287.64	5920
0.0	1680.4236297607422	170.74	5921
0.0	2104.180648803711	211.37	5922
0.0	3089.9058990478516	311.75	5923
0.0	2149.3318939208984	238.53	5924
0.0	2619.207809448242	269.9	5925
0.0	1933.5989379882812	196.57	5926
0.0	1870.4566040039062	188.9	5927
0.0	2981.8162689208984	309.26	5928
0.0	1745.2263946533203	186.96	5929
0.0	2507.2452545166016	268.01	5930
0.0	1934.172866821289	196.05	5931
0.0	1918.4100189208984	185.35	5932
0.0	1947.2196350097656	201.4	5933
0.0	2398.1800994873047	248.74	5934
0.0	2110.437545776367	214.31	5935
0.0	1918.1130828857422	191.74	6861
0.0	2655.8438110351562	258.38	6862
0.0	1990.2534942626953	197.52	6863
0.0	2015.665542602539	203.76	6864
0.0	2010.7799377441406	208.3	6865
0.0	2497.333938598633	261.33	6866
0.0	3419.731246948242	358.19	6867
0.0	2339.283218383789	239.03	6868
0.0	2575.9081420898438	266.09	6869
0.0	1903.3536834716797	197.68	6870
0.0	1949.9581146240234	192.05	6871
0.0	2126.4429931640625	219.82	6872
0.0	2023.0716857910156	204.73	6873
0.0	1988.9949645996094	188.89	6874
0.0	1665.3331909179688	176.48	6875
0.0	1843.9671630859375	195.34	6876
0.0	1669.2848815917969	177.1	6877
0.0	2291.572555541992	241.45	6878
0.0	2808.3309936523438	300.04	6879
0.0	2363.801483154297	250.95	6880
0.0	1705.724136352539	183.73	6881
0.0	1901.0181732177734	194.71	6882
0.0	2370.2784881591797	243.33	6883
0.0	1615.4018859863281	171.04	6884
0.0	2494.7647857666016	259.26	6885
0.0	1548.722396850586	164.19	6886
0.0	2255.364044189453	242.18	6887
0.0	2132.3948669433594	216.16	6888
0.0	2529.9187927246094	238.65	6889
0.0	1793.1010131835938	183.13	6890
0.0	1812.6124572753906	197.36	6891
0.0	1330.8949279785156	136.48	6892
0.0	2161.297836303711	231.01	6893
0.0	1727.4763641357422	184.89	6894
0.0	1839.3111877441406	194.53	6895
0.0	1705.5760498046875	177.66	6896
0.0	1894.8652801513672	179.97	6897
0.0	2043.4778289794922	190.19	6898
0.0	1816.4542694091797	194.06	6899
0.0	2044.3123626708984	208.48	6900
0.0	2402.604217529297	247.65	6901
0.0	1880.2371520996094	196.94	6902
0.0	1611.7341613769531	165.63	6903
0.0	1704.0387268066406	178.94	6904
0.0	1952.0722351074219	194.66	6905
0.0	2313.2259521484375	237.06	6906
0.0	2113.3001251220703	228.5	6907
0.0	3144.395782470703	322.45	6908
0.0	2170.6883697509766	236.68	6909
0.0	2007.545181274414	207.5	6910
0.0	1989.1272277832031	202.45	6911
0.0	1771.242935180664	192.88	6912
0.0	1768.172119140625	183.38	6913
0.0	2111.5653533935547	219.36	6914
0.0	1709.8513488769531	182.13	6915
0.0	1893.4892578125	206.07	6916
0.0	1357.956039428711	142.29	6917
