#FMS random 4-SAT
#N=16384  nIter=50000  alpha=950   NSamples=1353
#av(nit)	5016.403061420585
#std(nit)	68.26715323650241
#av(e)	0.0
#std(e)	0.0
#av(runtime)	69.81212121212121
#std(runtime)	0.9518487216429824
0.0	7663.4326171875	103.91	1
0.0	3427.6302490234375	46.46	2
0.0	7157.6929931640625	101.7	3
0.0	4328.368957519531	59.17	4
0.0	6070.646240234375	81.11	5
0.0	3740.9497680664062	51.76	6
0.0	2021.7574462890625	25.58	7
0.0	3824.2344360351562	51.46	8
0.0	4791.807678222656	64.82	9
0.0	4941.548095703125	66.8	10
0.0	6889.813720703125	85.53	11
0.0	3978.7189331054688	56.41	12
0.0	4797.060607910156	64.48	13
0.0	5500.072326660156	69.32	14
0.0	11168.357177734375	157.65	15
0.0	3186.6140747070312	43.07	16
0.0	9004.991760253906	124.52	17
0.0	5370.6690673828125	71.56	18
0.0	18839.782348632812	257.53	19
0.0	3347.6593627929688	43.58	20
0.0	11459.136352539062	156.93	21
0.0	2957.3331298828125	41.11	22
0.0	5135.748962402344	74.5	23
0.0	2189.7638549804688	29.51	24
0.0	3241.1005859375	43.75	25
0.0	5618.099914550781	79.96	26
0.0	4488.101257324219	62.78	27
0.0	4893.024841308594	68.79	28
0.0	3696.3081665039062	50.0	29
0.0	3043.0284423828125	38.23	30
0.0	12319.081726074219	175.44	31
0.0	2823.145263671875	37.19	32
0.0	3026.6647338867188	43.1	33
0.0	4169.388427734375	59.46	34
0.0	2771.5845947265625	38.25	35
0.0	2189.576904296875	31.01	36
0.0	5500.325622558594	79.8	37
0.0	2954.0258178710938	40.08	38
0.0	3373.5115966796875	45.36	39
0.0	6889.00830078125	92.21	40
0.0	5716.4229736328125	80.21	41
0.0	5573.179504394531	79.32	42
0.0	5602.595397949219	74.0	43
0.0	2187.9424438476562	30.1	44
0.0	7077.336853027344	100.85	45
0.0	5317.659729003906	71.54	46
0.0	3855.4461059570312	51.82	47
0.0	5495.0859375	74.63	48
0.0	3414.123779296875	47.53	49
0.0	3717.034423828125	52.34	50
0.0	4446.4332275390625	62.49	51
0.0	4100.174011230469	56.28	52
0.0	4148.5634765625	54.71	53
0.0	1984.8822021484375	28.58	54
0.0	4278.151062011719	61.61	55
0.0	5879.805969238281	81.55	56
0.0	4047.5595703125	53.17	57
0.0	5012.855773925781	71.15	58
0.0	3391.4600219726562	48.8	59
0.0	4028.810546875	56.13	60
0.0	4140.0693359375	52.76	61
0.0	4647.916259765625	67.54	62
0.0	2131.9959106445312	31.02	63
0.0	8557.669677734375	118.22	64
0.0	5108.40478515625	70.81	65
0.0	1989.1036376953125	28.31	66
0.0	3630.515380859375	52.33	67
0.0	2898.544921875	40.27	68
0.0	2610.0000610351562	34.94	69
0.0	5485.878845214844	71.05	70
0.0	8387.598693847656	120.22	71
0.0	3492.1583862304688	50.03	72
0.0	4706.78857421875	66.92	73
0.0	10598.436645507812	149.89	74
0.0	6926.550964355469	99.3	75
0.0	5906.353698730469	82.89	76
0.0	5483.790588378906	76.1	77
0.0	4838.7410888671875	65.66	78
0.0	3199.123779296875	45.97	79
0.0	6677.175842285156	90.07	80
0.0	5271.360412597656	75.2	81
0.0	1931.4508666992188	26.63	82
0.0	5479.6270751953125	78.21	83
0.0	9330.757690429688	130.77	84
0.0	7931.283935546875	105.05	85
0.0	3399.3884887695312	44.94	86
0.0	4110.0411376953125	53.08	87
0.0	3420.6310424804688	48.22	88
0.0	4807.264953613281	64.62	89
0.0	1098.3489379882812	16.11	90
0.0	3074.4309692382812	44.03	91
0.0	3327.2393798828125	46.93	92
0.0	5587.8671875	79.95	93
0.0	5609.454833984375	83.88	94
0.0	6503.2957763671875	91.4	95
0.0	7546.803894042969	111.47	96
0.0	4925.522766113281	67.43	97
0.0	13156.531066894531	188.91	98
0.0	2500.3318481445312	33.22	99
0.0	13380.312316894531	187.98	100
0.0	6572.1842041015625	93.15	101
0.0	4271.94677734375	63.03	102
0.0	3603.5462036132812	50.29	103
0.0	6962.604248046875	89.04	104
0.0	5107.749206542969	72.38	105
0.0	1051.6065063476562	14.65	106
0.0	9016.495666503906	131.35	107
0.0	2556.7539672851562	35.9	108
0.0	5446.415588378906	78.76	109
0.0	7213.544006347656	92.61	110
0.0	4128.600769042969	53.58	111
0.0	5486.541809082031	82.19	112
0.0	5235.101806640625	72.23	113
0.0	2840.4261474609375	39.14	114
0.0	6893.5203857421875	94.4	115
0.0	4005.4137573242188	57.89	116
0.0	5238.582275390625	75.49	117
0.0	9067.20166015625	131.92	118
0.0	5911.34228515625	85.91	119
0.0	3506.5250244140625	53.56	120
0.0	2121.3421020507812	29.32	121
0.0	9943.801940917969	145.24	122
0.0	12767.902709960938	179.57	123
0.0	6454.962463378906	91.82	124
0.0	6954.625671386719	97.98	125
0.0	13568.103759765625	166.76	126
0.0	3864.4005126953125	55.83	127
0.0	4346.925537109375	56.73	128
0.0	3363.3419799804688	45.32	129
0.0	4102.8465576171875	59.64	130
0.0	2309.3482666015625	35.09	131
0.0	13122.526672363281	193.91	132
0.0	4444.2601318359375	60.0	133
0.0	5020.8975830078125	72.07	134
0.0	2008.0693359375	27.88	135
0.0	3686.2693481445312	47.48	136
0.0	3428.5703735351562	49.18	137
0.0	4064.3944091796875	57.19	138
0.0	3625.2310180664062	53.1	139
0.0	3669.496337890625	52.2	140
0.0	3387.1226806640625	45.63	141
0.0	5758.431701660156	85.78	142
0.0	2794.3910522460938	40.57	143
0.0	3909.7245483398438	56.7	144
0.0	5118.609558105469	74.33	145
0.0	7061.625793457031	99.45	146
0.0	3782.226318359375	54.24	147
0.0	2680.4190673828125	35.62	148
0.0	5643.257080078125	84.22	149
0.0	5992.471496582031	85.49	150
0.0	3573.560546875	52.19	151
0.0	3349.9772338867188	44.32	152
0.0	2903.3841552734375	42.47	153
0.0	3394.4822387695312	49.02	154
0.0	4304.584777832031	61.64	155
0.0	3411.9497680664062	46.89	156
0.0	4681.516784667969	62.03	157
0.0	3143.2449340820312	42.68	158
0.0	2976.7388305664062	43.46	159
0.0	5547.394592285156	77.02	160
0.0	12620.915283203125	182.44	161
0.0	8228.329284667969	119.71	162
0.0	5213.96240234375	75.0	163
0.0	3412.041748046875	48.14	164
0.0	12125.18408203125	171.38	165
0.0	3359.9857788085938	43.02	166
0.0	7402.812561035156	90.09	167
0.0	2595.89208984375	39.09	168
0.0	6903.6519775390625	92.87	981
0.0	8428.421875	111.89	982
0.0	4300.6363525390625	58.68	983
0.0	4099.9619140625	55.03	984
0.0	4599.181091308594	61.67	985
0.0	4266.511047363281	60.46	986
0.0	4243.627197265625	58.39	987
0.0	4070.3203125	55.41	988
0.0	5059.8970947265625	66.37	989
0.0	5871.832092285156	80.61	990
0.0	3132.3427124023438	40.11	991
0.0	6243.966064453125	87.89	992
0.0	3798.1420288085938	51.03	993
0.0	6397.611572265625	86.35	994
0.0	2519.1427001953125	32.33	995
0.0	3589.6673583984375	49.81	996
0.0	2808.5672607421875	38.62	997
0.0	3354.4420166015625	47.5	998
0.0	3377.289794921875	46.84	999
0.0	2619.133056640625	37.98	1000
0.0	9594.854919433594	129.43	1001
0.0	2693.94140625	32.73	1002
0.0	5595.64111328125	80.49	1003
0.0	5231.5711669921875	70.04	1004
0.0	4904.456787109375	68.27	1005
0.0	4038.111328125	57.73	1006
0.0	9534.257507324219	128.36	1007
0.0	8028.5758056640625	110.05	1008
0.0	4622.052001953125	61.94	1009
0.0	4645.6480712890625	65.05	1010
0.0	3106.1460571289062	44.69	1011
0.0	2861.0712280273438	40.28	1012
0.0	4807.301940917969	68.95	1013
0.0	2182.3462524414062	29.5	1014
0.0	8156.763366699219	112.67	1015
0.0	7404.031433105469	101.4	1016
0.0	3351.4601440429688	46.94	1017
0.0	3470.5877685546875	48.76	1018
0.0	4769.198486328125	63.69	1019
0.0	11841.788391113281	168.41	1020
0.0	4663.887512207031	66.28	1021
0.0	8273.177001953125	105.14	1022
0.0	8223.252746582031	115.67	1023
0.0	6503.9874267578125	86.81	1024
0.0	1823.3051147460938	25.38	1025
0.0	5450.3076171875	78.55	1026
0.0	2482.9970703125	33.98	1027
0.0	3399.0877685546875	47.08	1028
0.0	2813.6729125976562	40.68	1029
0.0	4927.051086425781	67.28	1030
0.0	3737.57373046875	52.05	1031
0.0	2951.7891845703125	37.61	1032
0.0	3147.73974609375	42.63	1033
0.0	5030.0067138671875	66.01	1034
0.0	2331.0352783203125	32.37	1035
0.0	6417.1656494140625	81.2	1036
0.0	3394.881591796875	47.87	1037
0.0	11007.654357910156	154.6	1038
0.0	3784.8521728515625	53.71	1039
0.0	6082.523010253906	84.66	1040
0.0	3107.0308227539062	44.6	1041
0.0	6039.761291503906	88.1	1042
0.0	6799.424560546875	95.32	1043
0.0	3318.720703125	46.56	1044
0.0	2713.39013671875	36.45	1045
0.0	8485.262634277344	122.88	1046
0.0	4131.079406738281	58.82	1047
0.0	3653.950927734375	49.31	1048
0.0	4641.553283691406	64.58	1049
0.0	2886.6373901367188	41.13	1050
0.0	4970.183837890625	70.72	1051
0.0	11063.725891113281	156.33	1052
0.0	6085.729797363281	88.14	1053
0.0	3082.887451171875	44.32	1054
0.0	5712.781982421875	81.59	1055
0.0	2914.6298828125	41.94	1056
0.0	5344.161865234375	73.04	1057
0.0	2791.1207885742188	39.0	1058
0.0	7307.332702636719	101.45	1059
0.0	3574.5325927734375	49.15	1060
0.0	5733.614318847656	80.69	1061
0.0	2647.7069702148438	37.76	1062
0.0	3985.6323852539062	56.46	1063
0.0	3283.2415161132812	44.42	1064
0.0	5458.915100097656	73.88	1065
0.0	4946.31884765625	69.38	1066
0.0	4824.280700683594	68.74	1067
0.0	1510.38525390625	21.04	1068
0.0	2672.0878295898438	36.88	1069
0.0	5787.035949707031	83.36	1070
0.0	7046.3397216796875	92.47	1071
0.0	4494.986999511719	63.54	1072
0.0	1987.5942993164062	27.81	1073
0.0	6809.19482421875	98.76	1074
0.0	2628.4317626953125	37.1	1075
0.0	2293.3036499023438	31.58	1076
0.0	2326.2058715820312	32.67	1077
0.0	5093.4163818359375	71.46	1078
0.0	4269.6817626953125	60.86	1079
0.0	5260.7061767578125	76.64	1080
0.0	2809.325927734375	39.27	1081
0.0	3033.1315307617188	43.1	1082
0.0	3611.4613647460938	52.45	1083
0.0	7640.236022949219	112.0	1084
0.0	5466.69580078125	74.71	1085
0.0	5852.862365722656	83.18	1086
0.0	13414.693664550781	192.69	1087
0.0	3442.6546020507812	50.24	1088
0.0	7560.677978515625	103.83	1089
0.0	2562.4296875	37.53	1090
0.0	3532.0808715820312	49.17	1091
0.0	4628.160888671875	67.17	1092
0.0	4751.680847167969	67.68	1093
0.0	3471.3850708007812	45.69	1094
0.0	4143.4825439453125	61.79	1095
0.0	4343.261169433594	62.6	1096
0.0	1508.1708374023438	21.66	1097
0.0	4741.0047607421875	67.74	1098
0.0	4980.397644042969	71.95	1099
0.0	2894.5811157226562	38.36	1100
0.0	4208.082824707031	57.84	1101
0.0	3250.2460327148438	45.75	1102
0.0	2107.643310546875	31.41	1103
0.0	8996.394897460938	128.14	1104
0.0	2689.4578247070312	37.38	1105
0.0	1917.149658203125	27.11	1106
0.0	3373.2033081054688	46.99	1107
0.0	2144.5074462890625	29.31	1108
0.0	3619.1842651367188	49.61	1109
0.0	2558.6842651367188	37.58	1110
0.0	4280.4256591796875	57.69	1111
0.0	2791.8975830078125	38.04	1112
0.0	10909.716064453125	152.05	1113
0.0	2650.8876953125	39.09	1114
0.0	7980.4071044921875	111.04	1115
0.0	3544.0587158203125	50.5	1116
0.0	4622.798034667969	65.28	1117
0.0	2937.8434448242188	38.96	1118
0.0	4082.3222045898438	57.08	1119
0.0	7201.11767578125	103.14	1120
0.0	6359.0247802734375	80.73	1121
0.0	8928.867004394531	130.63	1122
0.0	3724.6715698242188	54.02	1123
0.0	3140.8209228515625	46.32	1124
0.0	8060.88818359375	103.78	1125
0.0	2445.305419921875	36.64	1126
0.0	4614.73095703125	63.89	1127
0.0	2851.1665649414062	39.82	1128
0.0	2258.83837890625	33.01	1129
0.0	3321.1328735351562	47.01	1130
0.0	4096.98681640625	60.0	1131
0.0	4525.726135253906	62.57	1132
0.0	3652.8199462890625	49.26	1133
0.0	3932.1365966796875	56.36	1134
0.0	3039.0563354492188	44.29	1135
0.0	3799.781982421875	53.5	1136
0.0	5620.3624267578125	74.97	1137
0.0	4750.213195800781	69.35	1138
0.0	6523.6197509765625	95.7	1139
0.0	3785.8486938476562	51.35	1140
0.0	3771.5424194335938	56.11	1141
0.0	4795.004821777344	69.47	1142
0.0	2531.5258178710938	34.9	1143
0.0	14586.182922363281	220.1	1144
0.0	7666.558654785156	105.96	1145
0.0	3814.1236572265625	53.5	1146
0.0	7355.0400390625	107.18	1147
0.0	2789.4814453125	41.97	1148
0.0	2398.1143798828125	33.63	1149
0.0	3017.1161499023438	42.62	1150
0.0	3840.5062255859375	57.39	1151
0.0	2214.7493286132812	32.23	1152
0.0	6279.053955078125	91.24	1153
0.0	3694.3948974609375	54.57	1154
0.0	5672.873107910156	77.2	1155
0.0	3395.3314819335938	49.65	1156
0.0	4029.2828369140625	56.14	1157
0.0	5274.383728027344	79.36	1158
0.0	2677.5427856445312	34.32	1159
0.0	5392.736877441406	74.63	1160
0.0	2753.8961181640625	39.03	1161
0.0	5872.3697509765625	79.84	1162
0.0	3722.4641723632812	55.83	1163
0.0	4349.0413818359375	61.52	1164
0.0	3324.7789916992188	45.23	1165
0.0	4687.9591064453125	62.96	1961
0.0	3287.6868896484375	43.04	1962
0.0	3615.2546997070312	46.61	1963
0.0	4230.837951660156	55.92	1964
0.0	2983.2745361328125	41.05	1965
0.0	2547.5911254882812	33.59	1966
0.0	5845.98779296875	82.27	1967
0.0	2955.2317504882812	41.12	1968
0.0	2008.0093994140625	27.29	1969
0.0	2429.9710693359375	33.16	1970
0.0	3768.2391967773438	52.65	1971
0.0	3966.6385498046875	51.71	1972
0.0	4657.382507324219	63.78	1973
0.0	4658.926696777344	64.65	1974
0.0	3927.8923950195312	53.15	1975
0.0	7477.0478515625	102.56	1976
0.0	4505.649169921875	59.0	1977
0.0	11909.893920898438	160.08	1978
0.0	5565.944763183594	71.92	1979
0.0	2566.9031982421875	36.25	1980
0.0	6232.636657714844	85.14	1981
0.0	10784.193908691406	152.81	1982
0.0	5009.9283447265625	71.24	1983
0.0	3991.443115234375	57.9	1984
0.0	11350.293823242188	152.56	1985
0.0	8798.356750488281	125.37	1986
0.0	3345.910888671875	45.47	1987
0.0	3206.4964599609375	44.54	1988
0.0	4391.471008300781	59.53	1989
0.0	3837.8181762695312	52.63	1990
0.0	2440.557861328125	33.81	1991
0.0	3236.8064575195312	42.25	1992
0.0	2696.2534790039062	37.88	1993
0.0	4554.110412597656	59.73	1994
0.0	2943.7708740234375	40.11	1995
0.0	2487.3214111328125	34.35	1996
0.0	3601.1600341796875	49.26	1997
0.0	2537.4976196289062	35.4	1998
0.0	4256.930480957031	60.41	1999
0.0	4236.0146484375	58.33	2000
0.0	4156.382629394531	57.77	2001
0.0	7354.3509521484375	106.21	2002
0.0	3368.4579467773438	45.83	2003
0.0	3099.3604736328125	44.84	2004
0.0	8420.412231445312	119.49	2005
0.0	9143.265319824219	131.16	2006
0.0	3445.88623046875	46.78	2007
0.0	6015.67138671875	85.16	2008
0.0	11032.198181152344	160.64	2009
0.0	4034.205810546875	56.22	2010
0.0	3223.9063720703125	45.43	2011
0.0	2690.3766479492188	38.74	2012
0.0	3827.652587890625	50.72	2013
0.0	2320.83203125	33.81	2014
0.0	4495.766540527344	60.23	2015
0.0	2443.7888793945312	32.96	2016
0.0	3212.4834594726562	41.49	2017
0.0	9831.434448242188	146.71	2018
0.0	5352.9832763671875	74.23	2019
0.0	6113.8133544921875	88.81	2020
0.0	3222.87890625	45.59	2021
0.0	5169.790771484375	69.36	2022
0.0	2441.4202880859375	36.24	2023
0.0	2629.0722045898438	37.74	2024
0.0	10726.556274414062	152.43	2025
0.0	5000.193176269531	69.65	2026
0.0	5786.676452636719	82.37	2027
0.0	4829.3701171875	70.24	2028
0.0	4432.039367675781	60.6	2029
0.0	3943.6365356445312	55.89	2030
0.0	1865.17138671875	26.2	2031
0.0	4678.481384277344	62.55	2032
0.0	3722.9826049804688	51.47	2033
0.0	4299.181945800781	59.65	2034
0.0	6829.7904052734375	95.86	2035
0.0	7820.6046142578125	112.12	2036
0.0	5142.416076660156	69.96	2037
0.0	4583.109680175781	62.78	2038
0.0	8419.019104003906	118.73	2039
0.0	2522.3305053710938	30.38	2040
0.0	3449.8976440429688	49.05	2041
0.0	4955.080871582031	68.98	2042
0.0	6742.3699951171875	90.0	2043
0.0	5453.063171386719	79.3	2044
0.0	3503.8057861328125	49.78	2045
0.0	4863.8060302734375	72.8	2046
0.0	6740.497741699219	97.07	2047
0.0	4199.874938964844	57.67	2048
0.0	7628.5775146484375	110.76	2049
0.0	6089.855407714844	86.77	2050
0.0	8642.932739257812	128.88	2051
0.0	5548.81591796875	77.62	2052
0.0	14180.376831054688	204.57	2053
0.0	5109.385986328125	71.84	2054
0.0	5001.199157714844	75.9	2055
0.0	2725.6069946289062	39.51	2056
0.0	5040.748779296875	70.28	2057
0.0	7311.3531494140625	93.74	2058
0.0	5720.28662109375	80.65	2059
0.0	3538.505126953125	51.31	2060
0.0	4984.230041503906	71.32	2061
0.0	2134.378662109375	30.15	2062
0.0	5143.40185546875	74.62	2063
0.0	3465.24951171875	49.31	2064
0.0	6814.1087646484375	100.1	2065
0.0	3750.8373413085938	51.21	2066
0.0	6596.10595703125	93.87	2067
0.0	8801.002075195312	127.05	2068
0.0	4987.412658691406	60.11	2069
0.0	2814.7554931640625	40.17	2070
0.0	6802.69287109375	87.63	2071
0.0	2514.2870483398438	36.21	2072
0.0	4995.032043457031	69.89	2073
0.0	3026.1502685546875	42.6	2074
0.0	1853.8046875	26.27	2075
0.0	7588.760925292969	107.64	2076
0.0	9812.947326660156	137.09	2077
0.0	10802.302856445312	140.9	2078
0.0	5673.98193359375	81.23	2079
0.0	4163.260925292969	61.36	2080
0.0	2135.0176391601562	31.13	2081
0.0	5386.601257324219	76.93	2082
0.0	2991.1429443359375	43.48	2083
0.0	5116.171081542969	72.09	2084
0.0	4624.7794189453125	61.88	2085
0.0	9724.397583007812	143.06	2086
0.0	4385.645568847656	59.81	2087
0.0	7640.164794921875	104.61	2088
0.0	2010.8185424804688	30.12	2089
0.0	3642.7559814453125	47.89	2090
0.0	3169.5986938476562	44.49	2091
0.0	7091.74169921875	99.92	2092
0.0	5175.827575683594	71.56	2093
0.0	5294.4732666015625	74.59	2094
0.0	2470.1920776367188	34.06	2095
0.0	9127.551818847656	127.29	2096
0.0	10349.543090820312	139.84	2097
0.0	5548.9791259765625	81.32	2098
0.0	4721.555114746094	62.98	2099
0.0	4946.051208496094	71.57	2100
0.0	4139.9197998046875	58.63	2101
0.0	6945.453857421875	102.4	2102
0.0	3090.34228515625	45.29	2103
0.0	3183.0320434570312	39.68	2104
0.0	11122.201782226562	144.63	2105
0.0	5115.0743408203125	73.49	2106
0.0	4127.4144287109375	58.3	2107
0.0	6872.431701660156	96.79	2108
0.0	5133.620422363281	70.6	2109
0.0	9558.993103027344	138.3	2110
0.0	3322.302001953125	48.39	2111
0.0	4347.81640625	59.89	2112
0.0	11471.565063476562	164.61	2113
0.0	9441.934020996094	140.57	2114
0.0	4058.2990112304688	56.7	2115
0.0	4375.711975097656	60.71	2116
0.0	6679.331237792969	96.52	2117
0.0	3879.9673461914062	53.87	2118
0.0	5510.53759765625	72.16	2119
0.0	3268.54296875	40.86	2120
0.0	3421.0971069335938	50.9	2121
0.0	7475.361755371094	109.68	2122
0.0	5832.742919921875	80.91	2123
0.0	3722.0409545898438	51.16	2124
0.0	8294.846374511719	123.85	2125
0.0	8811.4609375	123.57	2941
0.0	3030.434326171875	40.95	2942
0.0	2866.7841186523438	40.19	2943
0.0	4394.027038574219	60.15	2944
0.0	4598.9425048828125	60.42	2945
0.0	4275.705810546875	61.3	2946
0.0	2067.48779296875	27.31	2947
0.0	2470.5254516601562	33.7	2948
0.0	4065.5836791992188	48.73	2949
0.0	4291.5496826171875	55.69	2950
0.0	4847.964294433594	67.35	2951
0.0	4583.217468261719	62.86	2952
0.0	5001.27099609375	68.6	2953
0.0	3602.6309204101562	48.62	2954
0.0	4327.15380859375	59.9	2955
0.0	6457.033752441406	90.39	2956
0.0	3423.5709228515625	43.76	2957
0.0	8789.107238769531	115.73	2958
0.0	4452.099609375	59.68	2959
0.0	6477.594177246094	83.38	2960
0.0	2231.4249267578125	30.82	2961
0.0	10340.321960449219	141.55	2962
0.0	3438.2263793945312	44.71	2963
0.0	2218.5759887695312	29.78	2964
0.0	3244.6192016601562	43.92	2965
0.0	2290.9722290039062	32.76	2966
0.0	4844.7725830078125	62.9	2967
0.0	4955.3714599609375	67.6	2968
0.0	5501.847473144531	74.6	2969
0.0	3169.775146484375	40.84	2970
0.0	7581.0885009765625	104.58	2971
0.0	3816.6139526367188	52.71	2972
0.0	5060.688049316406	68.72	2973
0.0	5951.671081542969	78.75	2974
0.0	2759.7122802734375	40.13	2975
0.0	3662.0095825195312	49.69	2976
0.0	6177.323669433594	79.24	2977
0.0	2592.3587646484375	37.49	2978
0.0	4508.586853027344	64.51	2979
0.0	3095.99609375	43.07	2980
0.0	2953.046142578125	42.84	2981
0.0	4152.6749267578125	58.99	2982
0.0	6783.184387207031	97.46	2983
0.0	5290.84033203125	73.99	2984
0.0	5494.114074707031	78.14	2985
0.0	2504.3353271484375	34.97	2986
0.0	4946.609619140625	63.35	2987
0.0	3771.7735595703125	53.48	2988
0.0	2773.6189575195312	37.42	2989
0.0	2600.2403564453125	37.8	2990
0.0	7313.644836425781	103.32	2991
0.0	6412.0230712890625	84.77	2992
0.0	3962.3047485351562	53.41	2993
0.0	6803.249328613281	88.03	2994
0.0	2584.6427612304688	35.12	2995
0.0	11288.031860351562	160.88	2996
0.0	8511.30078125	112.25	2997
0.0	5149.939636230469	72.25	2998
0.0	5525.376281738281	76.86	2999
0.0	5039.283874511719	71.2	3000
0.0	7203.343933105469	100.2	3001
0.0	5896.5301513671875	82.08	3002
0.0	4777.76611328125	64.03	3003
0.0	4950.7586669921875	67.81	3004
0.0	6186.651306152344	87.63	3005
0.0	3843.3506469726562	52.1	3006
0.0	4252.8275146484375	57.43	3007
0.0	2918.1536865234375	38.03	3008
0.0	4820.75048828125	69.35	3009
0.0	3361.4974975585938	50.75	3010
0.0	4905.020690917969	65.12	3011
0.0	4370.812927246094	63.14	3012
0.0	4862.122985839844	68.13	3013
0.0	3456.5521240234375	47.43	3014
0.0	2895.688720703125	40.41	3015
0.0	3214.6436767578125	46.46	3016
0.0	2398.6558227539062	35.13	3017
0.0	6565.1993408203125	89.54	3018
0.0	3467.9779052734375	48.63	3019
0.0	4487.3134765625	62.52	3020
0.0	5500.97216796875	76.39	3021
0.0	1660.8685913085938	23.67	3022
0.0	6587.090148925781	96.75	3023
0.0	2478.4815063476562	35.11	3024
0.0	3396.1567993164062	45.73	3025
0.0	2555.316650390625	37.4	3026
0.0	20207.117431640625	270.74	3027
0.0	3219.4390258789062	46.52	3028
0.0	1185.3570556640625	17.39	3029
0.0	6044.717102050781	82.42	3030
0.0	3065.0562133789062	43.17	3031
0.0	8760.207885742188	120.65	3032
0.0	2411.3125610351562	33.48	3033
0.0	8167.681823730469	114.17	3034
0.0	4729.309631347656	69.47	3035
0.0	7384.902770996094	102.68	3036
0.0	2279.6246948242188	33.61	3037
0.0	3901.1165161132812	56.7	3038
0.0	7992.549255371094	112.93	3039
0.0	2727.4400024414062	34.49	3040
0.0	10173.213745117188	133.13	3041
0.0	3287.9253540039062	45.23	3042
0.0	4804.7120361328125	68.44	3043
0.0	2475.7880249023438	34.33	3044
0.0	3261.1090698242188	47.27	3045
0.0	5087.159240722656	71.05	3046
0.0	3376.4059448242188	48.54	3047
0.0	4503.4344482421875	63.59	3048
0.0	6655.7244873046875	94.94	3049
0.0	2857.7520141601562	40.61	3050
0.0	5045.550354003906	73.54	3051
0.0	2069.7965087890625	29.79	3052
0.0	5612.8297119140625	78.2	3053
0.0	7422.716613769531	98.1	3054
0.0	2025.1339721679688	26.76	3055
0.0	3234.3101806640625	46.18	3056
0.0	3761.8993530273438	48.93	3057
0.0	7416.9219970703125	104.04	3058
0.0	3737.4219970703125	50.58	3059
0.0	9767.921936035156	139.02	3060
0.0	4928.951599121094	68.15	3061
0.0	5917.177185058594	83.02	3062
0.0	6878.3023681640625	85.42	3063
0.0	2533.6101684570312	32.83	3064
0.0	5678.942687988281	81.99	3065
0.0	3201.0233764648438	41.6	3066
0.0	2509.9961547851562	35.91	3067
0.0	3523.1774291992188	50.61	3068
0.0	4583.06201171875	67.21	3069
0.0	7562.9652099609375	105.52	3070
0.0	1643.5675048828125	23.58	3071
0.0	3806.2328491210938	55.91	3072
0.0	3036.4591064453125	42.21	3073
0.0	6117.225646972656	85.73	3074
0.0	5422.695739746094	81.69	3075
0.0	5927.0020751953125	86.73	3076
0.0	6278.2081298828125	90.49	3077
0.0	2811.04833984375	38.29	3078
0.0	3274.082763671875	47.51	3079
0.0	6883.695129394531	93.04	3080
0.0	10014.102600097656	143.0	3081
0.0	2370.0360107421875	33.1	3082
0.0	5295.012390136719	77.71	3083
0.0	5960.810729980469	86.61	3084
0.0	2192.7221069335938	30.02	3085
0.0	3132.9450073242188	45.25	3086
0.0	3573.4267578125	51.31	3087
0.0	2696.8374633789062	38.34	3088
0.0	6473.580261230469	91.41	3089
0.0	4168.887756347656	57.61	3090
0.0	2790.9207153320312	34.87	3091
0.0	3656.841552734375	52.48	3092
0.0	2629.1092529296875	36.73	3093
0.0	2687.8736572265625	41.27	3094
0.0	2435.4268798828125	34.19	3095
0.0	2364.894775390625	34.73	3096
0.0	5061.659606933594	71.39	3097
0.0	3974.571533203125	57.04	3098
0.0	2250.172119140625	31.33	3099
0.0	2786.6632080078125	39.33	3100
0.0	6072.223449707031	85.95	3101
0.0	4893.189147949219	69.47	3102
0.0	8477.6689453125	120.53	3103
0.0	4091.4015502929688	55.73	3104
0.0	10734.472045898438	155.34	3105
0.0	4526.8056640625	65.35	3106
0.0	5436.406494140625	79.21	3107
0.0	5269.7596435546875	75.5	3108
0.0	5328.6778564453125	78.78	3109
0.0	7312.607849121094	110.4	3110
0.0	5051.61865234375	73.89	3111
0.0	4848.931640625	67.84	3112
0.0	3907.6056518554688	56.97	3113
0.0	5281.379150390625	77.44	3114
0.0	9695.188049316406	142.33	3115
0.0	4264.2625732421875	53.2	3116
0.0	9522.750732421875	140.32	3117
0.0	2711.06591796875	38.52	3118
0.0	2845.991943359375	38.52	3119
0.0	3305.4099731445312	48.61	3120
0.0	9608.912475585938	136.67	3121
0.0	7304.846740722656	94.97	3921
0.0	6225.976501464844	88.51	3922
0.0	2067.0882568359375	27.16	3923
0.0	5403.790710449219	73.55	3924
0.0	4688.690612792969	63.08	3925
0.0	2298.9103393554688	30.44	3926
0.0	7686.5511474609375	104.1	3927
0.0	4521.924987792969	56.54	3928
0.0	8557.822326660156	121.51	3929
0.0	3773.5546875	52.93	3930
0.0	2101.9574584960938	29.56	3931
0.0	9226.460693359375	120.71	3932
0.0	3734.6152954101562	50.14	3933
0.0	2898.1973266601562	37.5	3934
0.0	7066.034606933594	89.22	3935
0.0	3172.7823486328125	44.22	3936
0.0	2818.2601928710938	40.43	3937
0.0	7107.415771484375	100.01	3938
0.0	12251.440246582031	161.05	3939
0.0	4200.459228515625	57.14	3940
0.0	4701.360900878906	63.35	3941
0.0	2146.7549438476562	29.06	3942
0.0	2229.274658203125	30.71	3943
0.0	5607.7208251953125	75.92	3944
0.0	4347.193359375	57.4	3945
0.0	3856.1956787109375	51.02	3946
0.0	6529.8565673828125	87.42	3947
0.0	7655.702575683594	96.59	3948
0.0	9675.075012207031	136.77	3949
0.0	4987.585388183594	67.65	3950
0.0	7967.149719238281	100.22	3951
0.0	3977.7449951171875	56.94	3952
0.0	2884.9598388671875	40.53	3953
0.0	4969.299865722656	71.06	3954
0.0	3380.6660766601562	44.06	3955
0.0	13905.335876464844	185.91	3956
0.0	3246.3341064453125	43.12	3957
0.0	10796.144409179688	151.75	3958
0.0	2377.9468383789062	30.57	3959
0.0	3923.5647583007812	54.62	3960
0.0	2596.21435546875	34.84	3961
0.0	3767.239013671875	54.86	3962
0.0	8888.069213867188	121.39	3963
0.0	4912.6685791015625	67.28	3964
0.0	5752.9093017578125	78.66	3965
0.0	4624.629150390625	65.48	3966
0.0	3683.2574462890625	50.78	3967
0.0	1507.9544677734375	21.96	3968
0.0	3621.0384521484375	52.73	3969
0.0	7017.026062011719	98.37	3970
0.0	6072.657043457031	85.21	3971
0.0	3582.8792114257812	48.94	3972
0.0	6564.104064941406	90.53	3973
0.0	3129.6073608398438	38.93	3974
0.0	3430.6217041015625	48.99	3975
0.0	2909.2215576171875	41.17	3976
0.0	6472.308532714844	87.98	3977
0.0	4124.010192871094	57.8	3978
0.0	4598.848815917969	62.08	3979
0.0	4825.277770996094	63.92	3980
0.0	3063.6210327148438	44.63	3981
0.0	8005.126708984375	110.57	3982
0.0	5835.2950439453125	80.63	3983
0.0	10137.551574707031	142.4	3984
0.0	2289.7091064453125	32.81	3985
0.0	2866.8291015625	39.8	3986
0.0	11328.502258300781	153.93	3987
0.0	3465.0091552734375	48.18	3988
0.0	2882.4498291015625	38.17	3989
0.0	3394.0323486328125	47.62	3990
0.0	3265.977783203125	44.75	3991
0.0	3635.0615234375	50.65	3992
0.0	5103.836364746094	73.07	3993
0.0	3686.2628784179688	50.18	3994
0.0	4820.40380859375	67.18	3995
0.0	2804.1489868164062	39.13	3996
0.0	6360.219299316406	87.38	3997
0.0	4058.12060546875	56.51	3998
0.0	3009.0286254882812	42.65	3999
0.0	3291.7097778320312	47.93	4000
0.0	9561.998779296875	129.67	4001
0.0	3321.2054443359375	44.51	4002
0.0	2711.8877563476562	39.1	4003
0.0	2857.6805419921875	38.02	4004
0.0	5163.724182128906	77.64	4005
0.0	7044.653381347656	100.52	4006
0.0	3257.2362060546875	45.37	4007
0.0	5647.158142089844	76.17	4008
0.0	5414.6854248046875	74.94	4009
0.0	2007.6904907226562	28.5	4010
0.0	4973.916320800781	68.79	4011
0.0	5541.796936035156	81.32	4012
0.0	6276.627258300781	90.21	4013
0.0	2528.3134155273438	34.41	4014
0.0	5162.974792480469	77.24	4015
0.0	3544.455322265625	48.96	4016
0.0	4772.359130859375	64.48	4017
0.0	4789.2093505859375	69.28	4018
0.0	5227.7957763671875	75.58	4019
0.0	2743.4484252929688	37.14	4020
0.0	5011.060791015625	73.57	4021
0.0	3115.409423828125	44.75	4022
0.0	2648.1493530273438	35.54	4023
0.0	3134.1920166015625	47.61	4024
0.0	3514.974609375	49.74	4025
0.0	10841.69677734375	156.55	4026
0.0	2681.4805908203125	35.51	4027
0.0	7105.6878662109375	91.26	4028
0.0	3563.673828125	48.36	4029
0.0	5796.213073730469	75.14	4030
0.0	2584.8788452148438	37.14	4031
0.0	7872.504821777344	116.26	4032
0.0	6744.035461425781	96.07	4033
0.0	2916.795654296875	35.49	4034
0.0	3923.3377685546875	52.26	4035
0.0	5384.595703125	70.91	4036
0.0	3136.5465087890625	39.72	4037
0.0	14819.882202148438	200.81	4038
0.0	3695.13623046875	52.18	4039
0.0	3414.6376953125	44.8	4040
0.0	5046.875061035156	71.22	4041
0.0	6364.8052978515625	88.36	4042
0.0	4777.888977050781	67.92	4043
0.0	2590.8831176757812	36.51	4044
0.0	3692.8902587890625	54.86	4045
0.0	4530.1793212890625	60.24	4046
0.0	2944.2901611328125	39.17	4047
0.0	3434.6702270507812	46.85	4048
0.0	3911.9143676757812	58.06	4049
0.0	3698.6409301757812	54.73	4050
0.0	2248.15966796875	32.18	4051
0.0	4097.7569580078125	60.19	4052
0.0	2887.8590087890625	41.83	4053
0.0	4711.907897949219	65.08	4054
0.0	6434.654846191406	91.01	4055
0.0	2109.1275024414062	30.07	4056
0.0	3616.1698608398438	50.37	4057
0.0	5395.618591308594	76.26	4058
0.0	3278.1676025390625	47.03	4059
0.0	3727.1659545898438	52.82	4060
0.0	4731.5673828125	67.08	4061
0.0	3773.9584350585938	55.95	4062
0.0	3785.551025390625	54.46	4063
0.0	5512.315734863281	79.24	4064
0.0	1789.6983032226562	26.27	4065
0.0	7077.382263183594	101.31	4066
0.0	6618.146240234375	95.93	4067
0.0	6966.5377197265625	90.78	4068
0.0	4697.486022949219	65.21	4069
0.0	4350.323425292969	63.46	4070
0.0	3454.2167358398438	49.29	4071
0.0	1884.7129516601562	25.51	4072
0.0	1849.4266357421875	26.9	4073
0.0	5385.762939453125	77.65	4074
0.0	3894.8368530273438	58.17	4075
0.0	7759.597229003906	111.01	4076
0.0	4014.32861328125	58.64	4077
0.0	4379.209716796875	64.83	4078
0.0	2487.4771728515625	33.04	4079
0.0	9665.965698242188	132.81	4080
0.0	1631.4191284179688	23.64	4081
0.0	9539.625061035156	123.08	4082
0.0	3946.422119140625	54.61	4083
0.0	5271.740295410156	76.75	4084
0.0	14446.773803710938	215.19	4085
0.0	5026.8719482421875	75.0	4086
0.0	3967.8653564453125	59.34	4087
0.0	3771.9120483398438	56.27	4088
0.0	5326.3248291015625	73.21	4089
0.0	4502.000183105469	66.16	4090
0.0	4759.434875488281	68.9	4091
0.0	4781.922546386719	69.73	4092
0.0	3736.104736328125	51.98	4093
0.0	6067.5401611328125	82.53	4094
0.0	4124.244323730469	60.42	4095
0.0	7808.23388671875	115.47	4096
0.0	4875.876770019531	70.37	4097
0.0	5427.2369384765625	80.05	4098
0.0	2564.72998046875	34.71	4901
0.0	5733.718811035156	76.36	4902
0.0	13925.3857421875	180.87	4903
0.0	6559.9510498046875	83.36	4904
0.0	5175.571716308594	71.85	4905
0.0	4604.567443847656	62.84	4906
0.0	4131.275207519531	56.81	4907
0.0	7771.9210205078125	108.54	4908
0.0	3907.7030029296875	53.17	4909
0.0	1700.86279296875	23.63	4910
0.0	5269.633544921875	74.76	4911
0.0	4011.8175659179688	53.42	4912
0.0	11820.548034667969	160.2	4913
0.0	6381.0260009765625	85.41	4914
0.0	3011.590576171875	43.45	4915
0.0	4506.187255859375	64.49	4916
0.0	4789.019836425781	66.32	4917
0.0	3783.6571044921875	51.68	4918
0.0	4650.533020019531	63.67	4919
0.0	2179.8799438476562	31.37	4920
0.0	7059.253173828125	92.73	4921
0.0	3380.58984375	47.6	4922
0.0	3957.8192138671875	54.74	4923
0.0	6469.012023925781	89.54	4924
0.0	7316.51953125	104.14	4925
0.0	12168.333251953125	170.68	4926
0.0	8038.537658691406	108.79	4927
0.0	3176.1275634765625	45.17	4928
0.0	5697.6240234375	79.84	4929
0.0	3357.965576171875	47.23	4930
0.0	5895.3677978515625	75.44	4931
0.0	6281.982604980469	88.88	4932
0.0	5285.097839355469	72.97	4933
0.0	3799.5079956054688	51.39	4934
0.0	4787.4739990234375	60.42	4935
0.0	2405.956787109375	34.88	4936
0.0	2962.6231689453125	41.42	4937
0.0	5437.323791503906	69.34	4938
0.0	3808.100341796875	52.13	4939
0.0	8883.6474609375	126.39	4940
0.0	3117.6920776367188	39.91	4941
0.0	12650.321472167969	176.53	4942
0.0	5048.291320800781	69.61	4943
0.0	3586.4771118164062	49.91	4944
0.0	3374.5880126953125	49.69	4945
0.0	2335.1201171875	32.82	4946
0.0	2960.1226196289062	41.77	4947
0.0	6905.5963134765625	93.62	4948
0.0	3277.829833984375	47.07	4949
0.0	6964.42138671875	94.67	4950
0.0	8562.2041015625	117.05	4951
0.0	4002.5925903320312	54.53	4952
0.0	6656.3271484375	96.32	4953
0.0	6760.90625	94.17	4954
0.0	7791.348876953125	109.45	4955
0.0	2915.0408935546875	37.87	4956
0.0	5015.2291259765625	71.96	4957
0.0	14035.014831542969	196.9	4958
0.0	5112.248962402344	71.13	4959
0.0	2783.2432250976562	38.15	4960
0.0	5218.720520019531	72.54	4961
0.0	8788.592346191406	125.3	4962
0.0	5572.3179931640625	78.13	4963
0.0	4440.7939453125	62.11	4964
0.0	3297.095458984375	46.25	4965
0.0	9002.81201171875	126.34	4966
0.0	3145.7188720703125	43.95	4967
0.0	2465.0017700195312	34.94	4968
0.0	4797.647155761719	69.0	4969
0.0	2237.570556640625	32.32	4970
0.0	3420.97509765625	48.94	4971
0.0	3716.177978515625	51.41	4972
0.0	2956.8016967773438	41.25	4973
0.0	3329.7697143554688	46.07	4974
0.0	4590.3917236328125	64.51	4975
0.0	4166.2967529296875	57.58	4976
0.0	7553.5189208984375	110.8	4977
0.0	5071.709167480469	73.83	4978
0.0	4478.24755859375	57.44	4979
0.0	6120.915100097656	87.93	4980
0.0	2403.1631469726562	32.52	4981
0.0	3919.1585083007812	57.77	4982
0.0	7294.228088378906	94.42	4983
0.0	8015.547790527344	118.33	4984
0.0	8692.273193359375	122.93	4985
0.0	10376.671691894531	143.55	4986
0.0	4922.391418457031	70.02	4987
0.0	3038.0344848632812	44.09	4988
0.0	7224.264099121094	100.32	4989
0.0	11821.882019042969	166.8	4990
0.0	3376.019287109375	49.03	4991
0.0	7358.446960449219	99.42	4992
0.0	3483.7815551757812	46.57	4993
0.0	9177.348388671875	132.1	4994
0.0	3785.745849609375	52.5	4995
0.0	4757.245788574219	69.23	4996
0.0	3645.6911010742188	52.42	4997
0.0	9308.525329589844	134.7	4998
0.0	1727.4622802734375	25.22	4999
0.0	9669.466430664062	137.86	5000
0.0	5398.7462158203125	72.62	5001
0.0	7044.596130371094	92.58	5002
0.0	3837.00146484375	56.28	5003
0.0	2791.1649780273438	40.71	5004
0.0	7295.856689453125	108.92	5005
0.0	5004.931579589844	66.41	5006
0.0	4060.8516235351562	54.9	5007
0.0	2874.7333984375	42.08	5008
0.0	6970.401611328125	95.1	5009
0.0	3700.9556274414062	52.91	5010
0.0	6611.982482910156	92.83	5011
0.0	10993.646545410156	143.15	5012
0.0	6925.71826171875	90.31	5013
0.0	4164.334777832031	63.09	5014
0.0	2717.7550048828125	38.21	5015
0.0	4136.911437988281	56.34	5016
0.0	8461.7421875	125.71	5017
0.0	2349.9068603515625	33.8	5018
0.0	3705.3929443359375	47.01	5019
0.0	2810.1971435546875	38.67	5020
0.0	2388.3434448242188	34.51	5021
0.0	3540.899658203125	51.07	5022
0.0	3859.979248046875	52.76	5023
0.0	6974.186279296875	101.32	5024
0.0	6084.0343017578125	84.94	5025
0.0	2385.5855102539062	31.61	5026
0.0	8391.465270996094	112.98	5027
0.0	2654.2258911132812	38.26	5028
0.0	6491.3656005859375	87.55	5029
0.0	3727.5498657226562	50.89	5030
0.0	3504.8601684570312	49.2	5031
0.0	2295.5706176757812	34.12	5032
0.0	5210.740966796875	73.72	5033
0.0	3534.33349609375	48.78	5034
0.0	5875.768737792969	82.1	5035
0.0	3853.44775390625	54.56	5036
0.0	2440.1454467773438	35.05	5037
0.0	5574.10791015625	66.85	5038
0.0	2929.8449096679688	42.72	5039
0.0	3966.6310424804688	53.75	5040
0.0	8362.164001464844	118.19	5041
0.0	2373.3350830078125	34.28	5042
0.0	7878.911071777344	118.57	5043
0.0	4650.98193359375	66.45	5044
0.0	5747.564392089844	83.93	5045
0.0	3390.7119750976562	46.86	5046
0.0	3849.240966796875	55.15	5047
0.0	2375.4923706054688	35.17	5048
0.0	10168.937133789062	138.4	5049
0.0	9581.748901367188	131.01	5050
0.0	3234.2071533203125	44.53	5051
0.0	3410.390869140625	49.98	5052
0.0	11523.757141113281	168.75	5053
0.0	2978.100830078125	41.98	5054
0.0	13851.977600097656	190.58	5055
0.0	5607.655212402344	72.68	5056
0.0	4792.1322021484375	68.65	5057
0.0	3748.0006103515625	52.47	5058
0.0	3416.93505859375	49.13	5059
0.0	2211.5387573242188	32.41	5060
0.0	4783.197570800781	66.79	5061
0.0	2335.6043701171875	33.84	5062
0.0	3024.42822265625	40.37	5063
0.0	2643.4801635742188	35.61	5064
0.0	6153.981506347656	86.34	5065
0.0	7483.152893066406	100.04	5881
0.0	4538.399719238281	56.57	5882
0.0	5415.095947265625	69.92	5883
0.0	3862.8866577148438	51.54	5884
0.0	4951.589294433594	63.78	5885
0.0	5754.343566894531	78.69	5886
0.0	2492.1707153320312	33.05	5887
0.0	9852.764343261719	138.19	5888
0.0	5101.5023193359375	66.46	5889
0.0	4295.914489746094	58.95	5890
0.0	7612.449523925781	103.55	5891
0.0	7420.747131347656	100.96	5892
0.0	3871.0087890625	54.48	5893
0.0	4641.484558105469	61.51	5894
0.0	1823.8338012695312	24.95	5895
0.0	6097.370666503906	82.62	5896
0.0	4219.6400146484375	59.06	5897
0.0	3844.0095825195312	54.05	5898
0.0	2800.2471313476562	35.9	5899
0.0	3108.064208984375	43.73	5900
0.0	3150.7919921875	42.69	5901
0.0	6008.562805175781	76.2	5902
0.0	4746.760314941406	61.76	5903
0.0	2422.5571899414062	31.89	5904
0.0	7503.686767578125	103.99	5905
0.0	7213.439270019531	99.49	5906
0.0	2967.4342041015625	39.63	5907
0.0	4932.946960449219	68.61	5908
0.0	3683.4267578125	52.19	5909
0.0	8514.602661132812	112.71	5910
0.0	1888.4857788085938	26.22	5911
0.0	3417.0029907226562	46.59	5912
0.0	3995.7769775390625	57.48	5913
0.0	6429.4388427734375	82.28	5914
0.0	8765.518493652344	120.35	5915
0.0	4690.429748535156	63.41	5916
0.0	3588.7605590820312	48.76	5917
0.0	4508.398132324219	57.36	5918
0.0	6232.861267089844	87.92	5919
0.0	4492.036315917969	60.32	5920
0.0	9577.383178710938	136.73	5921
0.0	2613.9664306640625	37.8	5922
0.0	4005.0462036132812	54.97	5923
0.0	3195.7474365234375	44.9	5924
0.0	2202.9692993164062	30.39	5925
0.0	5836.554382324219	70.7	5926
0.0	7784.823486328125	106.81	5927
0.0	4804.801513671875	68.38	5928
0.0	1553.195068359375	22.58	5929
0.0	7148.3065185546875	98.03	5930
0.0	4216.611328125	59.81	5931
0.0	4139.681701660156	60.46	5932
0.0	4612.372802734375	61.91	5933
0.0	3562.4843139648438	50.56	5934
0.0	4793.8990478515625	68.75	5935
0.0	7207.291076660156	97.81	5936
0.0	5213.737060546875	75.11	5937
0.0	2883.3596801757812	38.88	5938
0.0	10653.655700683594	144.3	5939
0.0	4299.5274658203125	63.08	5940
0.0	5315.903625488281	76.93	5941
0.0	5585.1971435546875	63.24	5942
0.0	10786.571044921875	157.21	5943
0.0	4458.71875	60.83	5944
0.0	3153.3543090820312	44.89	5945
0.0	3809.076416015625	55.4	5946
0.0	7621.953430175781	104.91	5947
0.0	2438.5881958007812	33.1	5948
0.0	6116.610778808594	76.79	5949
0.0	3626.0985107421875	51.17	5950
0.0	5414.230224609375	73.27	5951
0.0	3379.0885620117188	44.28	5952
0.0	4710.560729980469	67.72	5953
0.0	2425.7387084960938	33.27	5954
0.0	4887.975830078125	67.73	5955
0.0	10677.188171386719	149.41	5956
0.0	3174.874267578125	45.57	5957
0.0	2978.715576171875	43.1	5958
0.0	2178.7158203125	32.55	5959
0.0	4152.0316162109375	59.11	5960
0.0	2950.6956176757812	41.2	5961
0.0	12765.543762207031	178.6	5962
0.0	5192.39990234375	75.58	5963
0.0	6541.766662597656	95.47	5964
0.0	4593.39111328125	58.04	5965
0.0	3428.4891967773438	50.51	5966
0.0	4078.0070190429688	58.64	5967
0.0	1991.5423583984375	29.23	5968
0.0	4208.4134521484375	60.97	5969
0.0	4670.2994384765625	59.49	5970
0.0	4457.2274169921875	60.74	5971
0.0	8470.373352050781	119.22	5972
0.0	2346.9381713867188	33.85	5973
0.0	2766.9683227539062	39.56	5974
0.0	3958.4685668945312	54.7	5975
0.0	2673.123779296875	37.93	5976
0.0	4652.235107421875	65.61	5977
0.0	8126.796142578125	104.75	5978
0.0	4589.927551269531	66.34	5979
0.0	4329.7889404296875	62.11	5980
0.0	4056.0741577148438	57.26	5981
0.0	3023.97900390625	44.31	5982
0.0	9238.409301757812	118.97	5983
0.0	3323.619140625	45.69	5984
0.0	5635.224792480469	78.97	5985
0.0	4407.6109619140625	62.78	5986
0.0	8673.547729492188	126.8	5987
0.0	4342.408020019531	64.12	5988
0.0	2651.4627075195312	38.05	5989
0.0	8028.412780761719	112.22	5990
0.0	3859.457763671875	52.47	5991
0.0	2637.9781494140625	38.77	5992
0.0	4745.8660888671875	67.4	5993
0.0	4627.71337890625	64.48	5994
0.0	7441.0433349609375	94.73	5995
0.0	6672.338073730469	94.65	5996
0.0	3529.0556640625	52.02	5997
0.0	2875.3875122070312	39.71	5998
0.0	2835.1375732421875	40.39	5999
0.0	5297.727966308594	70.73	6000
0.0	4279.2110595703125	60.53	6001
0.0	3472.6770629882812	50.61	6002
0.0	3648.0521850585938	48.93	6003
0.0	3934.9949340820312	55.48	6004
0.0	3994.0591430664062	55.49	6005
0.0	4922.3470458984375	69.47	6006
0.0	4130.227111816406	59.27	6007
0.0	4357.149719238281	57.85	6008
0.0	5874.052734375	85.55	6009
0.0	2966.7144775390625	44.35	6010
0.0	3110.9000854492188	44.33	6011
0.0	4010.2108764648438	55.42	6012
0.0	4225.368408203125	61.18	6013
0.0	7415.5328369140625	107.87	6014
0.0	10524.920776367188	135.14	6015
0.0	8958.632202148438	128.67	6016
0.0	7042.523376464844	101.78	6017
0.0	5001.507873535156	72.29	6018
0.0	11024.562561035156	143.58	6019
0.0	4775.49267578125	69.35	6020
0.0	14952.706848144531	211.82	6021
0.0	9359.230285644531	131.06	6022
0.0	5562.914123535156	82.21	6023
0.0	2538.9334716796875	36.55	6024
0.0	2484.9849243164062	33.83	6025
0.0	3257.3984375	41.64	6026
0.0	2190.70703125	32.09	6027
0.0	6158.291198730469	83.02	6028
0.0	4083.730224609375	57.84	6029
0.0	1672.5050659179688	23.57	6030
0.0	5682.137939453125	81.08	6031
0.0	10117.607727050781	143.78	6032
0.0	6627.1778564453125	93.13	6033
0.0	7203.056335449219	103.49	6034
0.0	2868.1245727539062	37.12	6035
0.0	4210.608154296875	61.38	6036
0.0	3636.205322265625	52.25	6037
0.0	3822.5944213867188	54.29	6038
0.0	2596.0961303710938	36.08	6039
0.0	5513.327453613281	79.16	6040
0.0	8420.330871582031	122.04	6041
0.0	3531.09326171875	45.89	6042
0.0	5304.133972167969	75.63	6043
0.0	3565.0911254882812	52.03	6044
0.0	5606.396728515625	84.05	6045
0.0	3049.6228637695312	41.89	6046
0.0	4485.5240478515625	59.95	6047
0.0	5463.676025390625	76.75	6048
0.0	10993.327758789062	160.59	6049
0.0	5348.750427246094	75.98	6050
0.0	5691.410400390625	79.24	6051
0.0	3643.1468505859375	51.83	6052
0.0	3247.1178588867188	44.5	6861
0.0	4821.7589111328125	64.73	6862
0.0	5913.4010009765625	82.26	6863
0.0	4906.6402587890625	67.84	6864
0.0	6922.313415527344	88.78	6865
0.0	2214.4673461914062	28.63	6866
0.0	4264.706298828125	59.25	6867
0.0	2410.12109375	33.19	6868
0.0	7699.342712402344	97.57	6869
0.0	5427.6728515625	67.76	6870
0.0	3879.517822265625	53.12	6871
0.0	5176.941589355469	69.64	6872
0.0	4125.7642822265625	58.12	6873
0.0	6336.356384277344	89.67	6874
0.0	2073.416015625	28.0	6875
0.0	3292.7926025390625	47.12	6876
0.0	7121.642883300781	99.08	6877
0.0	4441.600402832031	61.89	6878
0.0	4740.9638671875	64.62	6879
0.0	3403.777587890625	48.41	6880
0.0	3172.6532592773438	44.24	6881
0.0	6780.0098876953125	88.8	6882
0.0	15018.926330566406	205.66	6883
0.0	4420.3651123046875	62.31	6884
0.0	3225.5523071289062	43.35	6885
0.0	5469.6263427734375	76.9	6886
0.0	7717.0574951171875	105.58	6887
0.0	3363.7265014648438	44.2	6888
0.0	2646.2440795898438	33.99	6889
0.0	6198.3104248046875	89.5	6890
0.0	3731.6753540039062	51.91	6891
0.0	10445.964233398438	148.03	6892
0.0	3128.06005859375	40.68	6893
0.0	4083.8304443359375	57.0	6894
0.0	2251.7697143554688	31.17	6895
0.0	2422.87158203125	34.3	6896
0.0	7241.37744140625	101.24	6897
0.0	6596.621826171875	92.23	6898
0.0	14887.616455078125	214.23	6899
0.0	8676.243957519531	121.47	6900
0.0	3431.69775390625	44.36	6901
0.0	4215.6492919921875	59.25	6902
0.0	6895.381774902344	91.69	6903
0.0	3043.9536743164062	43.1	6904
0.0	5328.407165527344	73.33	6905
0.0	6607.1358642578125	96.34	6906
0.0	4570.332763671875	59.06	6907
0.0	9487.236267089844	116.32	6908
0.0	8235.85888671875	117.03	6909
0.0	4065.8264770507812	55.41	6910
0.0	3330.3864135742188	46.44	6911
0.0	3837.9760131835938	48.57	6912
0.0	3228.9618530273438	48.09	6913
0.0	9376.091735839844	124.36	6914
0.0	2594.4891357421875	33.08	6915
0.0	2478.9131469726562	35.37	6916
0.0	3308.3355712890625	47.31	6917
0.0	14883.5810546875	199.06	6918
0.0	4962.9788818359375	69.94	6919
0.0	2589.5886840820312	36.69	6920
0.0	3356.8843994140625	48.05	6921
0.0	8511.915161132812	105.37	6922
0.0	3516.3914794921875	49.56	6923
0.0	3523.9070434570312	48.39	6924
0.0	4777.188659667969	67.13	6925
0.0	5164.1785888671875	72.05	6926
0.0	5951.578186035156	80.82	6927
0.0	15470.762634277344	173.33	6928
0.0	3435.0445556640625	48.18	6929
0.0	6233.171447753906	89.79	6930
0.0	3955.1929321289062	54.25	6931
0.0	5772.7044677734375	83.64	6932
0.0	3295.3880615234375	46.29	6933
0.0	4470.7208251953125	60.66	6934
0.0	6665.478759765625	88.69	6935
0.0	5598.658386230469	78.31	6936
0.0	6580.326904296875	92.88	6937
0.0	4133.6031494140625	56.11	6938
0.0	4438.1759033203125	62.19	6939
0.0	4783.982482910156	60.77	6940
0.0	2601.9493408203125	36.16	6941
0.0	3638.2228393554688	51.34	6942
0.0	5177.1400146484375	74.22	6943
0.0	4086.3003540039062	54.16	6944
0.0	2570.390625	34.97	6945
0.0	3343.8361206054688	46.99	6946
0.0	3969.4718017578125	57.42	6947
0.0	3807.645751953125	52.16	6948
0.0	13183.125610351562	195.57	6949
0.0	4865.0269775390625	71.12	6950
0.0	5628.120849609375	79.95	6951
0.0	5064.3798828125	71.61	6952
0.0	5822.788635253906	76.93	6953
0.0	4813.72900390625	67.52	6954
0.0	10643.270446777344	150.92	6955
0.0	2783.626220703125	36.56	6956
0.0	3604.8531494140625	47.69	6957
0.0	3966.3082885742188	54.74	6958
0.0	3987.0304565429688	58.69	6959
0.0	7776.909973144531	109.96	6960
0.0	7215.2088623046875	102.56	6961
0.0	2448.6695556640625	34.03	6962
0.0	1469.9215087890625	20.58	6963
0.0	4259.6583251953125	60.37	6964
0.0	7512.806335449219	105.99	6965
0.0	5471.632507324219	78.31	6966
0.0	2637.7418823242188	35.91	6967
0.0	6038.116394042969	85.92	6968
0.0	5909.3116455078125	85.82	6969
0.0	2860.9258422851562	39.78	6970
0.0	3200.14990234375	44.08	6971
0.0	3335.306640625	44.07	6972
0.0	8886.797607421875	129.81	6973
0.0	2387.9376220703125	33.59	6974
0.0	3251.6843872070312	44.05	6975
0.0	2553.2496337890625	35.71	6976
0.0	5144.554748535156	71.81	6977
0.0	8212.004821777344	115.03	6978
0.0	3598.8190307617188	46.86	6979
0.0	4297.150390625	61.79	6980
0.0	3709.2816162109375	48.98	6981
0.0	14237.882202148438	200.98	6982
0.0	5579.5849609375	69.7	6983
0.0	3858.3079833984375	53.41	6984
0.0	2483.6896362304688	34.2	6985
0.0	4523.938171386719	65.77	6986
0.0	3466.5203857421875	46.91	6987
0.0	6485.203063964844	88.23	6988
0.0	3332.4769287109375	44.63	6989
0.0	3204.5499877929688	42.42	6990
0.0	9652.732727050781	141.79	6991
0.0	3144.1377563476562	44.34	6992
0.0	2781.9259033203125	40.33	6993
0.0	5461.396179199219	77.56	6994
0.0	4661.2626953125	65.18	6995
0.0	5878.043273925781	79.98	6996
0.0	6232.350646972656	89.46	6997
0.0	8394.139587402344	119.42	6998
0.0	6215.4208984375	80.5	6999
