# order  nit
0	1714.4671630859375
1	1727.2301025390625
2	1757.3155517578125
3	1848.8009033203125
4	1870.1170654296875
5	1890.136474609375
6	1969.078369140625
7	1985.153564453125
8	2226.802734375
9	2233.8026123046875
10	2283.4190673828125
11	2411.464599609375
12	2466.9578857421875
13	2506.8448486328125
14	2519.496826171875
15	2527.7734375
16	2543.6712646484375
17	2585.7806396484375
18	2635.931884765625
19	2674.31591796875
20	2690.6978759765625
21	2711.665283203125
22	2753.6610107421875
23	2770.7081298828125
24	2770.78857421875
25	2812.578125
26	2813.2135009765625
27	2840.399658203125
28	2908.4901123046875
29	2929.34716796875
30	2957.03515625
31	2958.33349609375
32	2994.140869140625
33	3005.2623291015625
34	3008.8778076171875
35	3081.4337158203125
36	3082.9774169921875
37	3113.41455078125
38	3140.8060302734375
39	3142.2987060546875
40	3146.864990234375
41	3175.673095703125
42	3179.9654541015625
43	3207.1400146484375
44	3214.75927734375
45	3243.271728515625
46	3246.4678955078125
47	3263.3477783203125
48	3272.2772216796875
49	3276.5361328125
50	3310.4339599609375
51	3312.32470703125
52	3320.3804931640625
53	3329.9609375
54	3332.36376953125
55	3338.09130859375
56	3340.849853515625
57	3364.513671875
58	3395.0478515625
59	3396.44140625
60	3436.3184814453125
61	3438.5316162109375
62	3443.62890625
63	3490.5260009765625
64	3492.3997802734375
65	3501.04638671875
66	3519.0341796875
67	3533.82080078125
68	3536.7762451171875
69	3537.18359375
70	3542.585693359375
71	3562.620849609375
72	3578.2706298828125
73	3582.8548583984375
74	3590.268310546875
75	3591.591796875
76	3604.73486328125
77	3616.5394287109375
78	3618.798828125
79	3619.0098876953125
80	3619.091796875
81	3622.29736328125
82	3653.1864013671875
83	3654.9091796875
84	3699.40380859375
85	3709.8621826171875
86	3728.970703125
87	3738.0179443359375
88	3747.7882080078125
89	3751.896484375
90	3768.423828125
91	3787.01513671875
92	3800.9921875
93	3803.8349609375
94	3812.454345703125
95	3843.6759033203125
96	3889.3812255859375
97	3891.099365234375
98	3903.109130859375
99	3920.8631591796875
100	3964.1575927734375
101	3982.9024658203125
102	3987.0950927734375
103	4005.214599609375
104	4016.5030517578125
105	4030.5947265625
106	4031.6895751953125
107	4033.130126953125
108	4042.2080078125
109	4053.620361328125
110	4058.2269287109375
111	4065.051513671875
112	4067.58203125
113	4072.0926513671875
114	4090.7393798828125
115	4093.4620361328125
116	4093.956298828125
117	4101.896240234375
118	4122.726806640625
119	4127.5242919921875
120	4130.73681640625
121	4141.0257568359375
122	4150.832763671875
123	4192.1802978515625
124	4194.0489501953125
125	4202.30224609375
126	4213.3992919921875
127	4228.6956787109375
128	4234.51123046875
129	4235.4185791015625
130	4237.955322265625
131	4247.242919921875
132	4268.5023193359375
133	4272.498046875
134	4276.9193115234375
135	4291.80029296875
136	4308.22802734375
137	4309.2191162109375
138	4319.838623046875
139	4324.961669921875
140	4333.245849609375
141	4356.842041015625
142	4367.60595703125
143	4368.6866455078125
144	4371.6966552734375
145	4413.700439453125
146	4417.4339599609375
147	4420.4532470703125
148	4427.2872314453125
149	4437.6566162109375
150	4479.542724609375
151	4484.0477294921875
152	4486.6688232421875
153	4492.672119140625
154	4496.6142578125
155	4498.3798828125
156	4506.8922119140625
157	4515.850830078125
158	4521.314697265625
159	4522.898193359375
160	4537.4866943359375
161	4540.5238037109375
162	4548.130859375
163	4556.7020263671875
164	4576.4476318359375
165	4577.9703369140625
166	4578.2601318359375
167	4578.948974609375
168	4587.82666015625
169	4597.3502197265625
170	4603.244873046875
171	4603.4295654296875
172	4603.7991943359375
173	4605.6337890625
174	4637.7066650390625
175	4642.78125
176	4656.023681640625
177	4656.693359375
178	4663.542236328125
179	4675.09716796875
180	4685.2880859375
181	4693.945556640625
182	4710.5098876953125
183	4710.53076171875
184	4718.24072265625
185	4737.2569580078125
186	4737.3475341796875
187	4739.460205078125
188	4752.482177734375
189	4760.701171875
190	4772.7066650390625
191	4782.6827392578125
192	4786.140869140625
193	4790.7620849609375
194	4792.849609375
195	4794.97021484375
196	4797.98486328125
197	4806.490478515625
198	4809.5054931640625
199	4815.09619140625
200	4816.2978515625
201	4818.5933837890625
202	4828.1514892578125
203	4828.731689453125
204	4833.7030029296875
205	4841.822265625
206	4841.8763427734375
207	4843.8814697265625
208	4844.5697021484375
209	4846.5792236328125
210	4849.059326171875
211	4872.1820068359375
212	4872.397216796875
213	4872.705810546875
214	4875.4197998046875
215	4881.738037109375
216	4883.7601318359375
217	4915.20458984375
218	4926.6500244140625
219	4932.0333251953125
220	4951.0157470703125
221	4955.7093505859375
222	4959.131103515625
223	4960.4971923828125
224	4963.18896484375
225	4964.160400390625
226	4966.5616455078125
227	4969.3243408203125
228	4969.8514404296875
229	4972.624267578125
230	4974.9197998046875
231	4979.6068115234375
232	4983.947021484375
233	4992.1595458984375
234	4993.5751953125
235	5011.8702392578125
236	5025.5169677734375
237	5028.020263671875
238	5031.3218994140625
239	5032.5570068359375
240	5034.1959228515625
241	5050.962158203125
242	5056.2366943359375
243	5058.878173828125
244	5059.9571533203125
245	5063.4324951171875
246	5078.8226318359375
247	5081.775146484375
248	5086.40625
249	5086.7198486328125
250	5092.6092529296875
251	5094.356201171875
252	5102.069580078125
253	5112.66455078125
254	5120.2099609375
255	5120.9542236328125
256	5126.482421875
257	5131.68408203125
258	5140.404541015625
259	5145.6590576171875
260	5148.924072265625
261	5150.3441162109375
262	5152.232421875
263	5153.08447265625
264	5153.5457763671875
265	5175.9990234375
266	5177.1090087890625
267	5203.213623046875
268	5205.7047119140625
269	5208.40380859375
270	5215.27294921875
271	5217.50146484375
272	5236.631591796875
273	5242.189697265625
274	5261.4534912109375
275	5266.6217041015625
276	5285.6893310546875
277	5285.7130126953125
278	5292.3533935546875
279	5302.1976318359375
280	5309.0718994140625
281	5311.732666015625
282	5312.8917236328125
283	5325.587158203125
284	5344.61865234375
285	5344.939208984375
286	5353.516357421875
287	5356.4052734375
288	5360.8106689453125
289	5362.1002197265625
290	5380.462158203125
291	5397.170166015625
292	5406.7860107421875
293	5416.02490234375
294	5416.8629150390625
295	5426.1944580078125
296	5427.189453125
297	5443.5213623046875
298	5458.841796875
299	5460.3067626953125
300	5487.538330078125
301	5488.4593505859375
302	5494.6630859375
303	5535.2159423828125
304	5541.2216796875
305	5548.428955078125
306	5564.423095703125
307	5578.04833984375
308	5579.5145263671875
309	5580.5147705078125
310	5587.4202880859375
311	5590.0411376953125
312	5599.35888671875
313	5618.0660400390625
314	5626.424560546875
315	5626.8349609375
316	5629.8216552734375
317	5635.8489990234375
318	5640.33203125
319	5642.0980224609375
320	5649.2962646484375
321	5651.8988037109375
322	5656.929931640625
323	5658.6700439453125
324	5660.4493408203125
325	5661.322021484375
326	5662.8197021484375
327	5664.0186767578125
328	5682.40966796875
329	5686.243408203125
330	5689.6876220703125
331	5693.8421630859375
332	5696.5328369140625
333	5707.0574951171875
334	5721.3369140625
335	5728.268798828125
336	5738.49755859375
337	5747.12939453125
338	5758.4366455078125
339	5774.6114501953125
340	5778.2364501953125
341	5778.85791015625
342	5788.8824462890625
343	5794.43115234375
344	5794.6256103515625
345	5800.3240966796875
346	5803.2613525390625
347	5815.9881591796875
348	5833.72216796875
349	5840.750244140625
350	5842.7515869140625
351	5843.60302734375
352	5844.80810546875
353	5848.986328125
354	5857.6448974609375
355	5858.423095703125
356	5869.75
357	5875.5323486328125
358	5879.0970458984375
359	5880.7491455078125
360	5890.7408447265625
361	5905.3211669921875
362	5916.1591796875
363	5921.4371337890625
364	5926.9019775390625
365	5937.8834228515625
366	5939.1285400390625
367	5942.656005859375
368	5956.8408203125
369	5981.184814453125
370	5998.960205078125
371	6005.0811767578125
372	6005.5345458984375
373	6008.49462890625
374	6009.55029296875
375	6015.2042236328125
376	6027.4244384765625
377	6029.399169921875
378	6035.4134521484375
379	6060.884033203125
380	6068.5758056640625
381	6073.3197021484375
382	6083.7030029296875
383	6087.5433349609375
384	6096.754638671875
385	6098.6888427734375
386	6108.245361328125
387	6125.5216064453125
388	6127.7586669921875
389	6129.3663330078125
390	6132.409912109375
391	6142.987548828125
392	6154.2889404296875
393	6155.0440673828125
394	6157.4259033203125
395	6171.07177734375
396	6177.640380859375
397	6182.4324951171875
398	6188.330322265625
399	6193.331298828125
400	6199.1119384765625
401	6214.735595703125
402	6214.8455810546875
403	6229.66796875
404	6251.1253662109375
405	6255.783447265625
406	6256.0927734375
407	6259.1707763671875
408	6264.869140625
409	6265.3829345703125
410	6282.0655517578125
411	6320.952880859375
412	6330.991943359375
413	6332.758056640625
414	6354.28759765625
415	6365.6241455078125
416	6371.7908935546875
417	6371.8507080078125
418	6375.0914306640625
419	6381.3126220703125
420	6394.2022705078125
421	6424.934326171875
422	6437.61865234375
423	6446.05419921875
424	6446.0927734375
425	6453.38671875
426	6455.150634765625
427	6458.768310546875
428	6463.8702392578125
429	6465.978271484375
430	6466.3677978515625
431	6476.3724365234375
432	6516.7308349609375
433	6521.787841796875
434	6523.387939453125
435	6525.5234375
436	6540.529541015625
437	6546.839111328125
438	6555.008544921875
439	6560.347900390625
440	6565.4964599609375
441	6566.7034912109375
442	6573.6051025390625
443	6578.317138671875
444	6593.6552734375
445	6594.775146484375
446	6595.2816162109375
447	6624.221435546875
448	6625.612060546875
449	6634.7308349609375
450	6637.130615234375
451	6637.367431640625
452	6638.2711181640625
453	6643.5775146484375
454	6643.906494140625
455	6645.88818359375
456	6650.8448486328125
457	6660.9752197265625
458	6668.9326171875
459	6672.3486328125
460	6675.789794921875
461	6689.8377685546875
462	6694.2442626953125
463	6696.649658203125
464	6715.5811767578125
465	6718.8797607421875
466	6731.7135009765625
467	6736.52685546875
468	6741.7491455078125
469	6753.0955810546875
470	6757.3914794921875
471	6771.4102783203125
472	6775.6739501953125
473	6777.257568359375
474	6777.346923828125
475	6783.661865234375
476	6789.62646484375
477	6790.06640625
478	6791.59375
479	6793.651611328125
480	6795.5347900390625
481	6797.4398193359375
482	6802.73681640625
483	6808.0626220703125
484	6810.2642822265625
485	6811.8243408203125
486	6827.809326171875
487	6829.4844970703125
488	6832.619140625
489	6835.08447265625
490	6859.050537109375
491	6860.3616943359375
492	6861.6925048828125
493	6870.9849853515625
494	6916.783203125
495	6927.689208984375
496	6939.6788330078125
497	6944.8387451171875
498	6945.3648681640625
499	6953.74951171875
500	6953.828369140625
501	6961.7138671875
502	6963.1427001953125
503	6966.8502197265625
504	6981.8802490234375
505	6995.9171142578125
506	7026.6236572265625
507	7026.7535400390625
508	7028.372802734375
509	7032.820556640625
510	7033.83154296875
511	7034.573486328125
512	7034.8145751953125
513	7040.6290283203125
514	7041.248291015625
515	7046.0389404296875
516	7053.83447265625
517	7055.85791015625
518	7055.9195556640625
519	7058.766845703125
520	7059.1834716796875
521	7063.7432861328125
522	7065.6951904296875
523	7073.595703125
524	7074.5172119140625
525	7074.8402099609375
526	7078.863525390625
527	7084.5240478515625
528	7091.9306640625
529	7104.39208984375
530	7105.6634521484375
531	7114.823486328125
532	7136.9569091796875
533	7139.505126953125
534	7145.109375
535	7148.9970703125
536	7150.2564697265625
537	7192.9193115234375
538	7198.176513671875
539	7203.0313720703125
540	7207.7220458984375
541	7208.5377197265625
542	7209.7882080078125
543	7215.2965087890625
544	7222.123046875
545	7222.7064208984375
546	7222.93212890625
547	7227.713623046875
548	7229.9930419921875
549	7232.9578857421875
550	7240.2838134765625
551	7244.30224609375
552	7248.30712890625
553	7251.236572265625
554	7252.5301513671875
555	7258.588623046875
556	7291.9669189453125
557	7297.7203369140625
558	7303.4228515625
559	7311.80810546875
560	7335.6845703125
561	7356.259033203125
562	7360.777099609375
563	7369.1864013671875
564	7380.2947998046875
565	7388.910400390625
566	7394.206787109375
567	7408.964111328125
568	7422.631103515625
569	7422.988037109375
570	7427.34130859375
571	7427.4324951171875
572	7455.428466796875
573	7485.333740234375
574	7512.0218505859375
575	7514.613525390625
576	7519.9034423828125
577	7546.9332275390625
578	7553.9617919921875
579	7571.964599609375
580	7582.3189697265625
581	7584.78173828125
582	7586.29345703125
583	7596.1131591796875
584	7601.6123046875
585	7617.1768798828125
586	7619.4769287109375
587	7622.0574951171875
588	7625.1617431640625
589	7637.1781005859375
590	7638.0262451171875
591	7638.136474609375
592	7642.895751953125
593	7643.461669921875
594	7648.1053466796875
595	7658.2147216796875
596	7662.598388671875
597	7679.1990966796875
598	7694.55908203125
599	7697.0067138671875
600	7709.3961181640625
601	7720.9427490234375
602	7732.84033203125
603	7734.414306640625
604	7748.6214599609375
605	7752.4979248046875
606	7769.4620361328125
607	7770.2965087890625
608	7770.80517578125
609	7784.9296875
610	7790.70703125
611	7790.80419921875
612	7792.0423583984375
613	7803.339599609375
614	7804.219482421875
615	7806.3406982421875
616	7807.340087890625
617	7811.6075439453125
618	7813.676025390625
619	7826.3201904296875
620	7841.97216796875
621	7853.86474609375
622	7864.06787109375
623	7881.1175537109375
624	7885.879150390625
625	7894.011474609375
626	7897.290771484375
627	7898.1827392578125
628	7903.088623046875
629	7906.761962890625
630	7909.4794921875
631	7910.7962646484375
632	7912.0706787109375
633	7919.425537109375
634	7924.4625244140625
635	7948.427490234375
636	7953.0311279296875
637	7960.773193359375
638	7966.7669677734375
639	7971.3076171875
640	7975.9627685546875
641	7985.542724609375
642	7987.3255615234375
643	7995.8431396484375
644	8004.3946533203125
645	8015.6141357421875
646	8037.996337890625
647	8045.3519287109375
648	8046.4498291015625
649	8050.970703125
650	8059.393798828125
651	8062.457275390625
652	8065.419921875
653	8073.0020751953125
654	8079.1356201171875
655	8087.4783935546875
656	8090.8638916015625
657	8094.5880126953125
658	8098.119384765625
659	8114.444091796875
660	8120.11767578125
661	8132.0897216796875
662	8133.2337646484375
663	8172.384765625
664	8176.2764892578125
665	8182.086669921875
666	8199.238525390625
667	8212.883911132812
668	8227.409790039062
669	8236.210815429688
670	8239.418212890625
671	8247.08154296875
672	8262.004272460938
673	8265.446044921875
674	8266.750732421875
675	8266.875732421875
676	8269.399291992188
677	8271.56884765625
678	8279.377685546875
679	8281.7451171875
680	8284.513061523438
681	8292.681884765625
682	8296.250610351562
683	8296.356201171875
684	8299.978759765625
685	8302.564819335938
686	8305.73095703125
687	8306.603515625
688	8308.287719726562
689	8314.60888671875
690	8317.107666015625
691	8326.602416992188
692	8334.952392578125
693	8337.014526367188
694	8338.585693359375
695	8340.046997070312
696	8342.003051757812
697	8343.192138671875
698	8344.491333007812
699	8345.015991210938
700	8346.762084960938
701	8347.082885742188
702	8351.938354492188
703	8353.126831054688
704	8359.943969726562
705	8366.77880859375
706	8370.281127929688
707	8385.94775390625
708	8389.778564453125
709	8393.532470703125
710	8399.517700195312
711	8403.802368164062
712	8406.781860351562
713	8413.410766601562
714	8421.285766601562
715	8424.086547851562
716	8429.8212890625
717	8432.857788085938
718	8441.383911132812
719	8449.552001953125
720	8451.567138671875
721	8461.390014648438
722	8462.301147460938
723	8496.325439453125
724	8528.247192382812
725	8530.267456054688
726	8532.302612304688
727	8533.70751953125
728	8542.530151367188
729	8551.51123046875
730	8571.106079101562
731	8579.24658203125
732	8583.422119140625
733	8592.412109375
734	8597.109741210938
735	8611.731567382812
736	8612.81494140625
737	8614.939331054688
738	8615.122802734375
739	8622.734130859375
740	8623.0556640625
741	8623.610595703125
742	8633.485961914062
743	8654.86474609375
744	8665.326416015625
745	8669.40966796875
746	8671.173583984375
747	8673.9208984375
748	8674.008666992188
749	8677.600341796875
750	8683.2255859375
751	8683.671020507812
752	8684.200805664062
753	8689.562133789062
754	8692.644409179688
755	8719.190185546875
756	8720.623657226562
757	8729.543823242188
758	8734.10205078125
759	8754.684204101562
760	8756.173217773438
761	8763.955932617188
762	8768.797607421875
763	8783.248413085938
764	8786.0439453125
765	8793.068969726562
766	8818.551879882812
767	8824.9130859375
768	8828.656494140625
769	8832.944580078125
770	8841.825561523438
771	8844.95361328125
772	8847.976440429688
773	8863.783203125
774	8867.799072265625
775	8875.18310546875
776	8878.67041015625
777	8881.776977539062
778	8885.513427734375
779	8886.734619140625
780	8886.858764648438
781	8893.559936523438
782	8893.759643554688
783	8898.114990234375
784	8898.24267578125
785	8905.301025390625
786	8907.846923828125
787	8928.292724609375
788	8932.657836914062
789	8932.666870117188
790	8947.09228515625
791	8953.057739257812
792	8956.177124023438
793	8965.2412109375
794	8980.526733398438
795	8982.708251953125
796	8999.3046875
797	9017.159057617188
798	9018.919189453125
799	9021.355224609375
800	9026.939575195312
801	9028.742919921875
802	9073.928466796875
803	9076.652587890625
804	9077.34033203125
805	9080.165649414062
806	9084.144287109375
807	9087.787719726562
808	9087.849243164062
809	9110.534790039062
810	9116.112670898438
811	9120.475952148438
812	9131.700561523438
813	9132.100463867188
814	9132.962036132812
815	9138.737915039062
816	9141.408935546875
817	9150.383911132812
818	9153.334228515625
819	9157.45703125
820	9165.652587890625
821	9168.600219726562
822	9169.246826171875
823	9172.6240234375
824	9193.568481445312
825	9195.973388671875
826	9206.551147460938
827	9210.53857421875
828	9220.001953125
829	9237.681518554688
830	9246.461669921875
831	9246.603515625
832	9250.14794921875
833	9255.892944335938
834	9264.506713867188
835	9276.018676757812
836	9276.897338867188
837	9288.584228515625
838	9302.550659179688
839	9304.023071289062
840	9305.377319335938
841	9307.716552734375
842	9312.248291015625
843	9312.25537109375
844	9319.444091796875
845	9320.753173828125
846	9321.18798828125
847	9325.27685546875
848	9336.750854492188
849	9343.143676757812
850	9371.433959960938
851	9377.177368164062
852	9388.27197265625
853	9394.597900390625
854	9395.486572265625
855	9399.308715820312
856	9403.475708007812
857	9404.536010742188
858	9407.668823242188
859	9415.1044921875
860	9421.157836914062
861	9424.449951171875
862	9430.17822265625
863	9436.103637695312
864	9438.860229492188
865	9441.13232421875
866	9441.9150390625
867	9444.62841796875
868	9445.138916015625
869	9449.350830078125
870	9449.46875
871	9450.959594726562
872	9457.935424804688
873	9460.30712890625
874	9463.908081054688
875	9468.992797851562
876	9474.841430664062
877	9486.517944335938
878	9500.947998046875
879	9502.634643554688
880	9506.981323242188
881	9518.969116210938
882	9522.560302734375
883	9535.909912109375
884	9538.023315429688
885	9545.864868164062
886	9554.87353515625
887	9563.310302734375
888	9570.234619140625
889	9572.112548828125
890	9573.55126953125
891	9578.3740234375
892	9579.583618164062
893	9582.239990234375
894	9583.263916015625
895	9605.8701171875
896	9606.6005859375
897	9610.923095703125
898	9623.994506835938
899	9624.64111328125
900	9629.478515625
901	9633.227905273438
902	9647.01611328125
903	9651.3212890625
904	9663.088134765625
905	9674.306518554688
906	9682.953491210938
907	9691.2978515625
908	9706.484008789062
909	9712.692504882812
910	9713.415161132812
911	9720.66357421875
912	9721.19091796875
913	9721.690795898438
914	9736.424926757812
915	9741.33349609375
916	9741.798828125
917	9765.113891601562
918	9776.229248046875
919	9784.412841796875
920	9791.396118164062
921	9801.875122070312
922	9801.974975585938
923	9802.213012695312
924	9802.856323242188
925	9804.364990234375
926	9814.84033203125
927	9817.207763671875
928	9825.294799804688
929	9846.562622070312
930	9857.788452148438
931	9871.4404296875
932	9872.931640625
933	9875.211059570312
934	9875.713134765625
935	9892.6328125
936	9903.097534179688
937	9903.513916015625
938	9906.193481445312
939	9909.059814453125
940	9910.451293945312
941	9911.240356445312
942	9914.650512695312
943	9917.530517578125
944	9926.509033203125
945	9949.2958984375
946	9957.7998046875
947	9964.99609375
948	9966.818115234375
949	9968.178100585938
950	9979.97705078125
951	9983.502075195312
952	9987.912353515625
953	9990.179443359375
954	9995.80908203125
955	10005.471923828125
956	10007.84912109375
957	10023.469360351562
958	10028.693115234375
959	10031.375610351562
960	10046.09765625
961	10050.515869140625
962	10077.570678710938
963	10097.632446289062
964	10105.377685546875
965	10118.9794921875
966	10126.059692382812
967	10127.470947265625
968	10137.514526367188
969	10137.82958984375
970	10139.744873046875
971	10140.758178710938
972	10151.824584960938
973	10161.165649414062
974	10184.278564453125
975	10187.556274414062
976	10188.250122070312
977	10190.833862304688
978	10195.522094726562
979	10202.599487304688
980	10206.70849609375
981	10211.551147460938
982	10234.4716796875
983	10236.79052734375
984	10240.167602539062
985	10244.580322265625
986	10247.61376953125
987	10247.878295898438
988	10248.2705078125
989	10251.4970703125
990	10258.447265625
991	10266.701049804688
992	10268.711669921875
993	10270.700927734375
994	10271.076171875
995	10276.257080078125
996	10294.9423828125
997	10296.49169921875
998	10308.718139648438
999	10312.4462890625
1000	10312.68310546875
1001	10329.368041992188
1002	10339.099853515625
1003	10341.368041992188
1004	10342.537475585938
1005	10343.8212890625
1006	10345.219116210938
1007	10356.900512695312
1008	10360.997924804688
1009	10367.193725585938
1010	10368.508056640625
1011	10378.515502929688
1012	10379.328491210938
1013	10384.154296875
1014	10387.92431640625
1015	10390.282348632812
1016	10419.931884765625
1017	10426.29541015625
1018	10437.445190429688
1019	10437.566284179688
1020	10445.284912109375
1021	10455.889404296875
1022	10457.888305664062
1023	10471.759643554688
1024	10474.7412109375
1025	10481.803344726562
1026	10483.181396484375
1027	10486.26904296875
1028	10487.18994140625
1029	10511.980834960938
1030	10522.629272460938
1031	10534.998901367188
1032	10537.628540039062
1033	10554.814086914062
1034	10555.514892578125
1035	10559.196411132812
1036	10563.740478515625
1037	10564.704833984375
1038	10574.337524414062
1039	10580.393432617188
1040	10582.63232421875
1041	10595.269775390625
1042	10612.794677734375
1043	10624.694702148438
1044	10643.633056640625
1045	10647.03955078125
1046	10652.421264648438
1047	10661.71728515625
1048	10662.595458984375
1049	10667.355346679688
1050	10669.906860351562
1051	10673.895874023438
1052	10676.374389648438
1053	10692.534790039062
1054	10694.276611328125
1055	10696.224243164062
1056	10698.538452148438
1057	10701.067138671875
1058	10722.38427734375
1059	10722.432861328125
1060	10733.113403320312
1061	10741.41064453125
1062	10745.642578125
1063	10751.41943359375
1064	10757.495971679688
1065	10796.970458984375
1066	10808.350708007812
1067	10817.444091796875
1068	10819.647583007812
1069	10829.422241210938
1070	10830.586791992188
1071	10834.345947265625
1072	10835.965209960938
1073	10866.817016601562
1074	10876.701293945312
1075	10879.63134765625
1076	10889.420532226562
1077	10891.607177734375
1078	10904.355224609375
1079	10906.275390625
1080	10909.124755859375
1081	10910.155151367188
1082	10940.39892578125
1083	10942.461669921875
1084	10946.452758789062
1085	10949.099365234375
1086	10953.526977539062
1087	10956.34228515625
1088	10959.401000976562
1089	10959.545776367188
1090	10971.773071289062
1091	10976.845947265625
1092	10980.274169921875
1093	10982.705200195312
1094	10986.7978515625
1095	10987.60498046875
1096	10997.106811523438
1097	10997.169067382812
1098	11006.879516601562
1099	11018.286865234375
1100	11024.352172851562
1101	11029.691650390625
1102	11061.161254882812
1103	11076.1552734375
1104	11097.70751953125
1105	11097.719604492188
1106	11117.191284179688
1107	11139.03369140625
1108	11141.109741210938
1109	11144.717041015625
1110	11148.181640625
1111	11150.953002929688
1112	11152.944458007812
1113	11155.594482421875
1114	11163.857299804688
1115	11178.40966796875
1116	11197.859741210938
1117	11198.12890625
1118	11198.994995117188
1119	11206.381225585938
1120	11213.6298828125
1121	11221.28125
1122	11238.677978515625
1123	11245.7529296875
1124	11250.987670898438
1125	11283.419677734375
1126	11283.97021484375
1127	11285.016357421875
1128	11315.562866210938
1129	11335.0478515625
1130	11346.720947265625
1131	11350.33349609375
1132	11358.206420898438
1133	11360.2119140625
1134	11362.328735351562
1135	11369.857177734375
1136	11380.70849609375
1137	11390.886596679688
1138	11391.506713867188
1139	11396.869873046875
1140	11397.293334960938
1141	11415.6982421875
1142	11418.563232421875
1143	11430.260131835938
1144	11432.298706054688
1145	11444.923217773438
1146	11463.566528320312
1147	11467.674682617188
1148	11474.412353515625
1149	11476.182250976562
1150	11476.364624023438
1151	11476.521240234375
1152	11477.96435546875
1153	11480.811157226562
1154	11484.021484375
1155	11484.57177734375
1156	11492.81689453125
1157	11493.321044921875
1158	11509.255493164062
1159	11513.362426757812
1160	11516.540161132812
1161	11527.236450195312
1162	11529.111206054688
1163	11540.7236328125
1164	11543.862670898438
1165	11559.184448242188
1166	11568.253784179688
1167	11568.741943359375
1168	11582.978149414062
1169	11589.787109375
1170	11598.937744140625
1171	11602.85693359375
1172	11607.074462890625
1173	11608.331787109375
1174	11616.462280273438
1175	11626.004272460938
1176	11655.276977539062
1177	11656.947875976562
1178	11659.903930664062
1179	11667.834228515625
1180	11669.11962890625
1181	11702.900756835938
1182	11703.433837890625
1183	11704.905151367188
1184	11714.79052734375
1185	11722.403442382812
1186	11729.385986328125
1187	11757.748291015625
1188	11759.865844726562
1189	11767.156982421875
1190	11779.511596679688
1191	11780.790405273438
1192	11794.58447265625
1193	11810.247924804688
1194	11818.2451171875
1195	11837.994995117188
1196	11844.533203125
1197	11844.651245117188
1198	11859.966064453125
1199	11881.10302734375
1200	11881.195678710938
1201	11886.2470703125
1202	11886.309326171875
1203	11907.139282226562
1204	11908.229736328125
1205	11919.829833984375
1206	11922.16064453125
1207	11933.7998046875
1208	11940.202270507812
1209	11962.881591796875
1210	11970.212524414062
1211	11978.969482421875
1212	11988.612670898438
1213	11997.94677734375
1214	12002.73974609375
1215	12027.434814453125
1216	12031.152587890625
1217	12032.143920898438
1218	12033.472290039062
1219	12046.7216796875
1220	12048.214111328125
1221	12048.375244140625
1222	12054.086669921875
1223	12061.878662109375
1224	12072.597412109375
1225	12073.126342773438
1226	12081.362426757812
1227	12084.2138671875
1228	12087.236450195312
1229	12087.618530273438
1230	12090.870483398438
1231	12091.494384765625
1232	12113.732299804688
1233	12120.468139648438
1234	12130.70361328125
1235	12137.484741210938
1236	12152.55078125
1237	12158.206909179688
1238	12158.543701171875
1239	12159.046264648438
1240	12161.7744140625
1241	12163.354248046875
1242	12164.103637695312
1243	12164.95458984375
1244	12167.372314453125
1245	12171.288330078125
1246	12175.971313476562
1247	12178.663818359375
1248	12194.678466796875
1249	12198.25244140625
1250	12210.822143554688
1251	12212.255981445312
1252	12228.48095703125
1253	12231.40673828125
1254	12236.256103515625
1255	12267.113525390625
1256	12273.018432617188
1257	12277.474975585938
1258	12303.104736328125
1259	12303.26806640625
1260	12303.50146484375
1261	12309.142211914062
1262	12317.220581054688
1263	12324.452514648438
1264	12325.996215820312
1265	12327.744384765625
1266	12331.293579101562
1267	12334.450927734375
1268	12340.892944335938
1269	12343.298828125
1270	12360.893920898438
1271	12368.084350585938
1272	12369.189331054688
1273	12369.595581054688
1274	12373.20458984375
1275	12373.29296875
1276	12400.138305664062
1277	12405.894775390625
1278	12417.781616210938
1279	12418.849853515625
1280	12424.01953125
1281	12434.578735351562
1282	12438.431274414062
1283	12447.370361328125
1284	12479.366455078125
1285	12482.652221679688
1286	12483.121459960938
1287	12483.659301757812
1288	12510.180786132812
1289	12531.835205078125
1290	12533.605102539062
1291	12545.537475585938
1292	12578.498779296875
1293	12591.814208984375
1294	12613.931030273438
1295	12620.512451171875
1296	12625.668334960938
1297	12627.397338867188
1298	12642.614135742188
1299	12644.30859375
1300	12648.085083007812
1301	12657.153442382812
1302	12659.515869140625
1303	12677.506103515625
1304	12684.744018554688
1305	12689.259521484375
1306	12706.0595703125
1307	12736.141357421875
1308	12740.22998046875
1309	12748.204956054688
1310	12751.529052734375
1311	12758.0478515625
1312	12798.8359375
1313	12799.582275390625
1314	12804.581665039062
1315	12805.453002929688
1316	12806.177368164062
1317	12808.658447265625
1318	12813.308715820312
1319	12817.959838867188
1320	12819.781005859375
1321	12836.067138671875
1322	12846.279052734375
1323	12849.380004882812
1324	12855.654174804688
1325	12862.193725585938
1326	12877.165771484375
1327	12894.2978515625
1328	12895.922485351562
1329	12908.073852539062
1330	12911.480102539062
1331	12919.652099609375
1332	12920.509765625
1333	12932.2080078125
1334	12935.400756835938
1335	12945.28955078125
1336	12945.950439453125
1337	12970.943603515625
1338	12977.869873046875
1339	12986.463256835938
1340	12993.192504882812
1341	12995.38623046875
1342	12997.25048828125
1343	12999.1591796875
1344	13006.359497070312
1345	13013.111938476562
1346	13035.652221679688
1347	13044.144653320312
1348	13054.885620117188
1349	13056.910888671875
1350	13074.115844726562
1351	13074.777099609375
1352	13089.53271484375
1353	13111.506713867188
1354	13126.561767578125
1355	13135.115356445312
1356	13137.451049804688
1357	13139.4384765625
1358	13140.343505859375
1359	13152.510375976562
1360	13153.904296875
1361	13163.203857421875
1362	13167.047729492188
1363	13180.09716796875
1364	13183.431396484375
1365	13187.1904296875
1366	13197.086669921875
1367	13204.19970703125
1368	13204.49755859375
1369	13211.919799804688
1370	13229.789916992188
1371	13234.821166992188
1372	13270.950439453125
1373	13271.295288085938
1374	13278.063720703125
1375	13285.455688476562
1376	13285.953735351562
1377	13303.276611328125
1378	13305.320434570312
1379	13305.73193359375
1380	13330.630249023438
1381	13346.570434570312
1382	13347.82080078125
1383	13376.150756835938
1384	13378.91064453125
1385	13406.22509765625
1386	13408.007080078125
1387	13432.872924804688
1388	13442.079956054688
1389	13457.760375976562
1390	13461.745361328125
1391	13477.951538085938
1392	13482.15234375
1393	13482.992065429688
1394	13487.476806640625
1395	13499.182861328125
1396	13501.049560546875
1397	13503.64111328125
1398	13523.56884765625
1399	13523.85400390625
1400	13549.268920898438
1401	13561.168579101562
1402	13572.985961914062
1403	13575.206909179688
1404	13600.094116210938
1405	13601.101806640625
1406	13607.760498046875
1407	13616.875854492188
1408	13617.025512695312
1409	13625.412231445312
1410	13639.066650390625
1411	13645.814086914062
1412	13652.572631835938
1413	13657.163330078125
1414	13666.810668945312
1415	13675.411743164062
1416	13725.740112304688
1417	13745.07421875
1418	13749.299072265625
1419	13753.066528320312
1420	13757.29833984375
1421	13758.473510742188
1422	13762.93798828125
1423	13767.145263671875
1424	13770.743041992188
1425	13778.909423828125
1426	13785.476684570312
1427	13786.384887695312
1428	13796.705444335938
1429	13820.866455078125
1430	13823.6708984375
1431	13824.3505859375
1432	13839.679321289062
1433	13855.839721679688
1434	13864.48046875
1435	13868.831665039062
1436	13874.438110351562
1437	13876.611206054688
1438	13899.859130859375
1439	13903.419189453125
1440	13904.147338867188
1441	13907.537109375
1442	13945.4990234375
1443	13954.721801757812
1444	13959.589233398438
1445	13985.8720703125
1446	13988.294921875
1447	13991.977905273438
1448	14002.341552734375
1449	14034.208984375
1450	14040.951049804688
1451	14041.2734375
1452	14062.981811523438
1453	14068.9912109375
1454	14077.429565429688
1455	14080.693359375
1456	14088.663696289062
1457	14101.111572265625
1458	14110.504760742188
1459	14132.897705078125
1460	14135.09814453125
1461	14136.559692382812
1462	14151.5029296875
1463	14152.90673828125
1464	14162.461181640625
1465	14169.47509765625
1466	14188.815063476562
1467	14203.3076171875
1468	14211.517822265625
1469	14215.046508789062
1470	14226.131469726562
1471	14236.546752929688
1472	14266.837524414062
1473	14289.133911132812
1474	14305.619873046875
1475	14324.576904296875
1476	14351.53857421875
1477	14378.523315429688
1478	14415.822631835938
1479	14417.050537109375
1480	14430.615234375
1481	14451.021118164062
1482	14456.744506835938
1483	14460.958251953125
1484	14468.6162109375
1485	14472.560546875
1486	14474.202392578125
1487	14488.46240234375
1488	14491.133422851562
1489	14509.088623046875
1490	14524.421142578125
1491	14525.204711914062
1492	14551.047485351562
1493	14553.072875976562
1494	14567.644653320312
1495	14568.484619140625
1496	14606.869384765625
1497	14608.485595703125
1498	14618.289672851562
1499	14638.659057617188
1500	14639.559936523438
1501	14648.01171875
1502	14650.934814453125
1503	14660.120971679688
1504	14674.369873046875
1505	14680.779418945312
1506	14688.662353515625
1507	14689.67919921875
1508	14693.198974609375
1509	14694.051513671875
1510	14696.342895507812
1511	14700.102783203125
1512	14702.769165039062
1513	14719.6826171875
1514	14738.063110351562
1515	14744.059326171875
1516	14755.5009765625
1517	14786.435424804688
1518	14788.55908203125
1519	14794.269775390625
1520	14798.388671875
1521	14808.54248046875
1522	14821.538452148438
1523	14822.867309570312
1524	14830.809326171875
1525	14857.364135742188
1526	14862.650146484375
1527	14880.87060546875
1528	14902.081909179688
1529	14906.999633789062
1530	14916.341064453125
1531	14932.22412109375
1532	14958.460571289062
1533	14959.983764648438
1534	14964.1162109375
1535	14982.570434570312
1536	14992.760009765625
1537	14993.376586914062
1538	14999.615600585938
1539	15009.94873046875
1540	15022.859130859375
1541	15038.705932617188
1542	15050.435668945312
1543	15051.94091796875
1544	15053.123779296875
1545	15066.275146484375
1546	15071.861328125
1547	15072.754150390625
1548	15073.735229492188
1549	15076.84033203125
1550	15079.7275390625
1551	15089.11376953125
1552	15100.184326171875
1553	15185.5693359375
1554	15216.142333984375
1555	15236.41748046875
1556	15238.201782226562
1557	15239.745483398438
1558	15240.799194335938
1559	15248.685668945312
1560	15254.815185546875
1561	15275.399047851562
1562	15290.972412109375
1563	15295.693725585938
1564	15303.214233398438
1565	15325.136840820312
1566	15338.021362304688
1567	15346.412719726562
1568	15380.002197265625
1569	15381.985717773438
1570	15401.338134765625
1571	15406.1611328125
1572	15413.359252929688
1573	15417.893432617188
1574	15421.165161132812
1575	15422.38330078125
1576	15426.33935546875
1577	15467.048461914062
1578	15473.45849609375
1579	15480.841674804688
1580	15509.54541015625
1581	15528.9033203125
1582	15539.2978515625
1583	15547.10205078125
1584	15566.937133789062
1585	15567.076293945312
1586	15570.511596679688
1587	15579.644409179688
1588	15588.182373046875
1589	15655.615844726562
1590	15659.43310546875
1591	15660.927612304688
1592	15671.352783203125
1593	15675.166748046875
1594	15683.278686523438
1595	15688.574096679688
1596	15702.527465820312
1597	15706.321899414062
1598	15724.569702148438
1599	15762.048217773438
1600	15783.666137695312
1601	15797.345947265625
1602	15813.187622070312
1603	15828.941284179688
1604	15858.9833984375
1605	15876.141845703125
1606	15893.84814453125
1607	15905.369018554688
1608	15923.810546875
1609	15925.721069335938
1610	15946.63525390625
1611	15954.246948242188
1612	15965.894775390625
1613	15980.66748046875
1614	15984.359619140625
1615	15984.432983398438
1616	16037.883056640625
1617	16060.876953125
1618	16068.268432617188
1619	16069.594604492188
1620	16084.7255859375
1621	16127.433349609375
1622	16138.492797851562
1623	16140.054443359375
1624	16153.831176757812
1625	16159.570434570312
1626	16159.731323242188
1627	16165.022705078125
1628	16167.513916015625
1629	16175.923217773438
1630	16184.2958984375
1631	16189.021850585938
1632	16192.339721679688
1633	16201.2822265625
1634	16205.99658203125
1635	16216.760864257812
1636	16256.116821289062
1637	16266.318969726562
1638	16266.8349609375
1639	16267.454467773438
1640	16314.435424804688
1641	16323.445068359375
1642	16326.743530273438
1643	16328.255126953125
1644	16332.982421875
1645	16333.63818359375
1646	16338.985229492188
1647	16346.599243164062
1648	16352.228393554688
1649	16354.080078125
1650	16372.476684570312
1651	16375.780151367188
1652	16377.826049804688
1653	16383.262329101562
1654	16390.649536132812
1655	16410.912963867188
1656	16442.123657226562
1657	16442.203979492188
1658	16453.547485351562
1659	16486.200805664062
1660	16487.078491210938
1661	16502.121459960938
1662	16580.904418945312
1663	16591.407958984375
1664	16592.206420898438
1665	16592.686157226562
1666	16613.36083984375
1667	16617.610473632812
1668	16659.472534179688
1669	16660.708984375
1670	16663.064208984375
1671	16664.328369140625
1672	16678.454345703125
1673	16686.75927734375
1674	16697.451293945312
1675	16706.00927734375
1676	16714.383911132812
1677	16719.204833984375
1678	16719.36474609375
1679	16755.108032226562
1680	16762.083618164062
1681	16762.47119140625
1682	16762.695678710938
1683	16771.38916015625
1684	16777.612182617188
1685	16780.251953125
1686	16784.441528320312
1687	16789.93359375
1688	16794.255249023438
1689	16800.0087890625
1690	16805.076416015625
1691	16834.538330078125
1692	16842.558959960938
1693	16846.773071289062
1694	16848.163818359375
1695	16871.74755859375
1696	16886.7412109375
1697	16897.277954101562
1698	16898.983764648438
1699	16906.157104492188
1700	16911.464721679688
1701	16931.706787109375
1702	16936.058837890625
1703	16937.218017578125
1704	16938.8369140625
1705	16955.757446289062
1706	16957.945556640625
1707	16966.795776367188
1708	16973.594848632812
1709	16976.902587890625
1710	16979.998901367188
1711	16994.61328125
1712	16998.469360351562
1713	17011.971801757812
1714	17047.799560546875
1715	17059.717163085938
1716	17063.185546875
1717	17066.365112304688
1718	17086.169189453125
1719	17106.114501953125
1720	17123.33642578125
1721	17125.47119140625
1722	17127.387451171875
1723	17129.394653320312
1724	17138.932495117188
1725	17140.523681640625
1726	17156.8623046875
1727	17168.270385742188
1728	17170.747314453125
1729	17181.201904296875
1730	17210.590209960938
1731	17247.9609375
1732	17249.840576171875
1733	17259.298583984375
1734	17279.0869140625
1735	17279.80078125
1736	17283.530395507812
1737	17284.0
1738	17294.442993164062
1739	17296.624877929688
1740	17301.496704101562
1741	17312.946166992188
1742	17336.01611328125
1743	17336.901977539062
1744	17362.593139648438
1745	17369.69140625
1746	17372.391235351562
1747	17394.72314453125
1748	17415.160278320312
1749	17427.335327148438
1750	17445.55810546875
1751	17454.067993164062
1752	17454.177856445312
1753	17475.559204101562
1754	17481.781982421875
1755	17485.531005859375
1756	17503.101684570312
1757	17530.453369140625
1758	17533.653564453125
1759	17548.359985351562
1760	17567.131591796875
1761	17579.380615234375
1762	17586.590209960938
1763	17622.857788085938
1764	17632.455688476562
1765	17640.08984375
1766	17644.02294921875
1767	17646.478637695312
1768	17649.186767578125
1769	17693.380615234375
1770	17695.04052734375
1771	17712.549072265625
1772	17757.288818359375
1773	17790.3447265625
1774	17824.119140625
1775	17826.851318359375
1776	17842.14892578125
1777	17852.254028320312
1778	17854.588012695312
1779	17874.211181640625
1780	17885.286987304688
1781	17889.02734375
1782	17897.244018554688
1783	17897.859375
1784	17899.091186523438
1785	17905.675415039062
1786	17907.752075195312
1787	17925.941528320312
1788	17928.522705078125
1789	17931.540649414062
1790	17945.867797851562
1791	17950.6875
1792	18031.756225585938
1793	18038.391479492188
1794	18059.005126953125
1795	18061.260375976562
1796	18070.282348632812
1797	18075.480834960938
1798	18109.1123046875
1799	18124.502563476562
1800	18165.171997070312
1801	18181.755249023438
1802	18193.383544921875
1803	18207.226318359375
1804	18225.852172851562
1805	18226.435546875
1806	18269.95458984375
1807	18274.662109375
1808	18291.6572265625
1809	18297.2001953125
1810	18304.119262695312
1811	18308.315307617188
1812	18314.273559570312
1813	18335.208129882812
1814	18336.365844726562
1815	18349.389770507812
1816	18355.15869140625
1817	18365.997314453125
1818	18381.651123046875
1819	18386.000854492188
1820	18418.997802734375
1821	18432.037841796875
1822	18452.607666015625
1823	18471.564453125
1824	18499.13623046875
1825	18524.256103515625
1826	18532.989868164062
1827	18538.063110351562
1828	18545.04833984375
1829	18556.242553710938
1830	18616.728881835938
1831	18627.08447265625
1832	18636.486206054688
1833	18644.753662109375
1834	18659.814819335938
1835	18683.608642578125
1836	18687.832275390625
1837	18692.705688476562
1838	18698.004760742188
1839	18701.182373046875
1840	18708.666748046875
1841	18721.988403320312
1842	18724.098388671875
1843	18726.32958984375
1844	18731.61474609375
1845	18737.272583007812
1846	18751.697387695312
1847	18760.668701171875
1848	18764.391967773438
1849	18782.729614257812
1850	18795.099243164062
1851	18801.062255859375
1852	18803.823486328125
1853	18815.27099609375
1854	18916.578979492188
1855	18946.29833984375
1856	18957.258911132812
1857	18969.62939453125
1858	18980.017456054688
1859	18999.306274414062
1860	19010.911743164062
1861	19011.117553710938
1862	19012.055419921875
1863	19030.222778320312
1864	19037.836181640625
1865	19044.588012695312
1866	19052.808837890625
1867	19061.135498046875
1868	19061.727661132812
1869	19069.873291015625
1870	19084.178466796875
1871	19086.525634765625
1872	19145.303955078125
1873	19173.100463867188
1874	19175.849243164062
1875	19191.7646484375
1876	19194.136840820312
1877	19196.672241210938
1878	19197.13623046875
1879	19243.18798828125
1880	19270.268676757812
1881	19283.663208007812
1882	19308.313720703125
1883	19334.728393554688
1884	19361.410400390625
1885	19385.96875
1886	19389.570678710938
1887	19423.170288085938
1888	19424.035400390625
1889	19433.1533203125
1890	19467.950561523438
1891	19469.634399414062
1892	19485.51513671875
1893	19515.32861328125
1894	19515.360107421875
1895	19521.741577148438
1896	19524.842041015625
1897	19532.004028320312
1898	19535.154174804688
1899	19535.83056640625
1900	19541.3291015625
1901	19549.619995117188
1902	19588.52734375
1903	19623.847412109375
1904	19625.174438476562
1905	19667.9833984375
1906	19679.072509765625
1907	19688.552978515625
1908	19701.846801757812
1909	19725.748291015625
1910	19756.7392578125
1911	19756.82275390625
1912	19766.158447265625
1913	19795.009887695312
1914	19798.989135742188
1915	19812.362915039062
1916	19820.17041015625
1917	19823.390991210938
1918	19825.071533203125
1919	19828.226196289062
1920	19833.36767578125
1921	19881.520751953125
1922	19890.517822265625
1923	19902.471923828125
1924	19913.823364257812
1925	19921.919067382812
1926	19939.605346679688
1927	19966.120849609375
1928	19978.545532226562
1929	20004.31884765625
1930	20020.044311523438
1931	20040.744384765625
1932	20055.87451171875
1933	20057.558837890625
1934	20061.718017578125
1935	20068.911865234375
1936	20087.316162109375
1937	20100.200073242188
1938	20165.339965820312
1939	20228.033935546875
1940	20239.715698242188
1941	20272.688110351562
1942	20304.70654296875
1943	20305.766357421875
1944	20306.515380859375
1945	20321.402465820312
1946	20328.318115234375
1947	20330.698120117188
1948	20336.942016601562
1949	20409.417724609375
1950	20426.285278320312
1951	20431.936157226562
1952	20454.906982421875
1953	20501.39501953125
1954	20542.917846679688
1955	20550.535522460938
1956	20555.202392578125
1957	20595.880981445312
1958	20599.376953125
1959	20607.923217773438
1960	20627.063232421875
1961	20628.65380859375
1962	20638.974853515625
1963	20650.124877929688
1964	20685.8408203125
1965	20687.536376953125
1966	20694.156494140625
1967	20766.497680664062
1968	20767.47705078125
1969	20801.538330078125
1970	20806.162353515625
1971	20816.170288085938
1972	20818.431762695312
1973	20848.7529296875
1974	20856.53515625
1975	20864.723388671875
1976	20878.309936523438
1977	20925.61474609375
1978	20934.49755859375
1979	20974.060302734375
1980	20976.748168945312
1981	20985.5869140625
1982	21043.483520507812
1983	21062.736694335938
1984	21066.65966796875
1985	21070.651977539062
1986	21074.85302734375
1987	21091.205932617188
1988	21121.118530273438
1989	21125.717529296875
1990	21148.740478515625
1991	21158.347534179688
1992	21169.7646484375
1993	21172.06884765625
1994	21196.792724609375
1995	21248.619384765625
1996	21268.517578125
1997	21274.874267578125
1998	21289.89111328125
1999	21305.122802734375
2000	21323.588745117188
2001	21325.900512695312
2002	21329.130981445312
2003	21353.072143554688
2004	21357.837524414062
2005	21369.210205078125
2006	21371.214477539062
2007	21431.315307617188
2008	21451.722045898438
2009	21458.723754882812
2010	21464.932739257812
2011	21475.375732421875
2012	21519.248779296875
2013	21552.46044921875
2014	21590.966674804688
2015	21600.543701171875
2016	21605.49755859375
2017	21611.114379882812
2018	21611.633056640625
2019	21700.359497070312
2020	21701.455078125
2021	21716.145385742188
2022	21719.028564453125
2023	21749.893188476562
2024	21761.815063476562
2025	21777.015380859375
2026	21783.03125
2027	21785.162109375
2028	21786.856201171875
2029	21809.392456054688
2030	21810.704345703125
2031	21822.619506835938
2032	21827.065307617188
2033	21836.802124023438
2034	21843.815307617188
2035	21854.659301757812
2036	21859.12158203125
2037	21907.373046875
2038	21914.157104492188
2039	21923.724975585938
2040	21966.174438476562
2041	21983.224365234375
2042	22014.504028320312
2043	22059.150634765625
2044	22100.784057617188
2045	22135.632568359375
2046	22158.2294921875
2047	22162.151489257812
2048	22162.91552734375
2049	22173.167602539062
2050	22186.415893554688
2051	22196.4052734375
2052	22270.902954101562
2053	22272.178100585938
2054	22277.174438476562
2055	22278.757446289062
2056	22284.853759765625
2057	22316.883911132812
2058	22351.507446289062
2059	22368.3359375
2060	22384.96044921875
2061	22395.30859375
2062	22424.16552734375
2063	22437.18896484375
2064	22486.388061523438
2065	22496.519897460938
2066	22530.79150390625
2067	22535.261108398438
2068	22553.770751953125
2069	22574.554565429688
2070	22583.220458984375
2071	22602.059448242188
2072	22605.547607421875
2073	22626.4111328125
2074	22630.951416015625
2075	22648.333740234375
2076	22694.681884765625
2077	22700.196533203125
2078	22739.791259765625
2079	22745.9384765625
2080	22785.971313476562
2081	22795.87744140625
2082	22808.83349609375
2083	22810.907348632812
2084	22823.279663085938
2085	22874.43994140625
2086	22879.607055664062
2087	22897.618896484375
2088	22929.47607421875
2089	22944.177856445312
2090	22955.98876953125
2091	22964.398071289062
2092	22968.251831054688
2093	22990.887573242188
2094	23002.71826171875
2095	23038.401733398438
2096	23134.415283203125
2097	23157.766235351562
2098	23179.078735351562
2099	23189.663330078125
2100	23224.484985351562
2101	23240.788940429688
2102	23244.45654296875
2103	23271.432739257812
2104	23286.874267578125
2105	23308.582641601562
2106	23329.621337890625
2107	23338.407470703125
2108	23340.47802734375
2109	23365.123046875
2110	23375.921508789062
2111	23378.430908203125
2112	23382.279663085938
2113	23425.93115234375
2114	23443.244506835938
2115	23460.235595703125
2116	23486.346069335938
2117	23522.029418945312
2118	23526.308349609375
2119	23549.008544921875
2120	23555.01123046875
2121	23572.563720703125
2122	23585.829223632812
2123	23595.536743164062
2124	23609.984375
2125	23661.77587890625
2126	23677.478271484375
2127	23698.26220703125
2128	23726.86328125
2129	23735.26416015625
2130	23776.623657226562
2131	23781.4072265625
2132	23786.323120117188
2133	23791.521850585938
2134	23840.950805664062
2135	23875.644409179688
2136	23913.55615234375
2137	23914.222534179688
2138	23935.855346679688
2139	23943.568481445312
2140	23969.707397460938
2141	24004.954345703125
2142	24022.741943359375
2143	24038.178955078125
2144	24039.828979492188
2145	24044.112060546875
2146	24092.15673828125
2147	24105.732177734375
2148	24111.822387695312
2149	24135.515014648438
2150	24159.967651367188
2151	24168.094482421875
2152	24189.710083007812
2153	24218.838134765625
2154	24315.152221679688
2155	24393.822509765625
2156	24479.3486328125
2157	24507.2705078125
2158	24512.900634765625
2159	24528.105102539062
2160	24543.991821289062
2161	24551.28955078125
2162	24554.575073242188
2163	24562.497192382812
2164	24564.61376953125
2165	24581.615966796875
2166	24601.481323242188
2167	24612.520751953125
2168	24625.346435546875
2169	24638.786865234375
2170	24651.03662109375
2171	24656.852783203125
2172	24659.999389648438
2173	24688.559814453125
2174	24739.6962890625
2175	24806.162963867188
2176	24807.802734375
2177	24828.095581054688
2178	24839.826171875
2179	24845.164306640625
2180	24847.206665039062
2181	24849.957763671875
2182	24851.4990234375
2183	24862.257446289062
2184	24889.585571289062
2185	24892.948364257812
2186	24895.198608398438
2187	24960.911254882812
2188	24989.981567382812
2189	25034.32958984375
2190	25074.930908203125
2191	25087.36083984375
2192	25091.106811523438
2193	25108.42236328125
2194	25111.533935546875
2195	25139.491943359375
2196	25178.24609375
2197	25214.837646484375
2198	25220.411254882812
2199	25224.284423828125
2200	25232.188354492188
2201	25238.029174804688
2202	25253.693359375
2203	25254.374267578125
2204	25264.426879882812
2205	25285.440185546875
2206	25359.4951171875
2207	25364.06005859375
2208	25425.150268554688
2209	25426.904174804688
2210	25432.964233398438
2211	25433.474487304688
2212	25438.095703125
2213	25442.802978515625
2214	25454.099731445312
2215	25485.85205078125
2216	25502.13232421875
2217	25503.714111328125
2218	25510.0224609375
2219	25526.53466796875
2220	25533.34423828125
2221	25557.015258789062
2222	25560.892211914062
2223	25586.06982421875
2224	25591.37646484375
2225	25592.555297851562
2226	25646.025634765625
2227	25646.303466796875
2228	25653.547973632812
2229	25665.373291015625
2230	25762.331909179688
2231	25768.518798828125
2232	25791.941284179688
2233	25799.519653320312
2234	25805.429077148438
2235	25817.265991210938
2236	25838.852905273438
2237	25843.19091796875
2238	25903.107421875
2239	25918.92919921875
2240	25946.786743164062
2241	25974.495483398438
2242	26000.607177734375
2243	26040.4716796875
2244	26064.80517578125
2245	26091.410522460938
2246	26095.9931640625
2247	26389.263549804688
2248	26390.389770507812
2249	26397.378662109375
2250	26436.627197265625
2251	26491.846801757812
2252	26496.572387695312
2253	26539.74853515625
2254	26596.464599609375
2255	26602.84423828125
2256	26623.4580078125
2257	26649.044799804688
2258	26685.838256835938
2259	26714.613647460938
2260	26798.473999023438
2261	26812.57470703125
2262	26820.238403320312
2263	26879.390991210938
2264	26894.432495117188
2265	26898.46142578125
2266	26918.401611328125
2267	26919.627685546875
2268	26951.639282226562
2269	26965.85791015625
2270	26968.729248046875
2271	26981.543823242188
2272	26981.945434570312
2273	26986.455932617188
2274	27081.553588867188
2275	27148.781494140625
2276	27177.095947265625
2277	27209.878295898438
2278	27221.833740234375
2279	27270.382202148438
2280	27284.151733398438
2281	27319.943725585938
2282	27320.624267578125
2283	27325.913452148438
2284	27360.778930664062
2285	27396.242553710938
2286	27402.858154296875
2287	27407.737670898438
2288	27434.1591796875
2289	27526.290893554688
2290	27545.306884765625
2291	27560.003173828125
2292	27575.390625
2293	27584.2236328125
2294	27585.13671875
2295	27587.94287109375
2296	27664.888793945312
2297	27703.972412109375
2298	27710.860107421875
2299	27716.572021484375
2300	27727.853515625
2301	27752.998901367188
2302	27763.346069335938
2303	27763.4501953125
2304	27800.461791992188
2305	27824.367065429688
2306	27826.760864257812
2307	27877.97900390625
2308	27900.717163085938
2309	27990.676879882812
2310	27999.47802734375
2311	28085.874389648438
2312	28124.84814453125
2313	28275.352905273438
2314	28395.876708984375
2315	28413.913940429688
2316	28446.632080078125
2317	28450.577392578125
2318	28467.447998046875
2319	28469.6689453125
2320	28498.71728515625
2321	28521.234130859375
2322	28596.912475585938
2323	28612.531494140625
2324	28647.759399414062
2325	28679.347900390625
2326	28696.9716796875
2327	28834.635864257812
2328	28899.1630859375
2329	28933.529663085938
2330	28984.51123046875
2331	29014.025024414062
2332	29035.397583007812
2333	29098.767578125
2334	29120.16162109375
2335	29160.423217773438
2336	29237.063720703125
2337	29262.9892578125
2338	29275.661254882812
2339	29278.873413085938
2340	29290.7353515625
2341	29317.700317382812
2342	29326.396362304688
2343	29341.399780273438
2344	29345.465087890625
2345	29366.96728515625
2346	29377.724243164062
2347	29444.48583984375
2348	29488.27734375
2349	29517.814819335938
2350	29529.266723632812
2351	29554.147216796875
2352	29615.173706054688
2353	29624.126586914062
2354	29637.169311523438
2355	29690.633666992188
2356	29721.384155273438
2357	29737.04736328125
2358	29748.350341796875
2359	29790.353393554688
2360	29823.9013671875
2361	29829.046264648438
2362	29832.771362304688
2363	29836.06787109375
2364	29890.332641601562
2365	29943.595336914062
2366	29944.900390625
2367	29950.059448242188
2368	29980.842163085938
2369	30013.701782226562
2370	30022.945678710938
2371	30037.103881835938
2372	30056.955078125
2373	30135.568481445312
2374	30156.971923828125
2375	30245.86328125
2376	30273.871215820312
2377	30291.203002929688
2378	30415.246459960938
2379	30452.480102539062
2380	30479.1572265625
2381	30483.15478515625
2382	30560.001220703125
2383	30579.661254882812
2384	30642.733276367188
2385	30727.977905273438
2386	30736.66796875
2387	30752.913696289062
2388	30779.756958007812
2389	30806.87158203125
2390	30888.708740234375
2391	30902.829956054688
2392	30930.176025390625
2393	30939.53857421875
2394	30999.6787109375
2395	31025.131958007812
2396	31032.2666015625
2397	31039.91162109375
2398	31041.830444335938
2399	31081.286376953125
2400	31095.576293945312
2401	31096.0048828125
2402	31152.329223632812
2403	31157.011840820312
2404	31254.109985351562
2405	31257.276245117188
2406	31286.388549804688
2407	31339.738159179688
2408	31355.2099609375
2409	31402.899169921875
2410	31508.08642578125
2411	31553.2578125
2412	31644.631713867188
2413	31671.289306640625
2414	31699.0654296875
2415	31786.268676757812
2416	31790.613647460938
2417	31807.410522460938
2418	31814.409912109375
2419	31821.027709960938
2420	31843.793090820312
2421	31871.3486328125
2422	31885.993896484375
2423	31927.997192382812
2424	31939.214599609375
2425	31941.365844726562
2426	31942.096801757812
2427	31972.556030273438
2428	31997.789794921875
2429	32010.8779296875
2430	32059.105224609375
2431	32086.639404296875
2432	32157.418701171875
2433	32192.850830078125
2434	32201.046020507812
2435	32201.43310546875
2436	32211.371215820312
2437	32212.343505859375
2438	32235.5107421875
2439	32251.29833984375
2440	32268.501586914062
2441	32269.944458007812
2442	32273.27001953125
2443	32297.842163085938
2444	32310.297119140625
2445	32368.7802734375
2446	32384.3427734375
2447	32387.420654296875
2448	32398.97509765625
2449	32554.525756835938
2450	32562.712890625
2451	32567.029663085938
2452	32629.584716796875
2453	32671.70947265625
2454	32732.912841796875
2455	32888.9560546875
2456	32916.22277832031
2457	32963.1396484375
2458	32991.79895019531
2459	33054.10656738281
2460	33067.103759765625
2461	33069.581298828125
2462	33078.18249511719
2463	33082.305908203125
2464	33114.60388183594
2465	33157.50231933594
2466	33181.36340332031
2467	33223.029052734375
2468	33233.39196777344
2469	33235.41650390625
2470	33401.09045410156
2471	33427.8271484375
2472	33460.179931640625
2473	33516.093017578125
2474	33552.64587402344
2475	33600.931640625
2476	33652.67224121094
2477	33723.50720214844
2478	33733.48059082031
2479	33746.86315917969
2480	33811.134765625
2481	33834.81982421875
2482	33837.402099609375
2483	33881.24938964844
2484	33885.047607421875
2485	33899.11315917969
2486	33905.015869140625
2487	34021.983154296875
2488	34046.808349609375
2489	34061.15051269531
2490	34062.2353515625
2491	34175.80725097656
2492	34255.78430175781
2493	34269.6982421875
2494	34301.08532714844
2495	34309.07482910156
2496	34353.057861328125
2497	34463.839599609375
2498	34485.83740234375
2499	34486.02966308594
2500	34506.92077636719
2501	34619.2080078125
2502	34641.14245605469
2503	34676.90515136719
2504	34681.22412109375
2505	34707.203857421875
2506	34748.57763671875
2507	34816.907470703125
2508	34827.62854003906
2509	34870.054443359375
2510	34914.34814453125
2511	34919.025634765625
2512	34965.80749511719
2513	34993.46911621094
2514	35084.85559082031
2515	35092.24768066406
2516	35175.46789550781
2517	35362.53503417969
2518	35374.492431640625
2519	35374.96423339844
2520	35480.3310546875
2521	35560.5283203125
2522	35582.451416015625
2523	35619.77380371094
2524	35621.40026855469
2525	35678.82482910156
2526	35696.4619140625
2527	35714.75134277344
2528	35862.05358886719
2529	36119.18664550781
2530	36193.88134765625
2531	36240.82482910156
2532	36276.88781738281
2533	36329.651123046875
2534	36362.52099609375
2535	36401.084228515625
2536	36453.906494140625
2537	36462.516357421875
2538	36515.23303222656
2539	36898.540771484375
2540	36944.455810546875
2541	36991.15185546875
2542	37007.28015136719
2543	37061.73229980469
2544	37158.21618652344
2545	37198.09704589844
2546	37289.49548339844
2547	37289.6728515625
2548	37301.87097167969
2549	37320.466064453125
2550	37411.59851074219
2551	37592.23498535156
2552	37621.78759765625
2553	37636.356689453125
2554	37684.33984375
2555	37836.3154296875
2556	37874.8984375
2557	37926.63464355469
2558	38124.396240234375
2559	38203.4560546875
2560	38204.938232421875
2561	38212.39111328125
2562	38212.5908203125
2563	38229.918212890625
2564	38437.18981933594
2565	38485.5810546875
2566	38520.01062011719
2567	38590.637451171875
2568	38622.00439453125
2569	38654.604736328125
2570	38679.54650878906
2571	38704.52197265625
2572	38781.36962890625
2573	38798.302734375
2574	38842.3818359375
2575	39111.916748046875
2576	39154.71875
2577	39283.85205078125
2578	39300.05871582031
2579	39441.75964355469
2580	39497.74426269531
2581	39508.82653808594
2582	39541.52795410156
2583	39632.06555175781
2584	39682.93310546875
2585	39711.11413574219
2586	39814.18115234375
2587	39855.14172363281
2588	39875.51062011719
2589	39876.133056640625
2590	39932.592041015625
2591	39938.986572265625
2592	40024.83679199219
2593	40097.829833984375
2594	40125.529052734375
2595	40153.3828125
2596	40208.50988769531
2597	40223.4033203125
2598	40238.12023925781
2599	40306.07568359375
2600	40340.504638671875
2601	40353.13903808594
2602	40367.4814453125
2603	40477.41857910156
2604	40480.84509277344
2605	40543.59704589844
2606	40621.65368652344
2607	40622.681396484375
2608	40663.5693359375
2609	40733.96008300781
2610	40778.3994140625
2611	40794.08947753906
2612	40906.25939941406
2613	40953.96923828125
2614	40971.383544921875
2615	41019.93896484375
2616	41135.56298828125
2617	41185.58776855469
2618	41188.06884765625
2619	41243.9287109375
2620	41295.11950683594
2621	41457.30419921875
2622	41497.432861328125
2623	41550.20715332031
2624	41612.90759277344
2625	41699.86865234375
2626	41732.25354003906
2627	41732.95556640625
2628	41784.34265136719
2629	41811.89001464844
2630	41908.61486816406
2631	41910.34094238281
2632	42042.72033691406
2633	42099.6630859375
2634	42296.94982910156
2635	42371.67248535156
2636	42462.22033691406
2637	42527.003662109375
2638	42527.72705078125
2639	42536.946044921875
2640	42670.893798828125
2641	42746.29736328125
2642	42795.148193359375
2643	42926.70324707031
2644	43094.81884765625
2645	43184.45642089844
2646	43264.65881347656
2647	43296.54528808594
2648	43340.12683105469
2649	43369.918212890625
2650	43687.939697265625
2651	43708.89929199219
2652	43713.47912597656
2653	43761.09606933594
2654	43890.91784667969
2655	44017.94250488281
2656	44021.65148925781
2657	44165.38317871094
2658	44304.14245605469
2659	44379.59326171875
2660	44411.40954589844
2661	44442.65344238281
2662	44599.18054199219
2663	44654.59912109375
2664	44685.819091796875
2665	44715.848876953125
2666	44757.95202636719
2667	44834.42614746094
2668	44849.39538574219
2669	44849.78723144531
2670	44889.765380859375
2671	44955.02490234375
2672	45013.75915527344
2673	45086.20202636719
2674	45179.906982421875
2675	45191.349609375
2676	45197.49255371094
2677	45314.23107910156
2678	45352.64453125
2679	45407.37976074219
2680	45436.85046386719
2681	45501.090576171875
2682	45560.57141113281
2683	45621.6767578125
2684	45629.763427734375
2685	45753.889892578125
2686	45831.38439941406
2687	45966.86486816406
2688	46039.40856933594
2689	46074.92736816406
2690	46084.77355957031
2691	46170.39318847656
2692	46219.05749511719
2693	46225.35559082031
2694	46228.94348144531
2695	46252.14794921875
2696	46303.768310546875
2697	46597.75109863281
2698	46640.99035644531
2699	46820.485107421875
2700	47072.54833984375
2701	47174.96337890625
2702	47226.839599609375
2703	47265.933837890625
2704	47453.40270996094
2705	47552.49548339844
2706	47703.52160644531
2707	47876.27746582031
2708	47916.34777832031
2709	47950.335693359375
2710	47984.6806640625
2711	48194.12585449219
2712	48399.92333984375
2713	48421.576416015625
2714	48559.65197753906
2715	48599.373046875
2716	48701.50305175781
2717	48747.51708984375
2718	48783.419677734375
2719	48924.78845214844
2720	48964.16027832031
2721	49010.79553222656
2722	49145.04296875
2723	49599.679931640625
2724	49628.060791015625
2725	49710.32385253906
2726	49771.11328125
2727	49858.762939453125
2728	49905.074951171875
2729	50000.0
2730	50000.0
2731	50000.0
2732	50000.0
2733	50000.0
2734	50000.0
2735	50000.0
2736	50000.0
2737	50000.0
2738	50000.0
2739	50000.0
2740	50000.0
2741	50000.0
2742	50000.0
2743	50000.0
2744	50000.0
2745	50000.0
2746	50000.0
2747	50000.0
2748	50000.0
2749	50000.0
2750	50000.0
2751	50000.0
2752	50000.0
2753	50000.0
2754	50000.0
2755	50000.0
2756	50000.0
2757	50000.0
2758	50000.0
2759	50000.0
2760	50000.0
2761	50000.0
2762	50000.0
2763	50000.0
2764	50000.0
2765	50000.0
2766	50000.0
2767	50000.0
2768	50000.0
2769	50000.0
2770	50000.0
2771	50000.0
2772	50000.0
2773	50000.0
2774	50000.0
2775	50000.0
2776	50000.0
2777	50000.0
2778	50000.0
2779	50000.0
2780	50000.0
2781	50000.0
2782	50000.0
2783	50000.0
2784	50000.0
2785	50000.0
2786	50000.0
2787	50000.0
2788	50000.0
2789	50000.0
2790	50000.0
2791	50000.0
2792	50000.0
2793	50000.0
2794	50000.0
2795	50000.0
2796	50000.0
2797	50000.0
2798	50000.0
2799	50000.0
2800	50000.0
2801	50000.0
2802	50000.0
2803	50000.0
2804	50000.0
2805	50000.0
2806	50000.0
2807	50000.0
2808	50000.0
2809	50000.0
2810	50000.0
2811	50000.0
2812	50000.0
2813	50000.0
2814	50000.0
2815	50000.0
2816	50000.0
2817	50000.0
2818	50000.0
2819	50000.0
2820	50000.0
2821	50000.0
2822	50000.0
2823	50000.0
2824	50000.0
2825	50000.0
2826	50000.0
2827	50000.0
2828	50000.0
2829	50000.0
2830	50000.0
2831	50000.0
2832	50000.0
2833	50000.0
2834	50000.0
2835	50000.0
2836	50000.0
2837	50000.0
2838	50000.0
2839	50000.0
2840	50000.0
2841	50000.0
2842	50000.0
2843	50000.0
2844	50000.0
2845	50000.0
2846	50000.0
2847	50000.0
2848	50000.0
2849	50000.0
2850	50000.0
2851	50000.0
2852	50000.0
2853	50000.0
2854	50000.0
2855	50000.0
2856	50000.0
2857	50000.0
2858	50000.0
2859	50000.0
2860	50000.0
2861	50000.0
2862	50000.0
2863	50000.0
2864	50000.0
2865	50000.0
2866	50000.0
2867	50000.0
2868	50000.0
2869	50000.0
2870	50000.0
2871	50000.0
2872	50000.0
2873	50000.0
2874	50000.0
2875	50000.0
2876	50000.0
2877	50000.0
2878	50000.0
2879	50000.0
2880	50000.0
2881	50000.0
2882	50000.0
2883	50000.0
2884	50000.0
2885	50000.0
2886	50000.0
2887	50000.0
2888	50000.0
2889	50000.0
2890	50000.0
2891	50000.0
2892	50000.0
2893	50000.0
2894	50000.0
2895	50000.0
2896	50000.0
2897	50000.0
2898	50000.0
2899	50000.0
2900	50000.0
2901	50000.0
2902	50000.0
2903	50000.0
2904	50000.0
2905	50000.0
2906	50000.0
2907	50000.0
2908	50000.0
2909	50000.0
2910	50000.0
2911	50000.0
2912	50000.0
2913	50000.0
2914	50000.0
2915	50000.0
2916	50000.0
2917	50000.0
2918	50000.0
2919	50000.0
2920	50000.0
2921	50000.0
2922	50000.0
2923	50000.0
2924	50000.0
2925	50000.0
2926	50000.0
2927	50000.0
2928	50000.0
2929	50000.0
2930	50000.0
2931	50000.0
2932	50000.0
2933	50000.0
2934	50000.0
2935	50000.0
2936	50000.0
2937	50000.0
2938	50000.0
2939	50000.0
2940	50000.0
2941	50000.0
2942	50000.0
2943	50000.0
2944	50000.0
2945	50000.0
2946	50000.0
2947	50000.0
2948	50000.0
2949	50000.0
2950	50000.0
2951	50000.0
2952	50000.0
2953	50000.0
2954	50000.0
2955	50000.0
2956	50000.0
2957	50000.0
2958	50000.0
2959	50000.0
2960	50000.0
2961	50000.0
2962	50000.0
2963	50000.0
2964	50000.0
2965	50000.0
2966	50000.0
2967	50000.0
2968	50000.0
2969	50000.0
2970	50000.0
2971	50000.0
2972	50000.0
2973	50000.0
2974	50000.0
2975	50000.0
2976	50000.0
2977	50000.0
2978	50000.0
2979	50000.0
2980	50000.0
2981	50000.0
2982	50000.0
2983	50000.0
2984	50000.0
2985	50000.0
2986	50000.0
2987	50000.0
2988	50000.0
2989	50000.0
2990	50000.0
2991	50000.0
2992	50000.0
2993	50000.0
2994	50000.0
2995	50000.0
2996	50000.0
2997	50000.0
2998	50000.0
2999	50000.0
3000	50000.0
3001	50000.0
3002	50000.0
3003	50000.0
3004	50000.0
3005	50000.0
3006	50000.0
