#FMS random 4-SAT
#N=16384  nIter=262144  alpha=970   NSamples=2303
#av(nit)	189184.82486625802
#std(nit)	1780.1266936481645
#av(e)	67.36213634389927
#std(e)	2.554304257491421
#av(runtime)	3457.785649153278
#std(runtime)	36.67542346652856
65.0	262144.0	3641.98	25
13.0	262144.0	3238.78	26
0.0	252888.89727783203	3701.7	27
231.0	262144.0	5532.85	28
0.0	84186.40045166016	1579.33	29
18.0	262144.0	4108.87	30
8.0	262144.0	5173.05	31
0.0	109577.40795898438	2184.46	32
20.0	262144.0	4167.79	33
0.0	18178.78302001953	373.76	34
0.0	215858.55932617188	3653.68	35
0.0	77916.78649902344	1593.78	36
0.0	66800.46789550781	1524.2	37
0.0	73533.29284667969	1292.3	38
0.0	186161.06463623047	3374.09	39
0.0	69447.51586914062	1445.56	40
0.0	228765.84252929688	4220.36	41
44.0	262144.0	5004.68	42
23.0	262144.0	4421.06	43
0.0	62560.937561035156	1119.15	44
0.0	235046.59307861328	4387.07	45
477.0	262144.0	6663.71	46
0.0	179874.6290283203	3612.03	47
0.0	144581.54223632812	2876.74	48
0.0	78491.37548828125	1752.19	49
24.0	262144.0	4229.56	50
0.0	54999.952087402344	1070.12	51
0.0	45906.45812988281	1002.39	52
27.0	262144.0	4027.83	101
20.0	262144.0	4134.27	102
0.0	175880.32653808594	2845.92	103
373.0	262144.0	5540.21	104
505.0	262144.0	6034.69	105
0.0	66706.52056884766	1361.19	106
301.0	262144.0	6166.01	107
0.0	57375.0341796875	1131.33	108
0.0	81864.41278076172	1899.8	109
43.0	262144.0	4925.96	110
0.0	53069.0341796875	1116.54	111
7.0	262144.0	3876.19	112
0.0	201452.46112060547	3320.77	113
38.0	262144.0	4131.75	114
74.0	262144.0	5722.29	115
0.0	173037.0551147461	3037.99	116
0.0	130717.14056396484	2591.77	117
15.0	262144.0	6131.37	118
0.0	46028.66864013672	1052.3	119
0.0	73832.11364746094	1220.07	120
0.0	51734.01232910156	1019.42	121
0.0	145414.73626708984	2735.23	122
61.0	262144.0	5654.05	123
0.0	128245.90942382812	2963.65	124
20.0	262144.0	4347.46	125
23.0	262144.0	3182.45	216
0.0	60024.49987792969	910.06	217
237.0	262144.0	4768.1	218
0.0	91142.09674072266	1756.02	219
0.0	58913.58526611328	1091.68	220
0.0	110887.0087890625	1833.74	221
0.0	124563.37573242188	2080.24	222
0.0	175045.89361572266	3460.27	223
0.0	144821.06970214844	2522.4	224
394.0	262144.0	5239.01	225
48.0	262144.0	4210.78	226
49.0	262144.0	4900.6	227
51.0	262144.0	5102.01	228
0.0	95993.798828125	1776.74	229
0.0	42552.588623046875	841.62	230
0.0	134076.0811767578	2522.39	231
0.0	43113.81573486328	825.7	232
290.0	262144.0	6311.99	233
69.0	262144.0	4849.28	234
0.0	260011.47625732422	5702.64	235
0.0	47818.064514160156	852.0	236
36.0	262144.0	4371.95	237
50.0	262144.0	4228.69	238
0.0	174414.20233154297	3276.81	239
0.0	123721.61236572266	2282.51	240
380.0	262144.0	6361.93	241
204.0	262144.0	4810.79	301
0.0	39771.55261230469	621.36	302
86.0	262144.0	3878.73	303
18.0	262144.0	4282.7	304
0.0	206410.36560058594	3268.22	305
0.0	205377.7335205078	3092.14	306
0.0	100339.73034667969	1663.98	307
69.0	262144.0	4455.6	308
0.0	81490.6831665039	1768.59	309
13.0	262144.0	4324.59	310
0.0	111932.87841796875	2545.86	311
47.0	262144.0	5239.26	312
23.0	262144.0	2693.82	313
39.0	262144.0	4959.14	314
0.0	105959.05206298828	2107.08	315
78.0	262144.0	5606.66	316
0.0	148655.06719970703	2612.26	317
367.0	262144.0	3376.22	318
34.0	262144.0	4410.67	319
0.0	225479.71197509766	5152.07	320
36.0	262144.0	5657.36	321
0.0	53656.12731933594	1217.58	322
22.0	262144.0	4550.25	323
30.0	262144.0	4098.72	324
344.0	262144.0	4954.37	417
10.0	262144.0	3797.44	418
0.0	63518.877197265625	1204.5	419
0.0	36437.957458496094	636.6	420
115.0	262144.0	3913.1	421
40.0	262144.0	3956.61	422
37.0	262144.0	4440.02	423
0.0	194030.17309570312	4414.96	424
0.0	165135.93072509766	1823.33	425
0.0	74811.84008789062	1676.15	426
67.0	262144.0	6621.09	427
0.0	68277.65307617188	1122.75	428
0.0	99180.45397949219	2139.49	429
0.0	116394.4165649414	2463.67	430
0.0	83128.00549316406	1794.11	431
0.0	163915.93029785156	2750.19	432
260.0	262144.0	6122.36	433
16.0	262144.0	4630.72	434
380.0	262144.0	6252.18	435
0.0	149180.5479736328	3467.25	436
0.0	51596.16564941406	1139.17	437
224.0	262144.0	5272.65	438
0.0	70824.0474243164	1315.27	439
56.0	262144.0	6324.19	440
0.0	68292.30731201172	1060.7	501
39.0	262144.0	4908.66	502
386.0	262144.0	5321.19	503
0.0	91623.68048095703	1733.83	504
0.0	248284.8857421875	4162.52	505
0.0	139014.3494873047	2294.61	506
54.0	262144.0	6024.73	507
0.0	199342.62518310547	3998.77	508
49.0	262144.0	4010.6	509
37.0	262144.0	4119.71	510
0.0	88351.4487915039	1884.69	511
356.0	262144.0	6392.74	512
293.0	262144.0	6363.34	513
0.0	125461.1205444336	2673.4	514
0.0	146434.8521118164	3088.72	515
0.0	189326.24096679688	3647.13	516
307.0	262144.0	6557.73	517
0.0	24314.71307373047	485.15	518
0.0	255857.74096679688	4351.47	519
337.0	262144.0	6466.87	520
434.0	262144.0	6627.84	521
35.0	262144.0	3586.64	616
86.0	262144.0	4565.12	617
0.0	148736.15753173828	2599.03	618
0.0	92015.12731933594	1205.77	619
0.0	12533.787292480469	166.27	620
0.0	131438.04052734375	2103.0	621
7.0	262144.0	4349.84	622
53.0	262144.0	5166.18	623
0.0	243152.32708740234	4116.46	624
413.0	262144.0	6574.09	625
0.0	233804.0474243164	3890.51	626
426.0	262144.0	6420.11	627
16.0	262144.0	5778.61	628
288.0	262144.0	6548.81	629
0.0	69658.12469482422	1507.27	630
0.0	115888.17767333984	2527.05	631
0.0	146262.25616455078	2714.03	632
327.0	262144.0	6589.05	633
0.0	261352.607421875	4723.15	634
2.0	262144.0	5341.06	635
442.0	262144.0	6655.0	636
14.0	262144.0	3437.13	706
0.0	120297.15087890625	1699.93	707
0.0	198798.12377929688	2801.66	708
0.0	29228.18572998047	536.35	709
10.0	262144.0	3508.04	710
0.0	108780.73443603516	1926.57	711
14.0	262144.0	4032.94	712
0.0	32106.799743652344	609.82	713
0.0	60286.076599121094	1325.52	714
123.0	262144.0	5199.36	715
29.0	262144.0	3935.22	716
75.0	262144.0	4590.38	717
28.0	262144.0	4638.03	718
0.0	104158.63000488281	2056.07	719
393.0	262144.0	5876.71	720
0.0	93228.17419433594	1707.02	721
54.0	262144.0	5195.62	722
0.0	95070.3724975586	1877.57	723
245.0	262144.0	6442.82	724
87.0	262144.0	4375.22	725
31.0	262144.0	4223.45	726
0.0	35218.234619140625	662.84	727
0.0	56244.2568359375	1192.41	728
0.0	46942.83508300781	946.24	729
108.0	262144.0	6299.3	730
341.0	262144.0	6367.91	731
0.0	56124.85028076172	1189.93	732
33.0	262144.0	3649.47	818
25.0	262144.0	3910.87	819
0.0	88188.72393798828	1372.31	820
0.0	31060.582153320312	532.56	821
0.0	16634.56268310547	317.19	822
9.0	262144.0	3593.87	823
0.0	216506.173828125	3763.39	824
0.0	192265.39837646484	3660.84	825
302.0	262144.0	6192.45	826
0.0	128616.59283447266	2532.45	827
317.0	262144.0	6484.78	828
0.0	201510.57250976562	3108.71	829
0.0	233847.58599853516	4887.72	830
0.0	208077.73095703125	4385.29	831
31.0	262144.0	5462.03	832
340.0	262144.0	6006.42	833
0.0	96702.908203125	2068.7	834
0.0	116357.40563964844	2482.48	835
45.0	262144.0	5608.57	836
0.0	214385.64959716797	2287.77	837
0.0	58660.175842285156	1156.87	838
0.0	192044.31524658203	3702.22	839
0.0	189269.13122558594	3058.53	840
30.0	262144.0	4539.44	841
0.0	27826.893310546875	392.17	901
0.0	151484.57623291016	2596.94	902
389.0	262144.0	3858.32	903
0.0	148674.65063476562	2726.73	904
14.0	262144.0	3857.74	905
76.0	262144.0	4908.06	906
0.0	134943.76599121094	2296.77	907
105.0	262144.0	4917.86	908
0.0	127798.32727050781	1348.09	909
45.0	262144.0	6297.67	910
0.0	156215.26751708984	3492.09	911
23.0	262144.0	4984.05	912
284.0	262144.0	5982.89	913
69.0	262144.0	3956.13	914
417.0	262144.0	6625.06	915
423.0	262144.0	6628.36	916
0.0	63698.35028076172	1096.75	917
0.0	31843.28289794922	655.96	918
10.0	262144.0	4268.05	919
0.0	169093.62341308594	3340.63	920
29.0	262144.0	6089.68	921
8.0	262144.0	4470.5	922
0.0	46999.87536621094	808.01	923
0.0	51897.984375	751.83	1020
20.0	262144.0	3629.17	1021
468.0	262144.0	5517.14	1022
69.0	262144.0	4121.19	1023
29.0	262144.0	5322.73	1024
0.0	72865.2368774414	1325.38	1025
0.0	161999.9307861328	2905.53	1026
0.0	77987.98596191406	1528.82	1027
0.0	90240.16748046875	1672.1	1028
53.0	262144.0	4604.6	1029
167.0	262144.0	6222.04	1030
0.0	55502.70343017578	1144.15	1031
285.0	262144.0	5679.91	1032
27.0	262144.0	4936.5	1033
0.0	102476.40802001953	1898.17	1034
0.0	92643.33557128906	1614.27	1035
0.0	207619.1245727539	3680.55	1036
0.0	91277.31323242188	1591.26	1037
25.0	262144.0	5881.58	1038
24.0	262144.0	5482.37	1039
0.0	248646.3077392578	4630.59	1040
28.0	262144.0	4303.64	1041
322.0	262144.0	6589.75	1042
0.0	63862.37365722656	1222.16	1043
0.0	33425.59228515625	679.02	1044
252.0	262144.0	4954.37	1101
0.0	31968.92803955078	526.67	1102
42.0	262144.0	3499.04	1103
0.0	209089.27716064453	3651.72	1104
0.0	73683.44458007812	1195.99	1105
41.0	262144.0	3803.92	1106
36.0	262144.0	4951.26	1107
0.0	53682.297119140625	1189.87	1108
0.0	131249.28576660156	1524.92	1109
0.0	74627.45867919922	1730.05	1110
0.0	38019.25915527344	913.91	1111
38.0	262144.0	4484.62	1112
29.0	262144.0	5062.52	1113
11.0	262144.0	4372.69	1114
0.0	151364.53515625	2406.95	1115
0.0	216465.16333007812	3166.65	1116
0.0	44504.56652832031	990.19	1117
0.0	31242.747497558594	728.32	1118
21.0	262144.0	4299.77	1119
44.0	262144.0	4975.9	1120
75.0	262144.0	5142.81	1121
0.0	111627.7182006836	2513.77	1122
26.0	262144.0	5374.48	1123
0.0	110104.80322265625	1771.27	1124
0.0	108139.10052490234	2196.38	1125
0.0	134137.02337646484	2352.71	1126
27.0	262144.0	6016.33	1127
195.0	262144.0	4981.14	1218
0.0	42752.501403808594	735.57	1219
37.0	262144.0	3645.86	1220
0.0	12951.357666015625	249.49	1221
0.0	69224.95709228516	1050.01	1222
0.0	101105.94787597656	1712.47	1223
0.0	112577.68914794922	2205.27	1224
23.0	262144.0	4993.73	1225
0.0	242467.7860107422	5468.27	1226
0.0	46621.50109863281	910.43	1227
35.0	262144.0	4225.08	1228
0.0	72198.2837524414	1412.48	1229
0.0	90949.4077758789	1696.36	1230
0.0	69269.60607910156	1564.21	1231
0.0	32841.21984863281	370.65	1232
0.0	166758.68115234375	3354.72	1233
0.0	141057.01971435547	2473.79	1234
0.0	31655.12176513672	709.6	1235
29.0	262144.0	5038.26	1236
0.0	197381.42999267578	3234.2	1237
0.0	59131.40905761719	1295.02	1238
0.0	64617.25061035156	1523.62	1239
0.0	134177.34454345703	2845.18	1240
18.0	262144.0	4109.47	1241
395.0	262144.0	6741.52	1242
0.0	57228.5927734375	1306.21	1243
0.0	137347.85864257812	3243.08	1244
252.0	262144.0	3495.07	1245
332.0	262144.0	6755.86	1246
0.0	18352.68603515625	422.61	1247
0.0	94636.42333984375	2008.49	1248
290.0	262144.0	4879.29	1301
0.0	164851.62603759766	3006.96	1302
0.0	30598.13018798828	501.17	1303
306.0	262144.0	5379.53	1304
0.0	24905.902954101562	500.38	1305
302.0	262144.0	5749.31	1306
30.0	262144.0	5335.13	1307
0.0	198962.90295410156	3955.8	1308
0.0	247309.14031982422	5043.39	1309
0.0	260402.32110595703	5452.48	1310
285.0	262144.0	5529.61	1311
217.0	262144.0	6351.85	1312
0.0	134233.39294433594	2442.44	1313
49.0	262144.0	4653.36	1314
52.0	262144.0	5662.61	1315
0.0	94146.82666015625	1901.43	1316
33.0	262144.0	5053.53	1317
0.0	28356.54931640625	639.68	1318
0.0	126161.66009521484	2347.17	1319
0.0	101741.98565673828	2336.7	1320
0.0	48519.619201660156	924.17	1321
0.0	92935.45886230469	2204.27	1322
0.0	137422.02478027344	2897.33	1323
0.0	84518.36029052734	1862.55	1324
86.0	262144.0	4199.58	1424
59.0	262144.0	4583.76	1425
0.0	119214.88732910156	1634.9	1426
0.0	189249.0580444336	2724.78	1427
404.0	262144.0	5466.4	1428
402.0	262144.0	6210.04	1429
0.0	164964.38537597656	2678.95	1430
0.0	23570.843872070312	532.73	1431
0.0	16186.147277832031	338.68	1432
333.0	262144.0	6359.54	1433
0.0	44127.878967285156	927.41	1434
44.0	262144.0	4980.32	1435
27.0	262144.0	4813.56	1436
265.0	262144.0	5526.7	1437
0.0	49559.901794433594	1107.97	1438
17.0	262144.0	4739.37	1439
2.0	262144.0	4959.39	1440
0.0	116299.40338134766	2248.37	1441
16.0	262144.0	4880.9	1442
0.0	101763.31713867188	2067.64	1443
43.0	262144.0	4693.99	1444
0.0	172986.3416748047	3744.18	1445
0.0	43477.04571533203	823.54	1446
314.0	262144.0	6449.34	1447
0.0	89105.91674804688	1199.54	1501
0.0	177115.96392822266	2686.39	1502
374.0	262144.0	5243.71	1503
42.0	262144.0	4773.7	1504
63.0	262144.0	4986.51	1505
0.0	232618.86083984375	4381.48	1506
38.0	262144.0	4937.45	1507
0.0	232841.87158203125	4058.72	1508
0.0	47792.677978515625	927.88	1509
37.0	262144.0	5885.89	1510
84.0	262144.0	4941.61	1511
0.0	37022.70782470703	733.88	1512
34.0	262144.0	5053.12	1513
379.0	262144.0	3390.59	1514
167.0	262144.0	5680.49	1515
0.0	196897.9556274414	3766.64	1516
0.0	164403.9981689453	3096.59	1517
0.0	258957.3666381836	5003.43	1518
24.0	262144.0	5393.3	1519
0.0	75926.75091552734	1565.19	1520
0.0	118946.31549072266	2259.34	1521
0.0	211848.31127929688	4865.13	1522
362.0	262144.0	4089.23	1623
0.0	88945.25476074219	1343.86	1624
0.0	62833.204528808594	1024.45	1625
41.0	262144.0	4034.73	1626
0.0	75775.67993164062	1212.7	1627
23.0	262144.0	4126.15	1628
0.0	198437.4624633789	3629.82	1629
274.0	262144.0	5764.94	1630
85.0	262144.0	3829.4	1631
0.0	88026.90808105469	1873.46	1632
0.0	45685.46502685547	835.32	1633
0.0	181262.03680419922	3880.54	1634
299.0	262144.0	6512.05	1635
8.0	262144.0	3980.64	1636
0.0	204710.54541015625	3814.67	1637
84.0	262144.0	4843.22	1638
20.0	262144.0	4364.19	1639
0.0	169622.98107910156	3081.05	1640
286.0	262144.0	6489.62	1641
0.0	159998.4822998047	2599.04	1642
0.0	168752.86614990234	3163.39	1643
0.0	98137.71697998047	2010.24	1644
0.0	156485.37823486328	3458.92	1645
20.0	262144.0	6058.69	1646
0.0	48865.256774902344	694.54	1701
0.0	62079.88244628906	1038.39	1702
199.0	262144.0	4708.2	1703
0.0	202712.54052734375	3734.33	1704
329.0	262144.0	5671.52	1705
0.0	92299.13287353516	1859.27	1706
0.0	23152.97882080078	486.23	1707
36.0	262144.0	5315.13	1708
0.0	112406.06774902344	1800.38	1709
369.0	262144.0	6718.97	1710
0.0	189418.65258789062	3189.33	1711
0.0	53602.01300048828	1203.63	1712
25.0	262144.0	5404.73	1713
0.0	172080.33514404297	2893.36	1714
0.0	114989.67767333984	2255.57	1715
0.0	57018.77185058594	1108.44	1716
0.0	88786.81646728516	1639.57	1717
22.0	262144.0	5582.5	1718
0.0	185472.8946533203	4052.06	1719
0.0	94151.81579589844	1958.95	1720
0.0	68143.17877197266	1352.14	1721
0.0	190993.919921875	3765.49	1722
474.0	262144.0	6421.05	1723
0.0	212574.5570678711	3627.64	1724
0.0	170513.00567626953	2732.59	1725
0.0	145443.8145751953	2509.81	1726
0.0	166812.3999633789	3152.57	1727
0.0	185408.06414794922	2171.16	1822
10.0	262144.0	3756.94	1823
12.0	262144.0	3932.24	1824
0.0	38259.08972167969	714.78	1825
39.0	262144.0	4844.27	1826
0.0	9796.627197265625	203.36	1827
274.0	262144.0	5570.2	1828
0.0	210598.81573486328	4630.7	1829
45.0	262144.0	4624.42	1830
0.0	122934.36419677734	2631.77	1831
0.0	86050.8452758789	1553.43	1832
0.0	84542.79321289062	1541.83	1833
0.0	65649.24725341797	1099.25	1834
46.0	262144.0	5111.95	1835
0.0	129065.11016845703	2117.88	1836
415.0	262144.0	6201.63	1837
0.0	191023.7407836914	3211.53	1838
0.0	108307.30291748047	2247.3	1839
94.0	262144.0	2721.42	1840
49.0	262144.0	4563.92	1841
21.0	262144.0	5357.47	1842
0.0	241586.01385498047	3591.04	1843
36.0	262144.0	4532.94	1844
8.0	262144.0	4982.43	1845
11.0	262144.0	3852.81	1846
0.0	163380.82104492188	1808.29	1901
0.0	204972.77661132812	3603.5	1902
0.0	82575.40930175781	1357.73	1903
0.0	159942.1455078125	3075.66	1904
20.0	262144.0	3513.12	1905
0.0	46159.950744628906	843.82	1906
286.0	262144.0	4902.05	1907
0.0	201057.23559570312	4097.08	1908
0.0	134110.76739501953	2274.48	1909
19.0	262144.0	4804.96	1910
0.0	191910.66467285156	4108.39	1911
26.0	262144.0	4160.12	1912
0.0	101307.39813232422	2063.08	1913
11.0	262144.0	4722.15	1914
9.0	262144.0	4706.43	1915
0.0	51655.399169921875	925.44	1916
0.0	15451.844177246094	243.34	1917
68.0	262144.0	6223.2	1918
34.0	262144.0	4467.51	1919
242.0	262144.0	6008.53	1920
385.0	262144.0	3295.79	1921
302.0	262144.0	6576.35	1922
0.0	123588.10125732422	2428.61	1923
0.0	40103.27258300781	802.57	1924
64.0	262144.0	4474.35	1925
0.0	32003.338439941406	679.15	1926
0.0	71472.37036132812	1387.72	1927
367.0	262144.0	4799.91	2018
18.0	262144.0	3609.89	2019
0.0	192169.88690185547	3091.71	2020
0.0	66900.25732421875	1247.25	2021
16.0	262144.0	4435.28	2022
0.0	223573.00720214844	3332.72	2023
0.0	114959.24597167969	2475.14	2024
36.0	262144.0	5321.39	2025
0.0	139643.4447631836	1898.63	2026
0.0	140166.6748046875	2520.19	2027
394.0	262144.0	6698.7	2028
339.0	262144.0	6538.99	2029
0.0	118853.32971191406	2727.92	2030
0.0	148422.02423095703	2619.62	2031
0.0	234225.34912109375	5006.87	2032
23.0	262144.0	4843.78	2033
56.0	262144.0	5273.02	2034
421.0	262144.0	6530.72	2035
259.0	262144.0	6619.02	2036
0.0	116587.02722167969	2700.9	2037
355.0	262144.0	3668.45	2105
0.0	116896.32940673828	1365.88	2106
0.0	181604.25494384766	3116.98	2107
76.0	262144.0	4566.79	2108
0.0	71475.08093261719	1094.9	2109
17.0	262144.0	5503.15	2110
0.0	27009.851806640625	617.56	2111
361.0	262144.0	6398.17	2112
69.0	262144.0	6253.98	2113
33.0	262144.0	5899.03	2114
15.0	262144.0	5802.83	2115
0.0	142450.33294677734	3064.86	2116
0.0	92307.87872314453	2140.85	2117
0.0	208982.13995361328	3737.57	2118
360.0	262144.0	6643.69	2119
0.0	124713.44244384766	2139.24	2120
0.0	50313.24365234375	986.53	2121
0.0	52088.86456298828	900.3	2122
69.0	262144.0	6213.8	2123
241.0	262144.0	6054.6	2124
20.0	262144.0	5105.46	2125
0.0	216147.04949951172	4801.52	2126
0.0	140386.10522460938	1951.08	2222
0.0	73554.8110961914	1257.51	2223
220.0	262144.0	4954.17	2224
0.0	202663.78979492188	3555.12	2225
0.0	140429.23950195312	2731.63	2226
0.0	108792.26483154297	1881.22	2227
0.0	88215.74444580078	1569.45	2228
0.0	37623.2734375	754.39	2229
133.0	262144.0	6166.04	2230
0.0	198038.6795654297	3914.79	2231
0.0	42390.23425292969	1063.62	2232
0.0	214940.67712402344	3400.44	2233
0.0	53511.827880859375	1112.7	2234
117.0	262144.0	5488.22	2235
0.0	25657.558227539062	493.73	2236
52.0	262144.0	6421.95	2237
84.0	262144.0	5105.87	2238
0.0	60127.49102783203	1177.94	2239
0.0	249816.2095336914	4601.62	2240
228.0	262144.0	6095.6	2241
56.0	262144.0	4772.76	2242
286.0	262144.0	6468.07	2243
396.0	262144.0	6505.59	2244
345.0	262144.0	4875.41	2245
95.0	262144.0	4878.52	2301
0.0	221738.31860351562	2883.14	2302
12.0	262144.0	3509.24	2303
0.0	201730.88891601562	3954.69	2304
10.0	262144.0	4640.74	2305
0.0	113310.35382080078	1869.69	2306
0.0	235505.55139160156	3771.29	2307
0.0	199068.8628540039	4078.66	2308
0.0	50365.708435058594	1091.09	2309
0.0	115107.60955810547	2569.12	2310
36.0	262144.0	4290.37	2311
49.0	262144.0	5707.2	2312
0.0	29630.722106933594	596.22	2313
0.0	42669.60461425781	846.97	2314
0.0	147296.84936523438	2510.4	2315
0.0	67116.98107910156	1500.0	2316
0.0	98671.61462402344	1769.11	2317
30.0	262144.0	4328.51	2318
0.0	106987.77935791016	2034.44	2319
297.0	262144.0	6604.54	2320
41.0	262144.0	5085.89	2321
34.0	262144.0	5806.65	2322
0.0	70352.15222167969	1621.3	2323
0.0	25600.297119140625	560.97	2324
36.0	262144.0	4358.82	2325
0.0	148376.6069946289	3290.28	2326
67.0	262144.0	3418.94	2420
22.0	262144.0	4705.75	2421
0.0	153098.32592773438	2146.29	2422
399.0	262144.0	5633.29	2423
130.0	262144.0	6211.09	2424
42.0	262144.0	4989.86	2425
0.0	67284.28387451172	1500.91	2426
0.0	112916.96203613281	2125.55	2427
57.0	262144.0	4264.91	2428
0.0	43626.099365234375	831.46	2429
0.0	101918.16217041016	2100.07	2430
0.0	148268.99884033203	2986.9	2431
17.0	262144.0	4398.6	2432
0.0	197741.2081298828	4298.0	2433
400.0	262144.0	5860.81	2434
67.0	262144.0	6392.84	2435
0.0	98667.60534667969	1859.94	2436
0.0	122812.61822509766	2655.22	2437
7.0	262144.0	4175.93	2438
0.0	44264.19030761719	1002.49	2439
13.0	262144.0	5657.0	2440
376.0	262144.0	6504.28	2441
134.0	262144.0	4585.52	2501
0.0	143689.85235595703	2261.39	2502
0.0	38172.90966796875	660.44	2503
11.0	262144.0	3874.81	2504
368.0	262144.0	5351.32	2505
0.0	155037.55169677734	2537.3	2506
164.0	262144.0	6192.26	2507
0.0	209606.12115478516	3929.98	2508
62.0	262144.0	4666.1	2509
18.0	262144.0	3568.83	2510
0.0	252972.84075927734	4383.04	2511
0.0	251144.88403320312	5443.11	2512
352.0	262144.0	6348.94	2513
17.0	262144.0	4869.29	2514
388.0	262144.0	6551.72	2515
0.0	67875.27600097656	1253.85	2516
366.0	262144.0	6480.14	2517
29.0	262144.0	4375.13	2518
0.0	224796.50518798828	4628.34	2519
0.0	244665.9256591797	4552.04	2520
0.0	64226.461486816406	880.82	2622
122.0	262144.0	3824.81	2623
0.0	46201.06182861328	904.83	2624
17.0	262144.0	3963.41	2625
0.0	84656.29620361328	1424.85	2626
0.0	62534.372802734375	1244.38	2627
50.0	262144.0	3682.41	2628
18.0	262144.0	4749.6	2629
381.0	262144.0	6253.63	2630
406.0	262144.0	6522.59	2631
53.0	262144.0	5423.78	2632
7.0	262144.0	4396.99	2633
412.0	262144.0	6451.43	2634
0.0	21188.034118652344	461.58	2635
137.0	262144.0	5833.04	2636
13.0	262144.0	4160.11	2637
0.0	123264.865234375	2557.17	2638
394.0	262144.0	6643.57	2639
63.0	262144.0	5522.55	2640
369.0	262144.0	6394.78	2641
43.0	262144.0	4392.33	2642
0.0	64131.25848388672	1377.24	2643
33.0	262144.0	3485.01	2701
19.0	262144.0	3758.71	2702
0.0	78480.36395263672	1260.68	2703
0.0	260383.767578125	4530.93	2704
0.0	47224.94787597656	927.08	2705
0.0	81980.52081298828	1433.23	2706
0.0	143693.76403808594	2291.01	2707
245.0	262144.0	5634.26	2708
42.0	262144.0	5910.31	2709
14.0	262144.0	4553.26	2710
0.0	65807.35357666016	1410.91	2711
96.0	262144.0	5360.63	2712
27.0	262144.0	6366.44	2713
0.0	80061.07006835938	1439.58	2714
0.0	121038.19757080078	2264.15	2715
0.0	43410.53778076172	938.2	2716
85.0	262144.0	5490.97	2717
19.0	262144.0	4355.12	2718
88.0	262144.0	5146.88	2719
302.0	262144.0	5131.44	2720
0.0	112556.7734375	1969.32	2721
41.0	262144.0	4050.85	2722
329.0	262144.0	6483.82	2723
15.0	262144.0	3102.51	2822
441.0	262144.0	5303.92	2823
0.0	61590.649353027344	1155.23	2824
268.0	262144.0	5429.62	2825
0.0	87582.29736328125	1574.07	2826
66.0	262144.0	5738.86	2827
0.0	157256.88745117188	2981.94	2828
60.0	262144.0	6331.41	2829
379.0	262144.0	6146.11	2830
0.0	40850.430603027344	815.1	2831
0.0	173366.8198852539	3593.45	2832
0.0	80537.58117675781	1535.0	2833
0.0	32634.286376953125	721.92	2834
0.0	65373.86737060547	1460.98	2835
39.0	262144.0	2647.67	2836
0.0	218646.77416992188	3811.31	2837
72.0	262144.0	5894.75	2838
0.0	98983.44287109375	1737.36	2839
0.0	165639.61877441406	3845.71	2840
46.0	262144.0	4179.63	2841
0.0	212901.12072753906	4530.89	2842
0.0	184514.32177734375	2786.54	2843
42.0	262144.0	6042.02	2844
0.0	95510.26354980469	1730.58	2845
0.0	203272.3519897461	2819.14	2901
0.0	77790.08233642578	966.91	2902
334.0	262144.0	5174.91	2903
0.0	251137.69427490234	4458.14	2904
0.0	118839.779296875	2132.13	2905
0.0	62471.57116699219	1041.77	2906
48.0	262144.0	4436.29	2907
28.0	262144.0	4330.7	2908
53.0	262144.0	4766.44	2909
38.0	262144.0	4245.28	2910
0.0	178480.1785888672	3584.5	2911
36.0	262144.0	5659.34	2912
0.0	108876.86047363281	2016.11	2913
0.0	90123.68713378906	1842.26	2914
301.0	262144.0	6323.92	2915
0.0	39153.036376953125	816.07	2916
43.0	262144.0	5817.51	2917
0.0	178797.42431640625	3622.36	2918
0.0	156119.953125	3326.99	2919
0.0	157287.46087646484	3762.37	2920
28.0	262144.0	5301.18	2921
41.0	262144.0	4393.22	2922
0.0	36740.56726074219	853.41	2923
0.0	100105.07415771484	2007.07	2924
468.0	262144.0	3899.89	3019
408.0	262144.0	4464.64	3020
0.0	117166.26483154297	1769.63	3021
0.0	14025.112426757812	287.08	3022
326.0	262144.0	5475.13	3023
0.0	72407.67596435547	1365.1	3024
0.0	111379.0248413086	2072.05	3025
0.0	109789.26849365234	1771.36	3026
0.0	175188.24353027344	3406.43	3027
0.0	124613.51135253906	1944.93	3028
0.0	208424.61407470703	3103.13	3029
0.0	150881.1537475586	2533.78	3030
41.0	262144.0	5021.22	3031
94.0	262144.0	4864.67	3032
0.0	32415.90313720703	773.52	3033
0.0	63422.537048339844	957.53	3034
53.0	262144.0	6455.04	3035
343.0	262144.0	6231.45	3036
0.0	76750.93060302734	1693.25	3037
67.0	262144.0	4617.9	3038
0.0	182103.84545898438	3699.81	3039
0.0	120146.9985961914	2729.86	3040
41.0	262144.0	5558.09	3041
16.0	262144.0	4858.25	3042
0.0	42703.99304199219	784.14	3043
0.0	238581.1713256836	5227.97	3044
0.0	43269.51953125	855.32	3045
0.0	125021.73229980469	1901.54	3101
0.0	29635.498474121094	503.21	3102
28.0	262144.0	3539.85	3103
0.0	113804.11633300781	1654.44	3104
212.0	262144.0	5357.5	3105
38.0	262144.0	4366.59	3106
34.0	262144.0	4321.67	3107
77.0	262144.0	4793.05	3108
0.0	109839.87213134766	1819.69	3109
45.0	262144.0	4269.23	3110
0.0	233085.35906982422	4996.09	3111
362.0	262144.0	6319.64	3112
0.0	127372.00012207031	2621.1	3113
29.0	262144.0	4717.91	3114
0.0	78241.44635009766	1392.92	3115
20.0	262144.0	6185.91	3116
381.0	262144.0	6849.26	3117
335.0	262144.0	5809.43	3118
0.0	136017.73205566406	2420.49	3119
358.0	262144.0	6541.0	3120
44.0	262144.0	4715.88	3121
0.0	54403.348205566406	943.96	3220
138.0	262144.0	4364.36	3221
0.0	173658.31072998047	3364.89	3222
0.0	258260.17578125	4142.29	3223
0.0	173553.90838623047	3241.57	3224
25.0	262144.0	4790.28	3225
0.0	129232.30352783203	2669.18	3226
0.0	205880.63220214844	3111.87	3227
6.0	262144.0	4712.25	3228
43.0	262144.0	5167.6	3229
439.0	262144.0	6621.27	3230
441.0	262144.0	6443.27	3231
0.0	161366.54766845703	3613.22	3232
0.0	75459.1142578125	1428.03	3233
0.0	113842.72912597656	2075.11	3234
0.0	102386.4052734375	2145.08	3235
64.0	262144.0	5189.41	3236
0.0	90141.38098144531	2063.08	3237
0.0	119849.83038330078	2068.5	3238
435.0	262144.0	6566.09	3239
0.0	60072.94873046875	1183.69	3240
26.0	262144.0	4410.01	3241
34.0	262144.0	5160.38	3242
0.0	64569.37878417969	967.89	3301
0.0	227983.05114746094	2864.61	3302
18.0	262144.0	3171.83	3303
361.0	262144.0	5237.34	3304
0.0	179510.43603515625	3359.83	3305
18.0	262144.0	5641.37	3306
0.0	231391.56115722656	4067.5	3307
35.0	262144.0	5033.95	3308
0.0	98021.060546875	2090.81	3309
31.0	262144.0	5219.8	3310
0.0	87070.4331665039	1835.1	3311
0.0	20521.333068847656	314.05	3312
0.0	129641.66271972656	2893.83	3313
107.0	262144.0	5350.67	3314
0.0	199466.8321533203	4128.99	3315
44.0	262144.0	4726.5	3316
91.0	262144.0	5648.44	3317
334.0	262144.0	6186.59	3318
314.0	262144.0	6632.74	3319
382.0	262144.0	6380.12	3320
0.0	125022.54681396484	2161.12	3321
372.0	262144.0	3553.04	3418
28.0	262144.0	3911.34	3419
31.0	262144.0	3795.57	3420
0.0	138036.783203125	2356.91	3421
0.0	119597.51824951172	1937.81	3422
62.0	262144.0	5448.8	3423
42.0	262144.0	5611.89	3424
13.0	262144.0	5230.85	3425
0.0	142474.93780517578	3479.15	3426
0.0	207340.03204345703	4614.89	3427
297.0	262144.0	5728.89	3428
0.0	73338.35345458984	1346.81	3429
0.0	214843.16009521484	4506.26	3430
32.0	262144.0	5943.81	3431
42.0	262144.0	6299.4	3432
58.0	262144.0	6023.31	3433
37.0	262144.0	4620.64	3434
43.0	262144.0	4587.72	3435
121.0	262144.0	6278.63	3436
55.0	262144.0	4076.63	3506
0.0	130607.59875488281	1967.26	3507
0.0	29010.88494873047	469.2	3508
0.0	258364.50616455078	4044.58	3509
25.0	262144.0	4323.94	3510
15.0	262144.0	4119.41	3511
72.0	262144.0	5405.32	3512
31.0	262144.0	6006.27	3513
0.0	29743.106994628906	535.56	3514
13.0	262144.0	4100.21	3515
0.0	70566.13317871094	1326.04	3516
0.0	112797.8599243164	2044.02	3517
0.0	44832.838928222656	912.96	3518
0.0	26249.82440185547	606.61	3519
210.0	262144.0	6115.68	3520
0.0	133036.71923828125	2993.57	3521
0.0	100610.27368164062	1588.76	3522
24.0	262144.0	4701.15	3523
82.0	262144.0	5942.83	3524
28.0	262144.0	5231.76	3525
54.0	262144.0	4569.66	3526
130.0	262144.0	6384.52	3527
43.0	262144.0	4210.43	3528
240.0	262144.0	4521.04	3529
0.0	28429.38250732422	388.78	3622
17.0	262144.0	4411.61	3623
0.0	219542.6092529297	3324.0	3624
0.0	197833.08233642578	2893.63	3625
313.0	262144.0	5481.26	3626
0.0	146735.31707763672	2540.69	3627
248.0	262144.0	6473.11	3628
35.0	262144.0	4481.62	3629
388.0	262144.0	6476.21	3630
69.0	262144.0	6281.01	3631
0.0	107132.15362548828	2128.85	3632
0.0	147339.83404541016	3003.12	3633
7.0	262144.0	4519.59	3634
172.0	262144.0	4311.07	3635
0.0	204377.94360351562	4457.54	3636
6.0	262144.0	4969.86	3637
41.0	262144.0	5179.23	3638
0.0	179567.42596435547	4069.95	3639
300.0	262144.0	6707.65	3640
0.0	44974.30529785156	921.03	3641
12.0	262144.0	4316.59	3642
0.0	84355.80889892578	1128.04	3701
0.0	145132.17999267578	2090.75	3702
73.0	262144.0	4822.64	3703
21.0	262144.0	4930.57	3704
392.0	262144.0	5915.75	3705
222.0	262144.0	5764.03	3706
27.0	262144.0	5023.54	3707
0.0	140799.27575683594	2364.01	3708
259.0	262144.0	6440.5	3709
0.0	34237.450622558594	750.92	3710
44.0	262144.0	5154.95	3711
22.0	262144.0	6520.64	3712
0.0	50496.91796875	1022.2	3713
314.0	262144.0	6574.32	3714
0.0	99710.43060302734	1983.34	3715
30.0	262144.0	4396.0	3716
0.0	40349.723083496094	803.62	3717
42.0	262144.0	5504.26	3718
247.0	262144.0	6668.39	3719
0.0	261078.06072998047	5678.11	3720
0.0	165500.9842529297	2693.19	3819
214.0	262144.0	4833.3	3820
42.0	262144.0	4135.73	3821
38.0	262144.0	5038.55	3822
0.0	63218.35095214844	1054.66	3823
0.0	105086.9794921875	2464.27	3824
0.0	121056.2943725586	2688.16	3825
79.0	262144.0	4428.79	3826
335.0	262144.0	5905.45	3827
0.0	102253.19055175781	1908.96	3828
17.0	262144.0	4103.04	3829
0.0	43227.53631591797	1032.86	3830
0.0	77918.22955322266	1787.65	3831
35.0	262144.0	4770.52	3832
0.0	35755.686584472656	742.91	3833
155.0	262144.0	6134.71	3834
320.0	262144.0	5482.52	3835
67.0	262144.0	4319.35	3836
0.0	182150.64672851562	3522.46	3837
63.0	262144.0	4667.47	3838
0.0	107257.11126708984	2472.28	3839
22.0	262144.0	5333.94	3840
0.0	39704.06701660156	832.67	3841
59.0	262144.0	4176.11	3842
0.0	187649.5694580078	3204.35	3843
0.0	162537.4256591797	2147.84	3901
382.0	262144.0	5268.53	3902
0.0	99850.54608154297	1691.71	3903
84.0	262144.0	4457.96	3904
22.0	262144.0	4679.02	3905
4.0	262144.0	4482.19	3906
35.0	262144.0	6205.85	3907
0.0	45588.72351074219	991.2	3908
47.0	262144.0	5348.62	3909
75.0	262144.0	4907.41	3910
0.0	238220.64617919922	4841.56	3911
0.0	66447.32641601562	1410.2	3912
0.0	100965.62573242188	2113.92	3913
305.0	262144.0	6513.54	3914
445.0	262144.0	6416.82	3915
25.0	262144.0	4376.46	3916
0.0	245523.6118774414	5759.94	3917
5.0	262144.0	5809.9	3918
67.0	262144.0	4823.49	3919
33.0	262144.0	4292.18	3920
36.0	262144.0	3175.47	4020
0.0	76002.42785644531	1373.75	4021
0.0	195140.78839111328	2610.07	4022
0.0	32280.825439453125	495.91	4023
34.0	262144.0	3036.1	4024
0.0	25037.088989257812	430.72	4025
396.0	262144.0	5654.23	4026
43.0	262144.0	5038.02	4027
0.0	143558.48126220703	2487.52	4028
0.0	35648.84533691406	660.49	4029
0.0	196205.09802246094	4025.95	4030
43.0	262144.0	5258.7	4031
20.0	262144.0	5287.46	4032
381.0	262144.0	6217.1	4033
0.0	57711.53448486328	569.62	4034
0.0	124656.92254638672	2604.33	4035
0.0	194952.45721435547	3952.64	4036
0.0	161449.28924560547	3401.25	4037
275.0	262144.0	6441.84	4038
0.0	246062.12774658203	4521.67	4039
21.0	262144.0	4680.29	4040
0.0	68423.67236328125	1313.1	4041
10.0	262144.0	4754.04	4042
0.0	42683.03253173828	917.7	4043
0.0	200109.99017333984	3692.06	4044
10.0	262144.0	4709.56	4045
0.0	108302.25115966797	1357.36	4101
17.0	262144.0	3654.6	4102
50.0	262144.0	4905.53	4103
0.0	172414.5946044922	2586.31	4104
16.0	262144.0	4652.28	4105
424.0	262144.0	6287.13	4106
10.0	262144.0	5292.0	4107
0.0	78768.36102294922	867.08	4108
0.0	137537.16625976562	3464.54	4109
0.0	131988.30590820312	3035.52	4110
160.0	262144.0	4505.24	4111
0.0	71696.00372314453	1351.23	4112
0.0	100955.95428466797	1862.85	4113
0.0	23659.378540039062	510.67	4114
25.0	262144.0	4726.85	4115
408.0	262144.0	3520.64	4116
0.0	167335.11669921875	2804.71	4117
0.0	146793.45819091797	2997.96	4118
0.0	47870.019958496094	874.5	4119
35.0	262144.0	4261.01	4120
0.0	31983.431701660156	767.08	4121
0.0	50763.33410644531	820.3	4122
0.0	132619.39282226562	2089.25	4123
383.0	262144.0	6543.36	4124
0.0	127535.11846923828	2804.62	4125
0.0	216371.7265625	4088.31	4126
73.0	262144.0	4711.2	4127
0.0	154062.2691040039	2536.63	4224
315.0	262144.0	5334.38	4225
0.0	43829.78771972656	788.18	4226
20.0	262144.0	4197.38	4227
0.0	129471.48553466797	2586.65	4228
0.0	118630.03839111328	2287.07	4229
333.0	262144.0	6075.44	4230
72.0	262144.0	5696.41	4231
0.0	114199.96557617188	2434.71	4232
99.0	262144.0	6115.24	4233
59.0	262144.0	6037.44	4234
0.0	103637.6875	1760.44	4235
29.0	262144.0	4431.31	4236
0.0	144202.7655029297	2444.03	4237
0.0	63695.989501953125	1406.14	4238
0.0	222880.5369873047	4410.01	4239
0.0	158830.0235595703	2874.02	4240
23.0	262144.0	6105.28	4241
375.0	262144.0	6166.75	4242
0.0	208331.49090576172	4407.94	4243
0.0	152505.24737548828	2627.11	4244
0.0	253447.58337402344	4437.29	4245
32.0	262144.0	3506.8	4301
33.0	262144.0	4107.51	4302
0.0	257573.2329711914	4308.63	4303
0.0	83251.34210205078	1373.56	4304
337.0	262144.0	5800.68	4305
355.0	262144.0	5832.02	4306
255.0	262144.0	4638.79	4307
0.0	64430.690002441406	1228.75	4308
38.0	262144.0	5158.92	4309
0.0	141161.59802246094	2610.42	4310
26.0	262144.0	4309.62	4311
282.0	262144.0	5243.94	4312
0.0	224515.50427246094	4282.22	4313
361.0	262144.0	6518.92	4314
0.0	145652.76135253906	2768.92	4315
25.0	262144.0	4473.93	4316
0.0	41353.97833251953	872.52	4317
30.0	262144.0	4595.5	4318
0.0	95341.04772949219	1808.83	4319
280.0	262144.0	5650.4	4320
66.0	262144.0	5767.58	4321
301.0	262144.0	3623.4	4422
0.0	83596.49206542969	1271.97	4423
0.0	31455.933532714844	472.25	4424
0.0	67093.92303466797	1105.03	4425
0.0	239637.81866455078	3961.98	4426
15.0	262144.0	3977.34	4427
31.0	262144.0	4240.03	4428
0.0	22168.4228515625	436.78	4429
303.0	262144.0	5759.95	4430
21.0	262144.0	5626.4	4431
104.0	262144.0	6098.73	4432
395.0	262144.0	6456.04	4433
0.0	38385.79797363281	876.29	4434
0.0	114339.3519897461	2339.95	4435
55.0	262144.0	4759.33	4436
0.0	66724.34197998047	1560.4	4437
58.0	262144.0	5406.86	4438
0.0	198729.96844482422	2465.26	4439
26.0	262144.0	5083.32	4440
0.0	76454.19763183594	1638.06	4441
275.0	262144.0	6247.35	4442
0.0	218520.97344970703	4429.13	4443
0.0	76787.17358398438	1457.03	4444
52.0	262144.0	5486.02	4445
30.0	262144.0	3546.87	4501
35.0	262144.0	3523.22	4502
0.0	200949.20343017578	3665.31	4503
0.0	121651.03137207031	1916.66	4504
0.0	187974.8514404297	3113.02	4505
13.0	262144.0	3979.34	4506
349.0	262144.0	6209.21	4507
0.0	158235.93811035156	3826.99	4508
0.0	94606.21960449219	1880.15	4509
55.0	262144.0	5760.36	4510
41.0	262144.0	5100.09	4511
0.0	38045.16424560547	776.14	4512
360.0	262144.0	5940.86	4513
0.0	91724.19934082031	2005.81	4514
314.0	262144.0	5019.08	4515
0.0	91358.6694946289	1869.23	4516
386.0	262144.0	6468.6	4517
0.0	87059.83856201172	1888.07	4518
30.0	262144.0	4551.96	4519
0.0	213264.02142333984	4366.06	4520
0.0	257398.12713623047	4366.9	4521
41.0	262144.0	4310.09	4522
0.0	65525.458923339844	1537.33	4523
406.0	262144.0	4812.64	4621
0.0	22813.502807617188	280.37	4622
70.0	262144.0	4928.94	4623
279.0	262144.0	4159.89	4624
0.0	109673.1361694336	1835.58	4625
37.0	262144.0	5614.33	4626
0.0	130710.4086303711	2407.79	4627
80.0	262144.0	2723.8	4628
305.0	262144.0	6070.32	4629
0.0	15882.548461914062	339.39	4630
8.0	262144.0	3986.97	4631
13.0	262144.0	4790.72	4632
337.0	262144.0	6518.18	4633
0.0	114774.54107666016	2562.31	4634
0.0	167009.28399658203	3022.77	4635
0.0	258756.9552001953	5829.13	4636
21.0	262144.0	5615.06	4637
0.0	195978.2964477539	3399.81	4638
0.0	135306.7069091797	2803.38	4639
379.0	262144.0	6705.54	4640
0.0	195340.8900756836	4180.86	4641
0.0	200571.90203857422	4776.77	4642
0.0	181963.70825195312	2524.06	4701
47.0	262144.0	4306.32	4702
0.0	87109.69073486328	1575.79	4703
34.0	262144.0	4161.33	4704
0.0	38870.041931152344	617.16	4705
83.0	262144.0	4747.95	4706
0.0	141062.50311279297	2614.47	4707
0.0	185475.2748413086	3474.74	4708
340.0	262144.0	6563.96	4709
0.0	93045.49981689453	2088.42	4710
335.0	262144.0	6509.87	4711
25.0	262144.0	3141.14	4712
0.0	86560.80554199219	2054.19	4713
50.0	262144.0	5218.48	4714
0.0	144753.6900024414	3246.68	4715
0.0	59455.02960205078	1128.39	4716
0.0	48334.953674316406	1015.3	4717
0.0	138129.2196044922	2268.08	4718
306.0	262144.0	5278.68	4719
0.0	251135.84942626953	4731.8	4720
0.0	104303.08532714844	2045.22	4721
0.0	138640.71264648438	2777.11	4722
0.0	150413.11737060547	3005.61	4723
0.0	91711.84490966797	1840.44	4724
0.0	87085.52746582031	1936.08	4725
0.0	34474.931213378906	665.63	4726
0.0	189742.16088867188	3205.59	4727
13.0	262144.0	3315.01	4817
48.0	262144.0	3773.98	4818
20.0	262144.0	3739.01	4819
257.0	262144.0	5703.1	4820
292.0	262144.0	6111.31	4821
0.0	191597.34967041016	4263.08	4822
0.0	70750.99249267578	1624.33	4823
0.0	230308.41693115234	4682.32	4824
0.0	178700.37127685547	4074.4	4825
171.0	262144.0	6417.93	4826
28.0	262144.0	4441.47	4827
52.0	262144.0	4188.21	4828
0.0	214570.22821044922	4112.81	4829
16.0	262144.0	4249.52	4830
333.0	262144.0	4569.65	4831
0.0	240897.77801513672	5108.32	4832
0.0	121954.67181396484	2772.66	4833
32.0	262144.0	4461.6	4834
0.0	215033.39154052734	4143.97	4835
32.0	262144.0	4331.96	4907
414.0	262144.0	5257.75	4908
0.0	84199.94915771484	1242.18	4909
0.0	109764.4252319336	1692.65	4910
0.0	171645.04498291016	2852.82	4911
349.0	262144.0	6141.96	4912
62.0	262144.0	5970.62	4913
0.0	108390.59283447266	2098.01	4914
274.0	262144.0	5675.81	4915
0.0	44771.16485595703	1006.46	4916
74.0	262144.0	6034.67	4917
349.0	262144.0	6487.96	4918
11.0	262144.0	4500.02	4919
38.0	262144.0	4492.95	4920
377.0	262144.0	6429.6	4921
0.0	97819.28564453125	1691.35	4922
237.0	262144.0	6241.64	4923
426.0	262144.0	6514.92	4924
0.0	242999.90350341797	5629.0	4925
0.0	191213.2305908203	2397.5	5018
424.0	262144.0	5293.42	5019
17.0	262144.0	4383.81	5020
0.0	204440.3955078125	2082.34	5021
0.0	78031.62512207031	1481.7	5022
0.0	65268.65283203125	1054.86	5023
0.0	27198.917236328125	525.25	5024
0.0	89493.89630126953	1951.38	5025
0.0	88785.49365234375	1431.09	5026
0.0	61147.215270996094	1390.5	5027
68.0	262144.0	5998.53	5028
377.0	262144.0	6524.7	5029
315.0	262144.0	6124.22	5030
14.0	262144.0	4309.15	5031
2.0	262144.0	4300.23	5032
0.0	184248.46740722656	3251.39	5033
0.0	155678.4259033203	3589.37	5034
0.0	52424.35626220703	1230.08	5035
381.0	262144.0	6386.19	5036
36.0	262144.0	4957.11	5037
100.0	262144.0	6038.84	5038
44.0	262144.0	4936.46	5039
0.0	102164.05212402344	2327.21	5040
0.0	120004.04113769531	1730.18	5101
0.0	72611.1254272461	1184.37	5102
0.0	75927.30853271484	1232.42	5103
0.0	172989.23413085938	2636.2	5104
15.0	262144.0	3610.18	5105
0.0	112407.04943847656	1939.42	5106
0.0	51960.16882324219	1022.72	5107
19.0	262144.0	4891.63	5108
0.0	107344.84197998047	2406.17	5109
0.0	198658.99481201172	4168.88	5110
51.0	262144.0	6174.42	5111
0.0	167598.4884033203	2877.97	5112
0.0	42314.14520263672	884.63	5113
257.0	262144.0	6435.7	5114
0.0	233982.65533447266	4715.2	5115
0.0	106144.30157470703	2364.29	5116
0.0	9882.52978515625	193.94	5117
66.0	262144.0	5258.74	5118
227.0	262144.0	5877.52	5119
0.0	59514.208251953125	1067.16	5120
340.0	262144.0	6633.66	5121
300.0	262144.0	6613.28	5122
136.0	262144.0	5548.16	5123
0.0	59731.046142578125	1250.52	5124
0.0	93061.42547607422	1858.51	5125
0.0	207438.06439208984	4486.58	5126
0.0	31383.081604003906	594.18	5127
18.0	262144.0	4017.36	5217
28.0	262144.0	4116.97	5218
29.0	262144.0	3773.31	5219
35.0	262144.0	4340.19	5220
216.0	262144.0	5104.88	5221
22.0	262144.0	2699.21	5222
0.0	84648.75775146484	1408.73	5223
0.0	229920.9722290039	3794.26	5224
401.0	262144.0	6667.74	5225
0.0	205688.7338256836	3782.9	5226
23.0	262144.0	4551.25	5227
0.0	216501.02801513672	5147.53	5228
0.0	224085.7886352539	3912.9	5229
397.0	262144.0	5964.84	5230
0.0	165279.76147460938	3657.67	5231
307.0	262144.0	5685.37	5232
0.0	54938.09411621094	1195.33	5233
22.0	262144.0	5399.3	5234
0.0	60108.896423339844	1283.19	5235
39.0	262144.0	5622.92	5236
44.0	262144.0	5181.48	5237
23.0	262144.0	3286.44	5301
0.0	259313.17706298828	3684.15	5302
49.0	262144.0	4934.12	5303
47.0	262144.0	4937.27	5304
0.0	29550.346252441406	614.62	5305
36.0	262144.0	4505.76	5306
0.0	18194.360778808594	434.03	5307
67.0	262144.0	5485.11	5308
272.0	262144.0	6251.86	5309
0.0	87873.3324584961	1397.11	5310
338.0	262144.0	6364.01	5311
0.0	48582.91174316406	994.33	5312
55.0	262144.0	6393.08	5313
47.0	262144.0	5304.26	5314
20.0	262144.0	4964.38	5315
0.0	69230.91418457031	1505.58	5316
363.0	262144.0	6583.32	5317
0.0	90619.96936035156	1703.77	5318
34.0	262144.0	5360.66	5319
401.0	262144.0	5505.77	5320
35.0	262144.0	4390.72	5321
85.0	262144.0	2969.31	5418
4.0	262144.0	4306.29	5419
0.0	84958.70288085938	1267.68	5420
0.0	146809.5894165039	2276.99	5421
336.0	262144.0	5084.02	5422
0.0	72859.9359741211	1332.36	5423
0.0	187233.73541259766	3648.84	5424
88.0	262144.0	4456.29	5425
0.0	42083.19256591797	890.42	5426
0.0	50857.232482910156	967.66	5427
0.0	241541.41796875	4802.4	5428
0.0	41369.13702392578	764.26	5429
379.0	262144.0	5756.15	5430
52.0	262144.0	5845.9	5431
0.0	122134.05419921875	2180.86	5432
10.0	262144.0	4595.0	5433
0.0	102884.18096923828	1903.89	5434
17.0	262144.0	3987.8	5435
349.0	262144.0	6385.38	5436
51.0	262144.0	5514.13	5437
0.0	67781.45092773438	1553.75	5438
51.0	262144.0	4342.46	5439
19.0	262144.0	5416.87	5440
56.0	262144.0	4485.92	5441
0.0	191313.03326416016	2580.39	5501
0.0	32172.96759033203	450.83	5502
0.0	104002.42742919922	1860.07	5503
0.0	148510.3745727539	2895.33	5504
0.0	104706.06713867188	1494.78	5505
0.0	78838.53509521484	836.76	5506
0.0	125584.3828125	2113.03	5507
26.0	262144.0	4014.08	5508
0.0	78869.58819580078	1649.61	5509
379.0	262144.0	6056.61	5510
0.0	177666.22564697266	3842.47	5511
0.0	170802.26239013672	4056.66	5512
0.0	69121.33825683594	1200.34	5513
89.0	262144.0	6221.19	5514
0.0	42360.43798828125	935.94	5515
272.0	262144.0	6484.85	5516
0.0	69462.00311279297	1368.47	5517
45.0	262144.0	5268.93	5518
0.0	22514.556274414062	427.66	5519
0.0	155097.66009521484	2789.71	5520
0.0	166071.7286376953	3534.54	5521
0.0	52484.122009277344	957.96	5522
0.0	45298.835998535156	859.07	5523
0.0	42892.96569824219	971.12	5524
0.0	72137.72967529297	1619.6	5525
27.0	262144.0	4427.16	5526
473.0	262144.0	6683.5	5527
357.0	262144.0	6601.76	5528
309.0	262144.0	4085.95	5623
0.0	193532.11749267578	3222.29	5624
27.0	262144.0	3638.77	5625
0.0	96164.5560913086	1595.51	5626
0.0	15590.740173339844	268.41	5627
0.0	190448.02124023438	3532.59	5628
0.0	78901.45764160156	1552.49	5629
100.0	262144.0	5737.59	5630
370.0	262144.0	6344.72	5631
378.0	262144.0	6632.74	5632
0.0	194045.49194335938	3381.74	5633
0.0	72651.26000976562	1338.89	5634
45.0	262144.0	5801.01	5635
382.0	262144.0	6417.3	5636
16.0	262144.0	4641.12	5637
76.0	262144.0	4294.81	5638
428.0	262144.0	6343.52	5639
47.0	262144.0	4866.27	5640
0.0	53543.80712890625	1030.07	5641
65.0	262144.0	4789.13	5642
259.0	262144.0	6652.64	5643
315.0	262144.0	3862.98	5701
0.0	178968.5733642578	3139.72	5702
0.0	129181.3930053711	1929.79	5703
0.0	163672.49786376953	2358.71	5704
458.0	262144.0	5813.3	5705
170.0	262144.0	3117.63	5706
0.0	72052.13793945312	1611.3	5707
173.0	262144.0	5426.06	5708
29.0	262144.0	4967.53	5709
0.0	242165.80041503906	4122.95	5710
17.0	262144.0	4135.51	5711
75.0	262144.0	4280.45	5712
393.0	262144.0	6220.85	5713
413.0	262144.0	5296.1	5714
57.0	262144.0	6203.26	5715
52.0	262144.0	5651.4	5716
0.0	50669.438232421875	944.58	5717
328.0	262144.0	6258.4	5718
87.0	262144.0	5011.33	5719
23.0	262144.0	5514.26	5720
17.0	262144.0	3898.74	5816
353.0	262144.0	5276.99	5817
26.0	262144.0	4522.0	5818
13.0	262144.0	3657.77	5819
0.0	27228.785095214844	556.21	5820
0.0	114798.6142578125	2036.44	5821
0.0	133760.7134399414	2469.74	5822
0.0	251580.98553466797	4445.25	5823
0.0	241789.95123291016	3927.49	5824
20.0	262144.0	4310.15	5825
0.0	190163.7266845703	4068.4	5826
0.0	46011.145751953125	1010.5	5827
201.0	262144.0	6329.58	5828
0.0	259640.05993652344	4864.67	5829
6.0	262144.0	4813.77	5830
433.0	262144.0	6529.77	5831
0.0	252425.82989501953	5446.49	5832
128.0	262144.0	4654.8	5833
0.0	172370.0557861328	3198.68	5834
6.0	262144.0	5354.33	5835
40.0	262144.0	4848.63	5836
24.0	262144.0	3804.11	5901
258.0	262144.0	5396.22	5902
0.0	117186.37689208984	2134.22	5903
0.0	192623.83532714844	3706.04	5904
44.0	262144.0	4228.82	5905
0.0	139821.8251953125	3060.85	5906
0.0	68471.85040283203	1500.28	5907
25.0	262144.0	5736.89	5908
0.0	148646.88647460938	2625.76	5909
385.0	262144.0	6442.01	5910
0.0	55608.493713378906	992.53	5911
53.0	262144.0	5143.06	5912
17.0	262144.0	5627.33	5913
0.0	261292.21905517578	5326.5	5914
0.0	131357.98468017578	2392.31	5915
10.0	262144.0	4125.51	5916
290.0	262144.0	4934.09	5917
0.0	43620.16583251953	866.42	5918
0.0	61492.66424560547	796.66	5919
0.0	210216.92260742188	3507.68	5920
16.0	262144.0	5514.25	5921
0.0	116328.07415771484	2264.39	5922
22.0	262144.0	4259.15	5923
325.0	262144.0	4347.57	6019
0.0	166269.9923095703	2538.34	6020
27.0	262144.0	3706.53	6021
21.0	262144.0	4260.25	6022
20.0	262144.0	4306.52	6023
0.0	27001.18212890625	485.98	6024
0.0	45733.616149902344	949.14	6025
21.0	262144.0	5346.69	6026
0.0	83835.02062988281	1526.46	6027
25.0	262144.0	4351.66	6028
0.0	44464.85076904297	912.19	6029
0.0	70101.66320800781	1187.63	6030
16.0	262144.0	4777.83	6031
164.0	262144.0	6640.46	6032
66.0	262144.0	5037.12	6033
385.0	262144.0	6449.41	6034
0.0	169779.82904052734	3165.77	6035
0.0	80557.35382080078	1686.12	6036
15.0	262144.0	5931.47	6037
0.0	136882.1566772461	2620.42	6038
0.0	135434.72412109375	2669.62	6039
0.0	94691.79064941406	1938.53	6040
334.0	262144.0	6703.29	6041
36.0	262144.0	5324.3	6042
0.0	60720.13879394531	855.8	6101
22.0	262144.0	3736.46	6102
0.0	47535.13098144531	878.13	6103
0.0	238491.7110595703	3703.15	6104
23.0	262144.0	3892.26	6105
0.0	214146.09307861328	4427.52	6106
247.0	262144.0	6364.37	6107
10.0	262144.0	4976.2	6108
18.0	262144.0	4350.49	6109
0.0	150546.62689208984	2571.8	6110
273.0	262144.0	6498.36	6111
0.0	214137.4627685547	4564.98	6112
286.0	262144.0	6079.83	6113
0.0	98915.26641845703	2268.12	6114
0.0	24227.509765625	450.72	6115
0.0	52795.466247558594	1065.69	6116
19.0	262144.0	4143.3	6117
40.0	262144.0	4247.55	6118
0.0	129372.27947998047	2841.05	6119
34.0	262144.0	5235.18	6120
0.0	255920.80053710938	4940.61	6121
12.0	262144.0	5318.77	6122
253.0	262144.0	4725.23	6218
273.0	262144.0	5269.12	6219
0.0	204806.42401123047	3329.85	6220
0.0	257011.18292236328	4397.28	6221
49.0	262144.0	5131.46	6222
0.0	110369.63793945312	2427.53	6223
63.0	262144.0	6179.41	6224
22.0	262144.0	4131.68	6225
38.0	262144.0	5685.37	6226
0.0	160272.10412597656	3746.7	6227
462.0	262144.0	6468.94	6228
0.0	179528.7329711914	3365.91	6229
55.0	262144.0	5523.25	6230
0.0	138720.23760986328	2638.19	6231
0.0	59998.87371826172	1321.6	6232
0.0	157726.76000976562	2863.67	6233
0.0	24961.21533203125	488.24	6234
0.0	231345.14569091797	3508.69	6235
41.0	262144.0	4030.59	6236
0.0	122355.31414794922	2202.02	6237
13.0	262144.0	5095.55	6238
0.0	197075.30096435547	4174.95	6239
63.0	262144.0	4088.79	6306
59.0	262144.0	4049.31	6307
66.0	262144.0	4245.04	6308
38.0	262144.0	4291.91	6309
0.0	30817.642211914062	647.87	6310
0.0	154376.06744384766	3064.95	6311
0.0	69813.70593261719	1417.82	6312
0.0	73683.93914794922	1642.54	6313
24.0	262144.0	5065.86	6314
0.0	76709.3148803711	1256.95	6315
0.0	210328.92260742188	4186.72	6316
473.0	262144.0	6144.05	6317
24.0	262144.0	4160.65	6318
0.0	169570.72747802734	3324.37	6319
0.0	128438.08117675781	2942.39	6320
62.0	262144.0	5699.91	6321
0.0	96488.6605834961	1680.16	6322
19.0	262144.0	4287.74	6323
0.0	90957.1865234375	2005.69	6324
147.0	262144.0	5639.34	6325
0.0	116856.87725830078	1998.84	6326
29.0	262144.0	4788.22	6327
0.0	62091.824157714844	1108.96	6328
0.0	80395.29852294922	1710.37	6329
327.0	262144.0	6553.11	6330
19.0	262144.0	2641.28	6418
0.0	162611.52111816406	2312.43	6419
341.0	262144.0	5133.18	6420
10.0	262144.0	3907.75	6421
0.0	94184.5786743164	1609.78	6422
382.0	262144.0	5744.26	6423
278.0	262144.0	6254.37	6424
0.0	37955.68957519531	792.92	6425
0.0	157925.02020263672	3494.4	6426
243.0	262144.0	6472.57	6427
0.0	105307.33227539062	2166.36	6428
21.0	262144.0	5580.04	6429
93.0	262144.0	4957.04	6430
28.0	262144.0	4391.77	6431
0.0	48642.857971191406	1139.4	6432
5.0	262144.0	4956.0	6433
274.0	262144.0	6591.25	6434
26.0	262144.0	4367.08	6435
0.0	127327.25897216797	2527.49	6436
0.0	52444.340576171875	1013.5	6437
318.0	262144.0	5483.9	6438
0.0	49466.74969482422	1050.81	6439
303.0	262144.0	4855.43	6501
10.0	262144.0	3600.49	6502
0.0	77816.5521850586	1227.25	6503
0.0	45619.09020996094	856.7	6504
0.0	207783.81713867188	2992.39	6505
0.0	43906.68078613281	747.63	6506
34.0	262144.0	4239.02	6507
27.0	262144.0	4175.94	6508
15.0	262144.0	5393.45	6509
0.0	159462.11059570312	2818.77	6510
0.0	61119.63604736328	1120.49	6511
0.0	225771.8549194336	4782.73	6512
374.0	262144.0	6439.31	6513
345.0	262144.0	6392.03	6514
23.0	262144.0	4287.84	6515
117.0	262144.0	4864.45	6516
6.0	262144.0	4435.1	6517
32.0	262144.0	4823.88	6518
22.0	262144.0	4364.83	6519
384.0	262144.0	6569.0	6520
311.0	262144.0	6647.05	6521
373.0	262144.0	4962.86	6619
54.0	262144.0	5108.02	6620
0.0	117085.15698242188	2043.73	6621
0.0	153042.09405517578	2812.39	6622
222.0	262144.0	6114.0	6623
0.0	188549.34594726562	3150.31	6624
119.0	262144.0	6127.62	6625
0.0	195905.75354003906	4074.22	6626
0.0	119131.66943359375	2440.13	6627
23.0	262144.0	4650.86	6628
0.0	121482.94067382812	2507.02	6629
197.0	262144.0	5736.67	6630
0.0	28310.040405273438	536.26	6631
0.0	41917.597412109375	758.6	6632
407.0	262144.0	6255.71	6633
479.0	262144.0	6674.6	6634
0.0	167834.6748046875	3727.85	6635
0.0	163410.2293701172	2986.62	6636
0.0	67581.13604736328	1234.93	6637
0.0	141020.81573486328	2699.03	6638
12.0	262144.0	4526.56	6639
443.0	262144.0	6156.79	6640
0.0	80857.51635742188	1029.13	6701
36.0	262144.0	3795.31	6702
31.0	262144.0	3964.61	6703
45.0	262144.0	4258.72	6704
0.0	51874.383850097656	859.48	6705
0.0	153411.8812866211	2131.49	6706
0.0	83998.61419677734	1433.25	6707
328.0	262144.0	6310.38	6708
0.0	75069.03509521484	1478.97	6709
0.0	87139.80480957031	1607.13	6710
25.0	262144.0	4988.44	6711
26.0	262144.0	4983.95	6712
0.0	166073.6602783203	3679.8	6713
0.0	141515.5053100586	3139.24	6714
0.0	9293.897399902344	169.52	6715
0.0	89543.66516113281	1522.34	6716
27.0	262144.0	5327.87	6717
0.0	128651.59643554688	3007.65	6718
0.0	40405.77081298828	894.7	6719
405.0	262144.0	6603.49	6720
0.0	211600.52709960938	3601.35	6721
425.0	262144.0	6059.86	6722
0.0	145528.31475830078	2946.68	6723
0.0	111778.54943847656	1968.41	6724
0.0	31706.865478515625	605.27	6725
302.0	262144.0	6283.29	6726
0.0	104864.74884033203	1905.17	6727
0.0	99072.61743164062	1736.75	6728
15.0	262144.0	3771.69	6814
165.0	262144.0	5165.66	6815
0.0	58123.15704345703	954.25	6816
0.0	217741.06408691406	2851.48	6817
26.0	262144.0	4307.07	6818
0.0	150843.0076904297	2505.05	6819
0.0	66134.14385986328	1387.94	6820
178.0	262144.0	6290.97	6821
0.0	238444.2080078125	5176.59	6822
0.0	27220.23370361328	607.96	6823
0.0	260990.04486083984	4266.6	6824
37.0	262144.0	4049.43	6825
0.0	26791.212646484375	471.51	6826
0.0	241098.4662475586	4917.63	6827
0.0	32502.778259277344	546.58	6828
0.0	198048.8560180664	4051.93	6829
417.0	262144.0	6139.36	6830
362.0	262144.0	6509.82	6831
0.0	192934.8525390625	4046.71	6832
0.0	23171.91339111328	482.39	6833
0.0	247003.92419433594	4213.58	6834
33.0	262144.0	5701.19	6835
2.0	262144.0	5217.35	6836
34.0	262144.0	3989.34	6901
179.0	262144.0	5435.29	6902
44.0	262144.0	4746.23	6903
20.0	262144.0	5290.59	6904
0.0	183132.5552368164	4159.1	6905
0.0	235849.38623046875	3918.65	6906
0.0	68436.04718017578	1452.58	6907
382.0	262144.0	6492.12	6908
430.0	262144.0	6724.05	6909
28.0	262144.0	4959.88	6910
94.0	262144.0	5618.81	6911
0.0	81370.6821899414	944.47	6912
44.0	262144.0	6157.38	6913
47.0	262144.0	5191.67	6914
30.0	262144.0	5040.21	6915
0.0	90006.9638671875	1841.91	6916
0.0	91097.22491455078	1906.29	6917
252.0	262144.0	6050.67	6918
363.0	262144.0	6268.98	6919
0.0	60009.677673339844	1118.25	6920
0.0	260397.23217773438	3455.22	8
0.0	151465.32012939453	2447.54	9
0.0	167051.18103027344	2691.45	10
316.0	262144.0	4433.99	11
0.0	66412.86712646484	921.91	12
0.0	46962.765869140625	841.27	13
15.0	262144.0	3578.34	14
12.0	262144.0	4232.48	15
46.0	262144.0	4013.09	16
476.0	262144.0	5134.11	17
440.0	262144.0	4486.44	18
16.0	262144.0	3615.04	19
0.0	126824.60949707031	2003.86	20
108.0	262144.0	4349.91	21
0.0	58184.15319824219	969.69	22
0.0	154920.90966796875	2408.51	23
3.0	262144.0	3588.54	24
20.0	262144.0	3294.57	201
33.0	262144.0	3380.32	202
0.0	119034.64282226562	1867.28	203
63.0	262144.0	3838.86	204
353.0	262144.0	5025.82	205
71.0	262144.0	4656.31	206
25.0	262144.0	3458.51	207
0.0	189883.85974121094	2766.0	208
0.0	166364.1134033203	2738.1	209
301.0	262144.0	5195.81	210
0.0	153361.05541992188	2747.64	211
336.0	262144.0	4729.85	212
10.0	262144.0	3747.7	213
15.0	262144.0	4083.26	214
42.0	262144.0	2814.82	215
11.0	262144.0	3112.03	401
0.0	31468.213134765625	442.23	402
116.0	262144.0	4890.39	403
31.0	262144.0	4423.69	404
0.0	94248.33508300781	1690.73	405
0.0	129275.32189941406	2356.3	406
13.0	262144.0	4195.12	407
27.0	262144.0	4063.44	408
333.0	262144.0	5025.75	409
0.0	123833.80584716797	1816.91	410
40.0	262144.0	3639.65	411
0.0	221894.22869873047	3696.79	412
0.0	137789.45147705078	2040.68	413
17.0	262144.0	3596.86	414
0.0	222849.662109375	3970.6	415
0.0	93122.96270751953	1343.88	416
307.0	262144.0	3902.84	601
0.0	130214.61920166016	2301.27	602
360.0	262144.0	4924.56	603
203.0	262144.0	4827.89	604
0.0	16608.683349609375	281.21	605
0.0	142409.95123291016	2110.12	606
0.0	38330.1220703125	505.84	607
29.0	262144.0	3585.97	608
400.0	262144.0	5211.83	609
62.0	262144.0	4185.97	610
381.0	262144.0	4936.17	611
31.0	262144.0	4296.29	612
122.0	262144.0	4517.16	613
345.0	262144.0	4990.74	614
0.0	36466.42687988281	468.53	801
0.0	152288.63549804688	1946.16	802
0.0	156623.86389160156	2335.94	803
0.0	62707.84844970703	747.05	804
14.0	262144.0	3837.03	805
225.0	262144.0	4748.93	806
0.0	158744.4844970703	2110.23	807
0.0	112777.72552490234	2006.67	808
0.0	175059.36206054688	2813.29	809
303.0	262144.0	4497.91	810
67.0	262144.0	4030.03	811
26.0	262144.0	3417.51	812
24.0	262144.0	4365.53	813
55.0	262144.0	5034.95	814
220.0	262144.0	4829.4	815
52.0	262144.0	4026.1	816
0.0	91479.25366210938	1386.42	817
0.0	250682.55889892578	4245.4	1001
397.0	262144.0	4879.6	1002
245.0	262144.0	4867.64	1003
0.0	23018.909118652344	342.92	1004
0.0	39013.30255126953	597.89	1005
0.0	232372.11151123047	3731.93	1006
0.0	104031.31072998047	1717.03	1007
357.0	262144.0	5378.2	1008
0.0	72926.76300048828	1239.1	1009
0.0	176736.28912353516	3062.06	1010
0.0	91253.11456298828	1353.63	1011
17.0	262144.0	3511.35	1012
55.0	262144.0	4309.59	1013
0.0	41134.32043457031	703.41	1014
0.0	185415.11456298828	2520.88	1015
51.0	262144.0	4422.47	1016
12.0	262144.0	3856.9	1017
0.0	70653.87329101562	1122.88	1018
41.0	262144.0	4328.52	1201
0.0	168924.0902709961	2635.56	1202
0.0	193908.1573486328	2691.06	1203
0.0	237284.96630859375	3104.0	1204
0.0	107376.52569580078	1565.2	1205
0.0	81438.00604248047	1332.33	1206
0.0	247935.13641357422	3008.79	1207
13.0	262144.0	4252.47	1208
0.0	260807.0274658203	4107.31	1209
0.0	77581.94439697266	1288.28	1210
407.0	262144.0	5170.02	1211
25.0	262144.0	2774.17	1212
0.0	118162.56134033203	2181.96	1213
19.0	262144.0	4182.76	1214
0.0	209478.49267578125	3948.02	1215
0.0	34561.42108154297	613.44	1216
49.0	262144.0	3901.02	1217
24.0	262144.0	3924.76	1407
184.0	262144.0	4871.07	1408
119.0	262144.0	4319.9	1409
0.0	163696.90911865234	2471.92	1410
0.0	116992.43811035156	1729.55	1411
10.0	262144.0	3882.97	1412
0.0	93168.9326171875	1517.69	1413
52.0	262144.0	3671.54	1414
0.0	234992.29522705078	3952.23	1415
15.0	262144.0	3726.46	1416
0.0	220079.33361816406	3030.49	1417
0.0	28409.094665527344	503.82	1418
0.0	135594.24951171875	2199.06	1419
0.0	34016.507751464844	463.93	1420
0.0	207731.89794921875	3609.38	1421
17.0	262144.0	3520.75	1422
15.0	262144.0	3298.43	1423
0.0	94931.47967529297	1241.41	1601
0.0	190057.00231933594	2569.72	1602
40.0	262144.0	3419.07	1603
0.0	28020.92205810547	411.09	1604
132.0	262144.0	4306.87	1605
0.0	126756.2349243164	2292.24	1606
0.0	221171.7471923828	3055.2	1607
0.0	64895.85711669922	1026.36	1608
0.0	75721.48217773438	1110.81	1609
0.0	133956.86096191406	2170.78	1610
0.0	167143.4369506836	2693.71	1611
0.0	67324.68560791016	1163.75	1612
0.0	135299.29962158203	2032.88	1613
0.0	93702.7099609375	1139.07	1614
172.0	262144.0	4419.75	1615
0.0	104034.43090820312	1860.01	1616
41.0	262144.0	4290.92	1617
23.0	262144.0	3422.62	1618
0.0	89673.27337646484	1034.92	1619
401.0	262144.0	5294.96	1620
0.0	194234.7807006836	3363.58	1621
0.0	13980.984252929688	256.41	1622
18.0	262144.0	2866.86	1801
268.0	262144.0	4813.4	1802
0.0	21095.25555419922	332.32	1803
0.0	96561.18078613281	1315.37	1804
139.0	262144.0	4273.55	1805
19.0	262144.0	3647.84	1806
0.0	41116.46710205078	636.15	1807
7.0	262144.0	3776.21	1808
0.0	168103.50451660156	2473.0	1809
0.0	77926.25329589844	1201.88	1810
21.0	262144.0	3321.25	1811
0.0	114257.88116455078	1401.82	1812
0.0	50995.697814941406	802.09	1813
0.0	87061.49322509766	1307.86	1814
0.0	142496.36126708984	2160.56	1815
34.0	262144.0	3634.7	1816
0.0	74162.83288574219	1265.49	1817
57.0	262144.0	4893.72	1818
0.0	154757.85620117188	2201.34	1819
0.0	206664.38537597656	3547.62	1820
410.0	262144.0	4717.6	1821
0.0	190971.99194335938	2398.7	2001
42.0	262144.0	3798.2	2002
74.0	262144.0	4695.95	2003
36.0	262144.0	3489.59	2004
0.0	88727.71960449219	1427.75	2005
120.0	262144.0	5104.08	2006
0.0	69218.98223876953	1010.43	2007
336.0	262144.0	5160.46	2008
30.0	262144.0	4795.97	2009
0.0	45938.28015136719	708.79	2010
28.0	262144.0	3449.49	2011
0.0	126911.76483154297	1860.67	2012
0.0	75252.92797851562	1215.43	2013
0.0	99335.88372802734	1370.07	2014
0.0	214005.13958740234	2237.17	2015
4.0	262144.0	3831.15	2016
82.0	262144.0	3912.21	2017
0.0	230592.39587402344	3653.63	2201
0.0	104673.26666259766	1391.75	2202
0.0	238452.4512939453	4175.35	2203
17.0	262144.0	3362.68	2204
0.0	19231.487670898438	312.43	2205
353.0	262144.0	5002.14	2206
0.0	215789.4633178711	3616.98	2207
445.0	262144.0	5222.14	2208
0.0	152680.11572265625	2431.54	2209
0.0	139757.19970703125	2363.99	2210
0.0	153496.09259033203	2412.84	2211
0.0	38365.469482421875	645.95	2212
0.0	45278.34246826172	692.38	2213
0.0	50886.69940185547	1011.48	2214
49.0	262144.0	3805.84	2215
0.0	214026.54132080078	3663.62	2216
0.0	62129.07995605469	1157.32	2217
45.0	262144.0	4087.12	2218
0.0	117857.90545654297	1718.6	2219
0.0	133331.1587524414	1962.17	2220
0.0	77136.94512939453	1193.66	2221
0.0	55608.816345214844	709.67	2401
58.0	262144.0	3523.28	2402
58.0	262144.0	3676.0	2403
25.0	262144.0	4697.08	2404
18.0	262144.0	4359.91	2405
0.0	57600.513122558594	873.78	2406
18.0	262144.0	4206.86	2407
24.0	262144.0	3846.68	2408
0.0	132795.9027709961	2343.6	2409
0.0	169713.4228515625	2214.95	2410
426.0	262144.0	4352.71	2411
0.0	171146.51690673828	2916.88	2412
0.0	175578.607421875	1817.2	2413
0.0	142044.26782226562	2324.65	2414
0.0	101705.5443725586	1678.34	2415
0.0	51438.51623535156	809.35	2416
0.0	96399.28894042969	1509.88	2417
142.0	262144.0	4867.56	2418
18.0	262144.0	3077.39	2601
0.0	127410.32360839844	2168.67	2602
35.0	262144.0	3526.5	2603
0.0	173677.72241210938	2927.24	2604
0.0	224461.0308227539	3160.75	2605
0.0	78668.18670654297	1021.97	2606
0.0	38838.175537109375	614.03	2607
0.0	71492.78924560547	1218.28	2608
0.0	61813.113342285156	989.16	2609
408.0	262144.0	4126.86	2610
0.0	94075.00506591797	1449.2	2611
0.0	83531.0595703125	1316.34	2612
0.0	57167.46228027344	1005.44	2613
269.0	262144.0	3046.39	2614
23.0	262144.0	3651.8	2615
0.0	260873.3389892578	4911.21	2616
0.0	243930.49157714844	3288.24	2617
0.0	152797.10412597656	2446.86	2618
416.0	262144.0	5121.33	2619
88.0	262144.0	5043.33	2620
0.0	39040.09143066406	644.3	2621
86.0	262144.0	3575.99	2806
9.0	262144.0	3324.48	2807
403.0	262144.0	4845.54	2808
0.0	182205.3462524414	2614.29	2809
0.0	219498.7007446289	3917.85	2810
70.0	262144.0	3414.44	2811
0.0	125451.759765625	1917.28	2812
10.0	262144.0	4422.77	2813
0.0	120379.50134277344	1759.18	2814
15.0	262144.0	3552.56	2815
0.0	77634.47888183594	1132.85	2816
0.0	155267.04779052734	2620.34	2817
66.0	262144.0	3733.89	2818
298.0	262144.0	5052.43	2819
451.0	262144.0	5158.87	2820
0.0	102609.46032714844	1648.07	2821
0.0	156491.0151977539	1907.61	3001
25.0	262144.0	3749.26	3002
21.0	262144.0	3625.16	3003
0.0	104709.4916381836	1484.36	3004
38.0	262144.0	3567.89	3005
295.0	262144.0	4797.34	3006
38.0	262144.0	3703.12	3007
0.0	38182.763244628906	587.61	3008
0.0	158583.55072021484	2172.58	3009
39.0	262144.0	3327.31	3010
355.0	262144.0	4879.92	3011
272.0	262144.0	5199.59	3012
0.0	203096.19360351562	2887.18	3013
0.0	26429.960571289062	436.8	3014
34.0	262144.0	3735.85	3015
0.0	144950.5033569336	2371.78	3016
348.0	262144.0	4970.42	3017
0.0	13758.444458007812	230.68	3018
0.0	204542.72723388672	2904.64	3201
0.0	89594.05047607422	1479.94	3202
0.0	29146.692932128906	438.38	3203
55.0	262144.0	4521.24	3204
338.0	262144.0	4898.9	3205
28.0	262144.0	3139.35	3206
0.0	13649.068359375	251.2	3207
349.0	262144.0	4952.98	3208
98.0	262144.0	4160.05	3209
0.0	123804.07830810547	1996.75	3210
0.0	34670.32556152344	581.09	3211
0.0	155661.73016357422	2420.29	3212
0.0	206926.11029052734	3357.36	3213
27.0	262144.0	3798.61	3214
96.0	262144.0	4179.66	3215
365.0	262144.0	4490.14	3216
36.0	262144.0	4124.65	3217
0.0	160979.14331054688	2716.4	3218
0.0	69638.31848144531	1046.19	3401
54.0	262144.0	3549.09	3402
102.0	262144.0	3503.88	3403
0.0	142023.54858398438	1975.23	3404
27.0	262144.0	4273.75	3405
320.0	262144.0	3757.32	3406
0.0	256874.9642944336	4094.75	3407
0.0	61602.67364501953	1023.12	3408
366.0	262144.0	4571.04	3409
0.0	228929.76513671875	4122.68	3410
75.0	262144.0	3651.12	3411
0.0	111212.3765258789	1607.22	3412
74.0	262144.0	5137.87	3413
0.0	64327.9541015625	1019.43	3414
0.0	235453.50213623047	3717.66	3415
19.0	262144.0	3753.55	3416
17.0	262144.0	3327.36	3417
396.0	262144.0	4710.97	3601
0.0	151142.99127197266	2244.81	3602
0.0	187910.97430419922	2203.81	3603
0.0	119941.43249511719	1959.86	3604
0.0	100399.65197753906	1575.74	3605
0.0	159047.31475830078	1897.16	3606
0.0	21823.825561523438	396.48	3607
0.0	41335.70947265625	574.88	3608
0.0	83251.48571777344	976.02	3609
53.0	262144.0	3238.55	3610
0.0	128786.5171508789	2596.68	3611
301.0	262144.0	4345.59	3612
0.0	43045.812072753906	678.25	3613
81.0	262144.0	4295.12	3614
15.0	262144.0	3409.69	3615
84.0	262144.0	4558.39	3616
0.0	36260.92199707031	652.19	3617
5.0	262144.0	3642.82	3618
22.0	262144.0	4017.14	3619
8.0	262144.0	4446.19	3620
20.0	262144.0	3149.81	3801
0.0	37514.29577636719	577.73	3802
0.0	13553.189331054688	202.1	3803
288.0	262144.0	4646.55	3804
33.0	262144.0	3668.47	3805
0.0	119007.42388916016	1860.84	3806
0.0	61702.10076904297	961.25	3807
14.0	262144.0	3476.54	3808
331.0	262144.0	5109.01	3809
0.0	70413.61004638672	950.22	3810
370.0	262144.0	5139.2	3811
8.0	262144.0	3321.53	3812
270.0	262144.0	4837.11	3813
0.0	221056.87481689453	3905.19	3814
0.0	194131.5386352539	2629.64	3815
66.0	262144.0	5063.54	3816
0.0	114919.85772705078	1545.78	3817
0.0	129427.07946777344	2068.08	3818
0.0	72222.64135742188	935.2	4001
0.0	42230.19805908203	675.8	4002
0.0	67138.4849243164	1000.1	4003
0.0	115943.11407470703	1797.11	4004
47.0	262144.0	3918.64	4005
324.0	262144.0	4980.02	4006
0.0	178306.8074951172	3055.14	4007
16.0	262144.0	3622.41	4008
34.0	262144.0	4466.18	4009
0.0	55807.307189941406	721.18	4010
440.0	262144.0	5041.53	4011
0.0	83192.7495727539	1375.11	4012
0.0	120233.04992675781	1877.57	4013
0.0	75595.72772216797	1052.46	4014
0.0	46056.2158203125	680.95	4015
185.0	262144.0	5251.29	4016
55.0	262144.0	4483.96	4017
42.0	262144.0	4894.18	4018
288.0	262144.0	4472.53	4019
283.0	262144.0	4466.56	4208
22.0	262144.0	3850.02	4209
0.0	40763.211486816406	573.8	4210
0.0	65092.52209472656	1009.98	4211
307.0	262144.0	4857.62	4212
52.0	262144.0	3626.99	4213
0.0	192975.0411376953	2811.44	4214
0.0	146808.67822265625	2578.34	4215
25.0	262144.0	3813.1	4216
7.0	262144.0	3774.35	4217
382.0	262144.0	5211.22	4218
23.0	262144.0	3447.82	4219
122.0	262144.0	5295.36	4220
0.0	83784.13177490234	1283.81	4221
0.0	171471.34075927734	2197.85	4222
309.0	262144.0	4193.46	4223
29.0	262144.0	3129.98	4401
16.0	262144.0	3251.62	4402
387.0	262144.0	4759.11	4403
0.0	11447.415649414062	175.8	4404
0.0	119520.10717773438	1491.58	4405
0.0	108034.91802978516	1653.76	4406
0.0	25677.14923095703	423.19	4407
0.0	134488.40649414062	2227.34	4408
55.0	262144.0	4228.08	4409
0.0	22631.137145996094	374.17	4410
0.0	52825.071533203125	766.21	4411
227.0	262144.0	5239.81	4412
0.0	118374.52673339844	2087.43	4413
88.0	262144.0	4299.8	4414
0.0	101619.68701171875	1567.48	4415
0.0	126185.64611816406	2270.08	4416
0.0	39700.08465576172	618.23	4417
34.0	262144.0	3763.28	4418
0.0	185087.7518310547	2971.27	4419
299.0	262144.0	5042.64	4420
0.0	226591.14544677734	3806.75	4421
0.0	40748.70440673828	558.93	4601
0.0	77564.48602294922	1185.22	4602
0.0	195114.28662109375	2712.59	4603
0.0	173260.45147705078	2619.98	4604
114.0	262144.0	4249.04	4605
0.0	96787.5219116211	1285.45	4606
0.0	39516.58935546875	599.51	4607
363.0	262144.0	4160.26	4608
0.0	106753.80401611328	1490.98	4609
68.0	262144.0	2855.18	4610
0.0	154428.2442626953	3104.8	4611
0.0	179156.5955810547	2887.58	4612
0.0	171412.71435546875	3135.9	4613
30.0	262144.0	3651.29	4614
96.0	262144.0	4770.86	4615
0.0	72784.21697998047	1262.96	4616
19.0	262144.0	4034.61	4617
8.0	262144.0	3995.86	4618
41.0	262144.0	3776.82	4619
0.0	189949.32250976562	2916.36	4801
31.0	262144.0	4534.52	4802
0.0	259626.29486083984	3122.74	4803
0.0	122161.22491455078	1618.13	4804
85.0	262144.0	4120.67	4805
34.0	262144.0	4912.64	4806
0.0	185233.99249267578	3373.16	4807
0.0	132983.49255371094	2144.8	4808
8.0	262144.0	4773.3	4809
249.0	262144.0	4837.24	4810
0.0	69281.13665771484	926.56	4811
0.0	95790.96258544922	1549.61	4812
0.0	246346.26098632812	3657.28	4813
14.0	262144.0	3720.58	4814
0.0	236815.10565185547	3313.14	4815
26.0	262144.0	3991.13	4816
203.0	262144.0	3760.76	5001
27.0	262144.0	3624.53	5002
6.0	262144.0	3165.75	5003
291.0	262144.0	4746.07	5004
22.0	262144.0	4322.95	5005
0.0	122986.96276855469	1789.44	5006
306.0	262144.0	5203.31	5007
0.0	28724.396118164062	439.08	5008
353.0	262144.0	4914.71	5009
27.0	262144.0	3681.19	5010
429.0	262144.0	4969.01	5011
0.0	69233.07739257812	1228.43	5012
0.0	126472.30139160156	1906.19	5013
0.0	144274.53515625	2296.4	5014
0.0	23123.171142578125	430.16	5015
0.0	99918.3359375	1487.57	5016
307.0	262144.0	5430.69	5017
234.0	262144.0	3342.58	5201
277.0	262144.0	4852.73	5202
0.0	170053.82354736328	2202.06	5203
40.0	262144.0	4363.5	5204
302.0	262144.0	4878.85	5205
0.0	187132.67993164062	2249.33	5206
0.0	70068.9663696289	1001.93	5207
92.0	262144.0	3797.45	5208
0.0	143498.98950195312	2200.9	5209
86.0	262144.0	4524.36	5210
347.0	262144.0	5171.18	5211
63.0	262144.0	3542.51	5212
10.0	262144.0	3832.71	5213
0.0	127431.60552978516	1986.39	5214
0.0	170333.3353881836	3065.43	5215
17.0	262144.0	3897.52	5216
32.0	262144.0	3144.5	5401
0.0	50422.56164550781	754.55	5402
435.0	262144.0	5006.47	5403
364.0	262144.0	4663.84	5404
0.0	125558.92297363281	1848.41	5405
0.0	249889.26568603516	3431.36	5406
325.0	262144.0	5211.61	5407
0.0	104474.50817871094	1801.07	5408
18.0	262144.0	3617.95	5409
0.0	188831.07684326172	2487.24	5410
0.0	175886.4949951172	2353.73	5411
370.0	262144.0	4717.73	5412
23.0	262144.0	4408.34	5413
0.0	131520.0474243164	1913.46	5414
155.0	262144.0	4944.8	5415
0.0	67055.10455322266	1047.62	5416
49.0	262144.0	2832.41	5605
54.0	262144.0	3514.56	5606
34.0	262144.0	3393.0	5607
90.0	262144.0	3861.9	5608
24.0	262144.0	3580.41	5609
0.0	171007.21801757812	2203.91	5610
40.0	262144.0	3394.15	5611
0.0	38517.07586669922	645.89	5612
0.0	58101.922302246094	1033.08	5613
0.0	241460.7159423828	3940.08	5614
36.0	262144.0	3768.86	5615
74.0	262144.0	4570.69	5616
0.0	103012.14416503906	1890.47	5617
34.0	262144.0	3540.57	5618
37.0	262144.0	4833.3	5619
0.0	63067.193359375	1026.6	5620
0.0	112371.61199951172	1724.18	5621
63.0	262144.0	4903.47	5622
0.0	171934.31018066406	2091.39	5801
310.0	262144.0	4901.46	5802
0.0	49279.81640625	816.09	5803
0.0	257965.0714111328	4523.17	5804
19.0	262144.0	4335.59	5805
18.0	262144.0	4027.26	5806
0.0	114622.67590332031	1761.43	5807
82.0	262144.0	4047.77	5808
17.0	262144.0	4203.14	5809
0.0	130710.29571533203	1670.56	5810
303.0	262144.0	5181.94	5811
459.0	262144.0	5060.21	5812
46.0	262144.0	3502.86	5813
0.0	88588.65838623047	1651.01	5814
26.0	262144.0	3706.85	5815
0.0	58457.903564453125	829.54	6001
0.0	15975.308349609375	253.45	6002
0.0	158713.74822998047	2075.14	6003
291.0	262144.0	4964.26	6004
0.0	22356.681030273438	388.38	6005
40.0	262144.0	3616.34	6006
0.0	167449.75329589844	2227.01	6007
87.0	262144.0	4475.41	6008
34.0	262144.0	4243.38	6009
0.0	156916.38189697266	2626.54	6010
20.0	262144.0	3679.75	6011
0.0	74500.8179321289	1158.93	6012
330.0	262144.0	5239.4	6013
418.0	262144.0	5231.65	6014
356.0	262144.0	5036.14	6015
40.0	262144.0	4236.6	6016
0.0	104477.29583740234	1640.99	6017
0.0	154583.28076171875	2599.69	6018
39.0	262144.0	3554.57	6201
0.0	42262.459716796875	741.52	6202
369.0	262144.0	4895.93	6203
0.0	59847.1591796875	964.93	6204
26.0	262144.0	3810.1	6205
341.0	262144.0	4608.96	6206
0.0	211375.4345703125	3485.74	6207
0.0	133207.0255126953	2180.14	6208
33.0	262144.0	4405.94	6209
0.0	164173.97204589844	2701.21	6210
372.0	262144.0	4961.31	6211
0.0	141476.59375	1905.16	6212
29.0	262144.0	3651.6	6213
0.0	65925.572265625	1146.11	6214
0.0	176907.08038330078	2603.13	6215
14.0	262144.0	4821.21	6216
11.0	262144.0	3579.42	6217
0.0	99663.33184814453	1455.77	6401
0.0	77986.35852050781	1041.87	6402
0.0	235071.74896240234	4184.95	6403
21.0	262144.0	4276.24	6404
57.0	262144.0	4356.33	6405
23.0	262144.0	3361.6	6406
0.0	103311.46405029297	1738.95	6407
25.0	262144.0	3550.29	6408
0.0	71747.3359375	1103.98	6409
411.0	262144.0	4523.46	6410
200.0	262144.0	5092.8	6411
0.0	144553.0209350586	1901.72	6412
31.0	262144.0	3697.61	6413
354.0	262144.0	5284.8	6414
0.0	108963.05596923828	1837.32	6415
293.0	262144.0	5232.92	6416
0.0	22367.867614746094	340.25	6417
51.0	262144.0	4219.49	6601
0.0	93929.91430664062	1587.43	6602
55.0	262144.0	4747.2	6603
0.0	35264.18469238281	532.52	6604
0.0	130796.44659423828	1735.73	6605
0.0	180207.7783203125	3180.06	6606
24.0	262144.0	3794.37	6607
43.0	262144.0	4245.95	6608
13.0	262144.0	3335.28	6609
102.0	262144.0	3741.27	6610
37.0	262144.0	3812.43	6611
0.0	35294.54266357422	692.04	6612
0.0	24526.89532470703	443.67	6613
0.0	155938.6661376953	2872.64	6614
0.0	133715.1865234375	1864.81	6615
111.0	262144.0	5158.01	6616
21.0	262144.0	4403.21	6617
22.0	262144.0	4027.71	6618
141.0	262144.0	3392.79	6801
290.0	262144.0	4469.12	6802
0.0	187442.974609375	3369.57	6803
109.0	262144.0	3965.42	6804
86.0	262144.0	4890.45	6805
38.0	262144.0	4527.82	6806
390.0	262144.0	5428.69	6807
0.0	174230.130859375	3061.49	6808
24.0	262144.0	3789.63	6809
312.0	262144.0	5124.9	6810
421.0	262144.0	5158.77	6811
0.0	174964.27392578125	2281.41	6812
0.0	163813.71197509766	2923.75	6813
31.0	262144.0	2626.12	1
11.0	262144.0	3627.2	2
0.0	164844.5986328125	2341.42	3
0.0	43620.174560546875	637.64	4
0.0	108785.19342041016	1485.86	5
0.0	126644.84149169922	1537.22	6
0.0	114841.4369506836	1842.02	7
78.0	262144.0	3211.51	701
0.0	90748.98620605469	1236.84	702
327.0	262144.0	4320.55	703
78.0	262144.0	3764.63	704
0.0	67448.59606933594	1017.77	705
0.0	83821.13958740234	978.74	1401
4.0	262144.0	3927.21	1402
0.0	30572.0791015625	387.3	1403
304.0	262144.0	4199.31	1404
403.0	262144.0	4389.08	1405
0.0	69051.94885253906	1080.8	1406
39.0	262144.0	3688.61	2101
24.0	262144.0	3258.01	2102
75.0	262144.0	4143.98	2103
0.0	211014.4457397461	2955.78	2104
20.0	262144.0	2843.25	2801
0.0	135540.61700439453	1879.59	2802
0.0	53636.93408203125	727.1	2803
302.0	262144.0	4198.08	2804
52.0	262144.0	3284.77	2805
411.0	262144.0	3907.47	3501
0.0	30446.481994628906	445.17	3502
46.0	262144.0	3221.29	3503
0.0	166352.60974121094	1995.7	3504
34.0	262144.0	3147.1	3505
0.0	241906.22845458984	3276.73	4201
0.0	54327.380432128906	759.74	4202
0.0	85448.18029785156	1199.7	4203
46.0	262144.0	3179.68	4204
3.0	262144.0	3569.75	4205
0.0	112359.49383544922	1647.27	4206
0.0	87594.00128173828	1044.72	4207
0.0	17096.82684326172	226.0	4901
71.0	262144.0	3430.2	4902
14.0	262144.0	2946.39	4903
63.0	262144.0	3850.15	4904
32.0	262144.0	4061.16	4905
0.0	49750.33868408203	632.16	4906
0.0	158559.05981445312	1869.59	5601
18.0	262144.0	2885.5	5602
412.0	262144.0	3786.52	5603
307.0	262144.0	4325.85	5604
0.0	134330.4940185547	1561.15	6301
0.0	136578.47692871094	1684.72	6302
0.0	184189.44506835938	2416.86	6303
280.0	262144.0	3785.43	6304
56.0	262144.0	3704.47	6305
