#FMS random 3-SAT
#N=65536  nIter=1048576  alpha=416   NSamples=1721
#av(nit)	2588.9216538672526
#std(nit)	25.54501932914435
#av(e)	0.0
#std(e)	0.0
#av(runtime)	152.39180127832657
#std(runtime)	1.5059868922412687
0.0	1837.9673309326172	97.9	1
0.0	1568.6158905029297	87.32	2
0.0	1990.9291381835938	109.82	3
0.0	2783.069320678711	151.21	4
0.0	3451.2601470947266	177.44	5
0.0	2582.9988555908203	138.72	6
0.0	3080.6514282226562	161.32	7
0.0	4233.378158569336	228.38	8
0.0	1733.6029968261719	94.89	9
0.0	2605.5890502929688	141.23	10
0.0	1436.6469116210938	82.02	11
0.0	2706.2911987304688	148.58	12
0.0	2812.4169158935547	154.42	13
0.0	1483.9879760742188	82.93	14
0.0	5141.759033203125	292.95	15
0.0	2911.2215576171875	156.96	16
0.0	2105.396759033203	119.71	17
0.0	2548.9063110351562	152.4	18
0.0	1903.4453430175781	106.24	19
0.0	1426.95068359375	78.92	20
0.0	2156.9580841064453	128.35	21
0.0	2063.216094970703	109.01	22
0.0	5814.662933349609	335.36	23
0.0	1804.3923645019531	102.93	24
0.0	2266.0367279052734	129.53	25
0.0	1590.5365295410156	99.35	26
0.0	4212.259689331055	242.68	27
0.0	2444.40576171875	140.91	28
0.0	2659.5997772216797	159.99	29
0.0	2050.402603149414	118.75	30
0.0	1744.0439147949219	99.12	31
0.0	1771.9501647949219	105.14	32
0.0	2640.781768798828	148.22	33
0.0	2543.3429260253906	144.31	34
0.0	2899.2658081054688	166.96	35
0.0	1557.2554626464844	90.02	36
0.0	3521.1803436279297	195.97	37
0.0	2726.247344970703	159.67	38
0.0	3612.2576751708984	218.38	39
0.0	1447.4727478027344	85.71	40
0.0	2278.4883575439453	132.03	41
0.0	1849.729751586914	110.21	42
0.0	3773.529983520508	216.07	43
0.0	3473.3330993652344	197.01	44
0.0	2925.421585083008	175.6	45
0.0	3603.166488647461	199.31	46
0.0	3370.763671875	175.58	47
0.0	1389.9944763183594	84.24	48
0.0	2284.4391021728516	136.83	49
0.0	2212.8748474121094	127.58	50
0.0	2915.220672607422	173.4	51
0.0	1640.7034912109375	96.19	52
0.0	2797.810531616211	164.11	53
0.0	3032.6557006835938	179.46	54
0.0	3724.2831268310547	213.48	55
0.0	2129.0399322509766	128.23	56
0.0	1518.4212646484375	93.07	57
0.0	1694.7030334472656	105.54	58
0.0	2948.522186279297	175.99	59
0.0	1629.6825866699219	100.66	60
0.0	2574.981887817383	142.75	61
0.0	1804.1499328613281	111.62	62
0.0	1795.8023529052734	103.3	63
0.0	1988.0587158203125	120.78	64
0.0	2999.073715209961	170.82	65
0.0	3234.518585205078	181.02	66
0.0	3828.3399200439453	220.33	67
0.0	3046.196746826172	189.93	68
0.0	1794.8273468017578	114.47	69
0.0	2918.025344848633	168.94	70
0.0	4549.179412841797	259.54	71
0.0	2677.0018463134766	162.09	72
0.0	4489.835510253906	268.98	73
0.0	4223.346969604492	236.94	74
0.0	1898.5274200439453	108.57	75
0.0	2440.474822998047	149.05	76
0.0	1994.9116516113281	130.72	77
0.0	2744.5582580566406	157.02	78
0.0	3275.599380493164	200.94	79
0.0	2950.1178283691406	180.49	80
0.0	2140.896987915039	119.19	81
0.0	3308.739303588867	198.68	82
0.0	2623.6538696289062	154.2	83
0.0	2892.6595001220703	170.4	84
0.0	2375.7294921875	148.66	85
0.0	1837.808853149414	104.99	86
0.0	2135.346649169922	125.44	87
0.0	2059.484115600586	123.3	88
0.0	1833.8019256591797	107.01	89
0.0	4944.116302490234	290.57	90
0.0	2559.7579040527344	152.48	91
0.0	4027.1864471435547	245.92	92
0.0	2501.087860107422	144.92	93
0.0	5738.670028686523	282.87	94
0.0	5327.639358520508	338.64	95
0.0	2403.2459869384766	149.92	96
0.0	1840.2673797607422	107.65	97
0.0	3452.2488403320312	195.79	98
0.0	2890.090103149414	187.9	99
0.0	2715.5100860595703	171.86	100
0.0	3987.9661712646484	241.89	101
0.0	2147.964813232422	131.05	102
0.0	1675.3565216064453	107.85	103
0.0	1958.9735717773438	113.24	104
0.0	2083.9580993652344	129.15	105
0.0	1048.8171997070312	65.98	106
0.0	2529.063995361328	152.7	107
0.0	2003.8908233642578	121.32	108
0.0	3930.714599609375	226.17	109
0.0	2568.9359436035156	154.01	110
0.0	4978.958801269531	308.73	111
0.0	2402.4962158203125	142.79	112
0.0	3032.2215881347656	184.53	113
0.0	3050.3370666503906	193.25	114
0.0	4550.957412719727	283.37	115
0.0	1856.9320068359375	120.3	116
0.0	2850.239974975586	180.54	117
0.0	1811.0181274414062	118.87	118
0.0	2105.793411254883	134.0	119
0.0	1341.189682006836	84.1	120
0.0	1706.6012420654297	101.04	121
0.0	2298.298355102539	136.8	122
0.0	1883.111328125	116.23	123
0.0	1248.4762573242188	81.21	124
0.0	1712.3771057128906	106.86	125
0.0	3125.3094787597656	186.0	126
0.0	2325.157455444336	141.02	127
0.0	2887.4297485351562	167.24	128
0.0	1678.1840515136719	106.25	129
0.0	2956.4962158203125	183.41	130
0.0	2260.054733276367	134.33	131
0.0	2327.702438354492	148.69	132
0.0	1860.6298370361328	119.9	133
0.0	2378.1271362304688	156.46	134
0.0	2141.0574340820312	131.76	135
0.0	1703.4987487792969	102.49	136
0.0	2983.424072265625	177.46	137
0.0	2694.869903564453	148.58	138
0.0	1826.9656982421875	107.77	139
0.0	1659.1591186523438	102.92	140
0.0	2313.992431640625	122.46	141
0.0	2134.5765228271484	135.11	142
0.0	1163.317138671875	75.76	143
0.0	2987.5494689941406	175.86	144
0.0	2025.1888732910156	136.02	145
0.0	1605.7810516357422	104.78	146
0.0	2213.6590270996094	137.26	147
0.0	2246.5220947265625	138.95	148
0.0	1618.4219512939453	109.09	149
0.0	1188.0087585449219	79.95	150
0.0	1116.5102844238281	73.45	151
0.0	1363.7596435546875	71.4	152
0.0	1632.043716430664	109.13	153
0.0	3047.322219848633	187.45	154
0.0	4171.3292236328125	261.18	155
0.0	3516.635055541992	230.17	156
0.0	2922.8525390625	161.08	157
0.0	2557.2393646240234	131.25	158
0.0	2216.3117065429688	126.99	159
0.0	1420.740478515625	76.06	160
0.0	2334.3538818359375	136.66	161
0.0	1493.369857788086	92.11	162
0.0	1710.6502380371094	100.79	163
0.0	3915.3194885253906	236.29	164
0.0	2384.667678833008	135.8	165
0.0	2650.429153442383	162.47	166
0.0	2394.874725341797	152.24	167
0.0	3308.4445037841797	212.68	168
0.0	3879.4111938476562	234.02	169
0.0	2739.7261810302734	174.6	170
0.0	4589.177642822266	296.64	171
0.0	2718.970443725586	175.24	172
0.0	1612.9592895507812	81.54	701
0.0	1686.1669616699219	88.74	702
0.0	3549.184356689453	184.97	703
0.0	1746.4099884033203	96.3	704
0.0	2567.551071166992	125.45	705
0.0	2217.7813720703125	115.92	706
0.0	1916.870376586914	105.09	707
0.0	2517.438522338867	127.4	708
0.0	1727.615478515625	89.43	709
0.0	3746.7317657470703	204.66	710
0.0	4413.0372314453125	240.94	711
0.0	2181.4501342773438	118.46	712
0.0	2725.986068725586	149.63	713
0.0	1907.678726196289	107.57	714
0.0	2954.7532348632812	170.89	715
0.0	1846.8431549072266	105.22	716
0.0	3895.729949951172	225.2	717
0.0	2105.6131591796875	108.59	718
0.0	1628.033432006836	91.23	719
0.0	3775.339797973633	218.2	720
0.0	4385.201812744141	240.83	721
0.0	3632.3653106689453	190.56	722
0.0	1493.1724395751953	88.44	723
0.0	4182.124481201172	229.9	724
0.0	2096.748825073242	122.08	725
0.0	2573.6571350097656	153.81	726
0.0	2606.230224609375	150.69	727
0.0	1769.9062805175781	101.87	728
0.0	1752.3560333251953	102.01	729
0.0	5023.846984863281	279.09	730
0.0	2635.325942993164	143.76	731
0.0	2184.519744873047	129.56	732
0.0	2522.5067291259766	129.79	733
0.0	2626.6920623779297	150.32	734
0.0	2730.233596801758	156.46	735
0.0	1880.5231170654297	109.42	736
0.0	1781.4691314697266	95.11	737
0.0	4742.329025268555	252.7	738
0.0	1948.6780700683594	113.59	739
0.0	2044.0034790039062	120.97	740
0.0	3218.347381591797	188.16	741
0.0	2799.316421508789	151.88	742
0.0	2193.8930053710938	124.56	743
0.0	1454.5480194091797	90.04	744
0.0	3217.4652404785156	169.6	745
0.0	1607.2750396728516	95.4	746
0.0	1818.6184387207031	101.57	747
0.0	2608.1315307617188	151.86	748
0.0	1423.1444854736328	81.93	749
0.0	2063.0103912353516	105.96	750
0.0	1993.265884399414	117.69	751
0.0	4045.764678955078	231.17	752
0.0	3231.201461791992	195.67	753
0.0	2115.288619995117	130.94	754
0.0	2589.529266357422	156.49	755
0.0	4993.477630615234	249.55	756
0.0	4054.5153045654297	234.1	757
0.0	2763.2935333251953	164.33	758
0.0	2114.8257751464844	124.63	759
0.0	2180.365951538086	135.83	760
0.0	2280.545684814453	137.08	761
0.0	1892.8440704345703	122.76	762
0.0	2449.221481323242	154.19	763
0.0	3154.623992919922	180.65	764
0.0	2917.6290740966797	171.5	765
0.0	2001.0296173095703	103.47	766
0.0	2891.7232208251953	161.53	767
0.0	1734.1472625732422	104.21	768
0.0	3221.366928100586	195.09	769
0.0	5172.459487915039	303.28	770
0.0	3560.2249755859375	217.47	771
0.0	3610.9951171875	224.65	772
0.0	4426.247802734375	258.74	773
0.0	4968.041458129883	309.08	774
0.0	3055.9989166259766	182.19	775
0.0	4144.4486083984375	244.21	776
0.0	2129.124725341797	128.02	777
0.0	2568.5855560302734	154.95	778
0.0	2846.107864379883	178.55	779
0.0	2274.0056762695312	134.32	780
0.0	2188.982437133789	138.62	781
0.0	1290.903823852539	76.31	782
0.0	1384.1409759521484	87.31	783
0.0	1446.7080841064453	89.42	784
0.0	2590.7344818115234	158.58	785
0.0	2319.7044372558594	113.85	786
0.0	1199.4122314453125	79.04	787
0.0	3611.6993408203125	201.4	788
0.0	2972.6150665283203	176.57	789
0.0	2089.0626831054688	125.03	790
0.0	2637.871078491211	165.86	791
0.0	6900.465072631836	397.33	792
0.0	2730.3744049072266	136.13	793
0.0	3070.806610107422	186.59	794
0.0	3354.1554107666016	210.28	795
0.0	2569.350143432617	154.43	796
0.0	4637.219650268555	287.4	797
0.0	3425.9124908447266	191.69	798
0.0	2439.2973022460938	143.07	799
0.0	2126.7515869140625	131.47	800
0.0	3974.0894165039062	248.24	801
0.0	2471.6060333251953	144.49	802
0.0	1977.2323303222656	121.36	803
0.0	2086.9024963378906	128.64	804
0.0	2636.6585693359375	162.75	805
0.0	2099.0873260498047	126.55	806
0.0	3405.6427001953125	209.72	807
0.0	1492.2268524169922	95.84	808
0.0	1330.587173461914	81.97	809
0.0	2236.3722229003906	144.5	810
0.0	2817.679885864258	173.38	811
0.0	2353.6481323242188	147.33	812
0.0	6072.3966064453125	382.21	813
0.0	8930.960021972656	553.09	814
0.0	2871.7342529296875	143.96	815
0.0	8583.79850769043	518.08	816
0.0	1503.5059661865234	97.81	817
0.0	1585.8404846191406	99.02	818
0.0	1895.0729217529297	107.85	819
0.0	1942.829574584961	119.77	820
0.0	2071.9540252685547	122.28	821
0.0	1918.6764068603516	122.5	822
0.0	3114.3524475097656	195.92	823
0.0	2049.5621795654297	136.45	824
0.0	2566.6520080566406	147.57	825
0.0	2379.9837493896484	152.19	826
0.0	1308.9019775390625	76.5	827
0.0	3816.6114654541016	214.44	828
0.0	4795.66667175293	276.71	829
0.0	2441.395965576172	150.96	830
0.0	1218.073257446289	81.2	831
0.0	2721.4093322753906	154.48	832
0.0	12087.601760864258	709.6	833
0.0	1925.8532104492188	121.12	834
0.0	2707.1600494384766	169.62	835
0.0	1500.112533569336	93.49	836
0.0	2675.5860443115234	138.84	837
0.0	2134.8460845947266	132.53	838
0.0	2308.3177337646484	143.9	839
0.0	4287.42219543457	244.63	840
0.0	1329.194564819336	79.37	841
0.0	2693.677780151367	175.51	842
0.0	1853.4033966064453	111.2	843
0.0	1189.426513671875	79.59	844
0.0	6347.649124145508	357.95	845
0.0	3072.8401641845703	199.49	846
0.0	3798.7174682617188	240.08	847
0.0	1964.8018341064453	128.73	848
0.0	2953.993667602539	181.7	849
0.0	2892.135971069336	179.05	850
0.0	3751.5660858154297	225.15	851
0.0	2169.2171478271484	125.73	852
0.0	2322.9398498535156	143.94	853
0.0	2096.2237701416016	133.23	854
0.0	4414.313217163086	276.85	855
0.0	1978.5927429199219	115.85	856
0.0	1711.9212341308594	115.53	857
0.0	1904.0748901367188	130.19	858
0.0	1760.8678588867188	110.78	859
0.0	2790.5118865966797	149.96	1401
0.0	1376.7153930664062	74.53	1402
0.0	3044.6925506591797	169.64	1403
0.0	3209.186492919922	171.31	1404
0.0	4104.099166870117	218.96	1405
0.0	2199.4500274658203	121.7	1406
0.0	1868.506576538086	101.23	1407
0.0	2306.1421966552734	124.92	1408
0.0	2246.000930786133	128.97	1409
0.0	2761.925582885742	158.54	1410
0.0	3641.5904388427734	205.33	1411
0.0	5100.087295532227	278.74	1412
0.0	1861.9549560546875	102.27	1413
0.0	1848.4937744140625	104.86	1414
0.0	4119.218994140625	232.81	1415
0.0	2944.260238647461	174.54	1416
0.0	2120.5538330078125	121.24	1417
0.0	2332.1514434814453	140.52	1418
0.0	1624.8703308105469	91.77	1419
0.0	1891.395004272461	106.43	1420
0.0	3886.6705017089844	218.09	1421
0.0	3157.5253143310547	162.33	1422
0.0	2014.961181640625	118.97	1423
0.0	2019.6566619873047	116.6	1424
0.0	3960.0820922851562	241.97	1425
0.0	1733.2334289550781	88.17	1426
0.0	1507.6756286621094	87.48	1427
0.0	2207.790969848633	130.56	1428
0.0	2236.713821411133	130.42	1429
0.0	1452.9288940429688	90.44	1430
0.0	4280.378494262695	225.26	1431
0.0	2406.5638427734375	142.09	1432
0.0	2958.5057373046875	162.69	1433
0.0	2207.415512084961	131.82	1434
0.0	1954.385009765625	108.62	1435
0.0	2238.254196166992	132.56	1436
0.0	1319.5789947509766	76.83	1437
0.0	1879.3464660644531	100.37	1438
0.0	2628.4774169921875	154.29	1439
0.0	1373.1417236328125	81.5	1440
0.0	2444.4164123535156	137.42	1441
0.0	2818.335494995117	161.92	1442
0.0	2260.728759765625	134.87	1443
0.0	1978.956787109375	117.09	1444
0.0	1491.5705261230469	87.1	1445
0.0	2294.8217163085938	138.6	1446
0.0	1573.778823852539	93.41	1447
0.0	1657.421127319336	98.16	1448
0.0	2532.1805419921875	147.0	1449
0.0	1135.6350708007812	65.43	1450
0.0	2150.285171508789	123.23	1451
0.0	2453.6800537109375	143.6	1452
0.0	1927.6920166015625	112.73	1453
0.0	1687.4970703125	84.34	1454
0.0	2794.027786254883	159.1	1455
0.0	826.8706970214844	51.83	1456
0.0	2874.558395385742	141.44	1457
0.0	2681.71728515625	144.65	1458
0.0	1778.5404968261719	109.44	1459
0.0	3077.1771392822266	176.26	1460
0.0	3713.5218200683594	208.08	1461
0.0	2935.797332763672	175.26	1462
0.0	2199.4212188720703	127.6	1463
0.0	3000.8831176757812	173.99	1464
0.0	1739.4590454101562	105.17	1465
0.0	2862.1575775146484	170.59	1466
0.0	1373.479965209961	84.81	1467
0.0	2344.5712127685547	136.04	1468
0.0	1535.0770721435547	88.4	1469
0.0	3045.5054626464844	179.69	1470
0.0	2465.296661376953	133.37	1471
0.0	2929.3409729003906	173.89	1472
0.0	2516.7447357177734	151.75	1473
0.0	2694.0479888916016	155.29	1474
0.0	3599.614227294922	206.17	1475
0.0	2811.2796325683594	160.32	1476
0.0	2808.972946166992	166.32	1477
0.0	4400.578964233398	244.64	1478
0.0	2272.7300720214844	141.23	1479
0.0	1849.864517211914	108.37	1480
0.0	2271.9827423095703	131.55	1481
0.0	1870.529769897461	106.6	1482
0.0	2072.491653442383	128.4	1483
0.0	2610.8171997070312	156.2	1484
0.0	2344.2935180664062	129.69	1485
0.0	3127.5836334228516	193.67	1486
0.0	2718.394088745117	152.79	1487
0.0	3631.535614013672	219.5	1488
0.0	2699.6239471435547	158.47	1489
0.0	3252.5509338378906	160.93	1490
0.0	1372.8724212646484	77.64	1491
0.0	1601.0167999267578	97.51	1492
0.0	2937.377731323242	175.41	1493
0.0	2838.016082763672	168.67	1494
0.0	4241.874710083008	234.91	1495
0.0	3801.1151275634766	232.63	1496
0.0	1139.4376983642578	71.94	1497
0.0	3329.1136932373047	197.49	1498
0.0	2478.519485473633	142.1	1499
0.0	2938.6278076171875	169.82	1500
0.0	2407.8275451660156	151.45	1501
0.0	3295.9517211914062	174.69	1502
0.0	2906.332473754883	175.62	1503
0.0	1510.0383758544922	95.01	1504
0.0	3323.9791107177734	200.95	1505
0.0	1417.6400909423828	81.03	1506
0.0	4420.643325805664	258.86	1507
0.0	2836.4539184570312	165.11	1508
0.0	2005.5975189208984	107.11	1509
0.0	2162.9185485839844	137.97	1510
0.0	2196.8905029296875	132.61	1511
0.0	2892.93798828125	167.5	1512
0.0	4145.926284790039	244.87	1513
0.0	2029.0071868896484	123.15	1514
0.0	2256.8241424560547	127.67	1515
0.0	2074.4413299560547	126.64	1516
0.0	1721.2998657226562	108.56	1517
0.0	3094.163604736328	181.73	1518
0.0	1802.2038269042969	113.71	1519
0.0	2263.354736328125	139.82	1520
0.0	1008.9811248779297	67.87	1521
0.0	2524.7007751464844	152.35	1522
0.0	4223.499282836914	233.54	1523
0.0	1460.2191619873047	84.86	1524
0.0	2194.230178833008	129.46	1525
0.0	2359.5022735595703	138.52	1526
0.0	3018.7118225097656	175.35	1527
0.0	2778.815399169922	167.44	1528
0.0	2240.484588623047	138.53	1529
0.0	2106.773193359375	128.83	1530
0.0	2617.9664154052734	168.77	1531
0.0	1927.0819702148438	112.24	1532
0.0	5236.558074951172	327.91	1533
0.0	1891.6312713623047	116.11	1534
0.0	1964.0074768066406	127.02	1535
0.0	2220.486770629883	144.46	1536
0.0	1843.449447631836	115.27	1537
0.0	1528.3475189208984	101.62	1538
0.0	1558.6350708007812	101.91	1539
0.0	4278.007598876953	215.04	1540
0.0	2783.5327911376953	176.26	1541
0.0	1679.4092864990234	106.81	1542
0.0	1540.6069641113281	98.63	1543
0.0	1759.1024017333984	114.03	1544
0.0	2471.470504760742	146.87	1545
0.0	2023.7250061035156	122.13	1546
0.0	1003.8282775878906	59.55	1547
0.0	2058.4483795166016	136.28	1548
0.0	2001.7979736328125	120.89	1549
0.0	2732.295166015625	165.43	1550
0.0	2938.0486450195312	183.23	1551
0.0	1080.5964660644531	68.15	1552
0.0	2042.2210083007812	124.44	1553
0.0	2649.8860626220703	159.58	1554
0.0	4941.480163574219	244.33	1555
0.0	1835.0093841552734	93.57	1556
0.0	1429.2094268798828	94.21	1557
0.0	1350.0518341064453	79.8	1558
0.0	2184.558364868164	134.42	1559
0.0	2196.526153564453	134.73	1560
0.0	2500.5205688476562	155.33	1561
0.0	2733.082565307617	173.37	1562
0.0	2163.636947631836	134.64	1563
0.0	2320.83837890625	145.11	1564
0.0	1443.0601654052734	82.7	1565
0.0	2555.3510131835938	123.18	1566
0.0	3077.577667236328	178.46	1567
0.0	2056.3571166992188	131.97	1568
0.0	3526.131805419922	219.94	1569
0.0	7933.127105712891	504.58	1570
0.0	4639.842376708984	262.34	1571
0.0	2264.776077270508	130.64	1572
0.0	2338.971954345703	144.01	1573
0.0	1924.93603515625	99.33	1574
0.0	1241.264633178711	79.72	1575
0.0	1177.2924346923828	80.97	1576
0.0	6571.6380615234375	427.95	1577
0.0	5525.331527709961	323.7	1578
0.0	1910.2405090332031	93.19	2101
0.0	2236.312957763672	119.79	2102
0.0	2267.522979736328	116.87	2103
0.0	5144.370040893555	277.53	2104
0.0	1391.3494415283203	76.66	2105
0.0	1931.5467376708984	108.15	2106
0.0	1861.3946075439453	100.28	2107
0.0	2682.0262756347656	149.89	2108
0.0	2398.4973754882812	129.25	2109
0.0	2099.721908569336	123.6	2110
0.0	4180.7159423828125	230.17	2111
0.0	2564.0594635009766	143.53	2112
0.0	4535.43196105957	236.59	2113
0.0	2228.20947265625	128.79	2114
0.0	2544.7657470703125	146.09	2115
0.0	1792.43115234375	105.39	2116
0.0	1619.5965728759766	96.25	2117
0.0	3829.8775634765625	214.36	2118
0.0	4481.431091308594	253.61	2119
0.0	1986.810806274414	114.53	2120
0.0	2042.2648620605469	113.55	2121
0.0	2655.524612426758	151.43	2122
0.0	4663.705169677734	264.16	2123
0.0	4517.885025024414	256.59	2124
0.0	2216.859649658203	129.5	2125
0.0	1594.4910125732422	92.43	2126
0.0	1957.6724395751953	113.1	2127
0.0	2572.283477783203	148.51	2128
0.0	3740.602294921875	215.24	2129
0.0	5463.935409545898	307.03	2130
0.0	2182.4651947021484	121.18	2131
0.0	1950.2865600585938	115.06	2132
0.0	2064.9944915771484	119.08	2133
0.0	1332.0950469970703	74.73	2134
0.0	4389.098892211914	246.38	2135
0.0	1457.6549987792969	83.7	2136
0.0	1875.7129211425781	111.74	2137
0.0	1856.15283203125	110.34	2138
0.0	2195.5110778808594	126.21	2139
0.0	2626.9134063720703	151.58	2140
0.0	3517.451400756836	201.37	2141
0.0	2764.6813354492188	158.39	2142
0.0	2171.626907348633	127.0	2143
0.0	2108.169158935547	127.63	2144
0.0	4644.761199951172	274.12	2145
0.0	1639.7929992675781	91.73	2146
0.0	5098.607452392578	306.0	2147
0.0	2747.6347045898438	157.39	2148
0.0	1346.7678985595703	78.71	2149
0.0	3568.0677185058594	205.61	2150
0.0	2185.441116333008	123.63	2151
0.0	2192.9462890625	109.6	2152
0.0	2412.5949096679688	141.84	2153
0.0	2576.0345306396484	130.71	2154
0.0	7220.611465454102	426.28	2155
0.0	3080.5506439208984	183.42	2156
0.0	2372.7013549804688	124.23	2157
0.0	1745.5329284667969	101.34	2158
0.0	1580.9621124267578	92.76	2159
0.0	1832.1593933105469	103.26	2160
0.0	1368.8692932128906	81.19	2161
0.0	2565.9759674072266	147.33	2162
0.0	3201.2030334472656	188.32	2163
0.0	2526.954864501953	152.46	2164
0.0	1721.2210998535156	101.64	2165
0.0	2150.910400390625	126.99	2166
0.0	1936.1290588378906	114.03	2167
0.0	1930.8440704345703	93.41	2168
0.0	1656.121353149414	100.79	2169
0.0	3267.024444580078	192.67	2170
0.0	2014.570571899414	126.64	2171
0.0	3012.1599731445312	193.23	2172
0.0	4829.875991821289	270.91	2173
0.0	1546.4072265625	92.23	2174
0.0	3083.0872802734375	184.33	2175
0.0	3932.1204528808594	235.75	2176
0.0	3612.896728515625	190.29	2177
0.0	1713.5311889648438	96.65	2178
0.0	3470.964126586914	176.16	2179
0.0	3476.376953125	208.82	2180
0.0	1909.1518249511719	122.12	2181
0.0	1196.9605407714844	73.13	2182
0.0	3399.3452758789062	175.13	2183
0.0	1589.4781188964844	95.7	2184
0.0	3894.7107543945312	203.61	2185
0.0	2320.4100952148438	141.94	2186
0.0	4237.1796875	237.57	2187
0.0	2727.4383697509766	169.55	2188
0.0	2310.370849609375	141.31	2189
0.0	1373.471435546875	80.6	2190
0.0	3001.0035400390625	184.24	2191
0.0	2537.4478302001953	162.42	2192
0.0	1521.7590789794922	93.28	2193
0.0	4433.621353149414	263.84	2194
0.0	1288.1329803466797	66.27	2195
0.0	1773.1004638671875	112.04	2196
0.0	1656.4281463623047	104.49	2197
0.0	1912.315902709961	120.05	2198
0.0	2438.009567260742	142.03	2199
0.0	2718.065170288086	173.11	2200
0.0	1507.5352172851562	95.79	2201
0.0	3231.224075317383	180.49	2202
0.0	2337.0001068115234	125.92	2203
0.0	2395.7718505859375	143.15	2204
0.0	2788.4632873535156	164.5	2205
0.0	3156.611587524414	194.16	2206
0.0	3255.484878540039	198.56	2207
0.0	2814.953094482422	166.71	2208
0.0	2620.257080078125	161.93	2209
0.0	2630.3374633789062	148.82	2210
0.0	3308.6083068847656	212.11	2211
0.0	1829.040756225586	95.52	2212
0.0	3223.062042236328	196.74	2213
0.0	1651.771469116211	95.44	2214
0.0	3016.997589111328	171.95	2215
0.0	3030.6192932128906	183.81	2216
0.0	3175.1760864257812	201.66	2217
0.0	2566.7413940429688	165.48	2218
0.0	2613.115203857422	168.3	2219
0.0	2940.8294372558594	190.69	2220
0.0	1618.1578979492188	103.45	2221
0.0	3197.653060913086	205.39	2222
0.0	1988.3202056884766	119.74	2223
0.0	2061.9605102539062	127.4	2224
0.0	4712.733215332031	284.35	2225
0.0	1551.9697723388672	100.05	2226
0.0	3325.0612182617188	201.39	2227
0.0	1107.6237335205078	64.34	2228
0.0	2396.3396606445312	150.19	2229
0.0	3608.9669494628906	230.99	2230
0.0	2653.6073150634766	139.11	2231
0.0	2162.0218505859375	139.01	2232
0.0	2259.156967163086	138.83	2233
0.0	2287.2476501464844	147.18	2234
0.0	4758.381164550781	293.4	2235
0.0	2122.219192504883	132.96	2236
0.0	2377.1425018310547	152.23	2237
0.0	3067.6965942382812	185.51	2238
0.0	3021.3077697753906	200.0	2239
0.0	1833.3756103515625	112.12	2240
0.0	2071.233688354492	120.1	2241
0.0	2119.5777130126953	130.26	2242
0.0	4390.151321411133	270.07	2243
0.0	1593.781967163086	102.67	2244
0.0	3020.8812561035156	173.25	2245
0.0	1797.3449249267578	115.99	2246
0.0	2243.7574310302734	127.59	2247
0.0	1089.4228973388672	57.53	2248
0.0	1420.0345611572266	85.88	2249
0.0	2110.349578857422	131.55	2250
0.0	2546.983184814453	161.15	2251
0.0	2977.1892700195312	195.65	2252
0.0	1799.099624633789	112.79	2253
0.0	2435.4800567626953	149.93	2254
0.0	2367.979278564453	157.43	2255
0.0	1325.7408752441406	82.79	2256
0.0	2100.9060821533203	130.25	2257
0.0	3472.2274780273438	214.12	2258
0.0	2529.232955932617	128.38	2259
0.0	4211.663681030273	204.72	2260
0.0	1978.2939910888672	126.36	2261
0.0	1012.3337860107422	66.64	2262
0.0	1400.421859741211	88.74	2263
0.0	2781.7387084960938	174.24	2264
0.0	2421.3131103515625	147.54	2265
0.0	2794.8055572509766	145.2	2266
0.0	2523.4312438964844	164.4	2267
0.0	2034.6158905029297	106.49	2268
0.0	2115.2281036376953	138.37	2269
0.0	1391.6048126220703	87.35	2270
0.0	2256.0220794677734	148.08	2271
0.0	1825.5572509765625	106.31	2272
0.0	3679.0210723876953	230.37	2273
0.0	2230.238250732422	112.9	2801
0.0	2601.5479278564453	135.4	2802
0.0	1957.1881866455078	103.85	2803
0.0	3308.236618041992	177.51	2804
0.0	3466.8915405273438	180.01	2805
0.0	1923.775634765625	109.19	2806
0.0	3517.229934692383	193.9	2807
0.0	3233.0907440185547	179.84	2808
0.0	2113.790069580078	108.54	2809
0.0	2848.207565307617	164.36	2810
0.0	1599.5196990966797	90.29	2811
0.0	3971.3231658935547	217.16	2812
0.0	1372.4832458496094	76.62	2813
0.0	1945.0321655273438	108.69	2814
0.0	2387.336151123047	141.24	2815
0.0	2978.154830932617	159.76	2816
0.0	3173.4869689941406	171.09	2817
0.0	6082.770965576172	353.76	2818
0.0	1813.7818756103516	107.43	2819
0.0	2298.8545684814453	130.66	2820
0.0	1941.0292358398438	113.76	2821
0.0	1456.7999114990234	88.21	2822
0.0	2269.286590576172	130.56	2823
0.0	1597.0031433105469	93.12	2824
0.0	3156.8291778564453	178.17	2825
0.0	1945.0028991699219	110.98	2826
0.0	3977.1297760009766	237.34	2827
0.0	2880.1397399902344	149.66	2828
0.0	3791.6692657470703	217.5	2829
0.0	2215.057662963867	115.5	2830
0.0	1323.1414184570312	77.59	2831
0.0	3447.912582397461	177.58	2832
0.0	5045.618835449219	275.74	2833
0.0	2899.426055908203	167.66	2834
0.0	1781.9142150878906	104.18	2835
0.0	3770.9002227783203	205.82	2836
0.0	2878.6559143066406	158.94	2837
0.0	4615.601303100586	245.58	2838
0.0	1914.2211456298828	110.69	2839
0.0	1937.6344299316406	115.19	2840
0.0	2550.096389770508	129.07	2841
0.0	3034.332809448242	185.96	2842
0.0	2031.0687561035156	118.39	2843
0.0	1543.9634399414062	92.07	2844
0.0	1818.348892211914	104.67	2845
0.0	2500.739700317383	131.89	2846
0.0	5155.326080322266	260.22	2847
0.0	4046.100601196289	233.78	2848
0.0	1926.824951171875	112.22	2849
0.0	3067.01904296875	189.77	2850
0.0	2328.720718383789	124.99	2851
0.0	3132.1802825927734	184.61	2852
0.0	1878.8465576171875	116.15	2853
0.0	2761.8411865234375	158.55	2854
0.0	2049.4722595214844	114.2	2855
0.0	2726.1697998046875	153.41	2856
0.0	1916.949234008789	112.9	2857
0.0	1942.5624542236328	116.64	2858
0.0	2677.0640563964844	153.89	2859
0.0	3086.524459838867	175.37	2860
0.0	1623.2729187011719	100.93	2861
0.0	1859.4026947021484	94.24	2862
0.0	4702.775054931641	288.41	2863
0.0	2006.1003112792969	119.14	2864
0.0	1764.3412475585938	106.09	2865
0.0	2813.5733337402344	166.96	2866
0.0	2277.5260620117188	128.6	2867
0.0	2690.787841796875	159.57	2868
0.0	2987.736099243164	180.43	2869
0.0	1898.681884765625	93.63	2870
0.0	2390.81787109375	135.6	2871
0.0	2227.6460876464844	135.57	2872
0.0	3230.177963256836	209.66	2873
0.0	4013.9070892333984	242.54	2874
0.0	1622.2443542480469	93.44	2875
0.0	2369.724563598633	149.0	2876
0.0	2031.8887481689453	133.14	2877
0.0	1817.3766784667969	111.02	2878
0.0	1424.4920196533203	84.87	2879
0.0	3062.699264526367	154.46	2880
0.0	3010.8150787353516	184.49	2881
0.0	4209.370513916016	266.88	2882
0.0	2883.2399291992188	172.48	2883
0.0	2222.8092193603516	140.16	2884
0.0	2491.9322357177734	139.32	2885
0.0	3198.727294921875	166.76	2886
0.0	2515.409713745117	152.68	2887
0.0	1986.8550109863281	101.6	2888
0.0	1920.3324279785156	124.72	2889
0.0	3177.6683349609375	158.95	2890
0.0	1639.552963256836	100.14	2891
0.0	1628.778579711914	99.29	2892
0.0	2768.890609741211	167.92	2893
0.0	2931.0435180664062	171.16	2894
0.0	2434.9598999023438	148.99	2895
0.0	1620.4913482666016	99.58	2896
0.0	2594.585418701172	155.15	2897
0.0	1049.6168975830078	66.13	2898
0.0	4891.511459350586	307.17	2899
0.0	1365.143539428711	84.57	2900
0.0	3787.373733520508	212.95	2901
0.0	2281.4564361572266	135.7	2902
0.0	2199.700408935547	118.93	2903
0.0	2145.554931640625	141.93	2904
0.0	2215.9427185058594	134.29	2905
0.0	2488.973358154297	143.55	2906
0.0	2375.375946044922	142.54	2907
0.0	2001.7635803222656	115.88	2908
0.0	1577.026123046875	97.1	2909
0.0	2204.3301391601562	126.2	2910
0.0	1422.7756652832031	87.84	2911
0.0	1826.5570373535156	98.2	2912
0.0	2004.693099975586	127.33	2913
0.0	2153.2384033203125	125.74	2914
0.0	2140.064682006836	133.26	2915
0.0	2003.6903228759766	127.69	2916
0.0	3591.0635375976562	217.4	2917
0.0	1436.5374755859375	90.09	2918
0.0	2587.062545776367	151.32	2919
0.0	4572.368881225586	286.97	2920
0.0	2418.2764892578125	143.61	2921
0.0	3596.705093383789	203.95	2922
0.0	1022.1452789306641	61.28	2923
0.0	3037.0331268310547	200.74	2924
0.0	2086.301528930664	119.85	2925
0.0	2716.258010864258	162.41	2926
0.0	2517.677520751953	161.42	2927
0.0	2203.566452026367	136.59	2928
0.0	1374.749252319336	81.45	2929
0.0	2043.8687896728516	121.31	2930
0.0	2809.460433959961	169.39	2931
0.0	2335.920150756836	147.33	2932
0.0	1642.3704376220703	103.45	2933
0.0	2998.9473876953125	182.53	2934
0.0	2326.5899658203125	143.34	2935
0.0	2137.7909240722656	130.88	2936
0.0	2349.4002227783203	127.41	2937
0.0	1054.0164642333984	65.02	2938
0.0	2033.6739501953125	135.63	2939
0.0	1632.5585174560547	104.96	2940
0.0	2906.1966094970703	168.38	2941
0.0	2404.5569915771484	147.22	2942
0.0	5130.483200073242	323.75	2943
0.0	1833.1792449951172	116.65	2944
0.0	2916.438674926758	165.99	2945
0.0	3297.1920471191406	201.77	2946
0.0	3479.395736694336	218.15	2947
0.0	3607.752487182617	228.46	2948
0.0	1897.5174407958984	128.76	2949
0.0	1836.3843994140625	120.15	2950
0.0	2240.5484161376953	145.14	2951
0.0	3716.1744079589844	235.06	2952
0.0	2180.3524627685547	136.32	2953
0.0	2085.6304626464844	142.25	2954
0.0	2234.9564514160156	131.32	2955
0.0	1137.1471405029297	71.54	2956
0.0	4591.926864624023	285.83	2957
0.0	2557.781784057617	164.95	2958
0.0	1756.1817321777344	113.68	2959
0.0	2144.644088745117	133.68	2960
0.0	2903.637252807617	181.09	2961
0.0	1783.6958923339844	91.33	2962
0.0	7001.93913269043	396.49	2963
0.0	4513.656143188477	285.26	2964
0.0	1416.270523071289	91.88	2965
0.0	3547.1766052246094	222.74	2966
0.0	2257.882293701172	150.52	2967
0.0	2245.9194946289062	143.13	2968
0.0	1623.5406646728516	82.15	2969
0.0	1790.0341033935547	116.63	2970
0.0	7392.334487915039	466.76	2971
0.0	2071.8497314453125	131.9	2972
0.0	2888.0064849853516	151.71	3501
0.0	1749.3777618408203	96.44	3502
0.0	3352.3072204589844	185.84	3503
0.0	2322.5885162353516	121.32	3504
0.0	2439.0831756591797	129.6	3505
0.0	3808.872085571289	202.04	3506
0.0	4005.5874633789062	213.55	3507
0.0	4094.6983642578125	223.89	3508
0.0	2655.9776458740234	143.24	3509
0.0	2955.3259887695312	158.96	3510
0.0	2454.382553100586	136.9	3511
0.0	1282.2233581542969	74.71	3512
0.0	2018.6875	113.72	3513
0.0	2125.1041259765625	118.05	3514
0.0	1181.7483978271484	67.79	3515
0.0	2808.074493408203	138.21	3516
0.0	1623.4969787597656	94.04	3517
0.0	1869.1429901123047	105.94	3518
0.0	1439.9366302490234	84.73	3519
0.0	4366.343322753906	218.24	3520
0.0	2515.0350036621094	141.7	3521
0.0	2740.3907012939453	145.49	3522
0.0	2185.7078704833984	122.13	3523
0.0	1596.0042724609375	90.17	3524
0.0	2149.5025482177734	124.1	3525
0.0	1798.6092529296875	104.66	3526
0.0	4310.227813720703	248.14	3527
0.0	2600.9122009277344	145.09	3528
0.0	2693.893508911133	145.23	3529
0.0	3377.0252227783203	178.1	3530
0.0	1810.58251953125	97.4	3531
0.0	1509.280502319336	86.55	3532
0.0	3486.6798706054688	198.06	3533
0.0	1561.4322662353516	89.22	3534
0.0	1895.5147705078125	115.05	3535
0.0	1760.0627136230469	104.72	3536
0.0	2520.6085205078125	138.62	3537
0.0	3368.7997131347656	170.66	3538
0.0	3031.310333251953	173.28	3539
0.0	1377.3341522216797	81.21	3540
0.0	2799.3282012939453	162.03	3541
0.0	3981.648178100586	221.9	3542
0.0	1328.7566680908203	84.7	3543
0.0	2965.4907989501953	171.04	3544
0.0	1409.7677459716797	84.11	3545
0.0	2428.454818725586	144.29	3546
0.0	2195.3165435791016	116.84	3547
0.0	2225.823745727539	135.79	3548
0.0	2986.586456298828	180.86	3549
0.0	3024.264144897461	172.73	3550
0.0	6908.824752807617	377.83	3551
0.0	2095.8091583251953	125.57	3552
0.0	3413.599807739258	201.07	3553
0.0	2576.6737365722656	150.6	3554
0.0	1602.8608856201172	94.79	3555
0.0	2251.0457305908203	136.0	3556
0.0	2948.193649291992	173.92	3557
0.0	2671.0750885009766	164.05	3558
0.0	3493.09228515625	203.06	3559
0.0	3801.9786682128906	226.49	3560
0.0	1543.7451782226562	92.07	3561
0.0	1884.4337615966797	109.96	3562
0.0	1330.3467102050781	83.22	3563
0.0	3088.598602294922	182.12	3564
0.0	937.7583465576172	51.88	3565
0.0	1796.7795715332031	103.82	3566
0.0	2663.6383056640625	169.4	3567
0.0	1553.1199798583984	90.6	3568
0.0	1497.9370727539062	93.13	3569
0.0	1747.006362915039	101.24	3570
0.0	1725.8824462890625	104.69	3571
0.0	4383.089904785156	242.93	3572
0.0	2079.8920135498047	103.55	3573
0.0	1955.3892974853516	114.47	3574
0.0	4493.2843017578125	268.72	3575
0.0	3040.6123962402344	185.1	3576
0.0	1653.9423828125	97.22	3577
0.0	1933.2662506103516	112.7	3578
0.0	3115.7676849365234	194.38	3579
0.0	1601.4814910888672	99.29	3580
0.0	2337.070037841797	144.52	3581
0.0	1398.0291290283203	85.45	3582
0.0	1532.005615234375	89.66	3583
0.0	2444.7800903320312	153.1	3584
0.0	2367.478012084961	143.3	3585
0.0	2557.756576538086	162.82	3586
0.0	2458.5274810791016	141.31	3587
0.0	2446.6263580322266	129.07	3588
0.0	2581.111785888672	155.13	3589
0.0	4381.655609130859	262.13	3590
0.0	2949.4778747558594	160.61	3591
0.0	3221.138214111328	189.93	3592
0.0	2627.085433959961	153.7	3593
0.0	2525.2935485839844	153.41	3594
0.0	2903.7154541015625	163.83	3595
0.0	1310.71435546875	80.32	3596
0.0	1344.9705352783203	81.89	3597
0.0	3476.0189666748047	195.94	3598
0.0	2041.0195617675781	123.57	3599
0.0	2045.4963073730469	129.86	3600
0.0	1501.5848693847656	78.32	3601
0.0	1953.4859161376953	120.3	3602
0.0	1944.6225280761719	118.89	3603
0.0	4100.759414672852	243.74	3604
0.0	1792.809066772461	108.82	3605
0.0	1920.5096893310547	116.64	3606
0.0	2245.876724243164	134.49	3607
0.0	2081.8699951171875	121.45	3608
0.0	6207.087661743164	372.56	3609
0.0	3848.9790802001953	236.38	3610
0.0	2090.4810180664062	123.03	3611
0.0	4198.175079345703	263.62	3612
0.0	3803.732177734375	215.4	3613
0.0	2037.832778930664	119.54	3614
0.0	3964.887405395508	259.11	3615
0.0	3348.953887939453	209.95	3616
0.0	4934.5958251953125	304.91	3617
0.0	3500.3130950927734	218.74	3618
0.0	4199.501419067383	262.78	3619
0.0	1787.7850036621094	108.27	3620
0.0	2950.032516479492	187.03	3621
0.0	2625.7728881835938	155.51	3622
0.0	1431.8047943115234	95.81	3623
0.0	2652.478317260742	158.75	3624
0.0	2366.8902282714844	147.37	3625
0.0	1871.02294921875	116.96	3626
0.0	2657.5421600341797	173.02	3627
0.0	1718.635238647461	110.73	3628
0.0	2486.0525512695312	120.34	3629
0.0	3998.8446655273438	221.81	3630
0.0	2093.012496948242	121.48	3631
0.0	1957.8157958984375	128.36	3632
0.0	1777.3738250732422	116.59	3633
0.0	3819.9047088623047	222.13	3634
0.0	2439.6547241210938	143.28	3635
0.0	2331.3541564941406	150.0	3636
0.0	2287.930618286133	140.84	3637
0.0	5194.840759277344	329.31	3638
0.0	5496.163879394531	369.99	3639
0.0	6991.736709594727	420.31	3640
0.0	1663.1067504882812	97.88	3641
0.0	1459.0839385986328	89.69	3642
0.0	3122.509490966797	212.37	3643
0.0	2427.3622131347656	145.25	3644
0.0	3476.6072692871094	196.62	3645
0.0	1901.8174591064453	107.71	3646
0.0	2862.8194274902344	184.26	3647
0.0	2313.290756225586	145.03	3648
0.0	2606.490036010742	149.15	3649
0.0	3241.5848083496094	189.22	3650
0.0	1920.8392181396484	123.71	3651
0.0	1994.3963012695312	129.51	3652
0.0	3718.1632080078125	239.4	3653
0.0	3194.5821685791016	208.15	3654
0.0	1503.6126708984375	81.01	3655
0.0	2509.8057556152344	159.68	3656
0.0	2646.0394744873047	157.32	3657
0.0	3231.232437133789	211.58	3658
0.0	3013.8902587890625	198.21	3659
0.0	2370.3749084472656	148.87	3660
0.0	3232.8067626953125	202.12	3661
0.0	1695.5411071777344	110.62	3662
0.0	2105.8441467285156	135.73	3663
0.0	4863.237319946289	303.71	3664
0.0	2192.422836303711	125.45	3665
0.0	2540.2198333740234	163.8	3666
0.0	3392.868942260742	217.22	3667
0.0	2455.3192443847656	155.41	3668
0.0	1504.9438018798828	78.8	4201
0.0	2280.833450317383	119.32	4202
0.0	3119.398681640625	158.38	4203
0.0	2932.1285095214844	150.37	4204
0.0	1989.5995330810547	109.94	4205
0.0	4278.454742431641	216.37	4206
0.0	1778.4057312011719	100.64	4207
0.0	1719.5299072265625	96.53	4208
0.0	2459.965591430664	135.29	4209
0.0	2266.6651000976562	123.46	4210
0.0	2601.405502319336	146.79	4211
0.0	4753.848861694336	260.8	4212
0.0	2452.0299377441406	124.94	4213
0.0	1729.5847473144531	91.79	4214
0.0	2866.409698486328	167.88	4215
0.0	2293.5555877685547	126.19	4216
0.0	3043.1368103027344	170.08	4217
0.0	3020.875198364258	160.77	4218
0.0	1593.3705291748047	92.26	4219
0.0	2160.725784301758	127.91	4220
0.0	1783.2847290039062	103.22	4221
0.0	1807.0709228515625	107.48	4222
0.0	1672.4311981201172	100.93	4223
0.0	2055.2882080078125	117.24	4224
0.0	2489.1638793945312	146.65	4225
0.0	2687.161346435547	151.1	4226
0.0	2723.689498901367	144.31	4227
0.0	2583.6021270751953	136.33	4228
0.0	2714.7548217773438	153.08	4229
0.0	1140.8906860351562	67.93	4230
0.0	2534.7726287841797	140.83	4231
0.0	1313.2705841064453	73.54	4232
0.0	2114.3316497802734	120.36	4233
0.0	5180.087646484375	290.82	4234
0.0	2801.166976928711	159.47	4235
0.0	1910.340835571289	108.56	4236
0.0	3584.7644958496094	186.24	4237
0.0	1461.6766662597656	87.34	4238
0.0	3359.824172973633	187.08	4239
0.0	1769.8473052978516	101.01	4240
0.0	1553.661148071289	93.98	4241
0.0	3242.846664428711	182.98	4242
0.0	4988.018081665039	282.93	4243
0.0	2396.3257904052734	139.73	4244
0.0	1280.4852142333984	72.9	4245
0.0	4087.4629516601562	247.27	4246
0.0	3207.967498779297	184.19	4247
0.0	3716.568145751953	215.82	4248
0.0	2167.4899291992188	119.98	4249
0.0	2096.686721801758	117.23	4250
0.0	3061.6559143066406	188.57	4251
0.0	1897.7278442382812	100.06	4252
0.0	2947.3707580566406	176.29	4253
0.0	2592.9618072509766	146.92	4254
0.0	6668.762405395508	347.28	4255
0.0	1709.0053405761719	107.12	4256
0.0	1550.9021759033203	90.5	4257
0.0	2200.87060546875	134.29	4258
0.0	1724.6701965332031	99.12	4259
0.0	3291.517791748047	183.16	4260
0.0	3036.5751190185547	183.81	4261
0.0	3989.7864837646484	230.55	4262
0.0	2897.807846069336	165.03	4263
0.0	3003.632110595703	179.94	4264
0.0	3130.926803588867	190.11	4265
0.0	2271.5494689941406	131.97	4266
0.0	4982.591842651367	297.57	4267
0.0	1893.5313568115234	112.88	4268
0.0	1268.6803131103516	72.86	4269
0.0	2159.6227264404297	132.15	4270
0.0	1423.0090942382812	83.17	4271
0.0	2055.6258392333984	112.39	4272
0.0	2404.7186889648438	136.09	4273
0.0	1778.7136535644531	111.5	4274
0.0	1619.580307006836	97.86	4275
0.0	2062.5906524658203	117.95	4276
0.0	2875.538330078125	167.39	4277
0.0	6168.376647949219	336.35	4278
0.0	2534.104705810547	160.93	4279
0.0	1706.5154418945312	100.35	4280
0.0	1623.9333190917969	96.21	4281
0.0	1478.698013305664	90.71	4282
0.0	4020.9053802490234	241.76	4283
0.0	1535.8409576416016	82.3	4284
0.0	5080.451690673828	290.61	4285
0.0	2394.4886016845703	134.5	4286
0.0	1926.7502136230469	116.83	4287
0.0	2424.721649169922	154.54	4288
0.0	2839.711212158203	160.29	4289
0.0	2372.0046997070312	136.55	4290
0.0	1099.7209167480469	71.46	4291
0.0	3306.975875854492	172.2	4292
0.0	2156.0770721435547	134.2	4293
0.0	3081.6715698242188	155.81	4294
0.0	4472.191543579102	268.74	4295
0.0	2153.4884185791016	132.66	4296
0.0	1432.8539276123047	84.01	4297
0.0	3697.6861419677734	186.95	4298
0.0	3251.404067993164	167.55	4299
0.0	2528.124771118164	157.25	4300
0.0	1458.201156616211	86.96	4301
0.0	1940.8831024169922	107.46	4302
0.0	2044.407485961914	132.85	4303
0.0	3276.90869140625	201.87	4304
0.0	4097.76838684082	259.84	4305
0.0	2534.964828491211	162.84	4306
0.0	1990.2128448486328	122.29	4307
0.0	1263.1834869384766	69.02	4308
0.0	5163.450927734375	289.36	4309
0.0	2766.822540283203	175.76	4310
0.0	2563.7162017822266	147.91	4311
0.0	3838.5685424804688	222.77	4312
0.0	2227.548370361328	137.42	4313
0.0	2755.189178466797	166.46	4314
0.0	1891.2169647216797	101.78	4315
0.0	2442.9173126220703	124.14	4316
0.0	1960.7195892333984	127.03	4317
0.0	2003.6775360107422	127.85	4318
0.0	7164.013076782227	439.46	4319
0.0	2291.0692749023438	143.62	4320
0.0	2972.3453369140625	152.85	4321
0.0	3102.985122680664	185.67	4322
0.0	1965.2115478515625	108.18	4323
0.0	1738.409164428711	111.71	4324
0.0	2127.131134033203	130.86	4325
0.0	2291.3213500976562	142.75	4326
0.0	2343.545684814453	146.07	4327
0.0	1760.1409149169922	105.06	4328
0.0	3049.38916015625	184.85	4329
0.0	2646.701461791992	173.91	4330
0.0	1914.7443389892578	116.54	4331
0.0	2856.7605590820312	180.82	4332
0.0	1504.081283569336	73.75	4333
0.0	5648.737045288086	353.69	4334
0.0	2649.287063598633	173.09	4335
0.0	1929.5611267089844	123.43	4336
0.0	1593.6055145263672	99.9	4337
0.0	3161.9518280029297	201.43	4338
0.0	3669.7742767333984	220.95	4339
0.0	1804.117431640625	111.21	4340
0.0	808.0599670410156	51.41	4341
0.0	3174.0704803466797	187.21	4342
0.0	1425.6737213134766	85.66	4343
0.0	2257.037307739258	135.82	4344
0.0	3081.6690673828125	176.78	4345
0.0	3137.170455932617	193.39	4346
0.0	4599.469940185547	273.72	4347
0.0	1631.6697845458984	102.73	4348
0.0	2453.414993286133	128.61	4349
0.0	2404.068374633789	152.37	4350
0.0	2835.952133178711	180.81	4351
0.0	1908.8492736816406	128.19	4352
0.0	2783.0166625976562	164.73	4353
0.0	2137.510009765625	133.98	4354
0.0	2516.5774841308594	154.9	4355
0.0	1349.7301177978516	84.13	4356
0.0	3287.652053833008	218.6	4357
0.0	4078.5099029541016	245.57	4358
0.0	2811.463333129883	172.13	4359
0.0	2223.8308715820312	129.39	4360
0.0	2900.836380004883	168.53	4361
0.0	2063.727294921875	130.97	4362
0.0	2321.4590911865234	115.04	4363
0.0	1697.3217010498047	102.66	4364
0.0	2122.7950897216797	129.54	4365
0.0	1821.062026977539	113.32	4366
0.0	2407.7876892089844	152.35	4367
0.0	1582.112808227539	101.11	4368
0.0	2654.654037475586	168.0	4369
0.0	1740.5791015625	112.82	4370
0.0	3987.6527252197266	261.81	4371
0.0	1536.8230285644531	105.04	4372
0.0	2802.465057373047	168.64	4373
0.0	2216.469955444336	114.64	4901
0.0	2195.791793823242	117.74	4902
0.0	1552.9986877441406	77.88	4903
0.0	4327.351638793945	234.09	4904
0.0	1672.0623168945312	93.27	4905
0.0	2795.1515197753906	160.3	4906
0.0	1586.9233093261719	84.42	4907
0.0	1863.9243621826172	101.82	4908
0.0	3255.3501892089844	179.71	4909
0.0	1364.6741485595703	77.34	4910
0.0	2972.4231719970703	169.67	4911
0.0	1773.301773071289	97.62	4912
0.0	3194.0521240234375	171.86	4913
0.0	1166.0633850097656	68.62	4914
0.0	2822.233657836914	162.87	4915
0.0	1728.5502319335938	98.08	4916
0.0	1291.6073303222656	76.4	4917
0.0	1176.1739044189453	66.15	4918
0.0	2765.446807861328	161.05	4919
0.0	1757.6540222167969	102.77	4920
0.0	2687.1991119384766	160.46	4921
0.0	3078.651123046875	171.25	4922
0.0	3640.9049682617188	201.28	4923
0.0	1740.1366119384766	102.72	4924
0.0	1179.5837860107422	69.87	4925
0.0	2761.8941650390625	153.57	4926
0.0	3266.729049682617	186.62	4927
0.0	2523.661590576172	127.91	4928
0.0	1633.230697631836	97.05	4929
0.0	2644.0204162597656	150.06	4930
0.0	1996.7957000732422	111.49	4931
0.0	1781.0103454589844	107.09	4932
0.0	3855.368423461914	206.79	4933
0.0	1774.9514617919922	104.36	4934
0.0	1417.0858917236328	83.21	4935
0.0	2297.6183013916016	133.26	4936
0.0	2513.0848236083984	148.55	4937
0.0	1324.0321044921875	78.14	4938
0.0	2963.1156463623047	178.07	4939
0.0	1896.460205078125	113.03	4940
0.0	3330.1585388183594	189.55	4941
0.0	3508.4676971435547	204.07	4942
0.0	1718.8084106445312	98.34	4943
0.0	3638.040237426758	197.56	4944
0.0	1926.7642059326172	115.9	4945
0.0	2278.2137298583984	142.17	4946
0.0	1566.4870910644531	81.46	4947
0.0	1948.4725799560547	112.14	4948
0.0	1720.803955078125	101.02	4949
0.0	2050.573516845703	123.52	4950
0.0	2303.2220153808594	121.67	4951
0.0	1602.8691864013672	96.17	4952
0.0	1050.5365753173828	55.59	4953
0.0	2251.0253143310547	116.83	4954
0.0	3962.7037658691406	217.74	4955
0.0	2539.981414794922	152.37	4956
0.0	2241.4305877685547	128.25	4957
0.0	2590.538543701172	149.38	4958
0.0	5644.803970336914	336.86	4959
0.0	2140.8800201416016	119.9	4960
0.0	3891.617462158203	225.75	4961
0.0	2771.007583618164	160.18	4962
0.0	3349.855239868164	188.15	4963
0.0	1469.1341705322266	88.84	4964
0.0	2425.6996307373047	140.72	4965
0.0	1646.1732788085938	97.24	4966
0.0	1693.69482421875	97.86	4967
0.0	3430.4183502197266	196.9	4968
0.0	2157.0552673339844	131.55	4969
0.0	1219.034439086914	75.79	4970
0.0	2372.4002380371094	141.88	4971
0.0	1658.6685791015625	103.58	4972
0.0	3205.5945739746094	187.87	4973
0.0	1597.9954681396484	94.19	4974
0.0	4140.21549987793	225.13	4975
0.0	1957.3876037597656	124.57	4976
0.0	2726.219467163086	139.37	4977
0.0	1890.746841430664	108.45	4978
0.0	2020.8265686035156	128.71	4979
0.0	2911.0035247802734	156.29	4980
0.0	1277.816879272461	75.5	4981
0.0	1695.5802764892578	103.11	4982
0.0	2359.1299896240234	143.2	4983
0.0	2750.983367919922	156.58	4984
0.0	1516.8490142822266	90.66	4985
0.0	2002.9178619384766	124.43	4986
0.0	2577.904510498047	148.52	4987
0.0	2065.860580444336	126.7	4988
0.0	4081.94921875	248.3	4989
0.0	2166.1210021972656	130.48	4990
0.0	2426.1276245117188	118.23	4991
0.0	2594.3477630615234	158.21	4992
0.0	1351.0440979003906	79.76	4993
0.0	2926.621795654297	161.04	4994
0.0	2470.273422241211	150.42	4995
0.0	2379.1243896484375	150.49	4996
0.0	3904.8828735351562	240.45	4997
0.0	2172.4486389160156	109.01	4998
0.0	2647.06103515625	161.67	4999
0.0	2259.7381896972656	146.38	5000
0.0	3558.5265045166016	213.68	5001
0.0	3381.983871459961	204.31	5002
0.0	1442.0125274658203	89.31	5003
0.0	1339.6016693115234	68.0	5004
0.0	1702.865982055664	100.16	5005
0.0	2021.1656799316406	120.85	5006
0.0	1769.266830444336	106.99	5007
0.0	3419.765121459961	211.76	5008
0.0	3098.733200073242	186.84	5009
0.0	3692.9959869384766	224.28	5010
0.0	2268.9286041259766	129.29	5011
0.0	1442.4205322265625	85.88	5012
0.0	1923.5384063720703	117.59	5013
0.0	2226.480941772461	136.19	5014
0.0	4263.754806518555	262.44	5015
0.0	1768.3067321777344	104.99	5016
0.0	1862.010482788086	117.21	5017
0.0	1218.2368927001953	75.67	5018
0.0	2222.9393768310547	134.17	5019
0.0	3475.990966796875	205.95	5020
0.0	2994.963424682617	187.6	5021
0.0	1712.0621337890625	102.41	5022
0.0	4845.051559448242	291.05	5023
0.0	982.6432952880859	57.59	5024
0.0	1811.3291931152344	118.85	5025
0.0	1921.880599975586	114.04	5026
0.0	3277.6534118652344	201.45	5027
0.0	1739.2736053466797	100.79	5028
0.0	3619.496063232422	200.55	5029
0.0	2288.5951232910156	143.37	5030
0.0	1736.5253601074219	108.61	5031
0.0	3399.739044189453	204.32	5032
0.0	4400.409103393555	276.36	5033
0.0	2975.80712890625	189.18	5034
0.0	4440.915573120117	268.49	5035
0.0	2004.3909606933594	118.21	5036
0.0	2928.4771881103516	138.91	5037
0.0	1587.8852844238281	101.45	5038
0.0	1874.1441040039062	119.68	5039
0.0	3493.796432495117	222.74	5040
0.0	2078.551528930664	132.89	5041
0.0	2835.5921020507812	172.92	5042
0.0	2185.921356201172	136.91	5043
0.0	1876.9726257324219	113.04	5044
0.0	1931.3861389160156	120.82	5045
0.0	1870.8639068603516	114.28	5046
0.0	1829.4753875732422	114.58	5047
0.0	2198.1102142333984	115.05	5048
0.0	2290.9068298339844	133.66	5049
0.0	1376.3473358154297	91.05	5050
0.0	1550.4818420410156	92.11	5051
0.0	2729.420623779297	148.55	5052
0.0	2210.106475830078	118.34	5053
0.0	1647.97265625	99.76	5054
0.0	2573.7430572509766	129.12	5055
0.0	3564.8488006591797	210.12	5056
0.0	2169.791961669922	109.81	5057
0.0	1779.5999450683594	113.07	5058
0.0	2095.3604888916016	122.6	5059
0.0	2090.2059326171875	132.31	5060
0.0	3908.002639770508	226.06	5061
0.0	2336.3672637939453	112.24	5062
0.0	2006.4335479736328	124.24	5063
0.0	2209.6603393554688	140.29	5064
0.0	3066.580810546875	154.76	5065
0.0	4178.858810424805	263.34	5066
0.0	1023.0503082275391	63.47	5067
0.0	2111.5432891845703	108.07	5068
0.0	1783.708999633789	115.32	5069
0.0	2025.1202239990234	127.48	5070
0.0	2594.623092651367	151.89	5071
0.0	2264.1029663085938	149.97	5072
0.0	2008.5743255615234	126.77	5073
0.0	4101.351226806641	243.36	5074
0.0	3708.129898071289	237.73	5075
0.0	3071.3104400634766	182.82	5076
0.0	1995.0768127441406	130.37	5077
0.0	4768.444610595703	298.88	5078
0.0	2515.885543823242	155.94	5079
0.0	3383.4398193359375	198.93	5080
0.0	1796.7975006103516	117.16	5081
0.0	2548.8949584960938	171.91	5082
0.0	2172.348876953125	138.92	5083
0.0	3496.3894805908203	230.32	5084
0.0	3382.9163970947266	175.36	5601
0.0	1404.9442443847656	73.8	5602
0.0	1549.657455444336	83.53	5603
0.0	4002.2735443115234	214.48	5604
0.0	5806.958526611328	303.92	5605
0.0	2005.3399658203125	105.37	5606
0.0	3019.299331665039	171.98	5607
0.0	1465.1337432861328	79.87	5608
0.0	2634.2159118652344	138.86	5609
0.0	1986.8544006347656	114.61	5610
0.0	3832.416259765625	199.6	5611
0.0	2270.536392211914	125.13	5612
0.0	1534.480972290039	86.0	5613
0.0	1983.4712829589844	115.69	5614
0.0	2513.057098388672	146.2	5615
0.0	1512.0902709960938	86.89	5616
0.0	2688.6945037841797	155.91	5617
0.0	1750.6837310791016	101.7	5618
0.0	2112.6162109375	118.79	5619
0.0	1645.9047393798828	94.16	5620
0.0	4006.906463623047	227.07	5621
0.0	1861.3330688476562	105.89	5622
0.0	2670.365936279297	151.2	5623
0.0	1243.1677551269531	70.11	5624
0.0	1738.5180206298828	100.14	5625
0.0	2269.658645629883	131.79	5626
0.0	2382.01513671875	144.92	5627
0.0	1791.7361145019531	102.35	5628
0.0	3006.1149139404297	178.09	5629
0.0	3816.250946044922	216.67	5630
0.0	3062.084259033203	178.53	5631
0.0	1833.5362243652344	94.64	5632
0.0	3481.782211303711	198.75	5633
0.0	1753.9029998779297	101.42	5634
0.0	1489.3856201171875	86.46	5635
0.0	1548.2642517089844	89.67	5636
0.0	1914.8719940185547	103.48	5637
0.0	5214.828186035156	302.71	5638
0.0	4942.188125610352	287.19	5639
0.0	4311.166229248047	242.31	5640
0.0	1290.2603759765625	77.45	5641
0.0	2959.2609100341797	174.09	5642
0.0	2139.1763610839844	131.87	5643
0.0	2876.3169555664062	159.64	5644
0.0	1492.7911987304688	94.26	5645
0.0	1840.714370727539	105.01	5646
0.0	1411.3135375976562	73.17	5647
0.0	3458.033248901367	201.77	5648
0.0	3507.5574340820312	187.73	5649
0.0	2075.4285888671875	116.85	5650
0.0	3266.8006744384766	183.59	5651
0.0	4189.694274902344	244.53	5652
0.0	2001.7198486328125	114.45	5653
0.0	1501.6210327148438	91.92	5654
0.0	1961.5842590332031	110.11	5655
0.0	1883.212646484375	101.59	5656
0.0	1683.839340209961	104.42	5657
0.0	992.4821624755859	61.64	5658
0.0	2838.2679138183594	175.2	5659
0.0	5179.389343261719	298.05	5660
0.0	2766.965301513672	170.94	5661
0.0	2384.948715209961	140.89	5662
0.0	2274.822525024414	128.18	5663
0.0	2452.475570678711	144.66	5664
0.0	1290.965103149414	67.37	5665
0.0	2951.1469116210938	171.17	5666
0.0	3152.582061767578	184.48	5667
0.0	2609.7852630615234	156.68	5668
0.0	2023.9932556152344	122.74	5669
0.0	2884.510772705078	164.84	5670
0.0	1840.4324951171875	102.62	5671
0.0	2664.271728515625	153.49	5672
0.0	1749.6263122558594	108.07	5673
0.0	10266.362365722656	583.49	5674
0.0	2421.076904296875	124.75	5675
0.0	1220.0900115966797	71.66	5676
0.0	1248.3971099853516	82.3	5677
0.0	1269.6455688476562	75.81	5678
0.0	2119.4286346435547	134.82	5679
0.0	2402.8699645996094	148.75	5680
0.0	4126.194274902344	246.9	5681
0.0	1566.7327728271484	96.31	5682
0.0	2576.4384002685547	130.63	5683
0.0	3171.5393981933594	190.57	5684
0.0	2337.481658935547	152.04	5685
0.0	1769.2054138183594	111.03	5686
0.0	4017.304214477539	244.13	5687
0.0	3602.6151275634766	210.97	5688
0.0	3234.4224395751953	181.36	5689
0.0	2118.8548278808594	120.66	5690
0.0	2229.7833862304688	134.62	5691
0.0	2199.0423278808594	136.67	5692
0.0	2300.6947174072266	131.26	5693
0.0	1804.2954711914062	116.6	5694
0.0	2977.547119140625	175.6	5695
0.0	1553.1741790771484	90.43	5696
0.0	2026.3189392089844	115.56	5697
0.0	3830.575912475586	227.7	5698
0.0	2784.153518676758	163.09	5699
0.0	2776.6122436523438	174.57	5700
0.0	2510.162628173828	152.15	5701
0.0	3555.133773803711	234.8	5702
0.0	1833.6294708251953	93.38	5703
0.0	5358.274017333984	325.07	5704
0.0	2739.042526245117	170.6	5705
0.0	2803.193145751953	169.63	5706
0.0	2021.6063385009766	122.29	5707
0.0	2491.746047973633	140.59	5708
0.0	1203.6111755371094	76.28	5709
0.0	2410.8551483154297	152.53	5710
0.0	1651.596939086914	105.45	5711
0.0	4243.036712646484	248.27	5712
0.0	2387.0350494384766	147.32	5713
0.0	2715.731201171875	167.21	5714
0.0	2132.4964447021484	104.45	5715
0.0	773.4154510498047	53.1	5716
0.0	1522.4585876464844	94.24	5717
0.0	3552.727981567383	225.19	5718
0.0	3741.074676513672	218.94	5719
0.0	2077.917709350586	132.66	5720
0.0	2505.785903930664	151.63	5721
0.0	2061.903610229492	133.33	5722
0.0	1938.0482635498047	113.83	5723
0.0	1643.029067993164	101.23	5724
0.0	3600.3583984375	224.65	5725
0.0	1247.8263702392578	79.72	5726
0.0	3790.1970977783203	190.07	5727
0.0	1736.6825103759766	101.59	5728
0.0	2665.2582397460938	164.51	5729
0.0	2150.8339233398438	128.73	5730
0.0	2769.2828216552734	173.31	5731
0.0	2157.1664123535156	140.64	5732
0.0	2963.130142211914	186.34	5733
0.0	1947.2489624023438	116.56	5734
0.0	2360.3538513183594	136.34	5735
0.0	2533.2739868164062	156.01	5736
0.0	2383.6460571289062	151.19	5737
0.0	3806.4503631591797	220.1	5738
0.0	3991.5804595947266	249.65	5739
0.0	1548.173843383789	102.47	5740
0.0	3306.0326385498047	202.16	5741
0.0	1842.4452056884766	97.23	5742
0.0	1464.6098327636719	70.1	5743
0.0	2986.405731201172	189.83	5744
0.0	4178.70751953125	264.61	5745
0.0	3815.9864501953125	237.5	5746
0.0	1750.9420013427734	111.15	5747
0.0	1998.9554901123047	122.0	5748
0.0	1652.3101043701172	102.0	5749
0.0	3070.78515625	199.85	5750
0.0	2045.8719482421875	135.27	5751
0.0	1916.0130157470703	126.73	5752
0.0	2331.0478515625	123.77	5753
0.0	2081.5467834472656	100.21	5754
0.0	2633.127700805664	130.73	5755
0.0	3402.9935913085938	193.26	5756
0.0	3029.4422607421875	185.39	5757
0.0	3892.625778198242	244.88	5758
0.0	3726.6276092529297	216.08	5759
0.0	2140.1549682617188	132.33	5760
0.0	2023.9156494140625	117.72	5761
0.0	4451.9337158203125	275.74	5762
0.0	1688.6539764404297	107.77	5763
0.0	2178.174362182617	136.03	5764
0.0	3053.2845153808594	196.09	5765
0.0	1711.180908203125	101.12	5766
0.0	1227.6479034423828	80.06	5767
0.0	6659.926361083984	408.98	5768
0.0	1789.650894165039	120.52	5769
0.0	2251.0891723632812	146.57	5770
0.0	3557.5433959960938	207.4	5771
0.0	2557.61962890625	154.04	5772
0.0	3057.818878173828	160.96	6301
0.0	1694.7783966064453	89.14	6302
0.0	2067.6929779052734	111.02	6303
0.0	2966.4642181396484	158.2	6304
0.0	3192.081085205078	170.5	6305
0.0	1932.1400146484375	102.26	6306
0.0	2251.702896118164	122.53	6307
0.0	1903.5713500976562	111.25	6308
0.0	3427.573287963867	180.66	6309
0.0	2719.6365661621094	148.08	6310
0.0	2409.955581665039	135.1	6311
0.0	4182.186386108398	240.08	6312
0.0	1641.9719696044922	94.58	6313
0.0	3238.065628051758	181.81	6314
0.0	2712.6165924072266	150.33	6315
0.0	2409.6367797851562	134.86	6316
0.0	2841.9830474853516	158.54	6317
0.0	1865.6542663574219	102.14	6318
0.0	5295.603317260742	304.44	6319
0.0	2179.6212615966797	124.13	6320
0.0	3027.7620239257812	166.61	6321
0.0	1813.7183837890625	105.08	6322
0.0	2745.4884490966797	155.5	6323
0.0	2323.772018432617	134.4	6324
0.0	1477.2036437988281	79.02	6325
0.0	2751.815231323242	157.61	6326
0.0	1745.0720825195312	99.27	6327
0.0	2478.1922302246094	144.5	6328
0.0	2214.2023162841797	114.95	6329
0.0	1095.941421508789	68.33	6330
0.0	1692.6725463867188	95.9	6331
0.0	1674.142318725586	105.14	6332
0.0	2141.8904876708984	117.96	6333
0.0	2431.810317993164	146.98	6334
0.0	1878.2250213623047	116.81	6335
0.0	1488.6508026123047	78.2	6336
0.0	2020.6557922363281	111.85	6337
0.0	1898.7543029785156	104.41	6338
0.0	2555.1611328125	145.45	6339
0.0	2987.049346923828	176.83	6340
0.0	2208.392044067383	127.12	6341
0.0	4091.4330291748047	208.54	6342
0.0	2896.7628479003906	170.64	6343
0.0	2642.806686401367	154.26	6344
0.0	2527.2945556640625	139.33	6345
0.0	2625.0867767333984	156.15	6346
0.0	2282.3526306152344	133.64	6347
0.0	2404.3636779785156	139.45	6348
0.0	2236.8316650390625	140.5	6349
0.0	3870.6156311035156	225.16	6350
0.0	2428.645248413086	145.06	6351
0.0	3658.3766174316406	199.97	6352
0.0	2982.371871948242	170.21	6353
0.0	1812.8847198486328	108.04	6354
0.0	2321.9705200195312	131.66	6355
0.0	3429.635772705078	194.06	6356
0.0	1439.0393676757812	86.68	6357
0.0	1717.3509368896484	106.37	6358
0.0	3316.5391235351562	190.0	6359
0.0	3878.4764099121094	238.02	6360
0.0	2455.1356353759766	147.65	6361
0.0	2958.9891510009766	177.24	6362
0.0	3097.865234375	170.79	6363
0.0	1434.6791687011719	87.52	6364
0.0	1830.1846313476562	105.12	6365
0.0	1730.8360900878906	103.27	6366
0.0	4017.8701171875	233.17	6367
0.0	3624.8448181152344	216.55	6368
0.0	2195.9237060546875	133.18	6369
0.0	2543.8521575927734	154.41	6370
0.0	6045.681488037109	346.37	6371
0.0	3158.6370697021484	185.73	6372
0.0	1199.5489807128906	72.36	6373
0.0	3285.8978271484375	190.97	6374
0.0	2305.7041931152344	134.33	6375
0.0	3468.7899475097656	200.96	6376
0.0	1577.3390655517578	100.43	6377
0.0	832.3224334716797	50.14	6378
0.0	3298.9777221679688	199.35	6379
0.0	5629.788848876953	349.13	6380
0.0	1496.9613189697266	86.93	6381
0.0	3923.739959716797	244.59	6382
0.0	2399.0003204345703	141.26	6383
0.0	1560.2049102783203	99.12	6384
0.0	3016.2503509521484	189.15	6385
0.0	2563.632369995117	148.68	6386
0.0	2688.1595001220703	166.87	6387
0.0	3204.7661895751953	193.53	6388
0.0	1620.132308959961	102.7	6389
0.0	1803.768539428711	99.53	6390
0.0	2942.578872680664	181.14	6391
0.0	2712.1180419921875	161.68	6392
0.0	2567.7904663085938	159.42	6393
0.0	2482.3756561279297	126.21	6394
0.0	3166.775390625	185.18	6395
0.0	3226.3426971435547	195.76	6396
0.0	2180.8728790283203	110.88	6397
0.0	1341.4751281738281	80.29	6398
0.0	2236.5498809814453	140.63	6399
0.0	2543.0614166259766	158.72	6400
0.0	2510.584686279297	144.96	6401
0.0	2940.408889770508	190.47	6402
0.0	3529.873260498047	213.04	6403
0.0	2716.9141235351562	158.88	6404
0.0	2623.269973754883	159.1	6405
0.0	1624.9309997558594	105.86	6406
0.0	3092.846954345703	193.2	6407
0.0	2623.6309814453125	135.62	6408
0.0	4583.994918823242	256.97	6409
0.0	2243.113296508789	132.42	6410
0.0	2118.486846923828	127.36	6411
0.0	1912.1519470214844	118.61	6412
0.0	1782.000991821289	114.91	6413
0.0	1949.6249084472656	116.33	6414
0.0	3102.7318420410156	193.42	6415
0.0	1589.3066864013672	96.49	6416
0.0	2095.383560180664	125.34	6417
0.0	2058.2325897216797	131.82	6418
0.0	2414.516143798828	149.6	6419
0.0	2429.1399841308594	143.42	6420
0.0	1684.8515014648438	103.67	6421
0.0	1753.5353698730469	98.15	6422
0.0	2204.376419067383	145.8	6423
0.0	2184.842071533203	131.99	6424
0.0	3075.8631896972656	191.71	6425
0.0	2318.7950439453125	148.13	6426
0.0	2532.6533966064453	166.55	6427
0.0	2147.1326446533203	130.17	6428
0.0	2596.9803314208984	162.74	6429
0.0	2638.191909790039	170.05	6430
0.0	3101.512405395508	160.89	6431
0.0	2877.745162963867	166.3	6432
0.0	3063.976119995117	189.73	6433
0.0	1774.8517761230469	112.69	6434
0.0	3069.422348022461	155.03	6435
0.0	1783.3437957763672	108.36	6436
0.0	3616.5874786376953	236.18	6437
0.0	3521.6060180664062	212.39	6438
0.0	1322.7865142822266	82.05	6439
0.0	2355.4964904785156	139.66	6440
0.0	1391.974609375	87.01	6441
0.0	2113.7625274658203	129.88	6442
0.0	3706.347610473633	201.86	6443
0.0	4096.518768310547	247.37	6444
0.0	3382.7693939208984	166.41	6445
0.0	3545.263153076172	231.0	6446
0.0	3390.8941040039062	210.26	6447
0.0	1891.1512908935547	117.9	6448
0.0	7474.893249511719	481.8	6449
0.0	1576.9851989746094	100.09	6450
0.0	3047.006637573242	193.49	6451
0.0	3189.8395385742188	196.58	6452
0.0	2466.215133666992	158.01	6453
0.0	2692.3775177001953	173.56	6454
0.0	2299.7630310058594	142.14	6455
0.0	2126.6595306396484	138.24	6456
0.0	2582.1647186279297	164.86	6457
0.0	4200.125534057617	257.62	6458
0.0	3402.022247314453	212.02	6459
0.0	2305.0096130371094	147.71	6460
0.0	3488.544174194336	234.95	6461
0.0	2404.3722076416016	151.03	6462
0.0	1319.7195129394531	85.29	6463
0.0	2822.4392852783203	162.91	6464
0.0	3342.163787841797	215.1	6465
0.0	2341.8397674560547	141.99	6466
0.0	3013.3297576904297	173.44	6467
0.0	1603.2581787109375	102.92	6468
0.0	1873.6038818359375	119.31	6469
0.0	1623.44677734375	95.36	6470
