# order  nit
0	249.238525390625
1	432.15771484375
2	519.74072265625
3	567.696044921875
4	567.86572265625
5	572.12158203125
6	582.22705078125
7	582.548095703125
8	586.42431640625
9	609.700439453125
10	647.258056640625
11	716.60107421875
12	774.812744140625
13	800.59228515625
14	879.090087890625
15	894.887939453125
16	918.860595703125
17	919.33154296875
18	925.54345703125
19	1024.578369140625
20	1031.143798828125
21	1149.62939453125
22	1160.244140625
23	1182.948486328125
24	1183.327880859375
25	1225.898681640625
26	1239.885986328125
27	1252.61279296875
28	1265.481689453125
29	1305.475341796875
30	1374.59033203125
31	1404.39111328125
32	1415.2490234375
33	1445.36083984375
34	1450.6328125
35	1507.19873046875
36	1596.882568359375
37	1664.8193359375
38	1667.90283203125
39	1692.138427734375
40	1729.29248046875
41	1750.890625
42	1751.472900390625
43	1757.653076171875
44	1766.488037109375
45	1782.843505859375
46	1813.32421875
47	1889.071044921875
48	1981.472900390625
49	1990.9970703125
50	2078.555908203125
51	2079.807861328125
52	2138.75439453125
53	2144.093017578125
54	2205.53173828125
55	2210.891845703125
56	2315.3427734375
57	2338.1123046875
58	2363.91650390625
59	2390.032958984375
60	2458.47900390625
61	2517.34375
62	2520.30322265625
63	2646.035888671875
64	2685.249267578125
65	2790.586669921875
66	2794.439697265625
67	2876.73388671875
68	2915.54443359375
69	2949.89306640625
70	2983.21484375
71	2993.060546875
72	3121.88232421875
73	3123.42724609375
74	3227.64306640625
75	3329.38427734375
76	3418.268310546875
77	3429.566162109375
78	3522.958984375
79	3562.598876953125
80	3608.237548828125
81	3635.684814453125
82	3648.814208984375
83	3703.52490234375
84	3789.407470703125
85	3885.341552734375
86	3890.236572265625
87	3961.804931640625
88	4020.6962890625
89	4159.992919921875
90	4280.944091796875
91	4282.78662109375
92	4323.336669921875
93	4560.430419921875
94	4561.33154296875
95	4586.612060546875
96	4716.98974609375
97	4988.210205078125
98	5081.419189453125
99	5139.0478515625
100	5184.63330078125
101	5294.739990234375
102	5311.42626953125
103	5343.474609375
104	5439.020751953125
105	5530.10546875
106	5617.46533203125
107	5651.25146484375
108	5659.026123046875
109	6048.404296875
110	6152.79736328125
111	6584.286865234375
112	6719.11083984375
113	6752.661376953125
114	6755.123291015625
115	6804.212646484375
116	6849.07373046875
117	6857.546630859375
118	6864.115478515625
119	7121.827880859375
120	7226.82666015625
121	7752.062255859375
122	7783.69580078125
123	7929.6962890625
124	7947.013427734375
125	8135.9365234375
126	8192.300537109375
127	8312.69970703125
128	8662.5654296875
129	8850.540771484375
130	9077.345458984375
131	9134.08447265625
132	9155.30224609375
133	9236.44482421875
134	9271.291015625
135	9313.148193359375
136	9439.39013671875
137	9617.9873046875
138	9714.04345703125
139	10336.8095703125
140	10576.121337890625
141	10756.0751953125
142	10844.90869140625
143	10851.155517578125
144	11071.6748046875
145	11097.96826171875
146	11122.5869140625
147	11263.0029296875
148	11358.19970703125
149	11817.736083984375
150	12257.133544921875
151	12524.31787109375
152	12554.138916015625
153	12666.810791015625
154	12668.062255859375
155	12694.45703125
156	12754.27392578125
157	13192.393798828125
158	13245.750732421875
159	13272.25537109375
160	13628.601806640625
161	13928.84375
162	14032.828125
163	14092.7587890625
164	14399.174072265625
165	14443.389892578125
166	14750.6064453125
167	15339.284423828125
168	15362.83349609375
169	15463.8525390625
170	16190.917236328125
171	16494.648681640625
172	17369.21435546875
173	17721.362548828125
174	18069.236083984375
175	18142.87744140625
176	18484.41064453125
177	19076.007080078125
178	19139.526123046875
179	19213.472900390625
180	20488.67431640625
181	21221.107421875
182	21700.515380859375
183	21854.743896484375
184	23184.614013671875
185	23571.643310546875
186	24728.410400390625
187	25852.7939453125
188	26294.059814453125
189	28352.923828125
190	28706.46923828125
191	28867.019287109375
192	29097.681640625
193	29741.294921875
194	31212.97412109375
195	31706.6044921875
196	32377.259521484375
197	32630.806640625
198	35159.25439453125
199	35984.2587890625
200	36843.41455078125
201	37684.223876953125
202	39508.912109375
203	43565.124755859375
204	43732.48974609375
205	45088.819091796875
206	47358.07421875
207	47478.620849609375
208	47599.901611328125
209	48728.441650390625
210	49009.855712890625
211	49709.063232421875
212	49750.9306640625
213	50386.973876953125
214	50556.413818359375
215	51158.10205078125
216	52027.764404296875
217	52104.758544921875
218	54713.933349609375
219	57722.163330078125
220	58412.812744140625
221	59455.4423828125
222	61538.427734375
223	62847.412841796875
224	63914.984375
225	74601.947265625
226	76712.46801757812
227	77410.04248046875
228	78034.47607421875
229	79422.37963867188
230	85148.77514648438
231	93383.72680664062
232	99249.05224609375
233	104564.10961914062
234	120475.62231445312
235	123656.25634765625
236	124228.826171875
237	128884.25903320312
238	155512.81005859375
239	158178.24877929688
240	162521.46630859375
241	168631.06298828125
242	188320.28369140625
243	205593.78979492188
244	218197.68994140625
245	221932.380859375
246	228488.00854492188
247	251875.994140625
248	281224.52978515625
249	307250.89501953125
250	331484.01513671875
251	340664.84619140625
252	382601.9392089844
253	425931.0290527344
254	447396.20947265625
255	480526.9240722656
256	488864.6149902344
257	579090.2546386719
258	627257.8215332031
259	635053.1945800781
260	682421.259765625
261	791615.1579589844
262	894821.7290039062
263	990124.8483886719
264	998705.7504882812
265	1510498.8408203125
266	1945531.6103515625
267	2775710.8852539062
268	3248153.7963867188
269	3835811.3303222656
270	4069249.923828125
271	4096000.0
272	4096000.0
273	4096000.0
274	4096000.0
275	4096000.0
276	4096000.0
277	4096000.0
278	4096000.0
279	4096000.0
280	4096000.0
281	4096000.0
282	4096000.0
283	4096000.0
284	4096000.0
285	4096000.0
286	4096000.0
287	4096000.0
288	4096000.0
289	4096000.0
290	4096000.0
