#FMS random 4-SAT
#N=32768  nIter=524288  alpha=972   NSamples=486
#av(nit)	493394.58286332496
#std(nit)	4335.919310469751
#av(e)	166.2798353909465
#std(e)	11.203638128643556
#av(runtime)	24041.99094650206
#std(runtime)	368.1100356341385
130.0	524288.0	18089.13	4
115.0	524288.0	24777.98	5
0.0	143138.40411376953	8085.56	6
76.0	524288.0	14965.93	51
0.0	85581.80877685547	5005.59	52
73.0	524288.0	34057.75	53
19.0	524288.0	18750.8	54
138.0	524288.0	16034.97	101
52.0	524288.0	27717.82	102
68.0	524288.0	24375.7	103
96.0	524288.0	20737.39	151
784.0	524288.0	39997.65	152
37.0	524288.0	23678.78	153
77.0	524288.0	24273.17	203
38.0	524288.0	23742.92	204
48.0	524288.0	27236.97	205
0.0	155606.22537231445	6341.84	251
878.0	524288.0	37102.0	252
89.0	524288.0	25050.63	253
47.0	524288.0	27357.63	301
752.0	524288.0	38027.24	302
104.0	524288.0	32007.69	351
59.0	524288.0	23079.16	352
71.0	524288.0	19151.79	404
668.0	524288.0	36731.9	405
0.0	133905.22467041016	4894.32	451
108.0	524288.0	24053.05	452
16.0	524288.0	25680.51	453
0.0	104713.00735473633	5273.68	454
573.0	524288.0	20887.48	501
30.0	524288.0	31086.17	502
910.0	524288.0	34482.0	551
0.0	374095.4552001953	18006.97	552
0.0	490362.2691345215	23999.8	553
0.0	330170.0473327637	10955.31	603
49.0	524288.0	25061.0	604
35.0	524288.0	29084.37	605
30.0	524288.0	21512.47	606
17.0	524288.0	28938.4	651
84.0	524288.0	23224.29	652
47.0	524288.0	25953.34	653
729.0	524288.0	33684.37	701
57.0	524288.0	30297.85	702
107.0	524288.0	20294.81	751
42.0	524288.0	29698.73	752
61.0	524288.0	28545.31	753
38.0	524288.0	19225.94	803
27.0	524288.0	30687.96	804
210.0	524288.0	27931.21	805
113.0	524288.0	26264.58	851
582.0	524288.0	37593.77	852
77.0	524288.0	19773.95	901
612.0	524288.0	38392.9	902
692.0	524288.0	21369.62	951
498.0	524288.0	38835.89	952
111.0	524288.0	25830.24	953
119.0	524288.0	21073.57	1003
81.0	524288.0	27325.13	1004
16.0	524288.0	22686.15	1005
38.0	524288.0	32560.38	1051
0.0	99524.40994262695	5077.13	1052
662.0	524288.0	37858.13	1053
43.0	524288.0	15603.25	1101
77.0	524288.0	27226.32	1102
84.0	524288.0	29531.81	1103
44.0	524288.0	19223.37	1151
0.0	112745.59979248047	6459.64	1152
67.0	524288.0	24147.71	1153
60.0	524288.0	29112.82	1154
0.0	487931.16006469727	16288.7	1203
113.0	524288.0	38642.48	1204
58.0	524288.0	27152.71	1205
109.0	524288.0	14372.74	1251
114.0	524288.0	30246.18	1252
101.0	524288.0	36093.65	1253
69.0	524288.0	20930.58	1301
65.0	524288.0	23008.76	1302
785.0	524288.0	38314.72	1303
0.0	433306.7988586426	17075.41	1351
815.0	524288.0	38697.4	1352
38.0	524288.0	22734.4	1353
51.0	524288.0	14570.74	1404
0.0	216314.74880981445	11763.51	1405
67.0	524288.0	25177.19	1406
38.0	524288.0	22242.66	1407
532.0	524288.0	19347.21	1451
73.0	524288.0	25360.21	1452
62.0	524288.0	25330.47	1453
60.0	524288.0	27865.9	1501
37.0	524288.0	24030.71	1502
47.0	524288.0	27494.39	1503
37.0	524288.0	14382.36	1551
772.0	524288.0	36550.32	1552
64.0	524288.0	20875.73	1603
89.0	524288.0	27256.91	1604
16.0	524288.0	25864.49	1605
82.0	524288.0	22258.82	1651
36.0	524288.0	25489.93	1652
697.0	524288.0	32960.08	1653
64.0	524288.0	14710.06	1701
756.0	524288.0	38110.47	1702
28.0	524288.0	24118.84	1703
23.0	524288.0	19333.5	1751
35.0	524288.0	21643.75	1752
72.0	524288.0	26848.19	1753
63.0	524288.0	15392.51	1803
0.0	174683.2328491211	9484.07	1804
61.0	524288.0	27551.78	1805
0.0	401758.7852783203	17106.0	1806
0.0	209213.87686157227	7086.94	1851
101.0	524288.0	20626.13	1852
711.0	524288.0	37990.47	1853
44.0	524288.0	20256.25	1854
44.0	524288.0	20672.75	1901
266.0	524288.0	36591.92	1902
100.0	524288.0	26262.34	1903
33.0	524288.0	20027.24	1951
38.0	524288.0	23471.84	1952
70.0	524288.0	28140.5	1953
597.0	524288.0	34007.16	2003
57.0	524288.0	37799.54	2004
28.0	524288.0	15629.29	2051
115.0	524288.0	30237.59	2052
0.0	372962.41635131836	16625.46	2053
40.0	524288.0	24263.98	2101
77.0	524288.0	24208.02	2102
65.0	524288.0	29433.52	2103
58.0	524288.0	14842.59	2151
575.0	524288.0	38548.02	2152
0.0	139122.37017822266	8842.96	2153
37.0	524288.0	19269.92	2203
79.0	524288.0	25854.81	2204
77.0	524288.0	26095.85	2205
87.0	524288.0	14564.28	2206
90.0	524288.0	31440.67	2251
44.0	524288.0	24346.13	2252
791.0	524288.0	33690.56	2301
647.0	524288.0	38071.46	2302
89.0	524288.0	25943.17	2351
66.0	524288.0	27732.7	2352
31.0	524288.0	25607.07	2353
671.0	524288.0	34073.71	2403
57.0	524288.0	33085.53	2404
0.0	219959.6526184082	11302.96	2405
56.0	524288.0	18931.44	2451
654.0	524288.0	39084.83	2452
33.0	524288.0	24516.25	2453
748.0	524288.0	20964.14	2501
735.0	524288.0	39944.14	2502
111.0	524288.0	29764.95	2551
75.0	524288.0	24369.44	2552
49.0	524288.0	27488.03	2553
81.0	524288.0	20410.26	2604
55.0	524288.0	24098.26	2605
0.0	202017.02520751953	10198.44	2606
0.0	176107.43228149414	8696.62	2607
0.0	324312.7571411133	10618.54	2651
690.0	524288.0	19495.62	2652
659.0	524288.0	39486.33	2653
39.0	524288.0	14396.99	2701
46.0	524288.0	27299.38	2702
34.0	524288.0	26261.7	2703
38.0	524288.0	14699.98	2751
21.0	524288.0	26547.17	2752
52.0	524288.0	33480.79	2753
42.0	524288.0	18193.57	2803
104.0	524288.0	27322.17	2804
749.0	524288.0	38395.89	2805
92.0	524288.0	17447.45	2851
107.0	524288.0	34504.91	2852
0.0	105166.29605102539	5438.6	2853
91.0	524288.0	20702.15	2901
574.0	524288.0	38599.44	2902
72.0	524288.0	25019.85	2903
779.0	524288.0	33702.29	2951
27.0	524288.0	23026.08	2952
61.0	524288.0	25810.7	2953
41.0	524288.0	15619.86	3003
68.0	524288.0	35351.29	3004
109.0	524288.0	33567.69	3005
741.0	524288.0	21024.32	3051
34.0	524288.0	27791.5	3052
37.0	524288.0	24008.5	3053
67.0	524288.0	18683.0	3101
36.0	524288.0	25175.46	3102
0.0	280036.1213378906	14037.44	3103
66.0	524288.0	24987.79	3104
34.0	524288.0	18928.0	3151
58.0	524288.0	27247.84	3152
0.0	424274.65435791016	27050.24	3153
40.0	524288.0	18159.67	3204
85.0	524288.0	26699.76	3205
93.0	524288.0	25577.39	3206
87.0	524288.0	30841.76	3251
480.0	524288.0	27160.65	3252
116.0	524288.0	16404.53	3301
51.0	524288.0	14997.65	3302
62.0	524288.0	27144.2	3303
69.0	524288.0	17904.52	3351
825.0	524288.0	37856.75	3352
73.0	524288.0	30900.37	3353
0.0	499623.47201538086	16786.56	3403
64.0	524288.0	25999.22	3404
0.0	337148.0149536133	14908.96	3405
824.0	524288.0	33660.54	3451
44.0	524288.0	25191.62	3452
48.0	524288.0	26579.02	3453
611.0	524288.0	21441.24	3501
840.0	524288.0	39084.12	3502
53.0	524288.0	26335.03	3503
72.0	524288.0	32807.9	3551
78.0	524288.0	24338.55	3552
697.0	524288.0	33843.4	3603
630.0	524288.0	38643.78	3604
12.0	524288.0	19253.96	3651
92.0	524288.0	35339.58	3652
71.0	524288.0	25147.66	3653
44.0	524288.0	20111.05	3701
0.0	460928.94201660156	20534.38	3702
59.0	524288.0	26240.38	3703
681.0	524288.0	34254.32	3751
83.0	524288.0	27847.13	3752
99.0	524288.0	18323.54	3803
683.0	524288.0	38427.57	3804
0.0	220928.31060791016	12964.19	3805
38.0	524288.0	16514.02	3851
84.0	524288.0	28732.39	3852
97.0	524288.0	25662.88	3853
19.0	524288.0	17181.13	3901
849.0	524288.0	39737.71	3902
60.0	524288.0	21924.98	3951
62.0	524288.0	27555.79	3952
39.0	524288.0	18611.88	3953
92.0	524288.0	16682.64	4003
0.0	158847.4360961914	7560.35	4004
60.0	524288.0	35848.58	4005
54.0	524288.0	26567.12	4051
81.0	524288.0	30997.09	4052
82.0	524288.0	29177.2	4053
42.0	524288.0	18064.19	4101
17.0	524288.0	26651.64	4102
580.0	524288.0	38951.33	4103
86.0	524288.0	21545.45	4151
76.0	524288.0	24097.87	4152
23.0	524288.0	27630.76	4153
157.0	524288.0	17117.05	4206
0.0	303882.26470947266	14278.58	4207
553.0	524288.0	38006.3	4208
108.0	524288.0	19117.68	4251
124.0	524288.0	32639.11	4252
43.0	524288.0	26917.87	4253
74.0	524288.0	20177.22	4301
49.0	524288.0	32258.85	4302
39.0	524288.0	14166.26	4351
88.0	524288.0	32079.63	4352
42.0	524288.0	23563.43	4353
791.0	524288.0	20663.13	4403
111.0	524288.0	32261.53	4404
75.0	524288.0	33949.32	4405
124.0	524288.0	21825.25	4451
17.0	524288.0	35307.84	4452
41.0	524288.0	17401.48	4501
33.0	524288.0	25375.25	4502
0.0	239573.36920166016	10910.5	4503
39.0	524288.0	26377.9	4551
66.0	524288.0	29603.72	4552
98.0	524288.0	26274.87	4553
586.0	524288.0	21186.87	4602
66.0	524288.0	33453.08	4603
65.0	524288.0	28968.71	4604
34.0	524288.0	21363.17	4651
78.0	524288.0	25989.83	4652
55.0	524288.0	24176.96	4653
712.0	524288.0	21003.92	4701
720.0	524288.0	39641.74	4702
781.0	524288.0	34289.04	4751
59.0	524288.0	24598.3	4752
93.0	524288.0	18206.26	4804
54.0	524288.0	31249.52	4805
840.0	524288.0	37560.59	4806
80.0	524288.0	22345.42	4851
27.0	524288.0	32368.45	4852
71.0	524288.0	26652.33	4853
0.0	448448.99575805664	17121.45	4901
61.0	524288.0	22362.06	4902
21.0	524288.0	25256.81	4903
42.0	524288.0	14232.05	4951
101.0	524288.0	23475.12	4952
52.0	524288.0	30109.11	4953
141.0	524288.0	26937.92	5003
656.0	524288.0	38181.26	5004
41.0	524288.0	20635.72	5051
369.0	524288.0	38763.87	5052
56.0	524288.0	21300.62	5101
98.0	524288.0	29711.47	5102
784.0	524288.0	34135.99	5103
0.0	429548.933013916	14761.8	5151
53.0	524288.0	28485.71	5152
88.0	524288.0	28507.44	5153
52.0	524288.0	17465.37	5203
0.0	272996.9983520508	15569.13	5204
39.0	524288.0	21350.82	5205
128.0	524288.0	33422.64	5206
74.0	524288.0	23350.6	5251
68.0	524288.0	24573.08	5252
77.0	524288.0	31807.83	5253
782.0	524288.0	33871.91	5301
749.0	524288.0	37894.47	5302
46.0	524288.0	16203.82	5351
62.0	524288.0	24751.36	5352
144.0	524288.0	29688.63	5353
46.0	524288.0	15956.31	5403
77.0	524288.0	25335.14	5404
0.0	159199.8296508789	7406.52	5405
46.0	524288.0	27539.04	5406
104.0	524288.0	19246.75	5451
57.0	524288.0	34088.87	5452
32.0	524288.0	15004.16	5501
34.0	524288.0	27435.9	5502
122.0	524288.0	24922.26	5503
28.0	524288.0	20989.15	5551
537.0	524288.0	37451.51	5552
31.0	524288.0	22286.51	5553
53.0	524288.0	17450.43	5603
53.0	524288.0	23259.07	5604
65.0	524288.0	27691.82	5605
3.0	524288.0	19123.02	5651
72.0	524288.0	25241.2	5652
98.0	524288.0	26517.33	5653
90.0	524288.0	22395.43	5701
112.0	524288.0	26171.28	5702
51.0	524288.0	31155.17	5703
194.0	524288.0	21149.25	5751
73.0	524288.0	37320.15	5752
500.0	524288.0	28356.59	5753
170.0	524288.0	17020.84	5803
49.0	524288.0	28119.8	5804
45.0	524288.0	27393.92	5805
730.0	524288.0	20953.85	5851
703.0	524288.0	39733.56	5852
36.0	524288.0	23616.11	5853
578.0	524288.0	33247.96	5901
768.0	524288.0	38542.85	5902
725.0	524288.0	34412.59	5951
25.0	524288.0	23818.25	5952
27.0	524288.0	22542.46	5953
79.0	524288.0	23682.42	6004
21.0	524288.0	23158.0	6005
54.0	524288.0	25755.97	6006
805.0	524288.0	34127.98	6051
221.0	524288.0	35649.72	6052
48.0	524288.0	17850.62	6101
393.0	524288.0	36818.03	6102
39.0	524288.0	23001.76	6103
693.0	524288.0	33738.68	6151
44.0	524288.0	22878.84	6152
45.0	524288.0	27807.14	6153
65.0	524288.0	21800.32	6204
83.0	524288.0	25822.05	6205
0.0	299703.99325561523	13366.6	6206
36.0	524288.0	17386.36	6207
50.0	524288.0	15083.39	6251
37.0	524288.0	26295.88	6252
64.0	524288.0	28308.55	6253
61.0	524288.0	19760.35	6301
30.0	524288.0	19833.94	6302
72.0	524288.0	30463.29	6303
0.0	335829.15045166016	9718.4	6351
843.0	524288.0	37107.64	6352
754.0	524288.0	39349.75	6353
103.0	524288.0	24052.87	6404
43.0	524288.0	29365.76	6405
101.0	524288.0	26841.06	6406
63.0	524288.0	22212.44	6451
51.0	524288.0	28048.6	6452
28.0	524288.0	28736.29	6453
110.0	524288.0	16391.65	6501
111.0	524288.0	26975.13	6502
183.0	524288.0	30289.9	6503
40.0	524288.0	18026.49	6551
673.0	524288.0	37894.14	6552
661.0	524288.0	21028.66	6603
26.0	524288.0	22187.29	6604
54.0	524288.0	28711.04	6605
781.0	524288.0	21459.39	6651
66.0	524288.0	27004.76	6652
67.0	524288.0	34525.36	6653
91.0	524288.0	15923.05	6701
50.0	524288.0	28262.59	6702
112.0	524288.0	37883.09	6703
0.0	70471.55645751953	2107.65	6751
83.0	524288.0	21598.12	6752
0.0	255824.8846435547	14307.41	6753
54.0	524288.0	25034.01	6754
67.0	524288.0	22681.13	6755
33.0	524288.0	15042.69	6803
19.0	524288.0	24099.82	6804
481.0	524288.0	37637.97	6805
56.0	524288.0	15385.44	6851
880.0	524288.0	35721.81	6852
60.0	524288.0	29855.41	6853
12.0	524288.0	14015.51	6901
65.0	524288.0	30598.27	6902
65.0	524288.0	31675.75	6903
54.0	524288.0	15528.01	6951
78.0	524288.0	30265.78	6952
63.0	524288.0	35446.24	6953
756.0	524288.0	26965.18	1
0.0	242316.4937133789	9839.28	2
101.0	524288.0	22128.3	201
83.0	524288.0	23083.89	202
65.0	524288.0	17992.28	401
0.0	106510.54052734375	4397.62	402
24.0	524288.0	22910.25	403
54.0	524288.0	14582.54	601
751.0	524288.0	26837.01	602
118.0	524288.0	15803.1	801
79.0	524288.0	23746.32	802
609.0	524288.0	21274.03	1001
160.0	524288.0	20412.29	1002
68.0	524288.0	15402.92	1201
128.0	524288.0	24304.18	1202
75.0	524288.0	15846.31	1401
79.0	524288.0	20576.6	1402
0.0	239522.23880004883	7449.92	1601
45.0	524288.0	19432.72	1602
99.0	524288.0	22927.79	1801
51.0	524288.0	18563.83	1802
54.0	524288.0	19201.16	2001
88.0	524288.0	27522.74	2002
50.0	524288.0	14765.5	2201
120.0	524288.0	23532.54	2202
56.0	524288.0	17544.36	2401
59.0	524288.0	22225.69	2402
0.0	229711.00299072266	9930.29	2601
35.0	524288.0	19685.51	2602
0.0	330500.65032958984	12633.79	2603
816.0	524288.0	20895.0	2801
201.0	524288.0	29447.23	2802
37.0	524288.0	14497.84	3001
69.0	524288.0	27791.47	3002
724.0	524288.0	28948.46	3201
16.0	524288.0	18343.06	3202
0.0	113666.17007446289	5987.21	3203
40.0	524288.0	18365.96	3401
953.0	524288.0	29885.05	3402
57.0	524288.0	19866.91	3601
0.0	317056.25982666016	10565.37	3602
128.0	524288.0	18275.03	3801
27.0	524288.0	16750.83	3802
101.0	524288.0	24785.82	4001
195.0	524288.0	30186.29	4002
77.0	524288.0	14766.39	4201
0.0	457081.11599731445	17426.01	4202
0.0	94449.3466796875	4467.66	4203
0.0	101248.24057006836	4605.74	4204
0.0	206067.24374389648	7854.83	4205
42.0	524288.0	21140.76	4401
50.0	524288.0	21625.52	4402
594.0	524288.0	28899.17	4601
46.0	524288.0	14460.06	4801
93.0	524288.0	20393.02	4802
95.0	524288.0	14363.86	4803
0.0	353970.6900024414	13953.73	5001
40.0	524288.0	17262.83	5002
0.0	219735.85473632812	7755.18	5201
660.0	524288.0	27351.76	5202
121.0	524288.0	26497.98	5401
790.0	524288.0	26781.04	5402
43.0	524288.0	19390.18	5601
135.0	524288.0	21519.54	5602
55.0	524288.0	21551.19	5801
42.0	524288.0	21532.56	5802
40.0	524288.0	20711.7	6001
0.0	50637.00466918945	2614.67	6002
30.0	524288.0	16732.37	6003
69.0	524288.0	14789.78	6201
26.0	524288.0	19709.08	6202
0.0	208220.38806152344	7826.99	6203
47.0	524288.0	21629.25	6401
28.0	524288.0	18516.34	6402
0.0	385268.0997314453	12634.73	6403
31.0	524288.0	18453.45	6601
329.0	524288.0	19951.13	6602
53.0	524288.0	22517.35	6801
122.0	524288.0	29975.12	6802
