#FMS random 3-SAT
#N=32768  nIter=50000  alpha=419   NSamples=1182
#av(nit)	14669.314620868405
#std(nit)	371.40343171397285
#av(e)	13.260575296108291
#std(e)	1.6016767424641543
#av(runtime)	308.01329103214886
#std(runtime)	7.807594814084179
0.0	6191.4700927734375	117.74	1
0.0	20014.457000732422	376.58	2
0.0	17070.629516601562	335.29	3
0.0	33614.69064331055	613.95	4
0.0	8118.880310058594	164.6	5
218.0	50000.0	1020.91	6
0.0	24597.589385986328	498.15	7
0.0	10696.89892578125	219.75	8
0.0	7642.654388427734	159.28	9
0.0	10939.862487792969	203.7	10
0.0	8381.921508789062	170.77	11
0.0	5176.945587158203	99.01	12
0.0	10518.88345336914	215.83	13
0.0	6198.420257568359	132.32	14
0.0	21954.206176757812	440.51	15
0.0	34665.252990722656	651.71	16
0.0	5310.061584472656	110.35	17
0.0	12105.270874023438	251.06	18
0.0	7305.2060546875	152.35	19
0.0	4706.777374267578	92.48	20
0.0	17811.93441772461	363.32	21
0.0	4289.33203125	93.29	22
0.0	25554.174530029297	516.5	23
0.0	6064.598388671875	116.96	24
0.0	18646.237579345703	383.29	25
0.0	7681.719024658203	163.03	26
0.0	5220.8338623046875	108.54	27
0.0	5945.678955078125	127.61	28
0.0	9104.79135131836	191.65	29
0.0	8154.512908935547	166.14	30
0.0	24920.655242919922	502.76	31
0.0	7956.8172607421875	170.24	32
0.0	12690.086883544922	252.74	33
0.0	3068.7041015625	66.76	34
0.0	4469.672027587891	96.35	35
0.0	8247.80810546875	180.14	36
0.0	18503.3125	393.7	37
0.0	3356.3854370117188	58.86	38
0.0	34383.039123535156	646.98	39
0.0	6506.846282958984	137.19	40
0.0	8375.16195678711	170.37	41
0.0	24815.37435913086	508.03	42
0.0	3106.000457763672	68.6	43
0.0	6722.4415283203125	129.28	44
0.0	49337.558685302734	1101.29	45
0.0	37285.306701660156	793.31	46
0.0	20518.02407836914	448.65	47
362.0	50000.0	1129.75	48
0.0	27230.120239257812	623.1	49
0.0	5293.873107910156	114.47	50
0.0	19951.396759033203	433.91	51
0.0	21046.551666259766	464.59	52
361.0	50000.0	1060.62	53
0.0	15961.09326171875	345.51	54
340.0	50000.0	959.16	55
0.0	25403.517639160156	504.39	56
0.0	21486.19351196289	471.21	57
0.0	2611.7117309570312	56.82	58
0.0	15696.351776123047	319.32	59
0.0	16845.765594482422	320.17	60
0.0	5259.059783935547	96.18	61
0.0	3740.6049194335938	82.71	62
0.0	5259.382110595703	115.24	63
0.0	11134.872741699219	248.8	64
0.0	2802.5652465820312	60.29	65
0.0	17707.694366455078	393.34	66
0.0	8355.829833984375	188.03	67
0.0	9444.79995727539	211.6	68
0.0	2299.9576110839844	48.92	69
0.0	3398.0657958984375	75.33	70
0.0	2510.405242919922	57.64	71
0.0	25276.182861328125	549.31	72
0.0	4752.156280517578	103.44	73
0.0	6026.604553222656	126.82	74
0.0	6604.632995605469	133.61	75
0.0	2989.058868408203	66.99	76
0.0	22769.511962890625	522.13	77
0.0	7087.1756591796875	154.13	78
0.0	5102.809906005859	107.59	79
0.0	15169.823364257812	328.0	80
0.0	2019.3308715820312	47.54	81
0.0	7798.749908447266	172.14	82
0.0	9218.987915039062	171.45	83
0.0	4780.684143066406	99.97	84
0.0	19306.068756103516	363.46	85
0.0	6619.741394042969	148.42	86
0.0	2861.4691162109375	59.95	87
0.0	6434.4786376953125	137.42	88
0.0	11035.170593261719	241.43	89
0.0	7301.4393310546875	172.88	90
0.0	39298.503967285156	770.07	501
0.0	10497.932250976562	210.22	502
0.0	15683.33203125	303.45	503
0.0	4792.173583984375	98.29	504
0.0	15903.1220703125	311.2	505
0.0	14427.403350830078	289.8	506
0.0	13261.513854980469	255.39	507
0.0	4242.510070800781	91.94	508
0.0	4715.994323730469	93.18	509
0.0	7391.8641357421875	143.45	510
0.0	5087.176666259766	104.89	511
0.0	18999.94564819336	401.15	512
176.0	50000.0	1040.29	513
0.0	4763.093444824219	99.36	514
0.0	5330.541778564453	115.98	515
0.0	35115.932373046875	730.7	516
0.0	19211.440368652344	415.22	517
0.0	6198.922271728516	125.13	518
0.0	8661.809020996094	180.42	519
0.0	14964.44400024414	314.13	520
205.0	50000.0	979.81	521
0.0	12448.818145751953	259.77	522
0.0	11931.299041748047	229.92	523
0.0	11005.370391845703	246.39	524
0.0	17693.106475830078	365.77	525
0.0	4539.969543457031	94.56	526
0.0	15152.527221679688	317.32	527
0.0	4950.261962890625	105.89	528
0.0	17068.41390991211	375.69	529
0.0	42179.007415771484	788.12	530
0.0	30184.17462158203	639.68	531
0.0	33622.76873779297	616.45	532
0.0	3071.375	65.29	533
0.0	4673.196990966797	92.33	534
0.0	6272.9390869140625	135.31	535
0.0	26585.19204711914	561.16	536
0.0	14851.926544189453	313.7	537
0.0	6778.744201660156	147.78	538
0.0	34874.21765136719	755.6	539
0.0	8756.783111572266	182.99	540
0.0	4628.036437988281	96.57	541
0.0	3830.6558837890625	84.56	542
0.0	7108.722717285156	148.37	543
0.0	7116.387420654297	142.16	544
0.0	5792.989196777344	130.64	545
0.0	3306.5255737304688	76.57	546
0.0	2614.859100341797	60.68	547
0.0	25510.746551513672	544.54	548
0.0	3447.8789672851562	76.86	549
0.0	6575.717742919922	133.85	550
0.0	17046.19970703125	338.94	551
0.0	17098.34780883789	376.31	552
0.0	3642.4336547851562	75.39	553
0.0	18919.20327758789	400.25	554
0.0	29502.02032470703	634.74	555
0.0	2548.8648376464844	54.08	556
0.0	29053.899383544922	653.65	557
0.0	6019.051239013672	139.22	558
0.0	17084.580810546875	374.53	559
0.0	5332.2342529296875	111.42	560
0.0	14417.644073486328	285.7	561
0.0	6796.069549560547	149.66	562
0.0	6070.8155517578125	133.2	563
0.0	9090.566864013672	180.71	564
0.0	9977.626220703125	212.34	565
0.0	26630.132385253906	591.24	566
0.0	5948.001007080078	125.59	567
0.0	13876.387023925781	294.68	568
0.0	25036.55224609375	571.79	569
0.0	11094.805847167969	250.36	570
0.0	4052.3076782226562	71.82	571
0.0	8174.136413574219	186.92	572
0.0	30229.664794921875	686.95	573
104.0	50000.0	1009.86	574
0.0	25752.550415039062	559.68	575
0.0	3411.51025390625	78.6	576
0.0	14479.876281738281	256.13	577
0.0	13413.219940185547	303.67	578
0.0	4463.899078369141	98.19	579
0.0	4290.183746337891	94.53	580
0.0	16702.623748779297	376.25	581
0.0	5065.611389160156	112.24	582
0.0	6414.371490478516	140.95	583
0.0	14543.873504638672	320.34	584
0.0	17678.607025146484	380.02	585
0.0	6294.903472900391	146.36	586
0.0	7779.639831542969	176.66	587
0.0	2878.9263610839844	64.15	588
0.0	9048.368194580078	194.6	589
0.0	4884.245910644531	102.92	590
0.0	8353.173400878906	154.0	1001
0.0	18958.445861816406	353.56	1002
0.0	7059.113616943359	140.3	1003
0.0	5662.086151123047	111.84	1004
0.0	2196.8843688964844	43.32	1005
0.0	9798.962860107422	194.65	1006
0.0	2848.03125	58.12	1007
0.0	28214.368713378906	545.09	1008
0.0	3846.3414001464844	76.09	1009
0.0	12585.911987304688	239.38	1010
0.0	15241.214660644531	306.53	1011
0.0	42384.372467041016	845.56	1012
0.0	6835.816375732422	140.94	1013
0.0	2410.0396728515625	52.23	1014
0.0	18353.246643066406	371.92	1015
0.0	19784.21221923828	398.27	1016
0.0	28836.70816040039	578.33	1017
0.0	11959.842651367188	247.12	1018
0.0	10523.982391357422	223.29	1019
0.0	12933.738830566406	272.52	1020
0.0	14041.523651123047	278.31	1021
0.0	29289.090240478516	628.35	1022
0.0	8836.708068847656	192.34	1023
0.0	19365.42041015625	367.54	1024
0.0	15213.523132324219	320.59	1025
0.0	9643.821319580078	193.9	1026
0.0	4414.495697021484	95.19	1027
0.0	9513.68310546875	181.3	1028
0.0	9593.52230834961	197.7	1029
0.0	3328.925079345703	68.85	1030
0.0	10586.586853027344	205.63	1031
0.0	6905.9461669921875	152.4	1032
0.0	18113.53775024414	382.54	1033
0.0	4416.161956787109	95.34	1034
0.0	4769.708679199219	103.02	1035
0.0	13043.818756103516	267.55	1036
0.0	12328.869842529297	263.73	1037
0.0	5496.731842041016	116.3	1038
0.0	3761.6971740722656	79.29	1039
0.0	10855.855285644531	217.34	1040
0.0	5027.7061767578125	112.94	1041
0.0	8205.55288696289	152.81	1042
0.0	9209.743469238281	201.06	1043
0.0	10841.94808959961	227.14	1044
0.0	3401.9427795410156	78.29	1045
0.0	6636.053283691406	135.8	1046
0.0	7812.557159423828	167.85	1047
0.0	13557.28158569336	295.18	1048
0.0	21570.065887451172	466.79	1049
0.0	8733.239959716797	199.42	1050
0.0	6388.527648925781	143.01	1051
0.0	6447.684814453125	137.28	1052
0.0	9546.32113647461	198.08	1053
0.0	17891.991241455078	379.26	1054
0.0	8419.088897705078	183.76	1055
0.0	20816.591094970703	442.11	1056
0.0	4582.578033447266	98.05	1057
0.0	6541.497589111328	145.34	1058
189.0	50000.0	1101.5	1059
0.0	3668.1551208496094	83.28	1060
0.0	9393.983612060547	199.24	1061
0.0	12722.849151611328	264.82	1062
0.0	44750.52130126953	885.93	1063
0.0	19387.703125	428.39	1064
0.0	38074.423736572266	842.35	1065
0.0	13163.271575927734	270.63	1066
0.0	6438.138641357422	141.03	1067
0.0	14441.256866455078	324.97	1068
0.0	10370.727416992188	191.69	1069
0.0	10522.850311279297	233.47	1070
0.0	8027.449005126953	186.08	1071
235.0	50000.0	947.79	1072
0.0	2990.6904296875	66.29	1073
0.0	5442.641784667969	121.82	1074
0.0	5600.4486083984375	120.35	1075
0.0	16816.053649902344	367.01	1076
0.0	12584.364318847656	279.81	1077
0.0	13735.995849609375	294.97	1078
0.0	3382.047149658203	72.66	1079
113.0	50000.0	1067.1	1080
0.0	17641.971130371094	397.74	1081
0.0	46297.280853271484	1024.38	1082
0.0	17346.630645751953	385.3	1083
0.0	6446.724060058594	144.29	1084
0.0	9827.76058959961	222.08	1085
0.0	2839.4429931640625	65.16	1086
0.0	17333.314392089844	389.83	1087
0.0	1566.7867736816406	30.6	1088
0.0	4314.993255615234	99.86	1089
0.0	5046.998870849609	110.98	1090
0.0	7131.607208251953	159.83	1091
0.0	16567.98321533203	362.01	1092
0.0	3707.844940185547	86.73	1093
0.0	27745.574157714844	647.55	1094
0.0	3214.7637329101562	60.8	1501
139.0	50000.0	952.54	1502
0.0	7550.026184082031	140.12	1503
0.0	5277.456146240234	100.21	1504
0.0	21831.447784423828	409.95	1505
0.0	4056.5547790527344	80.3	1506
0.0	33322.544921875	646.13	1507
218.0	50000.0	1031.42	1508
0.0	5836.673065185547	120.34	1509
0.0	15017.959747314453	307.55	1510
0.0	10039.393676757812	193.32	1511
0.0	8642.533935546875	182.21	1512
0.0	14235.634826660156	273.43	1513
0.0	8869.995239257812	180.66	1514
0.0	7869.176483154297	162.86	1515
0.0	1780.5863647460938	38.39	1516
316.0	50000.0	1008.36	1517
0.0	19134.15655517578	398.61	1518
212.0	50000.0	1068.99	1519
0.0	8699.069305419922	184.52	1520
0.0	9158.684661865234	199.43	1521
0.0	7436.543701171875	150.87	1522
0.0	7930.002258300781	173.49	1523
0.0	17977.670471191406	367.26	1524
0.0	8784.537384033203	189.51	1525
0.0	10843.87646484375	214.79	1526
222.0	50000.0	1089.09	1527
0.0	25967.08233642578	537.29	1528
0.0	21078.171630859375	459.7	1529
0.0	12610.044494628906	277.55	1530
0.0	7563.63525390625	164.84	1531
0.0	8193.685821533203	179.62	1532
0.0	5523.340545654297	114.92	1533
0.0	26617.54556274414	495.08	1534
0.0	8390.966735839844	180.3	1535
0.0	4297.188323974609	92.89	1536
183.0	50000.0	935.18	1537
0.0	11487.344787597656	233.67	1538
0.0	23878.406616210938	435.76	1539
0.0	7183.284973144531	155.15	1540
0.0	7224.277587890625	164.29	1541
0.0	8835.734924316406	183.83	1542
246.0	50000.0	1070.86	1543
0.0	18986.93637084961	347.4	1544
0.0	6328.336761474609	137.48	1545
0.0	3974.24951171875	82.4	1546
0.0	10253.697479248047	223.19	1547
0.0	20756.256622314453	439.38	1548
0.0	6493.864196777344	136.41	1549
0.0	15877.205047607422	369.17	1550
0.0	5083.781433105469	115.23	1551
0.0	8487.108459472656	186.56	1552
0.0	10763.293090820312	233.85	1553
0.0	5157.9058837890625	109.02	1554
0.0	4351.0377197265625	80.1	1555
0.0	29888.3486328125	649.63	1556
0.0	20260.53271484375	417.25	1557
0.0	3428.306671142578	77.46	1558
0.0	10623.292694091797	233.42	1559
0.0	6625.458282470703	153.05	1560
89.0	50000.0	1088.07	1561
0.0	13708.52407836914	291.65	1562
0.0	8044.2218017578125	156.32	1563
209.0	50000.0	1172.28	1564
0.0	7129.528106689453	131.88	1565
0.0	15195.59341430664	342.92	1566
0.0	5101.081939697266	116.13	1567
0.0	37712.85729980469	829.3	1568
0.0	10071.736236572266	219.33	1569
0.0	16140.972534179688	376.81	1570
0.0	15090.389251708984	325.88	1571
0.0	12274.734436035156	267.75	1572
129.0	50000.0	1138.47	1573
0.0	2093.0217895507812	42.44	2001
0.0	10679.647338867188	197.58	2002
135.0	50000.0	931.71	2003
0.0	4118.519836425781	80.48	2004
0.0	2856.597900390625	59.22	2005
250.0	50000.0	1045.47	2006
0.0	16329.123138427734	317.58	2007
0.0	6394.633087158203	127.61	2008
0.0	35197.311584472656	712.83	2009
0.0	8624.456756591797	174.85	2010
0.0	7315.007293701172	145.88	2011
0.0	24330.791625976562	492.23	2012
0.0	4992.667510986328	103.51	2013
0.0	5887.486755371094	122.99	2014
0.0	6346.659637451172	129.97	2015
0.0	4008.4463500976562	81.27	2016
0.0	4004.9962158203125	82.79	2017
0.0	4554.415435791016	95.66	2018
0.0	6436.528503417969	133.49	2019
0.0	13454.925659179688	269.04	2020
0.0	8080.160003662109	169.95	2021
0.0	30078.110870361328	611.63	2022
0.0	39154.312408447266	746.18	2023
0.0	3978.8814086914062	79.65	2024
134.0	50000.0	1040.55	2025
0.0	8187.008575439453	170.38	2026
0.0	9352.414276123047	202.09	2027
0.0	43654.41473388672	791.95	2028
0.0	3511.12158203125	74.81	2029
0.0	28428.24545288086	612.78	2030
0.0	2623.812530517578	57.92	2031
0.0	22991.705352783203	462.94	2032
0.0	11033.066162109375	207.25	2033
0.0	17971.2001953125	364.65	2034
0.0	10051.969848632812	188.57	2035
0.0	3207.1995544433594	71.57	2036
0.0	7921.822784423828	173.3	2037
0.0	13392.030181884766	294.27	2038
0.0	13883.07290649414	293.6	2039
0.0	8290.39566040039	180.14	2040
0.0	15225.380828857422	347.7	2041
0.0	9733.317779541016	207.01	2042
0.0	4589.934600830078	95.0	2043
0.0	15339.113983154297	336.44	2044
187.0	50000.0	1113.2	2045
0.0	22066.43341064453	467.48	2046
0.0	9234.359100341797	200.63	2047
0.0	8787.592163085938	152.83	2048
0.0	17810.758575439453	372.72	2049
0.0	11226.146484375	237.5	2050
0.0	2816.6922607421875	60.75	2051
0.0	19068.660583496094	388.71	2052
0.0	5561.122741699219	106.6	2053
0.0	14957.143676757812	322.38	2054
0.0	6377.768981933594	134.73	2055
0.0	2979.834259033203	60.48	2056
380.0	50000.0	1118.29	2057
196.0	50000.0	1123.12	2058
0.0	4635.682922363281	94.04	2059
0.0	8129.21630859375	171.78	2060
0.0	5707.146209716797	130.81	2061
0.0	19095.800811767578	394.66	2062
0.0	3141.8729553222656	68.67	2063
0.0	3997.2772216796875	89.28	2064
0.0	5787.3214111328125	122.03	2065
0.0	14672.274688720703	321.42	2066
0.0	4536.504821777344	107.88	2067
0.0	3424.8382263183594	76.33	2068
0.0	5714.036529541016	120.28	2069
174.0	50000.0	1127.18	2070
0.0	5894.222381591797	130.94	2071
0.0	8006.520690917969	175.46	2072
0.0	3993.6927490234375	85.84	2073
0.0	13591.702209472656	302.7	2074
0.0	16601.577178955078	379.51	2075
0.0	6317.2706298828125	139.61	2076
0.0	4810.85107421875	110.28	2077
0.0	6672.9283447265625	148.6	2078
0.0	3244.7515869140625	71.77	2079
0.0	5820.1131591796875	128.3	2080
0.0	22505.889617919922	490.05	2081
0.0	36972.59143066406	785.24	2082
0.0	10152.396209716797	228.65	2083
0.0	11304.345336914062	248.36	2084
0.0	6686.369812011719	144.16	2085
0.0	5747.517913818359	132.62	2086
0.0	24962.34341430664	556.31	2087
0.0	5223.102630615234	120.7	2088
0.0	9556.66421508789	183.76	2501
218.0	50000.0	945.73	2502
0.0	4559.316192626953	89.1	2503
0.0	2030.900146484375	41.29	2504
0.0	17838.729064941406	348.75	2505
0.0	7317.5662841796875	144.76	2506
0.0	19444.595672607422	389.68	2507
0.0	15140.393463134766	314.68	2508
0.0	7245.727325439453	144.68	2509
0.0	18315.23178100586	345.65	2510
0.0	23434.782653808594	459.02	2511
0.0	29396.535247802734	599.32	2512
0.0	20498.557708740234	423.66	2513
0.0	4125.421142578125	86.58	2514
0.0	6363.0689697265625	134.5	2515
0.0	19122.803771972656	393.33	2516
232.0	50000.0	1003.45	2517
0.0	10693.331359863281	211.24	2518
0.0	41084.123626708984	872.41	2519
0.0	11505.408325195312	240.75	2520
0.0	2301.0257568359375	47.33	2521
0.0	4572.702087402344	97.6	2522
0.0	28743.185119628906	617.61	2523
0.0	17302.75650024414	372.79	2524
0.0	9745.5283203125	212.43	2525
0.0	24585.53485107422	513.41	2526
0.0	8489.365356445312	172.65	2527
0.0	14238.075164794922	298.23	2528
0.0	6179.173370361328	122.28	2529
0.0	13814.662811279297	286.57	2530
130.0	50000.0	1076.55	2531
0.0	4152.567230224609	90.66	2532
298.0	50000.0	1078.59	2533
0.0	14808.180541992188	299.89	2534
0.0	4836.271881103516	106.95	2535
223.0	50000.0	1029.42	2536
0.0	7209.629638671875	129.23	2537
0.0	7978.351959228516	175.55	2538
0.0	15357.482238769531	317.38	2539
0.0	9265.444641113281	201.27	2540
0.0	40732.1813659668	880.62	2541
0.0	5042.0421142578125	108.18	2542
155.0	50000.0	1104.9	2543
0.0	14498.421844482422	298.61	2544
0.0	9000.8525390625	192.75	2545
0.0	5346.498474121094	119.61	2546
0.0	17226.854461669922	382.02	2547
0.0	3732.688720703125	84.98	2548
0.0	4482.769500732422	99.65	2549
0.0	10742.007751464844	194.94	2550
0.0	5079.019134521484	115.47	2551
0.0	14140.288940429688	319.41	2552
0.0	8750.220275878906	191.26	2553
0.0	7956.082336425781	168.8	2554
0.0	3647.277618408203	77.01	2555
0.0	13278.94320678711	284.79	2556
0.0	9060.554138183594	192.21	2557
0.0	47713.94204711914	1042.1	2558
0.0	23713.32455444336	501.12	2559
0.0	3488.4662475585938	76.5	2560
0.0	20845.634307861328	471.22	2561
0.0	19998.631103515625	454.18	2562
0.0	6515.025817871094	132.16	2563
0.0	4702.383972167969	107.01	2564
0.0	8390.32095336914	180.26	2565
0.0	9732.460357666016	182.97	2566
252.0	50000.0	1108.57	2567
0.0	5024.964813232422	119.52	2568
0.0	16952.537322998047	362.02	2569
0.0	4774.478790283203	96.6	2570
0.0	4914.697235107422	117.0	2571
0.0	13498.288665771484	292.37	2572
0.0	28034.182342529297	625.79	2573
0.0	9149.294982910156	205.24	2574
0.0	16969.221954345703	370.56	2575
0.0	8512.405456542969	192.92	2576
0.0	8291.237915039062	187.04	2577
0.0	14871.410858154297	261.84	3001
0.0	5127.623931884766	104.38	3002
0.0	10463.586730957031	190.03	3003
0.0	3735.6403198242188	73.02	3004
0.0	5546.96044921875	105.66	3005
0.0	30503.80111694336	572.26	3006
0.0	12165.357818603516	238.8	3007
0.0	20357.132934570312	422.98	3008
0.0	12528.402404785156	241.82	3009
0.0	3806.908416748047	79.35	3010
0.0	7473.692443847656	149.96	3011
0.0	5907.7586669921875	118.08	3012
194.0	50000.0	1025.07	3013
0.0	5490.392181396484	117.69	3014
0.0	7821.905822753906	156.1	3015
309.0	50000.0	1073.25	3016
0.0	42961.164642333984	891.85	3017
231.0	50000.0	1070.81	3018
0.0	8598.667266845703	182.62	3019
0.0	6981.250518798828	149.45	3020
0.0	12636.013610839844	226.53	3021
0.0	15454.36264038086	284.91	3022
0.0	8114.184173583984	171.65	3023
0.0	7628.4815673828125	155.99	3024
0.0	2082.502685546875	44.99	3025
0.0	3442.0819396972656	74.08	3026
0.0	8183.6634521484375	172.71	3027
0.0	27094.08169555664	546.19	3028
121.0	50000.0	1068.96	3029
0.0	43077.7239074707	919.63	3030
0.0	3953.015350341797	86.87	3031
0.0	10162.738891601562	232.8	3032
0.0	2759.2529907226562	61.87	3033
90.0	50000.0	1042.76	3034
0.0	6550.8604736328125	144.73	3035
0.0	14751.900268554688	305.65	3036
0.0	25393.05047607422	527.39	3037
0.0	6192.994476318359	126.9	3038
0.0	5199.095001220703	116.77	3039
0.0	6154.910400390625	138.92	3040
0.0	3641.9606018066406	77.25	3041
0.0	3796.395965576172	86.47	3042
0.0	9503.083557128906	193.89	3043
0.0	27879.25408935547	596.13	3044
0.0	25490.563934326172	510.82	3045
0.0	8979.531188964844	194.1	3046
0.0	11191.73324584961	226.14	3047
0.0	13747.153411865234	300.48	3048
0.0	18332.578704833984	388.65	3049
0.0	1693.7130737304688	35.68	3050
0.0	25034.321899414062	542.96	3051
0.0	13409.402099609375	282.36	3052
278.0	50000.0	1049.73	3053
0.0	12466.683319091797	244.38	3054
0.0	3572.3828125	76.11	3055
0.0	6218.092590332031	125.82	3056
0.0	3365.390106201172	71.7	3057
0.0	44304.21160888672	1002.24	3058
0.0	24350.443969726562	521.42	3059
0.0	4372.925262451172	95.67	3060
0.0	8024.570617675781	176.97	3061
0.0	3496.6865844726562	70.11	3062
0.0	7797.359527587891	160.07	3063
0.0	42310.958892822266	860.96	3064
0.0	11401.93603515625	243.5	3065
0.0	2895.403839111328	64.97	3066
231.0	50000.0	1034.13	3067
0.0	4642.030364990234	96.24	3068
0.0	25589.11831665039	577.68	3069
0.0	30264.457427978516	616.38	3070
0.0	10334.577331542969	225.43	3071
0.0	3859.8925170898438	91.53	3072
0.0	18887.333129882812	407.82	3073
0.0	27807.539428710938	583.44	3074
0.0	8955.027221679688	213.06	3075
0.0	6456.966094970703	120.6	3501
0.0	17133.311767578125	333.9	3502
0.0	12136.449249267578	230.56	3503
0.0	5020.043670654297	95.88	3504
0.0	4406.030792236328	88.17	3505
0.0	16911.538787841797	324.57	3506
0.0	3629.011993408203	71.61	3507
0.0	13055.401428222656	262.9	3508
0.0	6798.569366455078	131.06	3509
0.0	25706.43536376953	485.76	3510
0.0	5333.065093994141	110.11	3511
0.0	5217.339782714844	96.12	3512
0.0	10837.838836669922	218.46	3513
0.0	8469.017639160156	178.13	3514
0.0	1516.5323791503906	30.7	3515
0.0	11591.508758544922	232.28	3516
0.0	1460.3117065429688	29.59	3517
0.0	19006.425811767578	395.23	3518
0.0	7454.936859130859	156.98	3519
0.0	18265.424560546875	383.89	3520
0.0	10392.691375732422	210.49	3521
0.0	22877.05386352539	478.66	3522
0.0	24087.133697509766	519.78	3523
0.0	3334.9627075195312	69.21	3524
0.0	6916.878112792969	141.1	3525
0.0	29778.089904785156	614.95	3526
243.0	50000.0	1018.78	3527
0.0	4982.393157958984	104.42	3528
0.0	9686.54556274414	206.22	3529
0.0	24064.769073486328	524.55	3530
0.0	8444.73110961914	176.13	3531
0.0	31291.028900146484	645.97	3532
0.0	5823.535858154297	129.22	3533
0.0	6928.626739501953	143.3	3534
0.0	30981.841033935547	623.93	3535
0.0	3706.8179321289062	76.95	3536
0.0	4669.0374755859375	90.95	3537
0.0	5482.800231933594	114.35	3538
0.0	14683.957214355469	300.77	3539
0.0	9775.573760986328	213.07	3540
0.0	9910.508178710938	205.4	3541
0.0	17122.53485107422	377.09	3542
152.0	50000.0	1033.3	3543
0.0	22080.75357055664	455.15	3544
0.0	6673.032043457031	147.11	3545
0.0	6246.1334228515625	135.93	3546
0.0	8375.878326416016	181.52	3547
0.0	10725.368286132812	233.86	3548
0.0	13961.874938964844	300.73	3549
0.0	15912.41812133789	348.43	3550
0.0	3880.466766357422	85.05	3551
0.0	22981.36557006836	483.94	3552
0.0	5666.2283935546875	123.64	3553
0.0	15414.066955566406	337.34	3554
0.0	15418.56265258789	330.2	3555
0.0	10388.668090820312	228.93	3556
0.0	4282.6036376953125	93.76	3557
0.0	5274.425201416016	113.74	3558
0.0	5491.588684082031	124.59	3559
0.0	6681.018463134766	142.74	3560
0.0	9861.303771972656	211.8	3561
257.0	50000.0	1186.37	3562
0.0	3036.7350463867188	68.17	3563
0.0	2641.4537658691406	53.4	3564
0.0	16714.13558959961	377.43	3565
0.0	18306.955841064453	406.02	3566
0.0	19174.067260742188	432.66	3567
0.0	20887.12860107422	422.17	3568
0.0	2484.901397705078	55.97	3569
0.0	33071.0237121582	721.21	3570
0.0	30589.08462524414	677.86	3571
0.0	9081.272644042969	192.61	3572
0.0	3875.568145751953	82.84	3573
0.0	10608.028625488281	234.86	3574
194.0	50000.0	926.33	3575
0.0	18392.39321899414	408.91	3576
0.0	8137.190765380859	179.27	3577
0.0	33209.631256103516	679.14	3578
0.0	18254.44384765625	416.74	3579
0.0	6677.180816650391	150.2	3580
0.0	25629.682373046875	557.35	3581
0.0	3239.2183532714844	74.94	3582
0.0	8066.071868896484	181.9	3583
0.0	17583.551239013672	392.31	3584
0.0	10656.142700195312	195.22	3585
0.0	13268.913055419922	295.99	3586
0.0	18688.51239013672	426.36	3587
0.0	13376.618103027344	309.96	3588
106.0	50000.0	936.18	4001
248.0	50000.0	986.62	4002
0.0	7526.261505126953	147.61	4003
0.0	46240.57241821289	886.04	4004
0.0	5126.107482910156	105.19	4005
234.0	50000.0	1047.3	4006
0.0	4304.350891113281	80.74	4007
371.0	50000.0	1087.88	4008
0.0	2168.4275817871094	45.96	4009
0.0	21272.107299804688	420.0	4010
0.0	8566.950775146484	181.62	4011
0.0	11672.555786132812	242.02	4012
0.0	4449.712249755859	83.52	4013
0.0	6162.714202880859	131.77	4014
0.0	7387.611541748047	146.32	4015
210.0	50000.0	1047.23	4016
0.0	9784.378814697266	214.28	4017
138.0	50000.0	1079.29	4018
0.0	39730.31512451172	859.07	4019
0.0	15762.782012939453	293.28	4020
0.0	13686.136627197266	250.97	4021
0.0	25649.24090576172	537.4	4022
0.0	3368.1749572753906	67.79	4023
0.0	16078.595153808594	356.75	4024
0.0	11029.845947265625	237.82	4025
0.0	6709.749847412109	138.11	4026
0.0	15940.303283691406	332.9	4027
0.0	6723.700134277344	142.9	4028
0.0	8823.968933105469	192.53	4029
0.0	17251.2890625	369.73	4030
0.0	4496.9732666015625	96.85	4031
0.0	14827.137390136719	311.34	4032
0.0	16915.413543701172	335.85	4033
0.0	6433.4381103515625	143.83	4034
0.0	11804.327819824219	251.82	4035
0.0	3140.2560119628906	70.61	4036
0.0	13182.667266845703	285.02	4037
0.0	5184.902770996094	111.21	4038
0.0	24924.20831298828	557.82	4039
0.0	20649.494140625	392.76	4040
0.0	23291.65316772461	468.53	4041
0.0	26303.709533691406	579.1	4042
0.0	20730.102325439453	470.6	4043
0.0	3832.1510314941406	72.37	4044
0.0	2355.5789489746094	49.31	4045
0.0	19572.883361816406	434.47	4046
0.0	4297.402160644531	95.76	4047
0.0	7164.532867431641	158.23	4048
0.0	6581.140899658203	143.18	4049
0.0	15421.597869873047	341.01	4050
0.0	4653.6444091796875	102.27	4051
178.0	50000.0	1080.57	4052
0.0	30432.918823242188	569.78	4053
0.0	4961.086730957031	109.06	4054
0.0	9425.80435180664	198.48	4055
0.0	9926.559478759766	221.38	4056
0.0	16139.191986083984	331.67	4057
0.0	10669.859802246094	234.59	4058
0.0	36242.9299621582	801.0	4059
0.0	14300.15478515625	309.72	4060
0.0	4720.464447021484	102.56	4061
0.0	15278.557312011719	350.46	4062
0.0	5224.493438720703	114.32	4063
0.0	11505.468078613281	243.63	4064
0.0	12165.458068847656	267.72	4065
0.0	18905.38754272461	428.24	4066
0.0	8787.832916259766	196.19	4067
0.0	7239.168792724609	157.09	4068
0.0	18988.58236694336	356.26	4069
0.0	4078.8994750976562	87.57	4070
0.0	9869.744415283203	226.6	4071
0.0	2695.2652587890625	57.6	4072
0.0	5006.494140625	107.12	4073
0.0	16703.505950927734	368.12	4074
0.0	13442.198333740234	272.81	4075
0.0	10929.347686767578	247.6	4076
0.0	6943.737030029297	150.35	4077
0.0	11038.37255859375	248.72	4078
0.0	16404.902893066406	302.93	4501
0.0	4856.929382324219	92.69	4502
0.0	5068.268859863281	99.77	4503
0.0	22195.859771728516	404.8	4504
0.0	4243.8050537109375	83.88	4505
0.0	5980.693084716797	116.94	4506
0.0	27636.60186767578	549.84	4507
0.0	3356.249542236328	66.48	4508
0.0	4762.5472412109375	96.9	4509
0.0	20288.074127197266	408.07	4510
0.0	7285.4056396484375	144.76	4511
0.0	7731.406982421875	165.98	4512
0.0	19535.629638671875	370.73	4513
0.0	15687.969543457031	327.01	4514
0.0	13248.112396240234	264.35	4515
0.0	45734.77713012695	968.2	4516
0.0	8552.06185913086	174.55	4517
0.0	9499.220916748047	182.8	4518
0.0	17150.957122802734	357.23	4519
0.0	21129.58270263672	385.38	4520
0.0	17010.042846679688	345.75	4521
0.0	16210.951202392578	326.6	4522
0.0	10153.756805419922	214.14	4523
0.0	11693.377166748047	251.21	4524
0.0	30346.206512451172	633.13	4525
122.0	50000.0	1032.16	4526
0.0	11500.916076660156	237.75	4527
0.0	9309.314056396484	203.75	4528
0.0	17726.783630371094	395.54	4529
0.0	7552.439453125	160.25	4530
0.0	9202.236389160156	198.44	4531
0.0	15758.206787109375	293.19	4532
0.0	31890.895233154297	636.77	4533
0.0	37270.26501464844	753.52	4534
0.0	4673.868560791016	100.97	4535
0.0	13393.325073242188	292.73	4536
0.0	10148.324829101562	221.5	4537
0.0	8192.785064697266	160.3	4538
0.0	6730.0811767578125	144.71	4539
0.0	38828.5927734375	832.6	4540
0.0	7360.624267578125	145.65	4541
0.0	6868.911926269531	133.37	4542
0.0	1973.8761596679688	40.96	4543
0.0	9166.841339111328	195.37	4544
0.0	19515.35028076172	420.44	4545
0.0	11875.714630126953	274.59	4546
0.0	9706.482940673828	203.34	4547
0.0	8417.822326660156	184.03	4548
0.0	8864.092315673828	188.93	4549
0.0	9036.868103027344	197.42	4550
0.0	4092.9950561523438	91.69	4551
0.0	16845.984100341797	360.07	4552
0.0	26084.173248291016	570.85	4553
0.0	9341.890899658203	192.34	4554
0.0	6170.419769287109	126.72	4555
0.0	15182.706359863281	328.0	4556
0.0	4796.674865722656	105.5	4557
0.0	17267.536865234375	349.38	4558
0.0	6834.6346435546875	148.09	4559
0.0	11873.493072509766	252.24	4560
0.0	3921.2852172851562	89.96	4561
0.0	4086.5403442382812	84.12	4562
0.0	14318.958099365234	320.71	4563
0.0	4829.8111572265625	103.73	4564
0.0	28634.14584350586	612.27	4565
0.0	16166.596466064453	293.98	4566
0.0	9612.518798828125	208.32	4567
0.0	33968.84060668945	707.29	4568
0.0	5669.4412841796875	129.35	4569
0.0	10280.69760131836	219.44	4570
0.0	12040.299530029297	270.08	4571
0.0	5223.381439208984	119.73	4572
206.0	50000.0	1162.48	4573
0.0	31957.232360839844	660.81	4574
0.0	4095.1030883789062	90.51	4575
0.0	8763.415985107422	201.71	4576
0.0	4826.979736328125	106.47	4577
0.0	4586.125701904297	105.82	4578
0.0	19302.960540771484	426.45	4579
0.0	3771.624786376953	82.55	4580
0.0	7423.3616943359375	164.43	4581
0.0	11004.845184326172	229.37	4582
0.0	5316.883148193359	120.6	4583
0.0	9339.180206298828	197.51	4584
0.0	8978.993591308594	201.46	4585
0.0	15114.339477539062	276.42	4586
0.0	11392.071990966797	252.49	4587
0.0	26408.628997802734	616.09	4588
0.0	14827.742980957031	318.35	4589
0.0	13600.34359741211	303.92	4590
0.0	15067.38198852539	285.93	5001
0.0	5551.694641113281	103.25	5002
0.0	7066.307861328125	140.46	5003
377.0	50000.0	955.91	5004
100.0	50000.0	996.82	5005
0.0	10651.717651367188	226.78	5006
0.0	9901.760559082031	185.01	5007
0.0	8079.419494628906	163.56	5008
0.0	2212.623016357422	44.45	5009
0.0	8266.64892578125	167.03	5010
0.0	7054.9102783203125	149.7	5011
0.0	5139.945648193359	106.67	5012
0.0	2847.56689453125	58.75	5013
0.0	10009.223083496094	203.97	5014
0.0	43847.472564697266	870.5	5015
0.0	5094.637756347656	106.08	5016
0.0	6520.82763671875	139.69	5017
0.0	3556.9483032226562	76.86	5018
0.0	6818.7301025390625	143.57	5019
0.0	17150.11050415039	347.59	5020
307.0	50000.0	1077.92	5021
0.0	30846.336029052734	642.35	5022
0.0	9384.084594726562	186.11	5023
0.0	13253.623779296875	280.53	5024
0.0	4401.455993652344	80.9	5025
0.0	10703.265899658203	197.45	5026
0.0	7103.035186767578	150.78	5027
0.0	4813.662628173828	103.23	5028
0.0	7380.977233886719	150.33	5029
0.0	2462.6099548339844	49.45	5030
0.0	12351.016632080078	255.34	5031
0.0	5086.062408447266	111.03	5032
0.0	8039.692077636719	171.43	5033
0.0	9202.141540527344	182.87	5034
0.0	8901.21469116211	178.03	5035
0.0	6287.190643310547	115.53	5036
0.0	10100.512023925781	205.4	5037
0.0	36613.37628173828	815.51	5038
0.0	4546.566497802734	99.15	5039
0.0	8476.85986328125	176.59	5040
0.0	6284.158447265625	136.64	5041
0.0	4483.896270751953	90.62	5042
0.0	24503.51235961914	505.97	5043
0.0	7819.850891113281	164.86	5044
0.0	8786.811279296875	189.22	5045
0.0	4736.230072021484	89.68	5046
0.0	5078.558807373047	106.0	5047
0.0	12108.69741821289	266.43	5048
0.0	6531.7230224609375	140.88	5049
0.0	20315.047760009766	445.83	5050
0.0	14105.645538330078	285.03	5051
0.0	12183.973876953125	268.36	5052
100.0	50000.0	979.94	5053
0.0	2117.5997619628906	41.17	5054
0.0	2846.7793579101562	61.82	5055
0.0	15424.0576171875	333.88	5056
0.0	2129.4627075195312	47.2	5057
0.0	2599.9794921875	50.5	5058
0.0	7495.436462402344	160.98	5059
0.0	7077.772766113281	145.58	5060
0.0	4445.705291748047	91.66	5061
0.0	3158.3868408203125	68.32	5062
0.0	5756.925201416016	122.49	5063
0.0	3432.262420654297	74.16	5064
226.0	50000.0	1074.63	5065
0.0	31738.869842529297	679.04	5066
0.0	9247.50112915039	202.18	5067
0.0	8650.068756103516	199.39	5068
0.0	16128.359741210938	306.09	5069
0.0	12227.720947265625	256.27	5070
0.0	4588.399139404297	105.77	5071
0.0	21847.676177978516	464.46	5072
0.0	11237.902954101562	245.19	5073
0.0	31060.006805419922	696.13	5074
0.0	18223.042205810547	377.74	5075
0.0	4966.4154052734375	113.38	5076
0.0	8052.097076416016	164.53	5077
0.0	16365.779022216797	353.87	5078
0.0	19501.815643310547	424.6	5079
0.0	6902.352874755859	155.0	5080
0.0	10835.423919677734	238.77	5081
0.0	17497.860748291016	386.98	5082
0.0	19517.146453857422	422.64	5083
0.0	7377.333038330078	167.26	5084
0.0	9121.761047363281	205.58	5085
0.0	9710.067169189453	201.89	5086
0.0	12807.944396972656	287.96	5087
0.0	7711.721435546875	170.53	5088
106.0	50000.0	1148.1	5089
0.0	6848.068572998047	151.43	5090
0.0	8181.482757568359	191.3	5091
0.0	7123.2537841796875	154.91	5092
0.0	6534.481353759766	142.08	5093
280.0	50000.0	955.05	5501
0.0	23574.829376220703	475.3	5502
0.0	12047.81396484375	236.03	5503
0.0	34829.698822021484	684.44	5504
0.0	6389.82421875	129.36	5505
0.0	5018.950378417969	96.18	5506
0.0	11076.827819824219	219.56	5507
0.0	5952.061309814453	123.59	5508
0.0	15986.5537109375	318.57	5509
310.0	50000.0	1078.02	5510
0.0	10021.546203613281	212.74	5511
0.0	8196.82406616211	168.8	5512
0.0	10222.947357177734	212.19	5513
180.0	50000.0	1073.37	5514
0.0	37224.67810058594	724.66	5515
0.0	41779.658264160156	898.83	5516
0.0	16228.37026977539	328.41	5517
0.0	10123.479309082031	212.0	5518
0.0	10482.487213134766	218.87	5519
0.0	24773.653900146484	480.03	5520
0.0	28507.94515991211	571.2	5521
0.0	15065.517669677734	306.7	5522
0.0	3322.7432861328125	68.19	5523
153.0	50000.0	1098.69	5524
0.0	3306.8475952148438	74.1	5525
0.0	25263.25619506836	503.04	5526
0.0	7036.440765380859	151.6	5527
124.0	50000.0	1005.68	5528
0.0	17715.253540039062	355.67	5529
0.0	4046.0599975585938	89.26	5530
0.0	13470.173156738281	298.92	5531
0.0	6831.67919921875	151.31	5532
0.0	11114.977478027344	228.16	5533
0.0	29935.475677490234	633.76	5534
0.0	8462.006896972656	177.41	5535
0.0	3056.086944580078	67.48	5536
0.0	13246.574157714844	276.57	5537
0.0	4390.9176025390625	96.63	5538
0.0	24845.538696289062	516.99	5539
0.0	3926.3331298828125	88.62	5540
0.0	15545.011199951172	310.41	5541
0.0	28846.105377197266	594.39	5542
0.0	7940.054779052734	168.61	5543
0.0	15098.780181884766	319.52	5544
0.0	6986.877685546875	154.32	5545
209.0	50000.0	1144.65	5546
0.0	4423.473297119141	97.97	5547
0.0	4216.716369628906	92.98	5548
0.0	19498.89028930664	401.33	5549
0.0	20641.216735839844	453.14	5550
0.0	31720.393463134766	632.18	5551
0.0	17966.043243408203	402.09	5552
0.0	3641.1452026367188	80.37	5553
0.0	14299.386474609375	332.17	5554
0.0	17103.486907958984	383.95	5555
0.0	5892.933624267578	136.06	5556
0.0	35635.483337402344	729.67	5557
0.0	14220.064208984375	304.82	5558
0.0	4404.962158203125	96.74	5559
0.0	4440.142852783203	100.91	5560
0.0	12527.493835449219	265.87	5561
0.0	7814.056365966797	170.74	5562
0.0	3640.2169799804688	84.16	5563
0.0	18284.042114257812	415.17	5564
0.0	5785.604278564453	115.59	5565
0.0	8640.831512451172	184.57	5566
0.0	8518.067901611328	181.2	5567
0.0	8339.019012451172	174.68	5568
324.0	50000.0	1133.88	5569
0.0	8755.46728515625	162.35	6001
0.0	11761.407684326172	221.78	6002
0.0	2660.2420959472656	53.11	6003
0.0	13112.526947021484	249.6	6004
0.0	12582.573272705078	248.65	6005
0.0	15283.059753417969	300.4	6006
0.0	1895.0746765136719	36.13	6007
0.0	5276.352752685547	101.78	6008
0.0	26004.35528564453	525.66	6009
0.0	46848.04690551758	991.51	6010
0.0	16365.892333984375	332.74	6011
0.0	18500.538452148438	373.06	6012
0.0	29304.330474853516	594.04	6013
340.0	50000.0	1019.74	6014
0.0	21750.636596679688	458.08	6015
0.0	7923.814697265625	155.29	6016
0.0	20126.618865966797	419.75	6017
0.0	8232.794982910156	168.27	6018
0.0	21408.826721191406	418.0	6019
0.0	5435.824188232422	100.08	6020
0.0	24647.754119873047	470.61	6021
0.0	12831.620239257812	282.7	6022
0.0	9910.215728759766	202.61	6023
0.0	3398.410400390625	69.81	6024
0.0	11440.294921875	238.29	6025
0.0	16834.003173828125	352.69	6026
0.0	19504.299041748047	411.97	6027
0.0	4075.9249572753906	88.85	6028
0.0	6830.012237548828	136.12	6029
0.0	38681.63116455078	815.69	6030
0.0	4362.544036865234	97.58	6031
258.0	50000.0	944.93	6032
0.0	12711.228973388672	282.56	6033
0.0	5487.119171142578	119.88	6034
0.0	18149.91766357422	383.94	6035
0.0	2762.9052124023438	58.7	6036
0.0	29452.570831298828	652.8	6037
0.0	11733.980407714844	250.06	6038
0.0	9934.467071533203	222.12	6039
0.0	3936.100128173828	86.76	6040
0.0	24659.168548583984	491.14	6041
0.0	10559.243713378906	202.14	6042
0.0	19879.26171875	429.03	6043
0.0	3961.0470581054688	88.75	6044
0.0	7494.803802490234	159.08	6045
0.0	9546.037139892578	200.62	6046
0.0	21835.404083251953	408.69	6047
0.0	11396.582611083984	253.78	6048
0.0	8179.870330810547	172.83	6049
0.0	9769.11279296875	216.03	6050
0.0	7853.874603271484	171.32	6051
0.0	4889.284088134766	110.14	6052
0.0	18075.042266845703	393.07	6053
0.0	24590.102783203125	552.26	6054
0.0	3748.7156982421875	80.81	6055
0.0	6218.663909912109	138.04	6056
0.0	6877.6907958984375	157.66	6057
0.0	3964.010009765625	83.94	6058
0.0	3957.8521118164062	85.76	6059
0.0	3551.488739013672	75.64	6060
0.0	4375.913848876953	96.4	6061
0.0	4282.3133544921875	92.21	6062
0.0	5239.020355224609	113.64	6063
0.0	11038.855865478516	228.35	6064
0.0	4559.019775390625	102.01	6065
0.0	28278.602569580078	641.59	6066
0.0	3944.890625	87.74	6067
0.0	6623.383026123047	124.03	6068
0.0	14685.295135498047	268.56	6069
0.0	6528.0706787109375	120.25	6070
0.0	7159.121307373047	158.47	6071
0.0	13335.693450927734	292.32	6072
0.0	7805.547698974609	175.53	6073
0.0	4547.479431152344	99.24	6074
0.0	5568.859527587891	116.36	6075
0.0	3609.075439453125	81.48	6076
0.0	11766.331939697266	272.58	6077
0.0	45402.08224487305	995.16	6078
0.0	3996.124237060547	87.9	6079
159.0	50000.0	1126.51	6080
0.0	14436.46548461914	332.88	6081
0.0	19020.199249267578	411.47	6082
0.0	9948.150604248047	216.1	6083
0.0	7881.080780029297	170.52	6084
0.0	3206.4219360351562	67.9	6085
0.0	25778.544860839844	583.52	6086
270.0	50000.0	1132.8	6087
0.0	17312.598602294922	360.07	6088
0.0	7295.452209472656	171.51	6089
0.0	13882.37905883789	255.99	6501
0.0	14281.199157714844	265.49	6502
0.0	10756.916961669922	207.98	6503
0.0	4069.1260986328125	77.28	6504
0.0	20382.493225097656	398.65	6505
0.0	3912.6089782714844	77.52	6506
0.0	23681.092315673828	455.56	6507
0.0	6058.744140625	123.17	6508
0.0	17584.30111694336	349.75	6509
0.0	3445.321075439453	67.7	6510
0.0	16616.88134765625	326.94	6511
0.0	5037.394744873047	107.92	6512
0.0	6499.982574462891	134.94	6513
0.0	36658.68927001953	744.2	6514
0.0	11503.10009765625	212.43	6515
0.0	31004.10855102539	620.77	6516
0.0	47488.0632019043	963.77	6517
267.0	50000.0	1083.1	6518
0.0	4901.010467529297	97.57	6519
0.0	7844.493560791016	162.38	6520
0.0	38055.10705566406	830.37	6521
0.0	9513.323913574219	198.68	6522
0.0	4122.777618408203	83.59	6523
0.0	15265.250946044922	327.12	6524
0.0	12054.599029541016	256.97	6525
0.0	11972.157104492188	249.64	6526
0.0	7213.664093017578	154.84	6527
0.0	23987.134002685547	508.51	6528
0.0	10290.805938720703	213.03	6529
0.0	7161.750762939453	145.56	6530
0.0	7206.7196044921875	146.03	6531
0.0	19227.486328125	408.03	6532
0.0	4009.7577209472656	79.85	6533
0.0	9602.76870727539	213.68	6534
0.0	15836.148986816406	340.06	6535
0.0	4227.491149902344	89.55	6536
0.0	31369.42987060547	707.28	6537
0.0	46324.404296875	948.62	6538
0.0	32433.455200195312	652.58	6539
0.0	3887.3370666503906	77.86	6540
0.0	7773.214508056641	158.79	6541
0.0	7603.639434814453	166.68	6542
0.0	7410.6951904296875	144.75	6543
0.0	26999.88217163086	572.73	6544
0.0	33105.15216064453	652.24	6545
0.0	7375.878479003906	165.63	6546
0.0	5704.135955810547	123.07	6547
0.0	7636.486114501953	158.04	6548
0.0	6999.729217529297	131.82	6549
0.0	4974.997711181641	107.98	6550
0.0	5648.038513183594	123.08	6551
0.0	16714.330993652344	366.23	6552
0.0	17612.1962890625	393.89	6553
0.0	14156.975494384766	311.15	6554
0.0	9966.041320800781	217.04	6555
0.0	5035.0498046875	105.26	6556
0.0	7262.5521240234375	165.17	6557
0.0	12310.226654052734	252.2	6558
0.0	6352.070953369141	134.55	6559
0.0	7565.612396240234	176.44	6560
0.0	9991.219299316406	233.09	6561
0.0	6013.3192138671875	113.5	6562
0.0	5423.857391357422	120.58	6563
0.0	38261.203216552734	815.99	6564
241.0	50000.0	1146.95	6565
0.0	26686.49526977539	580.41	6566
0.0	6195.447814941406	147.76	6567
0.0	7752.190856933594	169.88	6568
0.0	3677.5912475585938	82.42	6569
0.0	3775.7189025878906	86.35	6570
0.0	2326.146942138672	55.36	6571
0.0	12604.069946289062	267.16	6572
0.0	4886.772796630859	109.14	6573
0.0	7734.733642578125	164.77	6574
0.0	35651.921478271484	804.3	6575
0.0	5453.843505859375	118.16	6576
0.0	10817.793334960938	243.17	6577
0.0	17232.515869140625	360.25	6578
0.0	2997.803466796875	65.48	6579
0.0	2061.9054260253906	43.32	6580
0.0	22555.802032470703	483.47	6581
0.0	6322.157928466797	137.2	6582
0.0	13653.32177734375	324.59	6583
0.0	2239.7977294921875	53.07	6584
0.0	7649.842742919922	162.88	6585
0.0	20087.769805908203	449.33	6586
0.0	8481.299865722656	195.94	6587
0.0	36555.20388793945	788.74	6588
