# order  nit
0	319.633056640625
1	342.077880859375
2	366.988037109375
3	393.5643310546875
4	455.1412353515625
5	461.4461669921875
6	490.66650390625
7	496.9422607421875
8	497.326416015625
9	522.413330078125
10	551.8675537109375
11	581.309814453125
12	608.647216796875
13	611.027587890625
14	611.5020751953125
15	612.0447998046875
16	649.2845458984375
17	652.928955078125
18	666.2666015625
19	685.466796875
20	688.877197265625
21	704.4403076171875
22	715.44775390625
23	718.0538330078125
24	726.9671630859375
25	739.8564453125
26	740.0478515625
27	741.7254638671875
28	758.7364501953125
29	770.5360107421875
30	772.5821533203125
31	778.3802490234375
32	778.45947265625
33	784.1363525390625
34	784.3021240234375
35	787.8353271484375
36	788.7044677734375
37	797.0328369140625
38	804.740966796875
39	808.871826171875
40	812.123046875
41	817.5302734375
42	821.6568603515625
43	822.0631103515625
44	835.81640625
45	854.6915283203125
46	855.7802734375
47	859.556640625
48	860.260986328125
49	860.751953125
50	861.726318359375
51	862.8359375
52	866.7664794921875
53	872.1270751953125
54	874.83740234375
55	877.7899169921875
56	880.197998046875
57	883.322509765625
58	888.215087890625
59	891.915283203125
60	895.505615234375
61	903.7049560546875
62	904.7725830078125
63	912.441650390625
64	916.611083984375
65	917.912841796875
66	919.756103515625
67	924.1932373046875
68	926.3651123046875
69	928.680908203125
70	941.4649658203125
71	945.2249755859375
72	948.46240234375
73	950.799072265625
74	956.0054931640625
75	962.1842041015625
76	980.841064453125
77	992.1451416015625
78	997.2044677734375
79	1000.98486328125
80	1001.3741455078125
81	1006.2587890625
82	1013.0648193359375
83	1021.1378173828125
84	1028.4742431640625
85	1035.72705078125
86	1043.2547607421875
87	1056.9564208984375
88	1057.935546875
89	1065.28173828125
90	1067.3712158203125
91	1068.637451171875
92	1071.803955078125
93	1071.870361328125
94	1073.0572509765625
95	1083.6004638671875
96	1085.9349365234375
97	1092.078125
98	1093.494873046875
99	1114.1580810546875
100	1114.1988525390625
101	1128.4459228515625
102	1139.864501953125
103	1146.6397705078125
104	1150.6851806640625
105	1150.7679443359375
106	1153.5198974609375
107	1166.4320068359375
108	1169.0234375
109	1172.221435546875
110	1172.422119140625
111	1195.7137451171875
112	1204.0457763671875
113	1204.2637939453125
114	1219.226806640625
115	1222.1490478515625
116	1222.755615234375
117	1226.726806640625
118	1229.818603515625
119	1230.7047119140625
120	1233.458740234375
121	1239.00439453125
122	1248.2034912109375
123	1248.4501953125
124	1257.6610107421875
125	1266.141357421875
126	1267.864013671875
127	1269.9979248046875
128	1273.8245849609375
129	1277.7100830078125
130	1278.6796875
131	1281.4642333984375
132	1287.515380859375
133	1299.12109375
134	1308.6151123046875
135	1309.0584716796875
136	1323.772216796875
137	1328.2392578125
138	1329.8685302734375
139	1353.6142578125
140	1361.553466796875
141	1365.830322265625
142	1366.4019775390625
143	1370.4263916015625
144	1371.9249267578125
145	1377.3536376953125
146	1377.4251708984375
147	1390.2452392578125
148	1391.513671875
149	1391.602294921875
150	1394.11083984375
151	1410.26025390625
152	1434.746826171875
153	1437.561767578125
154	1438.637939453125
155	1439.2999267578125
156	1443.214599609375
157	1448.1378173828125
158	1450.421875
159	1455.1455078125
160	1456.0076904296875
161	1463.8504638671875
162	1468.0814208984375
163	1468.2447509765625
164	1469.556396484375
165	1469.9556884765625
166	1473.979736328125
167	1474.347412109375
168	1474.9097900390625
169	1479.140869140625
170	1481.160400390625
171	1490.076416015625
172	1491.1988525390625
173	1509.8038330078125
174	1524.830322265625
175	1530.6968994140625
176	1532.4185791015625
177	1535.902587890625
178	1537.6207275390625
179	1537.943115234375
180	1539.2259521484375
181	1555.0968017578125
182	1557.044677734375
183	1567.5030517578125
184	1567.7738037109375
185	1571.7412109375
186	1573.1806640625
187	1575.0322265625
188	1587.8546142578125
189	1591.1802978515625
190	1591.8443603515625
191	1595.463134765625
192	1596.5703125
193	1600.360595703125
194	1601.7528076171875
195	1606.54541015625
196	1610.2501220703125
197	1611.2310791015625
198	1612.083251953125
199	1615.2548828125
200	1617.464111328125
201	1618.163818359375
202	1619.1683349609375
203	1624.75732421875
204	1630.3062744140625
205	1636.091552734375
206	1655.255859375
207	1656.0189208984375
208	1656.0391845703125
209	1664.2095947265625
210	1666.8106689453125
211	1668.5904541015625
212	1669.03955078125
213	1681.1336669921875
214	1711.9578857421875
215	1724.6898193359375
216	1726.0020751953125
217	1727.05859375
218	1728.70166015625
219	1729.27001953125
220	1731.75341796875
221	1732.3570556640625
222	1735.1104736328125
223	1737.773681640625
224	1743.229248046875
225	1760.4180908203125
226	1771.8201904296875
227	1778.572021484375
228	1782.6650390625
229	1783.1221923828125
230	1784.2269287109375
231	1785.28515625
232	1789.606689453125
233	1791.5177001953125
234	1795.4515380859375
235	1795.97119140625
236	1796.380615234375
237	1814.4041748046875
238	1814.9833984375
239	1832.228515625
240	1833.0858154296875
241	1840.506591796875
242	1841.2581787109375
243	1842.9833984375
244	1843.9837646484375
245	1855.676025390625
246	1856.0621337890625
247	1890.5408935546875
248	1890.6444091796875
249	1894.9422607421875
250	1898.354736328125
251	1898.9725341796875
252	1908.733154296875
253	1909.7545166015625
254	1923.0899658203125
255	1938.655517578125
256	1942.880126953125
257	1946.4129638671875
258	1947.6856689453125
259	1948.2470703125
260	1949.4373779296875
261	1965.7332763671875
262	1969.870849609375
263	1980.5516357421875
264	1995.7945556640625
265	2000.3936767578125
266	2018.728271484375
267	2024.0343017578125
268	2034.419189453125
269	2036.2264404296875
270	2038.98193359375
271	2043.1134033203125
272	2046.8697509765625
273	2051.8975830078125
274	2054.263671875
275	2060.650634765625
276	2076.0645751953125
277	2077.970703125
278	2082.5418701171875
279	2088.9617919921875
280	2093.3585205078125
281	2097.286376953125
282	2101.7862548828125
283	2109.2545166015625
284	2111.853271484375
285	2113.260986328125
286	2114.0184326171875
287	2119.8670654296875
288	2127.51025390625
289	2136.46533203125
290	2139.5518798828125
291	2142.396728515625
292	2153.36572265625
293	2154.2962646484375
294	2155.0885009765625
295	2155.1807861328125
296	2157.4256591796875
297	2158.625244140625
298	2163.0653076171875
299	2164.1434326171875
300	2166.5025634765625
301	2170.535888671875
302	2179.8941650390625
303	2181.3348388671875
304	2188.4359130859375
305	2188.4810791015625
306	2198.65478515625
307	2207.8963623046875
308	2224.0184326171875
309	2224.3134765625
310	2233.9967041015625
311	2238.2972412109375
312	2241.00537109375
313	2245.09033203125
314	2249.1552734375
315	2251.637451171875
316	2253.910888671875
317	2257.3055419921875
318	2260.4703369140625
319	2261.280029296875
320	2263.2816162109375
321	2275.95068359375
322	2276.257568359375
323	2281.5672607421875
324	2291.018798828125
325	2291.6612548828125
326	2293.84716796875
327	2295.85693359375
328	2316.0394287109375
329	2316.928466796875
330	2318.4613037109375
331	2319.153076171875
332	2323.9637451171875
333	2324.0655517578125
334	2326.1318359375
335	2340.3826904296875
336	2359.027587890625
337	2359.5572509765625
338	2360.0572509765625
339	2366.14306640625
340	2366.909912109375
341	2378.7620849609375
342	2380.6429443359375
343	2386.98876953125
344	2388.1483154296875
345	2388.638671875
346	2400.793701171875
347	2402.4896240234375
348	2405.2318115234375
349	2406.6549072265625
350	2408.4866943359375
351	2414.15478515625
352	2418.1904296875
353	2419.400390625
354	2419.964599609375
355	2425.1890869140625
356	2425.944580078125
357	2428.791748046875
358	2429.6025390625
359	2440.5875244140625
360	2461.4190673828125
361	2462.528564453125
362	2466.2159423828125
363	2469.4310302734375
364	2474.456298828125
365	2485.6715087890625
366	2489.0809326171875
367	2490.611328125
368	2494.6490478515625
369	2499.672119140625
370	2499.793701171875
371	2504.1165771484375
372	2506.01708984375
373	2506.80712890625
374	2511.09619140625
375	2519.694580078125
376	2523.5496826171875
377	2530.2257080078125
378	2542.1473388671875
379	2552.5457763671875
380	2558.654541015625
381	2561.6993408203125
382	2565.986083984375
383	2575.96484375
384	2577.9305419921875
385	2580.962890625
386	2589.9593505859375
387	2591.9837646484375
388	2594.7958984375
389	2598.706298828125
390	2601.6142578125
391	2602.892578125
392	2622.9139404296875
393	2624.1986083984375
394	2625.9473876953125
395	2626.899169921875
396	2629.9847412109375
397	2633.9774169921875
398	2639.1715087890625
399	2640.281982421875
400	2647.5491943359375
401	2647.8055419921875
402	2655.4598388671875
403	2659.6312255859375
404	2672.4598388671875
405	2672.54833984375
406	2673.9151611328125
407	2676.97509765625
408	2678.5401611328125
409	2682.5467529296875
410	2700.7054443359375
411	2702.0745849609375
412	2716.284423828125
413	2734.808837890625
414	2736.3956298828125
415	2745.4132080078125
416	2746.98046875
417	2762.140380859375
418	2766.7708740234375
419	2777.7716064453125
420	2781.0892333984375
421	2794.0731201171875
422	2797.40087890625
423	2813.4903564453125
424	2835.3665771484375
425	2836.7423095703125
426	2848.4332275390625
427	2860.59814453125
428	2860.86279296875
429	2863.2568359375
430	2867.533203125
431	2868.0076904296875
432	2869.20751953125
433	2873.9969482421875
434	2880.1849365234375
435	2882.87353515625
436	2892.488037109375
437	2896.0247802734375
438	2896.31884765625
439	2896.606201171875
440	2908.5421142578125
441	2912.3023681640625
442	2915.1478271484375
443	2915.504638671875
444	2917.1741943359375
445	2920.225341796875
446	2922.515869140625
447	2924.58837890625
448	2936.659423828125
449	2941.812744140625
450	2949.63623046875
451	2956.9136962890625
452	2960.2437744140625
453	2962.9171142578125
454	2963.8568115234375
455	2963.9549560546875
456	2972.1558837890625
457	2976.1796875
458	2977.9132080078125
459	2986.99462890625
460	2991.033203125
461	2991.0469970703125
462	2999.4404296875
463	3000.006103515625
464	3008.8841552734375
465	3015.204345703125
466	3015.75146484375
467	3026.630126953125
468	3032.30615234375
469	3048.193603515625
470	3055.8734130859375
471	3057.51953125
472	3058.7459716796875
473	3066.352783203125
474	3095.6981201171875
475	3108.2158203125
476	3128.573486328125
477	3133.9993896484375
478	3135.4984130859375
479	3145.621826171875
480	3148.2327880859375
481	3149.578857421875
482	3157.3580322265625
483	3163.6004638671875
484	3168.323974609375
485	3170.73193359375
486	3174.3990478515625
487	3174.82421875
488	3178.5909423828125
489	3180.95849609375
490	3198.4638671875
491	3200.3651123046875
492	3201.9625244140625
493	3203.759033203125
494	3214.667724609375
495	3217.76220703125
496	3224.26220703125
497	3227.5780029296875
498	3233.759521484375
499	3237.492431640625
500	3239.74560546875
501	3245.45703125
502	3251.4051513671875
503	3254.68994140625
504	3261.415283203125
505	3261.4932861328125
506	3264.89306640625
507	3284.437255859375
508	3299.7244873046875
509	3310.620849609375
510	3319.7066650390625
511	3319.9840087890625
512	3342.240966796875
513	3344.9034423828125
514	3363.870849609375
515	3370.992919921875
516	3377.2733154296875
517	3380.632080078125
518	3382.9576416015625
519	3385.3092041015625
520	3391.8814697265625
521	3415.3289794921875
522	3417.3603515625
523	3417.655517578125
524	3427.6778564453125
525	3434.6058349609375
526	3434.618408203125
527	3436.246826171875
528	3439.8544921875
529	3449.900146484375
530	3453.7606201171875
531	3456.5296630859375
532	3461.2388916015625
533	3464.6639404296875
534	3478.5428466796875
535	3481.4776611328125
536	3484.9227294921875
537	3488.265380859375
538	3498.650634765625
539	3515.6436767578125
540	3516.955810546875
541	3518.2872314453125
542	3527.60400390625
543	3529.5106201171875
544	3541.2154541015625
545	3543.89453125
546	3544.6275634765625
547	3552.66650390625
548	3556.4129638671875
549	3563.5755615234375
550	3578.046142578125
551	3586.807861328125
552	3589.8883056640625
553	3594.8702392578125
554	3610.8671875
555	3612.006591796875
556	3612.1259765625
557	3622.1944580078125
558	3630.3790283203125
559	3649.0169677734375
560	3658.4951171875
561	3675.5328369140625
562	3679.87060546875
563	3680.8331298828125
564	3681.5797119140625
565	3687.3560791015625
566	3748.166748046875
567	3750.284912109375
568	3758.822509765625
569	3773.2393798828125
570	3777.1607666015625
571	3788.4942626953125
572	3790.2569580078125
573	3793.8128662109375
574	3822.6783447265625
575	3825.503173828125
576	3844.8699951171875
577	3848.3828125
578	3849.200927734375
579	3897.7427978515625
580	3912.244140625
581	3918.216552734375
582	3919.21435546875
583	3921.2958984375
584	3926.56005859375
585	3930.108642578125
586	3931.3260498046875
587	3940.592041015625
588	3948.5115966796875
589	3963.37451171875
590	3968.6827392578125
591	3973.792236328125
592	3978.6527099609375
593	3980.3489990234375
594	3996.6549072265625
595	3997.3975830078125
596	4016.0240478515625
597	4020.0853271484375
598	4030.2501220703125
599	4031.010009765625
600	4040.1588134765625
601	4041.6112060546875
602	4065.44921875
603	4069.69970703125
604	4072.10595703125
605	4082.109130859375
606	4083.10888671875
607	4090.633544921875
608	4096.765869140625
609	4099.4892578125
610	4108.589599609375
611	4108.8143310546875
612	4109.662841796875
613	4109.723388671875
614	4115.90380859375
615	4120.901123046875
616	4128.5255126953125
617	4138.86083984375
618	4156.1854248046875
619	4163.5574951171875
620	4189.1103515625
621	4194.1971435546875
622	4210.1744384765625
623	4215.2484130859375
624	4223.2969970703125
625	4235.9359130859375
626	4235.959716796875
627	4239.6527099609375
628	4251.67041015625
629	4262.360107421875
630	4265.8095703125
631	4313.83056640625
632	4316.942626953125
633	4317.577880859375
634	4324.7882080078125
635	4333.850830078125
636	4342.9976806640625
637	4358.73974609375
638	4359.427490234375
639	4368.733642578125
640	4370.1649169921875
641	4377.6397705078125
642	4385.0382080078125
643	4417.8138427734375
644	4422.696044921875
645	4428.282470703125
646	4428.95263671875
647	4429.3614501953125
648	4440.8677978515625
649	4446.136962890625
650	4454.222412109375
651	4457.740966796875
652	4459.0328369140625
653	4473.150634765625
654	4474.331298828125
655	4478.2664794921875
656	4485.7490234375
657	4499.2672119140625
658	4506.5352783203125
659	4509.4814453125
660	4509.61181640625
661	4510.28759765625
662	4520.7435302734375
663	4525.5028076171875
664	4528.1412353515625
665	4531.197998046875
666	4534.713623046875
667	4544.6328125
668	4544.8177490234375
669	4553.3853759765625
670	4558.540771484375
671	4560.8245849609375
672	4566.81005859375
673	4594.03759765625
674	4594.7781982421875
675	4602.6962890625
676	4613.7593994140625
677	4615.389892578125
678	4631.056884765625
679	4633.6768798828125
680	4635.9345703125
681	4641.5843505859375
682	4650.23974609375
683	4650.397216796875
684	4657.7855224609375
685	4667.78759765625
686	4685.6875
687	4692.415771484375
688	4705.3406982421875
689	4721.3489990234375
690	4742.2320556640625
691	4745.2874755859375
692	4751.612548828125
693	4754.0653076171875
694	4755.04541015625
695	4760.4354248046875
696	4766.7935791015625
697	4767.435302734375
698	4774.09765625
699	4793.1619873046875
700	4802.5443115234375
701	4815.625732421875
702	4824.4365234375
703	4825.00634765625
704	4828.40966796875
705	4834.138671875
706	4849.3232421875
707	4870.4552001953125
708	4878.2606201171875
709	4880.5760498046875
710	4885.253662109375
711	4910.1912841796875
712	4921.1302490234375
713	4937.7646484375
714	4953.6767578125
715	4956.5670166015625
716	4964.2696533203125
717	4972.7183837890625
718	4974.0103759765625
719	5008.3232421875
720	5012.1881103515625
721	5014.348388671875
722	5019.839599609375
723	5022.3424072265625
724	5024.604248046875
725	5025.224365234375
726	5037.5914306640625
727	5046.7890625
728	5064.241455078125
729	5077.436279296875
730	5079.929931640625
731	5081.99560546875
732	5103.7664794921875
733	5104.90869140625
734	5116.314208984375
735	5126.311279296875
736	5142.889892578125
737	5143.038818359375
738	5149.2486572265625
739	5158.7847900390625
740	5178.4989013671875
741	5183.5269775390625
742	5223.4603271484375
743	5240.11767578125
744	5243.9088134765625
745	5248.07861328125
746	5251.6358642578125
747	5256.370849609375
748	5283.8316650390625
749	5309.3924560546875
750	5315.3095703125
751	5318.8681640625
752	5324.208984375
753	5354.680908203125
754	5359.03759765625
755	5412.6246337890625
756	5461.4437255859375
757	5464.8238525390625
758	5496.684326171875
759	5500.6690673828125
760	5514.1519775390625
761	5520.1602783203125
762	5521.999755859375
763	5537.303466796875
764	5544.04736328125
765	5555.779541015625
766	5587.9388427734375
767	5612.1138916015625
768	5613.459716796875
769	5614.2843017578125
770	5622.77392578125
771	5631.5758056640625
772	5636.053955078125
773	5670.1754150390625
774	5672.4263916015625
775	5675.0843505859375
776	5695.8203125
777	5716.21630859375
778	5740.2601318359375
779	5748.435302734375
780	5751.6187744140625
781	5757.5474853515625
782	5786.745849609375
783	5788.6221923828125
784	5821.91015625
785	5837.7974853515625
786	5863.9964599609375
787	5875.2738037109375
788	5879.65576171875
789	5896.733154296875
790	5904.108642578125
791	5919.220458984375
792	5922.18359375
793	5922.4974365234375
794	5923.0435791015625
795	5941.9825439453125
796	5944.061767578125
797	5952.3079833984375
798	5957.01416015625
799	6016.0511474609375
800	6038.25146484375
801	6045.7093505859375
802	6052.978759765625
803	6053.3875732421875
804	6085.8414306640625
805	6109.2440185546875
806	6135.270263671875
807	6145.7344970703125
808	6154.013427734375
809	6168.0289306640625
810	6181.38916015625
811	6192.0987548828125
812	6215.7164306640625
813	6243.0894775390625
814	6273.6497802734375
815	6308.12841796875
816	6328.0933837890625
817	6359.668701171875
818	6381.348388671875
819	6390.9400634765625
820	6397.638671875
821	6398.358642578125
822	6402.189453125
823	6406.4617919921875
824	6436.74169921875
825	6446.3900146484375
826	6454.89990234375
827	6460.2374267578125
828	6475.9993896484375
829	6515.977783203125
830	6530.805908203125
831	6564.8443603515625
832	6571.5196533203125
833	6573.9217529296875
834	6605.094482421875
835	6617.9500732421875
836	6629.3924560546875
837	6633.041015625
838	6637.302734375
839	6640.3135986328125
840	6667.6248779296875
841	6673.213623046875
842	6679.5421142578125
843	6687.67041015625
844	6688.3341064453125
845	6695.6614990234375
846	6715.10595703125
847	6724.3013916015625
848	6731.5035400390625
849	6749.5267333984375
850	6769.99072265625
851	6781.5377197265625
852	6782.4180908203125
853	6812.5545654296875
854	6821.5057373046875
855	6835.367431640625
856	6865.09375
857	6869.4539794921875
858	6879.5863037109375
859	6896.587646484375
860	6910.0443115234375
861	6918.8984375
862	6920.7613525390625
863	6944.87841796875
864	6957.39404296875
865	6988.5489501953125
866	7021.064453125
867	7030.29833984375
868	7032.970458984375
869	7123.6683349609375
870	7132.7041015625
871	7148.434814453125
872	7157.2320556640625
873	7159.467041015625
874	7169.6588134765625
875	7186.634521484375
876	7223.3148193359375
877	7225.89599609375
878	7249.0672607421875
879	7309.0936279296875
880	7335.6209716796875
881	7344.4659423828125
882	7366.735107421875
883	7401.837646484375
884	7434.74853515625
885	7463.555908203125
886	7464.4298095703125
887	7476.2322998046875
888	7481.32275390625
889	7488.8341064453125
890	7490.821533203125
891	7500.70947265625
892	7504.8446044921875
893	7516.07421875
894	7576.1302490234375
895	7596.7081298828125
896	7612.9927978515625
897	7651.4622802734375
898	7706.931640625
899	7709.3326416015625
900	7717.6710205078125
901	7729.5902099609375
902	7741.466552734375
903	7757.19384765625
904	7759.388916015625
905	7762.4154052734375
906	7768.3837890625
907	7797.9951171875
908	7809.15185546875
909	7878.953857421875
910	7881.262939453125
911	7890.721923828125
912	7913.3377685546875
913	7945.185546875
914	7947.669677734375
915	7952.2481689453125
916	7952.670166015625
917	7983.3468017578125
918	8004.7276611328125
919	8006.9049072265625
920	8011.32958984375
921	8032.738037109375
922	8042.087890625
923	8071.0289306640625
924	8075.7894287109375
925	8106.7615966796875
926	8193.011840820312
927	8236.549072265625
928	8273.926879882812
929	8296.136474609375
930	8346.148071289062
931	8348.224487304688
932	8353.950317382812
933	8363.368408203125
934	8376.512451171875
935	8390.658203125
936	8420.54833984375
937	8436.416259765625
938	8440.104736328125
939	8440.6484375
940	8444.847534179688
941	8467.62060546875
942	8472.191650390625
943	8473.119873046875
944	8529.119140625
945	8605.0771484375
946	8634.71875
947	8666.474365234375
948	8737.615234375
949	8770.859130859375
950	8772.343505859375
951	8882.965209960938
952	8891.788818359375
953	8902.628173828125
954	8942.339965820312
955	9040.210571289062
956	9049.427734375
957	9065.31982421875
958	9169.87841796875
959	9255.291015625
960	9321.683227539062
961	9337.653564453125
962	9383.052368164062
963	9385.531616210938
964	9392.68017578125
965	9485.506958007812
966	9535.76318359375
967	9536.802490234375
968	9569.147583007812
969	9590.740478515625
970	9653.976196289062
971	9778.107299804688
972	9813.9970703125
973	9837.06103515625
974	9864.8525390625
975	9922.103393554688
976	9963.67919921875
977	9987.703247070312
978	10010.087646484375
979	10026.288452148438
980	10029.528076171875
981	10036.086181640625
982	10065.169677734375
983	10094.588134765625
984	10095.280151367188
985	10100.700561523438
986	10139.125
987	10212.120971679688
988	10278.09130859375
989	10283.274536132812
990	10289.860961914062
991	10315.99267578125
992	10344.414672851562
993	10356.793212890625
994	10362.779296875
995	10406.006103515625
996	10422.202270507812
997	10451.958129882812
998	10452.876708984375
999	10568.327270507812
1000	10590.960815429688
1001	10605.706787109375
1002	10624.199462890625
1003	10665.509765625
1004	10666.80419921875
1005	10706.4521484375
1006	10755.39990234375
1007	10770.688598632812
1008	10800.082885742188
1009	10806.913696289062
1010	10826.088012695312
1011	10842.201416015625
1012	10856.396484375
1013	10902.520385742188
1014	10992.578247070312
1015	11007.90771484375
1016	11052.029418945312
1017	11109.794311523438
1018	11112.031005859375
1019	11128.059692382812
1020	11146.058471679688
1021	11193.836181640625
1022	11265.325439453125
1023	11289.868774414062
1024	11312.968139648438
1025	11354.892211914062
1026	11359.9833984375
1027	11415.242309570312
1028	11435.904663085938
1029	11475.331909179688
1030	11476.094482421875
1031	11500.737670898438
1032	11544.757080078125
1033	11609.889526367188
1034	11631.525512695312
1035	11635.179443359375
1036	11644.509521484375
1037	11691.016357421875
1038	11713.044799804688
1039	11733.177612304688
1040	11779.827880859375
1041	11787.618408203125
1042	11809.944091796875
1043	11928.415161132812
1044	12073.711669921875
1045	12108.855102539062
1046	12164.328125
1047	12285.262939453125
1048	12344.147705078125
1049	12392.154663085938
1050	12537.419677734375
1051	12589.027709960938
1052	12681.651123046875
1053	12787.894165039062
1054	12796.741455078125
1055	12951.240112304688
1056	12990.769409179688
1057	13012.910888671875
1058	13077.94287109375
1059	13124.338500976562
1060	13183.372192382812
1061	13206.3291015625
1062	13275.590942382812
1063	13307.939208984375
1064	13359.623779296875
1065	13361.61767578125
1066	13377.170043945312
1067	13483.390991210938
1068	13599.315795898438
1069	13697.356201171875
1070	13761.612182617188
1071	13827.504760742188
1072	13855.479248046875
1073	13875.793212890625
1074	13927.106323242188
1075	13952.994262695312
1076	14033.444213867188
1077	14078.280029296875
1078	14082.869750976562
1079	14101.484130859375
1080	14122.95556640625
1081	14139.440795898438
1082	14153.033203125
1083	14217.1435546875
1084	14277.53466796875
1085	14285.485107421875
1086	14288.70751953125
1087	14310.510131835938
1088	14354.617919921875
1089	14378.724243164062
1090	14385.454223632812
1091	14414.740234375
1092	14488.40771484375
1093	14599.395629882812
1094	14676.013793945312
1095	14690.421752929688
1096	14791.143432617188
1097	14828.74267578125
1098	14869.95751953125
1099	14953.822875976562
1100	15035.988647460938
1101	15042.04638671875
1102	15042.54052734375
1103	15146.252807617188
1104	15163.027709960938
1105	15172.86767578125
1106	15202.162475585938
1107	15328.46533203125
1108	15337.2529296875
1109	15341.635620117188
1110	15541.36181640625
1111	15551.903076171875
1112	15567.976440429688
1113	15586.45361328125
1114	15653.129516601562
1115	15656.909545898438
1116	15678.797485351562
1117	15716.666625976562
1118	15780.658447265625
1119	15869.981079101562
1120	15948.154052734375
1121	16022.25439453125
1122	16048.83740234375
1123	16174.757446289062
1124	16303.06396484375
1125	16330.3857421875
1126	16394.585083007812
1127	16436.716430664062
1128	16470.836547851562
1129	16494.032104492188
1130	16500.391723632812
1131	16690.435668945312
1132	16749.325317382812
1133	16751.3447265625
1134	16800.235595703125
1135	16829.267578125
1136	16840.322998046875
1137	16912.411010742188
1138	16949.77197265625
1139	17036.384765625
1140	17139.636352539062
1141	17150.548461914062
1142	17226.189819335938
1143	17348.895263671875
1144	17483.724609375
1145	17617.069946289062
1146	17656.638061523438
1147	17695.022583007812
1148	17879.597900390625
1149	17880.015747070312
1150	17952.595581054688
1151	18012.963623046875
1152	18195.462890625
1153	18263.451538085938
1154	18276.952026367188
1155	18311.122802734375
1156	18369.416137695312
1157	18511.999389648438
1158	18603.834838867188
1159	18707.758056640625
1160	18746.102172851562
1161	18924.827880859375
1162	18926.80615234375
1163	18951.907348632812
1164	19012.320922851562
1165	19125.185424804688
1166	19129.720092773438
1167	19693.738525390625
1168	19876.03173828125
1169	19914.759643554688
1170	20055.759887695312
1171	20101.453735351562
1172	20319.07177734375
1173	20614.110717773438
1174	21218.778076171875
1175	21671.9052734375
1176	21693.553955078125
1177	21885.895874023438
1178	21998.684204101562
1179	22122.523071289062
1180	22334.732421875
1181	22508.844604492188
1182	22622.227783203125
1183	22698.367065429688
1184	23182.531616210938
1185	23315.142944335938
1186	23824.915283203125
1187	23973.002319335938
1188	24234.639038085938
1189	24279.772583007812
1190	24291.59912109375
1191	24327.311889648438
1192	24607.316528320312
1193	24690.9365234375
1194	24702.897705078125
1195	24764.782592773438
1196	25119.337280273438
1197	25228.915405273438
1198	25449.797485351562
1199	25466.225219726562
1200	25533.600952148438
1201	25552.814331054688
1202	25603.628051757812
1203	25674.955322265625
1204	25686.413330078125
1205	25695.50390625
1206	26065.367431640625
1207	26281.355834960938
1208	26400.268188476562
1209	26942.14794921875
1210	27082.3818359375
1211	27135.507934570312
1212	27135.525634765625
1213	27159.167602539062
1214	27744.891845703125
1215	27889.7568359375
1216	27948.1328125
1217	27960.810424804688
1218	28108.1533203125
1219	28664.482788085938
1220	28787.467651367188
1221	28881.18896484375
1222	28905.65234375
1223	29164.100952148438
1224	29168.504638671875
1225	30158.223022460938
1226	30412.6806640625
1227	31122.890991210938
1228	31219.207641601562
1229	31322.251953125
1230	32196.921630859375
1231	32500.803833007812
1232	32882.530029296875
1233	32966.13586425781
1234	33115.24755859375
1235	33233.2783203125
1236	33304.50537109375
1237	33510.92517089844
1238	33794.63977050781
1239	33947.00964355469
1240	34443.606689453125
1241	34993.52014160156
1242	35278.62353515625
1243	36018.57568359375
1244	36295.39990234375
1245	36439.88903808594
1246	37240.143798828125
1247	37887.14050292969
1248	38173.42224121094
1249	39050.4609375
1250	39367.992919921875
1251	39989.5859375
1252	40706.58337402344
1253	41000.97644042969
1254	41411.470458984375
1255	41418.71716308594
1256	41419.5126953125
1257	41427.67724609375
1258	41433.69287109375
1259	41796.19177246094
1260	43929.88366699219
1261	44322.98889160156
1262	44437.50231933594
1263	44554.4560546875
1264	44557.287109375
1265	44956.12841796875
1266	45072.23596191406
1267	45263.14782714844
1268	46606.98498535156
1269	47701.947265625
1270	47988.65148925781
1271	48447.99768066406
1272	48582.7138671875
1273	49029.14172363281
1274	50186.54455566406
1275	50577.66003417969
1276	50766.14001464844
1277	50868.261474609375
1278	51010.06359863281
1279	51607.690185546875
1280	52388.2431640625
1281	53193.05187988281
1282	53362.65124511719
1283	54648.34289550781
1284	55031.59240722656
1285	55764.88415527344
1286	56320.53063964844
1287	56600.759521484375
1288	56647.48876953125
1289	56682.061767578125
1290	56817.763671875
1291	57400.79541015625
1292	57750.27770996094
1293	58665.43298339844
1294	59414.62194824219
1295	59502.736572265625
1296	60045.17724609375
1297	60161.976806640625
1298	61392.40673828125
1299	63811.446044921875
1300	64043.43957519531
1301	64858.099365234375
1302	64921.86474609375
1303	66441.11962890625
1304	66767.08825683594
1305	67887.37951660156
1306	70597.30383300781
1307	70646.2470703125
1308	74891.8447265625
1309	76009.55041503906
1310	82373.0283203125
1311	83342.26391601562
1312	85694.46716308594
1313	85882.46472167969
1314	87195.73291015625
1315	91373.04333496094
1316	91740.56494140625
1317	93748.59387207031
1318	94783.77807617188
1319	95596.39123535156
1320	97410.99597167969
1321	97981.30456542969
1322	105538.86022949219
1323	121251.15869140625
1324	121566.62316894531
1325	123296.90502929688
1326	140146.42553710938
1327	140772.48974609375
1328	142017.19982910156
1329	146287.85913085938
1330	152170.22790527344
1331	157457.96435546875
1332	158279.02380371094
1333	159501.73901367188
1334	171761.24743652344
1335	174876.02734375
1336	176776.37890625
1337	177077.29150390625
1338	177362.80236816406
1339	185083.26489257812
1340	227249.41845703125
1341	228397.6005859375
1342	230373.63061523438
1343	240161.8974609375
1344	248134.96643066406
1345	276600.5104980469
1346	289835.7120361328
1347	290802.79345703125
1348	298932.939453125
1349	302774.9260253906
1350	338687.03845214844
1351	367988.99462890625
1352	439131.0
1353	462554.4617919922
1354	476627.1669921875
1355	538209.9240722656
1356	652270.9790039062
1357	1402413.3516845703
1358	1715397.7388916016
1359	2004695.3221435547
1360	3845375.8701171875
