#FMS random 4-SAT
#N=32768  nIter=50000  alpha=964   NSamples=1405
#av(nit)	36303.439147905774
#std(nit)	366.3550265137952
#av(e)	45.962277580071174
#std(e)	3.3645719600292003
#av(runtime)	1550.2057153024914
#std(runtime)	16.728815155860318
671.0	50000.0	2098.47	22
0.0	36764.449798583984	1315.71	23
39.0	50000.0	1762.85	24
0.0	17064.663665771484	805.99	25
140.0	50000.0	2055.36	26
0.0	45509.405334472656	2334.91	27
0.0	39478.54541015625	1468.63	28
0.0	26383.235595703125	1206.89	29
0.0	35108.753479003906	1357.15	30
73.0	50000.0	2650.84	31
41.0	50000.0	2130.57	32
0.0	17594.848724365234	837.07	33
35.0	50000.0	2529.88	34
0.0	39271.93908691406	1863.57	35
60.0	50000.0	2350.0	36
0.0	43600.308502197266	1760.66	37
0.0	17184.326171875	913.01	38
26.0	50000.0	2105.91	39
0.0	30197.604217529297	1512.81	40
0.0	14840.550720214844	744.22	41
74.0	50000.0	2534.54	42
0.0	17504.96368408203	839.34	43
0.0	23012.39144897461	983.5	44
0.0	14850.894653320312	758.9	45
12.0	50000.0	1908.0	46
33.0	50000.0	2201.44	47
4.0	50000.0	1888.12	48
0.0	11619.132080078125	492.55	49
0.0	44782.382415771484	1971.19	50
0.0	11977.952911376953	569.59	51
24.0	50000.0	2260.21	52
22.0	50000.0	2139.2	53
0.0	28113.643005371094	1169.31	54
0.0	17673.501068115234	678.41	201
0.0	47860.55517578125	1620.57	202
49.0	50000.0	2418.01	203
0.0	18913.763092041016	760.68	204
0.0	30835.232971191406	1378.22	205
0.0	30975.980224609375	1344.44	206
0.0	27554.23892211914	1161.74	207
0.0	14640.380950927734	719.83	208
534.0	50000.0	2313.11	209
45.0	50000.0	2217.93	210
72.0	50000.0	2337.75	211
0.0	49015.49417114258	2513.42	212
0.0	15137.92367553711	691.01	213
58.0	50000.0	2207.13	214
92.0	50000.0	2112.61	215
0.0	29449.45672607422	1301.4	216
62.0	50000.0	2066.67	217
0.0	22393.15692138672	1029.73	218
12.0	50000.0	1992.1	219
66.0	50000.0	2185.95	220
8.0	50000.0	1875.35	221
30.0	50000.0	2001.57	222
47.0	50000.0	1672.99	223
27.0	50000.0	2539.47	224
0.0	40051.07437133789	2149.79	225
0.0	33799.20571899414	1595.29	226
0.0	18091.166778564453	852.08	227
0.0	21234.223083496094	893.71	228
607.0	50000.0	2858.71	229
0.0	12458.61782836914	630.31	230
0.0	14108.246826171875	685.24	231
0.0	23426.421997070312	914.38	232
0.0	31226.369201660156	1486.01	233
0.0	14458.269714355469	555.84	401
0.0	15704.51889038086	589.64	402
0.0	22181.694396972656	985.61	403
0.0	28767.734252929688	1341.92	404
0.0	47454.69076538086	2345.42	405
93.0	50000.0	2632.26	406
0.0	26440.564453125	1035.12	407
27.0	50000.0	1843.92	408
119.0	50000.0	2087.8	409
0.0	33979.57373046875	1484.13	410
83.0	50000.0	2341.02	411
24.0	50000.0	2308.03	412
36.0	50000.0	2096.81	413
0.0	22592.636505126953	1154.03	414
0.0	19289.502563476562	833.62	415
0.0	11187.377655029297	526.77	416
0.0	17163.78598022461	880.68	417
0.0	18232.67120361328	987.55	418
6.0	50000.0	1943.33	419
0.0	13719.030181884766	582.07	420
0.0	35893.26873779297	1286.93	421
606.0	50000.0	2825.88	422
0.0	43495.01190185547	1590.06	423
61.0	50000.0	2096.56	424
0.0	17514.830596923828	866.99	425
0.0	15875.436492919922	689.76	426
35.0	50000.0	1687.33	427
0.0	16301.983947753906	850.02	428
0.0	18478.906158447266	877.81	429
0.0	37620.43487548828	1942.71	430
27.0	50000.0	2164.72	431
65.0	50000.0	2098.86	432
0.0	34834.83117675781	1836.19	433
18.0	50000.0	1715.01	434
0.0	14252.03353881836	744.7	435
0.0	26092.902954101562	1364.41	436
0.0	14487.723846435547	673.03	437
0.0	25104.604736328125	1004.57	601
608.0	50000.0	2477.69	602
0.0	20271.077026367188	945.7	603
0.0	40432.8987121582	1693.58	604
0.0	41466.2658996582	1979.94	605
0.0	22075.215423583984	877.94	606
59.0	50000.0	1568.3	607
17.0	50000.0	1734.0	608
0.0	15470.18295288086	737.73	609
52.0	50000.0	1330.43	610
47.0	50000.0	2302.77	611
75.0	50000.0	2119.39	612
0.0	24922.800842285156	1055.82	613
0.0	18470.618927001953	801.19	614
25.0	50000.0	2454.2	615
0.0	29074.29769897461	1620.26	616
0.0	40091.75567626953	1635.31	617
0.0	19612.53042602539	832.75	618
0.0	13168.087982177734	559.26	619
0.0	24983.692138671875	1255.93	620
15.0	50000.0	2001.9	621
439.0	50000.0	2402.6	622
0.0	23145.89129638672	989.21	623
147.0	50000.0	2768.17	624
0.0	38410.06555175781	1081.6	625
0.0	14645.866729736328	682.58	626
0.0	30934.84490966797	1432.73	627
59.0	50000.0	1607.74	628
0.0	13294.737731933594	682.15	629
0.0	12091.734741210938	510.98	630
28.0	50000.0	2140.32	631
105.0	50000.0	2400.02	632
0.0	38473.405364990234	1735.06	633
0.0	15962.36669921875	718.85	634
59.0	50000.0	2581.27	635
0.0	23672.30258178711	897.75	801
0.0	27232.894470214844	1112.48	802
65.0	50000.0	1853.64	803
44.0	50000.0	1905.87	804
0.0	32596.375030517578	1566.51	805
0.0	41706.59997558594	1598.88	806
17.0	50000.0	1839.6	807
49.0	50000.0	2069.21	808
0.0	36392.14306640625	1511.83	809
16.0	50000.0	2172.7	810
0.0	24495.786651611328	1152.43	811
405.0	50000.0	2302.59	812
52.0	50000.0	1704.28	813
22.0	50000.0	2012.06	814
588.0	50000.0	2810.23	815
0.0	15071.434173583984	761.35	816
0.0	31233.217803955078	1491.98	817
0.0	25729.3408203125	988.37	818
0.0	17668.89389038086	867.4	819
0.0	28768.909149169922	795.84	820
0.0	23100.59326171875	1040.46	821
0.0	22760.781005859375	956.49	822
0.0	25617.630950927734	1438.0	823
0.0	24956.998046875	1108.55	824
1.0	50000.0	1527.88	825
26.0	50000.0	2423.53	826
0.0	23198.16485595703	826.67	827
0.0	46359.03332519531	2416.79	828
87.0	50000.0	2755.34	829
0.0	32691.720336914062	1750.09	830
33.0	50000.0	2602.53	831
0.0	49298.23141479492	1946.27	832
620.0	50000.0	2332.86	1012
51.0	50000.0	2268.17	1013
0.0	33884.7854309082	1436.66	1014
0.0	40613.308013916016	1351.03	1015
0.0	42892.37646484375	1869.65	1016
0.0	46252.179138183594	1871.19	1017
0.0	27377.934539794922	1279.86	1018
0.0	15726.38247680664	686.05	1019
50.0	50000.0	2101.74	1020
0.0	14634.154724121094	599.37	1021
0.0	45530.881927490234	1788.9	1022
0.0	24503.171661376953	1102.95	1023
0.0	23193.220794677734	1149.18	1024
0.0	47458.692626953125	2177.41	1025
0.0	43869.00732421875	1714.9	1026
39.0	50000.0	1872.13	1027
0.0	31505.681518554688	1373.05	1028
0.0	45849.695556640625	1677.31	1029
0.0	15985.016845703125	695.01	1030
0.0	48013.04830932617	1497.98	1031
0.0	10179.446044921875	533.47	1032
0.0	19636.670684814453	1029.21	1033
89.0	50000.0	2219.91	1034
107.0	50000.0	2531.5	1035
0.0	38470.376953125	1372.36	1036
50.0	50000.0	2485.76	1037
13.0	50000.0	2411.98	1038
38.0	50000.0	2356.21	1039
0.0	26437.035400390625	1538.98	1040
41.0	50000.0	2557.01	1041
6.0	50000.0	1823.54	1042
0.0	13413.214111328125	569.91	1043
0.0	32263.504455566406	1518.92	1044
0.0	46911.625244140625	1465.93	1201
0.0	30421.42529296875	1247.36	1202
0.0	32155.908630371094	1534.59	1203
0.0	26832.228088378906	1333.04	1204
288.0	50000.0	2437.4	1205
53.0	50000.0	2078.02	1206
26.0	50000.0	2138.5	1207
0.0	18504.392028808594	868.62	1208
18.0	50000.0	2377.62	1209
14.0	50000.0	1599.5	1210
58.0	50000.0	2266.98	1211
0.0	22562.396759033203	1174.58	1212
26.0	50000.0	2418.73	1213
0.0	19410.9599609375	848.7	1214
0.0	20288.334228515625	898.59	1215
0.0	12398.483520507812	609.24	1216
0.0	16564.72332763672	775.9	1217
0.0	23749.935272216797	1092.3	1218
0.0	22184.96612548828	1089.28	1219
0.0	28661.25210571289	1407.6	1220
0.0	34204.499114990234	1817.19	1221
384.0	50000.0	2707.98	1222
0.0	33116.14614868164	1358.49	1223
0.0	19357.99365234375	963.17	1224
0.0	35318.10186767578	1470.69	1225
138.0	50000.0	1611.61	1226
0.0	35522.294189453125	1679.63	1227
26.0	50000.0	1932.16	1228
0.0	17644.73895263672	868.42	1229
0.0	17363.92791748047	895.92	1230
0.0	10223.20913696289	448.48	1231
9.0	50000.0	1497.4	1232
0.0	15104.762878417969	728.53	1233
0.0	18347.261199951172	897.78	1234
0.0	25091.67886352539	1304.58	1235
0.0	41298.68099975586	1922.95	1236
0.0	22567.442443847656	727.07	1237
0.0	12863.986938476562	656.75	1238
664.0	50000.0	2119.24	1401
0.0	37653.28594970703	1564.74	1402
0.0	20326.047607421875	642.25	1403
0.0	25382.247985839844	1203.25	1404
0.0	33501.37341308594	1194.45	1405
0.0	29626.598999023438	1030.24	1406
0.0	39771.59201049805	1578.37	1407
648.0	50000.0	2702.97	1408
0.0	31539.551330566406	1575.83	1409
32.0	50000.0	2597.9	1410
61.0	50000.0	2602.46	1411
27.0	50000.0	1808.43	1412
22.0	50000.0	1752.21	1413
33.0	50000.0	2169.2	1414
0.0	34375.94665527344	1640.04	1415
0.0	34834.46826171875	1805.71	1416
0.0	19671.699127197266	830.62	1417
0.0	22875.91961669922	1225.84	1418
0.0	30853.79751586914	1394.66	1419
0.0	29646.748474121094	1517.82	1420
0.0	13530.28305053711	671.64	1421
0.0	15067.924102783203	740.49	1422
0.0	30082.327392578125	1600.27	1423
24.0	50000.0	1885.86	1424
0.0	28763.586456298828	1118.46	1425
0.0	38486.22970581055	1958.7	1426
34.0	50000.0	2016.5	1427
0.0	13456.532928466797	606.19	1428
0.0	20343.8544921875	973.74	1429
84.0	50000.0	2464.55	1430
119.0	50000.0	2461.3	1431
0.0	23618.09976196289	913.69	1432
0.0	22087.866729736328	915.47	1433
0.0	18031.814483642578	917.13	1434
0.0	22401.89584350586	927.35	1601
0.0	14119.03530883789	603.12	1602
24.0	50000.0	1799.35	1603
0.0	22168.379333496094	1029.23	1604
0.0	22988.888916015625	997.43	1605
0.0	40502.84991455078	1921.14	1606
23.0	50000.0	1583.95	1607
84.0	50000.0	2559.55	1608
0.0	12420.86538696289	575.42	1609
0.0	25127.777923583984	1122.18	1610
41.0	50000.0	1998.45	1611
0.0	12688.804107666016	593.46	1612
43.0	50000.0	2481.12	1613
0.0	22391.379821777344	972.19	1614
0.0	26220.705078125	1275.78	1615
0.0	15928.452392578125	813.26	1616
34.0	50000.0	2279.6	1617
0.0	22377.319702148438	1030.72	1618
0.0	27792.63653564453	1277.41	1619
0.0	32011.946563720703	1652.65	1620
76.0	50000.0	2430.0	1621
0.0	49826.40417480469	2136.22	1622
48.0	50000.0	2019.65	1623
0.0	33330.73309326172	1453.05	1624
607.0	50000.0	2922.22	1625
22.0	50000.0	2188.63	1626
445.0	50000.0	2861.76	1627
0.0	40244.342346191406	1958.81	1628
0.0	17257.09115600586	705.7	1629
691.0	50000.0	2820.03	1630
0.0	21281.451385498047	1043.98	1631
0.0	30372.029724121094	1191.27	1632
20.0	50000.0	2185.44	1633
18.0	50000.0	1802.25	1801
38.0	50000.0	1734.08	1802
0.0	37682.13885498047	1426.79	1803
0.0	25375.907775878906	1006.01	1804
0.0	46212.68585205078	1525.83	1805
0.0	14789.204162597656	730.93	1806
0.0	18841.712188720703	772.16	1807
64.0	50000.0	2153.3	1808
0.0	22795.724487304688	865.58	1809
0.0	10207.483520507812	447.76	1810
0.0	28053.039093017578	1291.78	1811
0.0	20914.36181640625	878.13	1812
32.0	50000.0	2018.91	1813
0.0	48955.87121582031	1880.34	1814
118.0	50000.0	2534.07	1815
0.0	32953.34844970703	1409.48	1816
49.0	50000.0	2099.38	1817
0.0	21076.603057861328	1060.27	1818
0.0	25180.163848876953	1218.06	1819
0.0	45403.28601074219	1823.87	1820
0.0	32761.929107666016	1342.41	1821
0.0	16380.14468383789	875.6	1822
0.0	48146.270599365234	2164.64	1823
0.0	35574.53341674805	1644.04	1824
0.0	48585.2858581543	1878.62	1825
0.0	23000.80892944336	972.22	1826
28.0	50000.0	1590.19	1827
29.0	50000.0	1802.89	1828
0.0	43230.86737060547	1814.02	1829
14.0	50000.0	1511.32	1830
0.0	19756.637603759766	1070.24	1831
717.0	50000.0	2823.57	1832
322.0	50000.0	2770.03	1833
0.0	37375.27163696289	2051.62	1834
0.0	23930.430786132812	1008.53	1835
0.0	8672.654083251953	439.92	1836
67.0	50000.0	1595.64	2011
26.0	50000.0	2273.36	2012
11.0	50000.0	2328.51	2013
55.0	50000.0	1842.7	2014
0.0	24379.79214477539	1013.94	2015
47.0	50000.0	2370.5	2016
188.0	50000.0	2303.61	2017
0.0	30260.264526367188	1323.63	2018
125.0	50000.0	2592.45	2019
0.0	15529.92056274414	728.54	2020
0.0	34785.91409301758	1517.37	2021
0.0	28893.632446289062	1567.78	2022
0.0	33880.61880493164	1475.14	2023
0.0	29369.258239746094	1271.74	2024
16.0	50000.0	2038.45	2025
0.0	19108.220581054688	975.0	2026
0.0	31472.387817382812	1692.6	2027
0.0	17890.924774169922	861.82	2028
0.0	24844.474884033203	1062.67	2029
0.0	20212.385192871094	943.39	2030
0.0	23667.6826171875	1034.73	2031
0.0	37654.020080566406	1948.62	2032
0.0	25246.857696533203	1134.55	2033
0.0	14262.193115234375	702.21	2034
34.0	50000.0	2750.61	2035
0.0	15129.649810791016	638.82	2036
0.0	35833.88299560547	1342.22	2037
0.0	22754.69613647461	931.32	2038
0.0	43884.32827758789	1809.55	2039
0.0	27941.77227783203	1303.05	2040
0.0	18530.037353515625	828.53	2041
0.0	23730.988220214844	1155.14	2042
0.0	12663.413635253906	623.83	2043
39.0	50000.0	2016.66	2044
0.0	21066.842041015625	1107.79	2045
25.0	50000.0	1300.73	2046
17.0	50000.0	2451.34	2047
0.0	16734.744659423828	598.15	2201
0.0	28650.306579589844	1261.89	2202
0.0	22075.196197509766	875.41	2203
0.0	36308.09451293945	1702.97	2204
0.0	10902.114532470703	464.83	2205
0.0	27791.250061035156	1079.91	2206
23.0	50000.0	1700.85	2207
99.0	50000.0	2101.06	2208
8.0	50000.0	2146.62	2209
0.0	11318.421936035156	513.39	2210
0.0	35784.44445800781	1658.3	2211
0.0	24662.635772705078	1308.46	2212
0.0	21743.048767089844	941.36	2213
0.0	46410.38049316406	2155.97	2214
0.0	9553.710021972656	456.17	2215
77.0	50000.0	1867.04	2216
0.0	30924.808197021484	1319.74	2217
0.0	10091.023406982422	444.76	2218
49.0	50000.0	2426.35	2219
0.0	21111.211669921875	706.63	2220
0.0	18383.307983398438	893.52	2221
0.0	35401.552734375	1358.32	2222
3.0	50000.0	1870.5	2223
609.0	50000.0	1903.12	2224
0.0	25829.78985595703	1369.24	2225
0.0	15060.601684570312	732.12	2226
22.0	50000.0	2016.17	2227
7.0	50000.0	1951.01	2228
0.0	22825.993530273438	962.29	2229
0.0	26511.973510742188	1228.32	2230
58.0	50000.0	2662.15	2231
0.0	39921.01159667969	1884.5	2232
6.0	50000.0	2088.03	2233
28.0	50000.0	2077.39	2234
34.0	50000.0	2395.77	2235
0.0	17372.595825195312	875.66	2236
0.0	40783.12106323242	1711.28	2237
0.0	47410.85629272461	1767.43	2401
39.0	50000.0	1986.87	2402
136.0	50000.0	2177.92	2403
387.0	50000.0	2671.27	2404
0.0	7262.859039306641	309.33	2405
0.0	16154.024200439453	733.93	2406
0.0	11384.319610595703	532.53	2407
0.0	36992.65841674805	1601.0	2408
0.0	25825.004486083984	1183.05	2409
0.0	43348.70602416992	1577.26	2410
0.0	19539.677734375	864.82	2411
11.0	50000.0	2228.45	2412
45.0	50000.0	2259.35	2413
36.0	50000.0	1980.3	2414
0.0	13759.7841796875	648.01	2415
0.0	21411.78793334961	1038.11	2416
0.0	18957.236938476562	910.0	2417
35.0	50000.0	1907.91	2418
0.0	22654.43002319336	1069.02	2419
0.0	33149.3772277832	1482.05	2420
0.0	13592.337341308594	622.71	2421
0.0	45296.47961425781	2107.64	2422
75.0	50000.0	1996.07	2423
0.0	27914.658325195312	1282.62	2424
0.0	22568.644653320312	901.85	2425
0.0	41234.884704589844	1945.18	2426
10.0	50000.0	2086.41	2427
0.0	29112.962646484375	1357.69	2428
0.0	34371.66128540039	1699.51	2429
0.0	42914.73355102539	1972.22	2430
0.0	43246.34524536133	1413.01	2431
26.0	50000.0	2619.42	2432
0.0	37038.89138793945	1199.66	2433
34.0	50000.0	2176.25	2434
0.0	47407.820220947266	2303.8	2435
0.0	16820.12661743164	620.8	2601
0.0	9475.652801513672	392.1	2602
0.0	27017.473754882812	1077.06	2603
0.0	14826.48989868164	595.64	2604
128.0	50000.0	2497.96	2605
0.0	43541.189056396484	1639.88	2606
0.0	10587.007232666016	495.45	2607
0.0	44809.748626708984	2178.53	2608
0.0	19140.902313232422	715.4	2609
414.0	50000.0	2667.01	2610
609.0	50000.0	1945.88	2611
0.0	22983.978576660156	1335.84	2612
594.0	50000.0	2972.3	2613
0.0	16255.394775390625	590.12	2614
45.0	50000.0	2564.07	2615
0.0	29223.05990600586	1185.53	2616
3.0	50000.0	1708.73	2617
0.0	30293.933715820312	1350.77	2618
0.0	15611.073303222656	787.46	2619
0.0	26421.475006103516	1185.78	2620
96.0	50000.0	1952.48	2621
0.0	27574.656494140625	1376.21	2622
0.0	19113.787567138672	873.36	2623
0.0	17672.52456665039	891.68	2624
0.0	22065.245391845703	1136.47	2625
0.0	17545.77392578125	558.2	2626
0.0	40846.62661743164	1242.36	2627
32.0	50000.0	2123.19	2628
0.0	31598.681365966797	1882.79	2629
0.0	18965.390899658203	959.82	2630
0.0	32252.92608642578	1526.74	2631
0.0	27765.861541748047	1190.65	2632
0.0	39394.265716552734	2027.21	2633
0.0	18231.659637451172	887.44	2634
0.0	17197.843505859375	945.15	2635
11.0	50000.0	1993.97	2636
0.0	43617.48254394531	1979.36	2637
0.0	40329.27944946289	1450.17	2638
0.0	28694.887298583984	899.99	2801
25.0	50000.0	1764.69	2802
18.0	50000.0	1700.74	2803
0.0	27044.383758544922	1256.09	2804
21.0	50000.0	2047.57	2805
0.0	42662.29879760742	1694.38	2806
316.0	50000.0	2619.01	2807
16.0	50000.0	2276.47	2808
0.0	32875.68618774414	1250.49	2809
43.0	50000.0	1955.41	2810
65.0	50000.0	2263.41	2811
0.0	13856.929992675781	675.9	2812
0.0	29061.327209472656	954.71	2813
0.0	10321.216552734375	525.0	2814
11.0	50000.0	2388.68	2815
0.0	20325.111541748047	866.34	2816
0.0	33519.17709350586	1732.14	2817
0.0	49184.899353027344	2066.9	2818
0.0	25605.32470703125	1295.98	2819
17.0	50000.0	2341.18	2820
0.0	18378.24530029297	945.21	2821
4.0	50000.0	2437.84	2822
0.0	33142.072814941406	1524.77	2823
0.0	18526.284729003906	901.49	2824
0.0	14343.950286865234	647.17	2825
379.0	50000.0	2785.87	2826
0.0	22418.121948242188	909.31	2827
33.0	50000.0	2520.66	2828
40.0	50000.0	2008.93	2829
0.0	16955.011169433594	646.96	2830
0.0	43957.69775390625	2198.18	2831
0.0	35260.036865234375	1245.55	2832
0.0	14921.224609375	647.72	2833
21.0	50000.0	2084.16	2834
0.0	22737.988647460938	723.09	3012
0.0	22611.87924194336	956.91	3013
0.0	18343.372955322266	743.27	3014
0.0	34068.05270385742	1535.45	3015
0.0	11557.40591430664	523.42	3016
0.0	25338.31951904297	1193.85	3017
328.0	50000.0	1976.04	3018
0.0	42677.379486083984	1712.28	3019
352.0	50000.0	2577.33	3020
58.0	50000.0	1912.57	3021
0.0	19904.362731933594	842.9	3022
0.0	38512.65441894531	1611.12	3023
128.0	50000.0	2708.69	3024
51.0	50000.0	2124.71	3025
26.0	50000.0	1855.84	3026
0.0	10788.820739746094	344.58	3027
0.0	29917.422271728516	1791.93	3028
27.0	50000.0	2032.32	3029
0.0	16158.327209472656	641.11	3030
0.0	20444.21173095703	1078.42	3031
0.0	10446.517272949219	474.18	3032
102.0	50000.0	2697.29	3033
0.0	33913.09603881836	1700.05	3034
0.0	29155.96600341797	1391.07	3035
0.0	11671.359771728516	612.18	3036
0.0	17053.68490600586	641.48	3037
47.0	50000.0	2623.68	3038
47.0	50000.0	2134.67	3039
0.0	13750.65444946289	647.31	3040
0.0	16779.008026123047	858.94	3041
16.0	50000.0	2404.09	3042
0.0	22456.68243408203	1184.22	3043
31.0	50000.0	2098.74	3044
0.0	23135.792236328125	1014.28	3045
0.0	26449.87808227539	1362.62	3046
0.0	26358.41357421875	993.65	3047
50.0	50000.0	1950.15	3048
11.0	50000.0	1664.34	3201
59.0	50000.0	1831.13	3202
0.0	27886.77572631836	1222.66	3203
0.0	35509.714904785156	1254.32	3204
0.0	15533.52914428711	597.19	3205
0.0	22492.543090820312	943.6	3206
0.0	28893.943786621094	1160.89	3207
33.0	50000.0	2038.63	3208
0.0	28884.73974609375	1245.28	3209
148.0	50000.0	2519.67	3210
0.0	27159.944763183594	1175.69	3211
0.0	46205.6591796875	1648.09	3212
0.0	26416.95196533203	1339.94	3213
13.0	50000.0	2014.16	3214
22.0	50000.0	1812.58	3215
0.0	13433.579132080078	589.73	3216
0.0	13910.729614257812	658.22	3217
0.0	15164.415313720703	611.99	3218
32.0	50000.0	2246.24	3219
70.0	50000.0	2412.72	3220
0.0	26430.323211669922	1165.88	3221
0.0	27299.678314208984	1403.7	3222
0.0	22700.352172851562	871.42	3223
0.0	28823.739288330078	1269.75	3224
59.0	50000.0	1798.52	3225
0.0	48812.13897705078	1934.95	3226
132.0	50000.0	2095.56	3227
0.0	8455.108978271484	435.03	3228
0.0	41155.43276977539	1542.11	3229
0.0	30277.323120117188	1524.83	3230
68.0	50000.0	1912.95	3231
0.0	31977.137268066406	1173.19	3232
0.0	14373.394012451172	582.84	3233
89.0	50000.0	2523.28	3234
58.0	50000.0	2572.56	3235
0.0	36484.23727416992	1774.49	3236
0.0	14837.425567626953	554.17	3401
28.0	50000.0	1800.58	3402
0.0	22991.227081298828	1051.65	3403
234.0	50000.0	2512.09	3404
0.0	16860.922576904297	695.84	3405
634.0	50000.0	2651.54	3406
0.0	36898.756896972656	1771.7	3407
35.0	50000.0	2186.34	3408
0.0	42287.508544921875	1669.05	3409
0.0	28474.798828125	1581.73	3410
0.0	22928.001403808594	859.16	3411
0.0	24535.959930419922	1296.55	3412
0.0	45938.27978515625	1534.36	3413
51.0	50000.0	2015.73	3414
0.0	21470.47396850586	998.99	3415
30.0	50000.0	1691.74	3416
0.0	33617.153076171875	1437.57	3417
93.0	50000.0	2675.83	3418
34.0	50000.0	1734.45	3419
0.0	25073.57733154297	940.86	3420
0.0	24490.34619140625	927.96	3421
0.0	29149.900299072266	1412.45	3422
78.0	50000.0	2226.47	3423
66.0	50000.0	2125.74	3424
27.0	50000.0	1820.77	3425
0.0	36281.66323852539	1558.32	3426
0.0	28465.713134765625	1386.0	3427
0.0	49675.02084350586	2129.28	3428
0.0	23011.463928222656	1064.56	3429
56.0	50000.0	2478.81	3430
0.0	43622.26290893555	1955.14	3431
0.0	36890.24182128906	1276.07	3432
0.0	48330.04428100586	2334.87	3433
0.0	17836.419860839844	706.06	3601
0.0	34630.58609008789	1298.26	3602
22.0	50000.0	2110.05	3603
66.0	50000.0	1718.86	3604
0.0	46431.676818847656	1520.33	3605
0.0	25067.926818847656	1063.65	3606
50.0	50000.0	2354.34	3607
0.0	28655.607971191406	1219.22	3608
18.0	50000.0	1574.31	3609
0.0	29677.23095703125	982.52	3610
0.0	42609.87515258789	1284.55	3611
0.0	24119.517547607422	874.16	3612
94.0	50000.0	2174.43	3613
70.0	50000.0	2515.94	3614
0.0	29705.74984741211	1504.83	3615
0.0	22367.171905517578	1023.62	3616
0.0	38313.60681152344	1877.04	3617
38.0	50000.0	2074.89	3618
34.0	50000.0	1984.72	3619
0.0	28006.815643310547	1252.71	3620
346.0	50000.0	2761.1	3621
0.0	26752.297424316406	1143.65	3622
547.0	50000.0	2815.17	3623
0.0	41767.383880615234	2136.99	3624
11.0	50000.0	1698.3	3625
358.0	50000.0	1854.42	3626
0.0	21237.37905883789	1093.45	3627
0.0	40726.73147583008	1600.78	3628
16.0	50000.0	1407.96	3629
0.0	43217.98892211914	2276.89	3630
0.0	13299.637237548828	708.0	3631
0.0	38253.915924072266	1777.56	3632
0.0	18155.829559326172	882.24	3633
29.0	50000.0	1643.7	3801
0.0	22896.020538330078	939.22	3802
0.0	23566.843200683594	1021.33	3803
39.0	50000.0	1891.68	3804
0.0	15405.288757324219	606.22	3805
0.0	17240.612701416016	812.52	3806
49.0	50000.0	2255.99	3807
62.0	50000.0	2565.8	3808
0.0	29398.95248413086	1220.11	3809
0.0	15824.90982055664	775.05	3810
6.0	50000.0	1936.71	3811
0.0	36513.318939208984	1859.03	3812
24.0	50000.0	1733.59	3813
221.0	50000.0	2600.28	3814
0.0	10397.42904663086	528.25	3815
0.0	20275.075744628906	1030.48	3816
24.0	50000.0	1789.16	3817
0.0	13745.173736572266	682.32	3818
0.0	20738.730926513672	966.4	3819
503.0	50000.0	2786.12	3820
0.0	30585.89437866211	1579.72	3821
51.0	50000.0	2438.0	3822
0.0	25492.142639160156	1101.91	3823
0.0	47032.3122253418	2382.35	3824
0.0	25263.135467529297	900.56	3825
0.0	46320.22003173828	1603.4	3826
39.0	50000.0	1894.49	3827
0.0	16619.759735107422	701.7	3828
0.0	37191.757904052734	1464.79	3829
0.0	28304.087036132812	1217.71	3830
72.0	50000.0	2728.77	3831
0.0	28861.804656982422	1234.08	3832
0.0	22741.212951660156	995.31	3833
64.0	50000.0	1780.81	3834
168.0	50000.0	2888.51	3835
370.0	50000.0	2303.86	4012
29.0	50000.0	1701.61	4013
0.0	49117.344818115234	1470.08	4014
0.0	18951.743255615234	913.05	4015
0.0	14701.204223632812	671.58	4016
0.0	36378.83206176758	1684.06	4017
46.0	50000.0	2239.07	4018
0.0	30023.7216796875	1267.85	4019
0.0	26619.03628540039	1240.5	4020
0.0	13486.82827758789	575.5	4021
0.0	37320.63821411133	1115.75	4022
875.0	50000.0	2896.64	4023
0.0	37356.944396972656	1656.71	4024
77.0	50000.0	2610.36	4025
0.0	49282.75765991211	2034.55	4026
63.0	50000.0	1816.08	4027
18.0	50000.0	2011.66	4028
0.0	11097.743530273438	582.61	4029
0.0	24326.630157470703	832.13	4030
24.0	50000.0	2222.77	4031
16.0	50000.0	2457.99	4032
9.0	50000.0	2045.28	4033
72.0	50000.0	2155.87	4034
0.0	23037.281188964844	1052.23	4035
0.0	49047.50289916992	2209.71	4036
0.0	30129.796142578125	1221.97	4037
0.0	19050.921844482422	689.3	4038
0.0	36729.65280151367	1471.21	4039
0.0	28381.527709960938	1266.34	4040
0.0	34984.556243896484	1465.55	4041
72.0	50000.0	2562.17	4042
0.0	34816.75909423828	1483.56	4043
0.0	43836.5771484375	2440.09	4044
76.0	50000.0	1660.67	4201
0.0	41336.949310302734	1299.0	4202
7.0	50000.0	1821.25	4203
0.0	19371.748809814453	844.61	4204
0.0	30582.847686767578	1213.1	4205
16.0	50000.0	2466.82	4206
0.0	12167.22006225586	599.6	4207
0.0	35366.40850830078	1412.92	4208
43.0	50000.0	1760.77	4209
0.0	40358.98419189453	1784.95	4210
0.0	46022.65475463867	1878.48	4211
0.0	43992.20364379883	1471.16	4212
0.0	39132.83694458008	1314.33	4213
23.0	50000.0	2214.35	4214
6.0	50000.0	2409.33	4215
18.0	50000.0	2286.87	4216
34.0	50000.0	1782.62	4217
0.0	20647.919006347656	935.43	4218
0.0	22025.98745727539	904.53	4219
33.0	50000.0	1734.83	4220
0.0	34476.61441040039	1502.99	4221
0.0	36815.17706298828	1336.9	4222
0.0	27317.605255126953	1306.46	4223
197.0	50000.0	2749.22	4224
23.0	50000.0	2538.36	4225
19.0	50000.0	1960.94	4226
0.0	10367.600036621094	490.14	4227
0.0	19198.11587524414	888.74	4228
0.0	12845.914672851562	595.79	4229
0.0	17168.905487060547	575.73	4230
0.0	43506.57064819336	1992.21	4231
0.0	30240.79083251953	1313.64	4232
0.0	33018.96743774414	1500.34	4233
37.0	50000.0	2044.35	4234
0.0	37261.955993652344	1885.43	4235
14.0	50000.0	1475.93	4401
52.0	50000.0	1804.43	4402
26.0	50000.0	1813.84	4403
50.0	50000.0	2317.99	4404
0.0	31374.889770507812	1454.12	4405
0.0	42804.97979736328	2128.66	4406
0.0	24167.048065185547	1055.23	4407
37.0	50000.0	1864.15	4408
0.0	35324.854400634766	2057.97	4409
0.0	39612.55096435547	1497.32	4410
34.0	50000.0	1914.43	4411
503.0	50000.0	2410.26	4412
0.0	16906.433685302734	775.78	4413
0.0	28744.471282958984	1399.33	4414
0.0	15580.718933105469	858.02	4415
465.0	50000.0	2900.77	4416
0.0	36992.0544128418	1957.96	4417
42.0	50000.0	2075.49	4418
0.0	32608.482879638672	1393.94	4419
10.0	50000.0	1791.95	4420
0.0	24754.584838867188	1110.53	4421
0.0	14734.638671875	599.17	4422
0.0	43188.58801269531	2079.3	4423
0.0	28496.010131835938	815.52	4424
0.0	15327.307830810547	845.72	4425
0.0	33301.16003417969	1331.57	4426
99.0	50000.0	1950.17	4427
44.0	50000.0	2293.13	4428
20.0	50000.0	2191.41	4429
0.0	39089.64956665039	1744.67	4430
0.0	21955.02456665039	1198.04	4431
0.0	47112.404357910156	1902.35	4432
62.0	50000.0	1667.28	4601
0.0	31870.185180664062	1257.2	4602
12.0	50000.0	2245.05	4603
837.0	50000.0	2460.82	4604
0.0	9456.387084960938	416.52	4605
0.0	46089.57684326172	1705.13	4606
0.0	35567.50408935547	1403.97	4607
0.0	29439.305450439453	1471.13	4608
0.0	42414.27166748047	1905.88	4609
0.0	21237.472229003906	949.16	4610
0.0	10247.53353881836	415.87	4611
0.0	16405.178985595703	616.21	4612
0.0	36163.207275390625	2151.67	4613
15.0	50000.0	1491.4	4614
18.0	50000.0	1845.32	4615
0.0	28937.337158203125	1273.74	4616
0.0	31584.896240234375	1502.64	4617
25.0	50000.0	2097.04	4618
0.0	20523.191467285156	997.72	4619
0.0	37254.98876953125	1246.99	4620
18.0	50000.0	2455.83	4621
85.0	50000.0	1807.31	4622
0.0	20339.299438476562	790.69	4623
60.0	50000.0	1867.8	4624
0.0	19651.280731201172	936.01	4625
31.0	50000.0	2233.67	4626
29.0	50000.0	2074.62	4627
25.0	50000.0	2512.63	4628
0.0	32400.012939453125	1473.64	4629
0.0	19167.237670898438	780.62	4630
235.0	50000.0	2689.73	4631
38.0	50000.0	2317.37	4632
0.0	41649.771087646484	1612.72	4633
68.0	50000.0	1775.77	4634
0.0	20842.34991455078	706.57	4801
0.0	36221.787109375	1412.26	4802
0.0	18964.215881347656	730.07	4803
42.0	50000.0	2233.63	4804
0.0	40741.08004760742	1908.35	4805
79.0	50000.0	2093.3	4806
0.0	16481.391357421875	786.45	4807
0.0	12698.310119628906	568.98	4808
25.0	50000.0	2150.85	4809
0.0	20585.894134521484	721.42	4810
51.0	50000.0	1723.68	4811
66.0	50000.0	2304.72	4812
0.0	39898.33084106445	1827.06	4813
121.0	50000.0	2638.1	4814
11.0	50000.0	2176.59	4815
62.0	50000.0	2194.63	4816
0.0	23964.874633789062	1126.54	4817
397.0	50000.0	2744.06	4818
63.0	50000.0	1890.89	4819
0.0	37603.4641418457	2143.67	4820
0.0	18136.829620361328	900.42	4821
0.0	49338.607177734375	2541.69	4822
0.0	23280.025817871094	988.59	4823
99.0	50000.0	1997.63	4824
62.0	50000.0	2225.69	4825
32.0	50000.0	2485.56	4826
0.0	40672.68475341797	2013.43	4827
0.0	22520.92413330078	1094.32	4828
43.0	50000.0	1710.09	4829
0.0	36705.10140991211	2016.55	4830
0.0	46122.52062988281	1800.19	4831
0.0	12895.142272949219	619.09	4832
0.0	22204.113372802734	896.59	5011
0.0	38812.5791015625	1170.7	5012
0.0	25994.249572753906	1198.42	5013
0.0	24488.643463134766	1025.02	5014
15.0	50000.0	2128.96	5015
0.0	33743.34036254883	1213.26	5016
0.0	42508.00256347656	1629.63	5017
7.0	50000.0	1908.8	5018
4.0	50000.0	1728.3	5019
51.0	50000.0	2281.07	5020
227.0	50000.0	2699.29	5021
0.0	47354.11795043945	2063.82	5022
45.0	50000.0	1986.96	5023
58.0	50000.0	2683.9	5024
0.0	13775.40869140625	598.26	5025
0.0	16776.35223388672	765.18	5026
21.0	50000.0	1853.53	5027
0.0	31059.384155273438	1444.19	5028
0.0	29696.428314208984	1384.13	5029
36.0	50000.0	2413.3	5030
14.0	50000.0	1945.73	5031
92.0	50000.0	2052.02	5032
0.0	14937.071868896484	661.49	5033
57.0	50000.0	1711.1	5034
25.0	50000.0	1835.1	5035
38.0	50000.0	2609.52	5036
0.0	38199.09423828125	1965.28	5037
0.0	18218.208587646484	812.36	5038
75.0	50000.0	2168.25	5039
0.0	29925.392303466797	1115.12	5040
0.0	36701.862396240234	1779.35	5041
519.0	50000.0	1873.21	5042
0.0	8813.48471069336	426.28	5043
0.0	9728.686981201172	357.28	5201
0.0	31087.885314941406	1077.14	5202
33.0	50000.0	2188.08	5203
0.0	23798.384643554688	957.29	5204
44.0	50000.0	2213.74	5205
0.0	28454.526336669922	1231.42	5206
49.0	50000.0	2034.19	5207
0.0	36719.179748535156	1698.89	5208
0.0	38936.60330200195	1759.57	5209
0.0	11566.82797241211	515.83	5210
0.0	26884.238555908203	1182.37	5211
488.0	50000.0	2444.02	5212
28.0	50000.0	1955.8	5213
0.0	36000.25149536133	1401.65	5214
0.0	20165.51528930664	965.4	5215
31.0	50000.0	1955.17	5216
0.0	28855.671447753906	1248.13	5217
0.0	16049.78433227539	675.79	5218
140.0	50000.0	1973.58	5219
655.0	50000.0	2504.44	5220
0.0	43999.960693359375	2020.32	5221
0.0	25652.47573852539	1167.27	5222
24.0	50000.0	2203.68	5223
0.0	29341.559326171875	1031.8	5224
0.0	41246.95816040039	1801.34	5225
0.0	29179.350006103516	1446.37	5226
636.0	50000.0	2832.52	5227
625.0	50000.0	2796.43	5228
6.0	50000.0	1806.64	5229
166.0	50000.0	2337.81	5230
0.0	29737.7353515625	1485.36	5231
66.0	50000.0	1977.31	5232
50.0	50000.0	1682.58	5401
13.0	50000.0	1893.66	5402
0.0	12642.704803466797	516.81	5403
0.0	31412.356872558594	1485.25	5404
0.0	25674.240203857422	1266.2	5405
0.0	38123.68017578125	1651.87	5406
24.0	50000.0	2523.2	5407
0.0	28296.565216064453	1352.06	5408
97.0	50000.0	2361.25	5409
0.0	22742.07406616211	1043.18	5410
26.0	50000.0	2336.05	5411
0.0	14540.297241210938	644.44	5412
7.0	50000.0	1802.1	5413
607.0	50000.0	2756.95	5414
47.0	50000.0	1741.07	5415
39.0	50000.0	2376.62	5416
0.0	31929.008392333984	1311.43	5417
37.0	50000.0	1831.31	5418
57.0	50000.0	1970.85	5419
57.0	50000.0	2401.01	5420
36.0	50000.0	2410.7	5421
0.0	14957.400848388672	677.86	5422
31.0	50000.0	2507.77	5423
0.0	13196.914154052734	611.19	5424
0.0	26806.01971435547	1292.24	5425
0.0	27853.203338623047	1263.38	5426
0.0	12036.506622314453	607.12	5427
0.0	29695.247314453125	1489.45	5428
0.0	38751.28662109375	1724.73	5429
0.0	33286.46356201172	1667.59	5430
0.0	26358.059478759766	1009.54	5431
0.0	28150.76171875	1476.33	5432
0.0	18765.17840576172	873.56	5433
0.0	44757.33410644531	1833.85	5601
528.0	50000.0	2490.25	5602
0.0	21656.968170166016	980.2	5603
0.0	21050.21990966797	918.06	5604
19.0	50000.0	1615.12	5605
0.0	13721.03564453125	657.02	5606
0.0	32459.01010131836	1377.74	5607
0.0	23617.256744384766	1148.81	5608
0.0	38878.27136230469	1611.24	5609
0.0	26792.12353515625	1207.08	5610
90.0	50000.0	1999.07	5611
58.0	50000.0	2062.56	5612
61.0	50000.0	2066.96	5613
0.0	44832.14392089844	1994.47	5614
42.0	50000.0	2447.04	5615
0.0	41325.13314819336	2113.28	5616
0.0	46240.88473510742	1964.96	5617
0.0	23558.038696289062	1065.83	5618
0.0	21708.949584960938	1017.21	5619
0.0	42922.868103027344	1991.56	5620
0.0	27703.706817626953	1062.82	5621
0.0	26457.541229248047	1365.25	5622
0.0	43927.55941772461	2219.99	5623
66.0	50000.0	1966.8	5624
0.0	24904.18475341797	1185.36	5625
0.0	38989.52624511719	1697.82	5626
26.0	50000.0	1940.22	5627
0.0	41596.817962646484	1667.52	5628
0.0	14307.695220947266	698.72	5629
0.0	16286.610717773438	856.23	5630
0.0	21539.550903320312	811.82	5631
0.0	19249.429077148438	954.52	5632
0.0	29706.95068359375	1491.73	5633
0.0	22843.67901611328	1120.7	5634
45.0	50000.0	2293.19	5635
161.0	50000.0	2062.56	5801
0.0	11394.915710449219	463.98	5802
0.0	46042.38623046875	1634.44	5803
92.0	50000.0	2226.35	5804
0.0	31512.582427978516	1627.72	5805
34.0	50000.0	1630.37	5806
43.0	50000.0	1942.83	5807
0.0	13647.97592163086	638.15	5808
60.0	50000.0	2096.64	5809
305.0	50000.0	2405.11	5810
17.0	50000.0	2225.96	5811
70.0	50000.0	2610.03	5812
0.0	28816.367889404297	1471.81	5813
0.0	40765.94607543945	2050.25	5814
0.0	22582.56460571289	935.12	5815
0.0	15617.119323730469	903.82	5816
0.0	16604.880493164062	792.58	5817
384.0	50000.0	2911.55	5818
0.0	22792.135131835938	994.42	5819
7.0	50000.0	1886.61	5820
0.0	24704.755889892578	1395.39	5821
0.0	20001.355529785156	926.7	5822
0.0	44149.41018676758	1759.69	5823
0.0	11255.669616699219	535.33	5824
36.0	50000.0	2020.93	5825
0.0	21844.822631835938	984.6	5826
56.0	50000.0	1997.27	5827
28.0	50000.0	2154.98	5828
0.0	11208.738006591797	574.66	5829
21.0	50000.0	2067.35	5830
65.0	50000.0	2660.72	5831
0.0	21195.433471679688	977.94	5832
49.0	50000.0	1494.46	5833
59.0	50000.0	1757.97	6014
21.0	50000.0	2062.78	6015
0.0	25184.23114013672	1079.47	6016
8.0	50000.0	2092.55	6017
0.0	46959.220306396484	1889.6	6018
0.0	22947.054168701172	1001.35	6019
728.0	50000.0	2731.51	6020
0.0	15570.030456542969	713.42	6021
0.0	43051.019592285156	1951.13	6022
0.0	47427.096771240234	1863.29	6023
206.0	50000.0	2221.05	6024
0.0	46732.30130004883	1542.57	6025
53.0	50000.0	2406.09	6026
12.0	50000.0	2339.24	6027
75.0	50000.0	2023.32	6028
0.0	39858.78497314453	1493.87	6029
0.0	27805.35577392578	1360.04	6030
471.0	50000.0	2829.9	6031
75.0	50000.0	1913.44	6032
26.0	50000.0	1954.19	6033
0.0	17295.588928222656	784.64	6034
57.0	50000.0	1906.58	6035
0.0	43122.421447753906	1879.34	6036
72.0	50000.0	2034.27	6037
0.0	27535.895385742188	1348.76	6038
60.0	50000.0	2175.4	6039
0.0	28987.195709228516	1198.71	6040
53.0	50000.0	1465.43	6041
728.0	50000.0	3289.56	6042
0.0	42917.82858276367	1535.82	6201
65.0	50000.0	2195.18	6202
65.0	50000.0	1791.31	6203
0.0	23912.231201171875	977.41	6204
15.0	50000.0	1985.3	6205
12.0	50000.0	1916.76	6206
25.0	50000.0	2141.15	6207
0.0	21137.760223388672	933.29	6208
0.0	41305.3505859375	1794.49	6209
0.0	13297.265258789062	707.17	6210
7.0	50000.0	1380.04	6211
712.0	50000.0	3154.18	6212
46.0	50000.0	1826.52	6213
52.0	50000.0	2296.79	6214
28.0	50000.0	2245.27	6215
0.0	14022.744354248047	709.98	6216
0.0	15061.180206298828	656.61	6217
64.0	50000.0	1415.65	6218
0.0	21725.00454711914	1256.24	6219
25.0	50000.0	2799.29	6220
138.0	50000.0	2442.09	6221
31.0	50000.0	2587.3	6222
0.0	30452.846099853516	1304.2	6223
0.0	18422.811401367188	758.1	6224
0.0	31055.32211303711	1579.27	6225
52.0	50000.0	2083.03	6226
0.0	45734.023040771484	2328.39	6227
0.0	32835.94110107422	1719.3	6228
661.0	50000.0	2855.34	6229
10.0	50000.0	1698.4	6230
0.0	35657.05871582031	1239.49	6401
0.0	35867.74215698242	1357.34	6402
0.0	22587.725128173828	934.4	6403
0.0	41445.06610107422	1508.69	6404
76.0	50000.0	1731.75	6405
0.0	33257.05599975586	1498.35	6406
22.0	50000.0	2493.99	6407
112.0	50000.0	2286.16	6408
0.0	16933.074188232422	677.93	6409
0.0	27444.454376220703	1380.82	6410
129.0	50000.0	2032.9	6411
0.0	40795.00375366211	1901.77	6412
66.0	50000.0	2202.53	6413
0.0	44084.6091003418	1454.6	6414
0.0	16963.287200927734	812.0	6415
189.0	50000.0	2849.41	6416
42.0	50000.0	2310.34	6417
119.0	50000.0	1796.74	6418
572.0	50000.0	3044.89	6419
59.0	50000.0	2672.35	6420
0.0	36925.190368652344	1391.97	6421
0.0	28961.54620361328	1492.9	6422
0.0	17516.92837524414	644.03	6423
20.0	50000.0	1786.93	6424
0.0	20846.339630126953	974.02	6425
0.0	9436.392211914062	384.09	6426
0.0	20744.13751220703	954.31	6427
0.0	15366.750091552734	882.46	6428
0.0	20086.955932617188	1026.96	6429
0.0	17842.95147705078	864.57	6430
0.0	22368.68280029297	1000.25	6431
72.0	50000.0	2561.19	6432
0.0	27941.544067382812	1331.68	6433
0.0	22626.244049072266	1054.66	6434
0.0	26493.967681884766	1126.82	6601
0.0	27537.650909423828	1239.95	6602
0.0	32668.732696533203	1548.64	6603
0.0	29681.884338378906	1319.38	6604
0.0	36489.13967895508	1317.68	6605
0.0	30003.852142333984	1258.18	6606
692.0	50000.0	2635.53	6607
0.0	10816.138732910156	505.28	6608
0.0	15371.697479248047	708.85	6609
15.0	50000.0	2093.79	6610
0.0	42757.31362915039	1707.09	6611
0.0	15035.125366210938	658.08	6612
38.0	50000.0	2128.49	6613
26.0	50000.0	1862.14	6614
0.0	17532.05010986328	831.13	6615
0.0	27041.79751586914	1082.75	6616
0.0	19929.754791259766	629.61	6617
351.0	50000.0	3274.32	6618
43.0	50000.0	2087.68	6619
689.0	50000.0	2828.61	6620
0.0	15896.700317382812	681.73	6621
0.0	40776.86315917969	1258.22	6622
0.0	22485.854888916016	1027.19	6623
0.0	48733.810302734375	2080.56	6624
0.0	18305.954345703125	614.0	6625
45.0	50000.0	2711.17	6626
0.0	28329.706787109375	1489.15	6627
0.0	47599.22091674805	1926.83	6628
292.0	50000.0	2821.37	6629
0.0	30302.395782470703	1422.92	6630
546.0	50000.0	1827.54	6631
765.0	50000.0	2901.34	6632
0.0	46610.33752441406	2006.29	6633
0.0	32580.19369506836	1313.78	6634
698.0	50000.0	2108.1	6801
0.0	32205.761444091797	1194.4	6802
577.0	50000.0	2607.5	6803
0.0	19169.562866210938	816.55	6804
50.0	50000.0	2496.24	6805
0.0	18435.593353271484	828.5	6806
403.0	50000.0	2661.56	6807
0.0	25468.595336914062	1043.63	6808
6.0	50000.0	2119.52	6809
348.0	50000.0	2758.52	6810
0.0	34575.21432495117	1597.46	6811
567.0	50000.0	2827.16	6812
0.0	40450.21075439453	1973.56	6813
212.0	50000.0	2684.63	6814
0.0	16895.177276611328	814.07	6815
0.0	39589.341369628906	1825.71	6816
81.0	50000.0	2427.85	6817
14.0	50000.0	2132.31	6818
0.0	23973.279174804688	1082.79	6819
30.0	50000.0	1547.32	6820
70.0	50000.0	2207.01	6821
47.0	50000.0	2367.78	6822
61.0	50000.0	2686.97	6823
13.0	50000.0	1389.18	6824
0.0	26366.725952148438	1038.79	6825
0.0	18180.4111328125	948.6	6826
15.0	50000.0	2781.03	6827
23.0	50000.0	2144.34	6828
0.0	49270.64926147461	1587.3	9
0.0	43896.68899536133	1632.44	10
0.0	18806.99444580078	734.34	11
0.0	20479.992645263672	738.27	12
21.0	50000.0	1655.35	13
0.0	14388.650848388672	630.69	14
62.0	50000.0	1669.41	15
0.0	30942.463470458984	1250.25	16
18.0	50000.0	1769.45	17
0.0	14411.733612060547	589.18	18
17.0	50000.0	1693.96	19
0.0	30971.839935302734	984.0	20
83.0	50000.0	1872.65	501
0.0	35902.209564208984	1242.99	502
68.0	50000.0	1774.34	503
0.0	34704.49087524414	1091.12	504
0.0	27658.798431396484	1145.87	505
115.0	50000.0	2008.37	506
44.0	50000.0	1690.32	507
38.0	50000.0	1655.84	508
0.0	19027.270294189453	829.61	509
0.0	42742.39416503906	1888.67	510
0.0	31335.038543701172	1125.1	1001
28.0	50000.0	1502.99	1002
0.0	30046.09194946289	1083.46	1003
0.0	29171.114166259766	1218.98	1004
0.0	23344.50180053711	795.22	1005
24.0	50000.0	2040.23	1006
0.0	40227.4287109375	1529.34	1007
0.0	20690.349365234375	840.42	1008
65.0	50000.0	2002.33	1009
0.0	31677.921478271484	1225.98	1010
108.0	50000.0	2074.25	1011
82.0	50000.0	1640.48	1501
0.0	16351.689727783203	695.1	1502
34.0	50000.0	1918.77	1503
33.0	50000.0	1735.18	1504
593.0	50000.0	2326.1	1505
0.0	29312.731170654297	1012.38	1506
27.0	50000.0	2277.43	1507
0.0	27696.640502929688	968.76	1508
69.0	50000.0	1775.68	1509
56.0	50000.0	1853.61	2001
74.0	50000.0	1840.38	2002
52.0	50000.0	1812.9	2003
0.0	36664.113708496094	1538.83	2004
0.0	48334.31134033203	2021.49	2005
41.0	50000.0	1604.98	2006
0.0	33260.17428588867	1247.49	2007
0.0	21261.826080322266	941.51	2008
0.0	22523.917877197266	846.42	2009
0.0	32261.631591796875	1161.18	2010
75.0	50000.0	1516.43	2501
0.0	31070.79425048828	1237.4	2502
0.0	11296.551055908203	449.42	2503
0.0	12941.580505371094	488.81	2504
0.0	18157.802337646484	687.07	2505
183.0	50000.0	2169.06	2506
0.0	17655.324340820312	743.04	2507
0.0	43804.306884765625	1369.49	2508
0.0	28571.89779663086	1067.41	2509
0.0	20497.69906616211	672.43	2510
0.0	27253.99169921875	914.5	2511
216.0	50000.0	2305.25	2512
0.0	21949.64013671875	961.28	2513
0.0	31352.907318115234	1265.76	3001
26.0	50000.0	1455.52	3002
10.0	50000.0	1739.27	3003
19.0	50000.0	1535.53	3004
0.0	21612.408721923828	785.19	3005
71.0	50000.0	1934.25	3006
0.0	19809.051879882812	833.43	3007
30.0	50000.0	1608.8	3008
0.0	47563.47476196289	1547.61	3009
0.0	35661.527740478516	1481.24	3010
0.0	33891.39614868164	1166.23	3011
337.0	50000.0	2220.57	3501
105.0	50000.0	2073.51	3502
0.0	11765.127899169922	463.45	3503
0.0	15676.969146728516	592.24	3504
0.0	37131.432373046875	1334.91	3505
53.0	50000.0	1520.86	3506
0.0	31366.66326904297	1201.52	3507
0.0	24480.197296142578	908.3	3508
0.0	16345.680786132812	688.34	3509
0.0	41783.14758300781	1880.2	3510
105.0	50000.0	1790.7	3511
0.0	40848.7981262207	1526.7	4001
0.0	21671.937103271484	767.49	4002
0.0	15892.431427001953	573.0	4003
0.0	24959.149353027344	918.58	4004
54.0	50000.0	1669.03	4005
0.0	40850.950103759766	1530.25	4006
0.0	14046.236572265625	517.84	4007
88.0	50000.0	2111.99	4008
0.0	22993.226623535156	855.34	4009
19.0	50000.0	2082.17	4010
17.0	50000.0	1645.34	4011
0.0	21706.684112548828	823.02	4501
0.0	22793.17984008789	830.17	4502
2.0	50000.0	1420.72	4503
55.0	50000.0	1975.95	4504
67.0	50000.0	1734.26	4505
138.0	50000.0	2100.22	4506
0.0	33379.54867553711	1448.36	4507
0.0	27180.27163696289	1103.54	4508
0.0	9334.724334716797	362.32	4509
0.0	39128.213470458984	1499.54	4510
548.0	50000.0	2328.38	4511
0.0	17727.467742919922	655.53	5001
74.0	50000.0	1588.0	5002
0.0	41607.495666503906	1648.69	5003
57.0	50000.0	1724.18	5004
29.0	50000.0	1608.8	5005
14.0	50000.0	1534.86	5006
67.0	50000.0	2120.03	5007
0.0	48409.226135253906	1757.24	5008
0.0	29813.727264404297	1061.91	5009
0.0	16587.77862548828	568.23	5501
0.0	30044.168029785156	1045.72	5502
0.0	15695.204406738281	618.96	5503
0.0	26753.893829345703	1051.38	5504
49.0	50000.0	1902.16	5505
103.0	50000.0	1761.3	5506
18.0	50000.0	1507.24	5507
0.0	19669.61215209961	736.29	5508
259.0	50000.0	2271.26	5509
35.0	50000.0	1503.08	5510
25.0	50000.0	1952.0	5511
0.0	28732.808074951172	1008.97	6001
0.0	14057.268005371094	461.36	6002
35.0	50000.0	1555.51	6003
0.0	5913.322662353516	234.45	6004
13.0	50000.0	1593.94	6005
0.0	14230.157623291016	542.13	6006
136.0	50000.0	2185.92	6007
0.0	17564.05499267578	765.85	6008
45.0	50000.0	1809.82	6009
0.0	21716.546295166016	852.84	6010
0.0	20033.817810058594	874.08	6011
0.0	22157.497619628906	919.68	6012
65.0	50000.0	2066.77	6013
0.0	21715.268524169922	741.32	6501
29.0	50000.0	1733.68	6502
0.0	42587.19869995117	1400.8	6503
0.0	19863.253173828125	816.95	6504
0.0	45773.758239746094	1343.04	6505
20.0	50000.0	2110.16	6506
0.0	26130.674591064453	911.72	6507
0.0	48563.21578979492	1821.5	6508
0.0	18372.136352539062	791.77	6509
0.0	24050.500885009766	886.59	6510
0.0	29579.78466796875	975.54	6511
31.0	50000.0	1652.39	6512
61.0	50000.0	1744.93	1
104.0	50000.0	1536.86	2
0.0	40388.14724731445	1446.19	3
0.0	18068.831573486328	711.48	4
696.0	50000.0	2164.55	5
0.0	36757.47546386719	1029.64	6
406.0	50000.0	2180.11	7
0.0	29351.115203857422	1057.2	8
31.0	50000.0	1559.96	981
0.0	38778.864166259766	1431.92	982
764.0	50000.0	2116.42	983
473.0	50000.0	2123.07	984
0.0	20965.804962158203	754.16	985
0.0	47719.87237548828	1708.74	986
42.0	50000.0	1499.86	987
0.0	17125.029541015625	617.18	1961
48.0	50000.0	1801.8	1962
0.0	35340.18716430664	1340.23	1963
0.0	42945.50259399414	1699.47	1964
0.0	36095.38830566406	1322.08	1965
0.0	38274.45095825195	1405.08	1966
0.0	26634.457397460938	1071.01	1967
727.0	50000.0	2138.12	1968
90.0	50000.0	1525.49	2941
7.0	50000.0	1534.12	2942
0.0	33025.2844543457	1048.45	2943
0.0	17359.966827392578	644.55	2944
69.0	50000.0	1868.87	2945
27.0	50000.0	1700.35	2946
0.0	48060.1169128418	1872.84	2947
85.0	50000.0	1565.04	2948
373.0	50000.0	2044.03	3921
0.0	12409.995147705078	431.26	3922
52.0	50000.0	1658.74	3923
0.0	48277.64401245117	1605.52	3924
0.0	47610.29089355469	1624.52	3925
0.0	20597.6259765625	830.5	3926
49.0	50000.0	1810.79	3927
0.0	17359.058868408203	637.51	3928
0.0	49210.89822387695	1495.72	3929
310.0	50000.0	2003.73	4901
0.0	45829.0339050293	1709.31	4902
3.0	50000.0	1462.83	4903
70.0	50000.0	2101.53	4904
0.0	26353.79965209961	934.87	4905
0.0	14602.09683227539	534.92	4906
0.0	34858.09649658203	1151.57	4907
14.0	50000.0	1459.97	4908
0.0	36971.041076660156	1210.79	5881
0.0	28573.43829345703	957.95	5882
709.0	50000.0	2070.58	5883
118.0	50000.0	2118.03	5884
0.0	18435.80743408203	585.22	5885
47.0	50000.0	1863.73	5886
0.0	34061.118408203125	1050.19	5887
29.0	50000.0	1562.45	5888
402.0	50000.0	1859.95	6861
0.0	16287.606536865234	559.67	6862
11.0	50000.0	1813.92	6863
0.0	37161.35437011719	1186.16	6864
0.0	35156.06005859375	1325.1	6865
0.0	32893.68322753906	1200.5	6866
29.0	50000.0	1533.17	6867
0.0	36741.126708984375	1299.3	6868
0.0	24419.053131103516	997.05	6869
