#FMS random 4-SAT
#N=32768  nIter=50000  alpha=950   NSamples=535
#av(nit)	4656.8753355222325
#std(nit)	71.33706164501777
#av(e)	0.0
#std(e)	0.0
#av(runtime)	180.3776261682243
#std(runtime)	2.7954981908386234
0.0	13506.746032714844	521.35	1
0.0	4063.3102416992188	160.9	2
0.0	2733.989471435547	92.74	3
0.0	3563.749267578125	132.48	4
0.0	3821.3059997558594	136.06	5
0.0	2641.179656982422	95.16	6
0.0	6019.055755615234	233.44	7
0.0	7358.795349121094	278.22	8
0.0	5101.9046630859375	197.41	9
0.0	4752.928405761719	191.66	10
0.0	3977.386993408203	162.53	11
0.0	8708.935089111328	329.1	12
0.0	4095.006561279297	158.91	13
0.0	3764.733856201172	148.33	14
0.0	3721.1188049316406	142.7	15
0.0	4862.2281494140625	188.29	16
0.0	3375.524871826172	132.88	17
0.0	3171.0330505371094	122.51	18
0.0	3189.3684997558594	121.25	19
0.0	3352.8307495117188	132.92	20
0.0	3811.5093688964844	139.31	21
0.0	4869.191101074219	193.82	22
0.0	6160.4266357421875	238.84	23
0.0	6391.138824462891	244.37	24
0.0	3071.389892578125	124.08	25
0.0	6859.964935302734	274.98	26
0.0	4842.792144775391	193.43	27
0.0	5034.126953125	201.11	28
0.0	2816.3673706054688	103.23	29
0.0	4829.640167236328	192.48	30
0.0	4265.774169921875	164.13	31
0.0	6873.861724853516	273.07	32
0.0	4158.288909912109	150.09	33
0.0	3585.480224609375	146.0	34
0.0	4007.033935546875	155.01	35
0.0	3567.0346069335938	137.73	36
0.0	4975.703552246094	192.65	37
0.0	2952.4969787597656	113.07	38
0.0	3356.863006591797	136.11	39
0.0	6942.3218994140625	272.58	40
0.0	2269.67333984375	90.37	41
0.0	6212.478485107422	250.01	42
0.0	3050.6902465820312	120.81	43
0.0	8015.987213134766	326.48	44
0.0	4151.836029052734	159.45	45
0.0	2880.5352478027344	118.38	46
0.0	5627.986145019531	222.23	47
0.0	5095.7088623046875	209.25	48
0.0	5996.970062255859	247.14	49
0.0	3219.322967529297	124.7	50
0.0	3695.8920288085938	125.41	51
0.0	2568.8578491210938	99.03	52
0.0	3240.0442810058594	120.9	53
0.0	3089.2111206054688	103.75	54
0.0	5098.323059082031	205.12	55
0.0	3815.1712341308594	146.61	56
0.0	5020.869110107422	194.9	57
0.0	6882.330169677734	284.08	58
0.0	3148.7147216796875	118.0	59
0.0	3616.7158203125	137.89	60
0.0	5113.062438964844	200.16	61
0.0	3917.436279296875	151.88	62
0.0	2575.326171875	101.92	63
0.0	3368.590850830078	132.9	64
0.0	3426.5807189941406	138.11	65
0.0	4364.834686279297	179.0	66
0.0	4135.92626953125	162.87	67
0.0	3187.837677001953	129.73	68
0.0	5254.391906738281	191.39	981
0.0	3714.9891357421875	143.82	982
0.0	3426.5901489257812	136.56	983
0.0	3552.718231201172	139.03	984
0.0	3074.2311096191406	121.98	985
0.0	3912.5946044921875	151.57	986
0.0	3718.6663208007812	144.92	987
0.0	5444.3570556640625	200.54	988
0.0	7298.866668701172	293.58	989
0.0	6279.098876953125	235.11	990
0.0	4857.492248535156	184.17	991
0.0	9745.93637084961	397.16	992
0.0	2968.614715576172	114.8	993
0.0	4690.410003662109	188.12	994
0.0	3584.8763427734375	140.47	995
0.0	3333.4840087890625	129.96	996
0.0	3078.6182250976562	123.08	997
0.0	6208.381561279297	220.84	998
0.0	4602.742767333984	177.54	999
0.0	3451.0850524902344	105.95	1000
0.0	10041.222961425781	355.75	1001
0.0	4170.532257080078	159.6	1002
0.0	4214.399688720703	167.0	1003
0.0	2910.2862243652344	108.04	1004
0.0	3340.6856994628906	131.15	1005
0.0	9763.108703613281	353.64	1006
0.0	2787.1488037109375	107.14	1007
0.0	7225.5704345703125	283.18	1008
0.0	4377.400634765625	171.75	1009
0.0	2492.3947143554688	85.88	1010
0.0	4679.376922607422	185.18	1011
0.0	7000.017639160156	254.92	1012
0.0	4736.790100097656	159.89	1013
0.0	2973.9915771484375	116.64	1014
0.0	4893.1932373046875	197.36	1015
0.0	4646.343841552734	184.91	1016
0.0	2705.765411376953	105.43	1017
0.0	3946.2203674316406	158.83	1018
0.0	2284.1175842285156	86.18	1019
0.0	5149.936920166016	204.39	1020
0.0	5898.986022949219	243.55	1021
0.0	6920.020233154297	251.1	1022
0.0	5558.946319580078	222.43	1023
0.0	2180.137908935547	86.23	1024
0.0	4839.3521728515625	182.65	1025
0.0	5543.432067871094	226.47	1026
0.0	3817.6402587890625	139.41	1027
0.0	4931.083740234375	199.12	1028
0.0	5056.873077392578	197.96	1029
0.0	2549.5338745117188	102.47	1030
0.0	2832.446533203125	109.52	1031
0.0	6003.836730957031	244.27	1032
0.0	3896.488006591797	151.51	1033
0.0	4125.029205322266	168.54	1034
0.0	3958.2667236328125	145.45	1035
0.0	3066.0052185058594	121.96	1036
0.0	4204.5242919921875	168.17	1037
0.0	4374.9300537109375	178.04	1038
0.0	4417.089080810547	177.16	1039
0.0	3203.0118103027344	125.86	1040
0.0	6572.034637451172	259.71	1041
0.0	3056.8782348632812	112.36	1042
0.0	5007.434417724609	205.75	1043
0.0	5095.561584472656	205.59	1044
0.0	6216.256317138672	236.02	1045
0.0	4317.204803466797	174.97	1046
0.0	5347.435241699219	212.71	1047
0.0	4521.508636474609	177.26	1048
0.0	3483.657470703125	132.62	1961
0.0	4262.671478271484	155.96	1962
0.0	3232.139892578125	122.99	1963
0.0	4986.5775146484375	180.39	1964
0.0	4911.189147949219	188.28	1965
0.0	5929.597229003906	211.65	1966
0.0	4612.325988769531	177.64	1967
0.0	4917.565643310547	189.14	1968
0.0	12218.90414428711	436.3	1969
0.0	3725.7966918945312	143.51	1970
0.0	6614.4967041015625	249.97	1971
0.0	3220.2847595214844	121.62	1972
0.0	2647.4716796875	106.52	1973
0.0	7087.849395751953	257.0	1974
0.0	4803.161773681641	190.07	1975
0.0	2811.0232543945312	110.72	1976
0.0	6802.923278808594	263.02	1977
0.0	5935.040252685547	246.36	1978
0.0	5051.224395751953	192.34	1979
0.0	4106.807220458984	165.7	1980
0.0	6879.545654296875	259.49	1981
0.0	4337.678802490234	167.25	1982
0.0	4508.117248535156	178.89	1983
0.0	4781.615661621094	174.04	1984
0.0	3735.973419189453	145.48	1985
0.0	2916.6477966308594	109.29	1986
0.0	2335.489227294922	88.84	1987
0.0	4155.9295654296875	160.59	1988
0.0	4494.116485595703	180.08	1989
0.0	4699.017120361328	183.69	1990
0.0	3697.821502685547	136.27	1991
0.0	3999.5437622070312	158.28	1992
0.0	5320.229217529297	210.17	1993
0.0	3601.558349609375	144.05	1994
0.0	5730.021148681641	199.17	1995
0.0	6253.3677978515625	253.79	1996
0.0	4163.054290771484	167.65	1997
0.0	3150.482879638672	121.54	1998
0.0	3388.6956176757812	134.28	1999
0.0	4120.394378662109	170.31	2000
0.0	3706.6126708984375	153.96	2001
0.0	7345.189788818359	252.13	2002
0.0	3622.9061889648438	148.08	2003
0.0	4986.443450927734	200.9	2004
0.0	5478.7457275390625	221.9	2005
0.0	3151.4098510742188	115.56	2006
0.0	7133.271423339844	294.32	2007
0.0	4080.0034790039062	147.39	2008
0.0	2659.8648681640625	108.77	2009
0.0	3817.4231567382812	153.81	2010
0.0	3253.9952087402344	129.71	2011
0.0	6727.784210205078	276.85	2012
0.0	2442.7089233398438	99.41	2013
0.0	4302.291168212891	173.68	2014
0.0	3402.8121337890625	130.08	2015
0.0	8848.982788085938	343.81	2016
0.0	4029.7557067871094	160.08	2017
0.0	6532.8760986328125	258.63	2018
0.0	2802.714874267578	108.13	2019
0.0	4888.470550537109	170.05	2020
0.0	3551.0904541015625	133.39	2021
0.0	3015.2547912597656	117.35	2022
0.0	10340.53695678711	418.06	2023
0.0	3016.1775817871094	109.71	2024
0.0	4254.464935302734	157.01	2025
0.0	2256.9530639648438	91.36	2026
0.0	5344.5972900390625	218.81	2027
0.0	5080.926422119141	189.11	2941
0.0	5334.2987060546875	205.25	2942
0.0	7289.269134521484	277.83	2943
0.0	2950.7643432617188	112.48	2944
0.0	5829.551208496094	229.38	2945
0.0	4177.788421630859	158.97	2946
0.0	3784.9197692871094	141.66	2947
0.0	8175.6787109375	308.89	2948
0.0	4259.413391113281	161.39	2949
0.0	4828.679595947266	182.01	2950
0.0	4905.873291015625	189.93	2951
0.0	4228.191101074219	150.88	2952
0.0	3248.585968017578	120.91	2953
0.0	6535.323303222656	253.12	2954
0.0	5782.033416748047	228.18	2955
0.0	7282.319000244141	296.02	2956
0.0	5841.836120605469	226.08	2957
0.0	4030.9531860351562	153.81	2958
0.0	6950.809417724609	261.03	2959
0.0	2997.4183959960938	119.85	2960
0.0	4969.507415771484	188.31	2961
0.0	4563.285919189453	169.72	2962
0.0	3013.4662170410156	108.06	2963
0.0	6397.960784912109	249.97	2964
0.0	6326.151031494141	253.35	2965
0.0	4451.295654296875	163.99	2966
0.0	3779.6362915039062	138.57	2967
0.0	4473.039642333984	159.23	2968
0.0	4804.035980224609	199.4	2969
0.0	2627.268829345703	94.05	2970
0.0	3366.3253784179688	132.26	2971
0.0	3921.528350830078	154.4	2972
0.0	5036.360198974609	193.19	2973
0.0	3661.0914916992188	140.2	2974
0.0	3990.9149780273438	157.91	2975
0.0	3873.046875	155.53	2976
0.0	5020.365203857422	179.46	2977
0.0	4016.3189697265625	156.73	2978
0.0	3658.0838623046875	136.61	2979
0.0	4545.272918701172	176.81	2980
0.0	6127.644012451172	244.65	2981
0.0	6530.5823974609375	263.41	2982
0.0	5108.6531982421875	198.4	2983
0.0	1902.2519836425781	79.3	2984
0.0	3080.956756591797	119.68	2985
0.0	5499.260406494141	195.83	2986
0.0	5037.819915771484	200.03	2987
0.0	4788.452819824219	180.92	2988
0.0	4502.478790283203	173.55	2989
0.0	5423.0106201171875	213.53	2990
0.0	4657.816680908203	185.98	2991
0.0	2879.572479248047	98.99	2992
0.0	2984.8558654785156	109.06	2993
0.0	4410.494201660156	175.11	2994
0.0	8410.859008789062	342.88	2995
0.0	3882.3182983398438	138.83	2996
0.0	3355.351104736328	134.8	2997
0.0	4079.9712524414062	159.0	2998
0.0	2980.7972412109375	121.56	2999
0.0	3330.9484252929688	139.55	3000
0.0	3999.832275390625	139.62	3001
0.0	5050.585693359375	207.4	3002
0.0	5227.8409423828125	189.45	3003
0.0	3465.670379638672	136.48	3004
0.0	7028.339416503906	277.2	3005
0.0	4096.819122314453	147.35	3006
0.0	5325.566253662109	206.53	3007
0.0	7910.162628173828	304.2	3921
0.0	4058.1151733398438	145.86	3922
0.0	5361.673522949219	212.86	3923
0.0	3359.548370361328	115.72	3924
0.0	5072.178863525391	183.7	3925
0.0	7984.503509521484	312.29	3926
0.0	6516.092254638672	232.39	3927
0.0	3761.1293334960938	141.91	3928
0.0	7179.139587402344	271.62	3929
0.0	4217.981262207031	168.44	3930
0.0	2749.5691528320312	108.47	3931
0.0	4576.778594970703	174.12	3932
0.0	3739.754425048828	149.94	3933
0.0	3472.3850708007812	135.35	3934
0.0	4096.257995605469	162.81	3935
0.0	4605.014068603516	172.63	3936
0.0	4034.8884887695312	161.93	3937
0.0	5062.486572265625	177.62	3938
0.0	4260.846160888672	172.59	3939
0.0	7416.9820556640625	290.53	3940
0.0	7291.123352050781	287.7	3941
0.0	3477.2469482421875	138.71	3942
0.0	5450.84033203125	212.13	3943
0.0	5458.232452392578	208.84	3944
0.0	4112.324035644531	154.04	3945
0.0	3246.4735412597656	127.26	3946
0.0	2819.346649169922	108.65	3947
0.0	5294.327453613281	191.89	3948
0.0	4202.358245849609	160.67	3949
0.0	4707.545654296875	191.45	3950
0.0	5590.2327880859375	191.04	3951
0.0	4125.865386962891	145.73	3952
0.0	3985.4888610839844	153.42	3953
0.0	5858.771240234375	226.43	3954
0.0	4068.8170166015625	164.13	3955
0.0	5076.767913818359	203.45	3956
0.0	4609.23876953125	184.5	3957
0.0	4038.2771911621094	160.56	3958
0.0	5735.814239501953	227.91	3959
0.0	4625.3782958984375	188.81	3960
0.0	6065.210479736328	241.88	3961
0.0	11289.187713623047	450.55	3962
0.0	5217.927337646484	213.43	3963
0.0	3081.612274169922	121.96	3964
0.0	4246.257354736328	172.01	3965
0.0	6995.665283203125	266.24	3966
0.0	2303.171905517578	82.18	3967
0.0	2852.866455078125	111.21	3968
0.0	4307.851837158203	166.76	3969
0.0	3198.9947509765625	129.38	3970
0.0	3417.9933166503906	132.99	3971
0.0	4417.651611328125	168.51	3972
0.0	4226.164245605469	165.59	3973
0.0	3927.8418884277344	156.89	3974
0.0	5791.770965576172	211.65	3975
0.0	3424.1973876953125	139.37	3976
0.0	2841.2499084472656	108.95	3977
0.0	4312.925628662109	170.87	3978
0.0	2962.7672729492188	115.81	3979
0.0	6627.0184326171875	255.96	3980
0.0	2927.856231689453	113.73	3981
0.0	3214.085906982422	127.96	3982
0.0	4291.813079833984	146.58	3983
0.0	3961.459930419922	158.98	3984
0.0	6842.752960205078	286.24	3985
0.0	3817.6669006347656	155.4	3986
0.0	2564.195098876953	94.56	4901
0.0	4009.195281982422	152.47	4902
0.0	3862.6126098632812	151.29	4903
0.0	5868.267028808594	223.81	4904
0.0	2432.1034545898438	93.46	4905
0.0	4490.399322509766	173.37	4906
0.0	4525.719085693359	161.39	4907
0.0	3507.3768920898438	124.52	4908
0.0	3901.1141967773438	151.17	4909
0.0	3301.986328125	122.14	4910
0.0	4187.8759765625	164.59	4911
0.0	4414.0291748046875	162.55	4912
0.0	7969.422790527344	267.41	4913
0.0	7302.607208251953	284.64	4914
0.0	2731.5342712402344	107.96	4915
0.0	4307.843414306641	169.82	4916
0.0	4221.848419189453	162.58	4917
0.0	3423.976593017578	137.34	4918
0.0	5008.180938720703	198.94	4919
0.0	4037.5313110351562	154.11	4920
0.0	5979.830047607422	232.39	4921
0.0	4296.481353759766	163.08	4922
0.0	4967.67919921875	196.93	4923
0.0	4453.055267333984	177.25	4924
0.0	4017.5673828125	159.45	4925
0.0	10599.688385009766	415.56	4926
0.0	3502.217071533203	135.87	4927
0.0	10350.832824707031	396.99	4928
0.0	4112.028076171875	162.26	4929
0.0	2983.0468139648438	113.65	4930
0.0	3526.24609375	142.47	4931
0.0	10245.745422363281	413.74	4932
0.0	3394.5577697753906	136.59	4933
0.0	5261.936950683594	198.35	4934
0.0	5419.504455566406	217.19	4935
0.0	5119.818939208984	207.12	4936
0.0	4213.201385498047	172.7	4937
0.0	5663.3013916015625	228.46	4938
0.0	5285.739166259766	203.96	4939
0.0	5533.335235595703	208.61	4940
0.0	5020.267028808594	208.98	4941
0.0	5927.812469482422	217.4	4942
0.0	2458.66015625	96.3	4943
0.0	2342.0845336914062	79.94	4944
0.0	4682.996429443359	185.72	4945
0.0	9224.097930908203	384.28	4946
0.0	5803.889068603516	234.57	4947
0.0	5199.524353027344	211.1	4948
0.0	5624.6085205078125	225.72	4949
0.0	4754.314239501953	193.32	4950
0.0	4285.5909423828125	178.44	4951
0.0	3019.1599731445312	114.79	4952
0.0	4749.443634033203	174.45	4953
0.0	6256.989044189453	257.63	4954
0.0	4397.470916748047	175.88	4955
0.0	3517.347930908203	135.99	4956
0.0	3399.0447692871094	133.51	4957
0.0	3182.8526306152344	128.73	4958
0.0	3540.4271850585938	143.47	4959
0.0	3820.1034545898438	141.75	4960
0.0	5771.6844482421875	230.11	4961
0.0	7310.601348876953	302.96	4962
0.0	4002.7976684570312	151.58	4963
0.0	5652.7708740234375	223.01	4964
0.0	4315.445526123047	158.21	5881
0.0	3569.456085205078	122.02	5882
0.0	9053.754608154297	358.61	5883
0.0	4943.997955322266	187.61	5884
0.0	7084.126922607422	270.9	5885
0.0	6839.059295654297	258.25	5886
0.0	6946.650207519531	263.12	5887
0.0	4961.66455078125	188.77	5888
0.0	3330.5689086914062	121.18	5889
0.0	4050.78662109375	158.28	5890
0.0	4413.734161376953	164.37	5891
0.0	3154.761260986328	117.63	5892
0.0	4726.5758056640625	181.26	5893
0.0	8032.3377685546875	300.44	5894
0.0	3849.4684143066406	147.33	5895
0.0	4665.845642089844	184.69	5896
0.0	5763.421417236328	213.15	5897
0.0	3641.1820678710938	143.86	5898
0.0	2724.4043579101562	105.56	5899
0.0	8619.98648071289	345.1	5900
0.0	4302.948303222656	164.84	5901
0.0	6204.770782470703	235.98	5902
0.0	2338.6172485351562	96.58	5903
0.0	6573.199981689453	243.12	5904
0.0	2997.115447998047	118.32	5905
0.0	6916.1099853515625	262.83	5906
0.0	5905.515228271484	222.84	5907
0.0	4239.377593994141	153.88	5908
0.0	3786.1337280273438	141.41	5909
0.0	3710.997802734375	151.63	5910
0.0	3420.412139892578	132.24	5911
0.0	3595.4964599609375	140.94	5912
0.0	5637.256011962891	228.09	5913
0.0	5135.965850830078	214.92	5914
0.0	5467.734313964844	212.81	5915
0.0	4033.7772216796875	160.82	5916
0.0	6714.437683105469	268.29	5917
0.0	3189.5248413085938	113.89	5918
0.0	2575.743896484375	102.91	5919
0.0	4483.697692871094	155.84	5920
0.0	4808.483642578125	183.17	5921
0.0	3174.7566833496094	124.82	5922
0.0	3008.7892456054688	117.67	5923
0.0	7066.682434082031	274.41	5924
0.0	6373.194671630859	238.74	5925
0.0	4170.7923583984375	170.7	5926
0.0	4682.997833251953	200.42	5927
0.0	5401.1871337890625	203.64	5928
0.0	3129.6944885253906	115.05	5929
0.0	5571.701385498047	213.89	5930
0.0	4857.513519287109	196.91	5931
0.0	4299.9830322265625	176.17	5932
0.0	3799.3580627441406	154.58	5933
0.0	3531.5086975097656	148.38	5934
0.0	3560.1852416992188	140.79	5935
0.0	5595.199401855469	224.21	5936
0.0	3164.834197998047	122.58	5937
0.0	4127.512451171875	159.12	5938
0.0	6027.4156494140625	238.94	5939
0.0	4872.944580078125	197.77	5940
0.0	4819.939910888672	189.68	5941
0.0	7370.359924316406	295.94	5942
0.0	6958.860534667969	246.18	5943
0.0	3627.6802673339844	144.83	5944
0.0	3956.9313354492188	140.44	5945
0.0	4580.021545410156	166.44	6861
0.0	2196.4134521484375	84.92	6862
0.0	7162.457550048828	255.08	6863
0.0	5294.691802978516	199.97	6864
0.0	3879.1155395507812	145.35	6865
0.0	4213.065032958984	153.89	6866
0.0	3265.248046875	121.93	6867
0.0	3726.5992126464844	137.62	6868
0.0	3073.4046325683594	116.36	6869
0.0	5286.586029052734	188.73	6870
0.0	6068.135559082031	237.9	6871
0.0	5039.1224365234375	174.16	6872
0.0	8779.670043945312	334.01	6873
0.0	2550.239990234375	99.78	6874
0.0	2974.8447875976562	111.12	6875
0.0	6790.317810058594	261.71	6876
0.0	1974.746826171875	78.54	6877
0.0	3121.511199951172	118.13	6878
0.0	7222.5262451171875	287.77	6879
0.0	6712.687164306641	255.39	6880
0.0	4020.5762634277344	151.83	6881
0.0	3049.3731689453125	113.78	6882
0.0	3889.8917236328125	153.09	6883
0.0	4390.822082519531	166.58	6884
0.0	5125.859771728516	200.63	6885
0.0	5025.3743896484375	181.15	6886
0.0	6745.916015625	268.82	6887
0.0	3794.1581115722656	147.22	6888
0.0	3035.4185791015625	115.92	6889
0.0	5291.5025634765625	217.29	6890
0.0	4602.673309326172	175.02	6891
0.0	4258.852630615234	152.99	6892
0.0	2092.157684326172	78.8	6893
0.0	4181.2967529296875	159.9	6894
0.0	6447.591796875	262.04	6895
0.0	4828.320739746094	169.5	6896
0.0	3523.1756591796875	134.87	6897
0.0	4704.424163818359	189.33	6898
0.0	2462.724578857422	99.44	6899
0.0	3609.284637451172	148.1	6900
0.0	3198.1875	123.91	6901
0.0	8389.44985961914	340.78	6902
0.0	4090.93408203125	163.11	6903
0.0	4030.322540283203	163.54	6904
0.0	5326.9007568359375	217.28	6905
0.0	2913.282958984375	119.47	6906
0.0	4900.655120849609	189.02	6907
0.0	3939.5750732421875	157.09	6908
0.0	7863.9683837890625	318.99	6909
0.0	6706.228088378906	268.45	6910
0.0	5167.8101806640625	207.2	6911
0.0	4674.788330078125	180.42	6912
0.0	2664.8102111816406	106.28	6913
0.0	2983.2671813964844	110.25	6914
0.0	3131.1680603027344	120.96	6915
0.0	3503.9498596191406	138.9	6916
0.0	3479.3514099121094	139.17	6917
0.0	5987.487335205078	215.77	6918
0.0	4264.1400146484375	172.82	6919
0.0	4305.467681884766	151.9	6920
0.0	3272.3045043945312	133.02	6921
0.0	3185.9952697753906	125.08	6922
0.0	4032.811309814453	163.52	6923
0.0	4692.423095703125	181.11	6924
0.0	2485.4227600097656	93.16	6925
0.0	3780.1669006347656	150.11	6926
0.0	5825.582305908203	229.06	6927
0.0	4007.3276977539062	161.97	6928
0.0	8186.722564697266	321.56	6929
0.0	3070.6154174804688	126.52	6930
