# order  nit
0	43.17138671875
1	53.32568359375
2	57.27587890625
3	58.1953125
4	58.47119140625
5	62.18994140625
6	62.73974609375
7	62.798828125
8	65.78662109375
9	66.9833984375
10	67.7607421875
11	69.26806640625
12	71.32275390625
13	71.85791015625
14	79.03857421875
15	82.02734375
16	90.033203125
17	90.24560546875
18	92.8603515625
19	95.826171875
20	97.408203125
21	97.68359375
22	100.24853515625
23	105.279296875
24	105.68359375
25	107.40234375
26	116.3623046875
27	117.318359375
28	121.20849609375
29	123.08544921875
30	123.30419921875
31	126.2373046875
32	126.23876953125
33	126.5625
34	126.6552734375
35	127.90234375
36	128.13232421875
37	128.43505859375
38	131.60595703125
39	134.4306640625
40	135.0322265625
41	135.126953125
42	137.44287109375
43	138.72216796875
44	141.27392578125
45	141.33642578125
46	141.69970703125
47	142.99169921875
48	146.06103515625
49	146.0654296875
50	150.86767578125
51	151.08447265625
52	152.2763671875
53	154.9453125
54	155.28271484375
55	155.40673828125
56	155.68310546875
57	157.34521484375
58	159.01025390625
59	159.478515625
60	159.84423828125
61	160.4296875
62	163.65380859375
63	164.94482421875
64	165.50048828125
65	166.2373046875
66	167.06591796875
67	167.18212890625
68	167.4599609375
69	171.732421875
70	173.61865234375
71	175.24462890625
72	175.28369140625
73	175.64404296875
74	175.9658203125
75	177.0595703125
76	179.37255859375
77	179.74267578125
78	181.21826171875
79	181.26220703125
80	181.47412109375
81	181.8681640625
82	183.54833984375
83	184.1435546875
84	184.46044921875
85	184.625
86	185.06494140625
87	186.63232421875
88	187.02197265625
89	188.57666015625
90	189.1015625
91	189.818359375
92	190.0947265625
93	193.6396484375
94	198.03955078125
95	198.42138671875
96	198.458984375
97	199.4453125
98	199.4931640625
99	199.74658203125
100	200.76806640625
101	203.3154296875
102	206.95458984375
103	208.912109375
104	209.7119140625
105	209.75
106	210.06591796875
107	210.95361328125
108	214.1806640625
109	215.33837890625
110	215.36083984375
111	215.830078125
112	215.94189453125
113	218.1474609375
114	218.45703125
115	218.86572265625
116	219.61572265625
117	219.81884765625
118	223.4794921875
119	223.8447265625
120	224.01513671875
121	227.88623046875
122	228.26171875
123	228.3056640625
124	228.5107421875
125	229.91015625
126	230.41162109375
127	232.1826171875
128	232.50048828125
129	233.03271484375
130	233.466796875
131	234.818359375
132	235.0546875
133	235.08154296875
134	236.68603515625
135	238.5048828125
136	238.5537109375
137	239.5244140625
138	240.02490234375
139	240.60791015625
140	241.12109375
141	243.65869140625
142	244.04736328125
143	244.41845703125
144	245.38525390625
145	245.984375
146	246.67333984375
147	246.67724609375
148	252.19677734375
149	253.8291015625
150	253.88916015625
151	254.8330078125
152	256.15087890625
153	256.86865234375
154	257.17041015625
155	257.7314453125
156	259.0087890625
157	260.916015625
158	262.43505859375
159	263.22998046875
160	264.5322265625
161	266.13623046875
162	267.35546875
163	267.552734375
164	268.0419921875
165	268.27099609375
166	271.0498046875
167	271.4033203125
168	271.4111328125
169	271.6669921875
170	271.98388671875
171	272.79736328125
172	273.83740234375
173	275.32080078125
174	277.08154296875
175	278.3740234375
176	278.5546875
177	279.2919921875
178	281.47900390625
179	282.515625
180	284.474609375
181	285.2626953125
182	285.9765625
183	287.00390625
184	288.2421875
185	288.7197265625
186	289.8427734375
187	290.0390625
188	291.732421875
189	292.0810546875
190	292.6611328125
191	293.16162109375
192	294.35107421875
193	294.6298828125
194	295.951171875
195	296.240234375
196	297.62744140625
197	298.48388671875
198	301.59912109375
199	301.9169921875
200	304.359375
201	305.65625
202	305.666015625
203	305.96484375
204	307.43212890625
205	308.9990234375
206	309.6796875
207	312.44677734375
208	312.82080078125
209	312.9697265625
210	313.93505859375
211	314.47412109375
212	320.81103515625
213	321.96826171875
214	322.791015625
215	325.6103515625
216	326.7431640625
217	327.87646484375
218	330.05126953125
219	332.328125
220	332.623046875
221	332.84423828125
222	333.099609375
223	333.70654296875
224	334.65234375
225	334.89111328125
226	335.9091796875
227	336.09375
228	336.2607421875
229	337.11865234375
230	337.53466796875
231	338.7734375
232	338.85693359375
233	340.24462890625
234	340.5693359375
235	340.96630859375
236	341.21337890625
237	341.52001953125
238	343.0146484375
239	346.12109375
240	346.896484375
241	347.462890625
242	348.859375
243	349.712890625
244	350.51171875
245	350.591796875
246	350.96533203125
247	351.2451171875
248	352.46728515625
249	353.68408203125
250	353.76513671875
251	353.86181640625
252	353.9345703125
253	356.08984375
254	357.20947265625
255	357.77734375
256	359.1552734375
257	359.58837890625
258	359.92431640625
259	360.93115234375
260	362.99462890625
261	363.0703125
262	363.61865234375
263	365.015625
264	366.45263671875
265	366.71826171875
266	370.263671875
267	372.1640625
268	372.57421875
269	373.8662109375
270	375.4404296875
271	377.20556640625
272	380.015625
273	380.26171875
274	380.4521484375
275	380.78271484375
276	383.787109375
277	385.609375
278	387.7568359375
279	388.1015625
280	389.130859375
281	389.22509765625
282	389.603515625
283	389.833984375
284	394.70068359375
285	395.21630859375
286	397.54296875
287	398.3056640625
288	398.57861328125
289	399.45263671875
290	399.71435546875
291	400.248046875
292	403.47705078125
293	404.25341796875
294	404.59130859375
295	404.61962890625
296	406.0673828125
297	406.70703125
298	406.92822265625
299	407.26806640625
300	407.3427734375
301	408.06884765625
302	408.84375
303	410.05859375
304	411.47998046875
305	411.837890625
306	412.28369140625
307	414.44970703125
308	416.26171875
309	417.41357421875
310	417.69287109375
311	418.03857421875
312	418.2734375
313	419.005859375
314	420.06689453125
315	421.86083984375
316	422.021484375
317	422.59130859375
318	423.1748046875
319	423.48291015625
320	423.53955078125
321	425.60498046875
322	427.03466796875
323	427.0927734375
324	427.341796875
325	427.76025390625
326	428.38818359375
327	428.76220703125
328	432.31640625
329	434.412109375
330	435.3173828125
331	435.73095703125
332	436.40185546875
333	436.50439453125
334	438.19482421875
335	439.00830078125
336	442.04345703125
337	442.89208984375
338	444.7119140625
339	445.36083984375
340	445.7177734375
341	446.3173828125
342	447.64404296875
343	447.78125
344	448.01953125
345	448.38916015625
346	448.5048828125
347	449.181640625
348	450.65478515625
349	451.25390625
350	451.7138671875
351	455.2060546875
352	456.24951171875
353	457.67138671875
354	457.96044921875
355	457.98095703125
356	458.0341796875
357	459.2060546875
358	459.60546875
359	460.37451171875
360	462.953125
361	464.080078125
362	464.10693359375
363	466.4775390625
364	467.68115234375
365	468.15673828125
366	469.25439453125
367	470.14404296875
368	470.30322265625
369	470.6171875
370	470.669921875
371	471.20751953125
372	471.56103515625
373	472.15625
374	474.0595703125
375	474.11962890625
376	474.33837890625
377	474.93212890625
378	475.337890625
379	476.27783203125
380	477.30322265625
381	480.1689453125
382	482.17626953125
383	482.42919921875
384	483.1572265625
385	483.65380859375
386	484.67919921875
387	485.69677734375
388	487.9404296875
389	488.2783203125
390	492.34619140625
391	492.67626953125
392	494.333984375
393	494.55224609375
394	498.505859375
395	499.7119140625
396	500.0126953125
397	501.2470703125
398	501.75048828125
399	502.85498046875
400	503.6875
401	503.802734375
402	506.841796875
403	508.3955078125
404	509.7275390625
405	510.73779296875
406	511.62451171875
407	513.91259765625
408	516.1865234375
409	518.40771484375
410	519.7109375
411	520.16015625
412	520.69970703125
413	520.93359375
414	525.736328125
415	526.310546875
416	527.17236328125
417	528.73486328125
418	529.396484375
419	531.21142578125
420	532.421875
421	532.4580078125
422	533.44091796875
423	535.94677734375
424	536.9287109375
425	541.66162109375
426	541.8916015625
427	543.107421875
428	543.6298828125
429	543.673828125
430	544.1484375
431	544.56787109375
432	545.1865234375
433	545.9375
434	548.56689453125
435	549.93798828125
436	553.51416015625
437	554.95849609375
438	555.62060546875
439	555.88720703125
440	556.6484375
441	560.00146484375
442	561.71435546875
443	561.92529296875
444	562.0927734375
445	563.6455078125
446	566.541015625
447	566.54638671875
448	566.8642578125
449	567.09130859375
450	569.15234375
451	572.13916015625
452	572.9912109375
453	574.4599609375
454	576.30908203125
455	576.44189453125
456	577.17333984375
457	580.97265625
458	583.04248046875
459	583.82275390625
460	584.736328125
461	585.27197265625
462	585.74560546875
463	588.20263671875
464	588.330078125
465	589.86669921875
466	589.97119140625
467	592.35693359375
468	593.94287109375
469	595.3134765625
470	595.376953125
471	597.55908203125
472	598.7646484375
473	598.927734375
474	599.02294921875
475	599.9873046875
476	604.04345703125
477	605.91943359375
478	606.3349609375
479	607.39453125
480	608.6689453125
481	609.78759765625
482	611.625
483	612.35107421875
484	612.7685546875
485	612.859375
486	616.2314453125
487	617.7470703125
488	617.97265625
489	618.751953125
490	619.86328125
491	620.4677734375
492	621.8505859375
493	622.46875
494	626.708984375
495	627.03271484375
496	630.6376953125
497	631.5771484375
498	631.96435546875
499	632.43310546875
500	633.5927734375
501	634.431640625
502	634.66064453125
503	635.609375
504	636.66552734375
505	637.16943359375
506	641.8369140625
507	641.95166015625
508	643.626953125
509	646.23046875
510	647.2392578125
511	648.9921875
512	652.38525390625
513	653.1923828125
514	653.52197265625
515	654.5048828125
516	654.7607421875
517	655.12939453125
518	655.6201171875
519	656.4404296875
520	657.6689453125
521	660.30126953125
522	660.40087890625
523	662.24365234375
524	664.3125
525	666.11083984375
526	670.86279296875
527	673.689453125
528	674.57958984375
529	675.109375
530	675.8466796875
531	676.72900390625
532	679.77734375
533	680.44921875
534	680.62451171875
535	681.892578125
536	683.197265625
537	684.0830078125
538	684.48388671875
539	686.17822265625
540	686.60546875
541	686.62353515625
542	688.212890625
543	691.3017578125
544	692.76025390625
545	695.826171875
546	696.60498046875
547	697.302734375
548	699.28271484375
549	700.1318359375
550	700.28857421875
551	700.85791015625
552	701.79931640625
553	705.5693359375
554	708.5361328125
555	709.38916015625
556	710.2744140625
557	710.9169921875
558	712.697265625
559	714.83447265625
560	716.97802734375
561	717.587890625
562	718.1611328125
563	720.29248046875
564	720.72314453125
565	723.3505859375
566	723.77978515625
567	725.82421875
568	725.94287109375
569	726.6572265625
570	728.6787109375
571	729.6171875
572	729.81005859375
573	730.029296875
574	733.12353515625
575	733.53076171875
576	737.025390625
577	738.3828125
578	743.662109375
579	746.5361328125
580	749.33349609375
581	749.73583984375
582	751.85498046875
583	752.1396484375
584	753.33251953125
585	753.4072265625
586	757.02197265625
587	757.2998046875
588	757.8779296875
589	762.3603515625
590	765.4052734375
591	765.7099609375
592	766.02880859375
593	767.92041015625
594	768.11962890625
595	769.96337890625
596	770.93896484375
597	772.228515625
598	774.44921875
599	774.8115234375
600	776.26171875
601	776.998046875
602	780.18994140625
603	782.4365234375
604	782.64208984375
605	783.375
606	783.4375
607	784.8359375
608	785.99560546875
609	786.05126953125
610	787.22412109375
611	788.3740234375
612	788.38671875
613	789.21875
614	792.251953125
615	792.81884765625
616	793.98974609375
617	794.2119140625
618	800.24365234375
619	801.76953125
620	802.35498046875
621	802.99951171875
622	803.21923828125
623	803.28515625
624	803.90380859375
625	805.57861328125
626	807.9599609375
627	811.20703125
628	811.46044921875
629	815.65283203125
630	816.76220703125
631	816.91748046875
632	817.08837890625
633	819.3037109375
634	820.67724609375
635	822.40673828125
636	824.439453125
637	825.79833984375
638	825.83984375
639	827.80126953125
640	831.15625
641	834.8369140625
642	835.14111328125
643	836.70556640625
644	837.36865234375
645	837.509765625
646	838.44873046875
647	842.18603515625
648	842.81689453125
649	843.048828125
650	843.52734375
651	844.1025390625
652	845.5537109375
653	847.14697265625
654	849.81103515625
655	851.4150390625
656	851.43505859375
657	852.4072265625
658	852.44580078125
659	857.06396484375
660	857.97607421875
661	858.54296875
662	858.86181640625
663	860.7021484375
664	862.98974609375
665	863.1552734375
666	863.3359375
667	863.88671875
668	866.79638671875
669	867.52099609375
670	868.85791015625
671	869.49072265625
672	870.5361328125
673	870.63720703125
674	871.03515625
675	871.36865234375
676	872.13037109375
677	873.32373046875
678	877.21826171875
679	877.541015625
680	878.240234375
681	880.2275390625
682	880.7705078125
683	881.8388671875
684	882.6572265625
685	886.50244140625
686	888.740234375
687	889.490234375
688	889.63330078125
689	893.79541015625
690	894.5634765625
691	895.71435546875
692	896.91748046875
693	897.2099609375
694	899.2451171875
695	900.4453125
696	900.7783203125
697	901.21630859375
698	903.88671875
699	905.70654296875
700	905.7119140625
701	905.83740234375
702	908.70751953125
703	911.06689453125
704	912.9560546875
705	913.873046875
706	914.76025390625
707	914.87841796875
708	915.65625
709	916.53759765625
710	917.8818359375
711	919.9267578125
712	927.16162109375
713	929.19970703125
714	930.98876953125
715	935.8876953125
716	936.716796875
717	937.5048828125
718	940.951171875
719	942.85400390625
720	943.544921875
721	947.85986328125
722	948.21533203125
723	950.54248046875
724	951.5703125
725	952.216796875
726	952.89501953125
727	954.3173828125
728	954.87890625
729	955.87744140625
730	956.38037109375
731	957.24462890625
732	957.32958984375
733	960.6279296875
734	960.646484375
735	963.40576171875
736	966.21240234375
737	967.21728515625
738	970.77685546875
739	972.16357421875
740	975.65771484375
741	979.02197265625
742	984.5166015625
743	985.990234375
744	990.21044921875
745	991.21923828125
746	992.845703125
747	993.6103515625
748	993.80810546875
749	997.36572265625
750	999.22021484375
751	1001.5966796875
752	1002.87646484375
753	1004.5341796875
754	1005.88671875
755	1006.06640625
756	1007.935546875
757	1009.0498046875
758	1011.9501953125
759	1012.6796875
760	1012.92529296875
761	1015.5859375
762	1017.19384765625
763	1018.0146484375
764	1018.65966796875
765	1018.71142578125
766	1020.97119140625
767	1021.6171875
768	1023.84423828125
769	1025.61083984375
770	1026.3330078125
771	1026.6376953125
772	1027.04052734375
773	1027.578125
774	1028.32666015625
775	1028.52587890625
776	1028.56884765625
777	1034.49951171875
778	1034.53662109375
779	1037.25146484375
780	1038.1669921875
781	1038.35107421875
782	1041.3115234375
783	1042.6640625
784	1045.8115234375
785	1047.99462890625
786	1048.25732421875
787	1053.4599609375
788	1055.068359375
789	1055.43017578125
790	1058.25048828125
791	1060.09375
792	1066.4267578125
793	1067.755859375
794	1068.94482421875
795	1070.0634765625
796	1070.62841796875
797	1077.36376953125
798	1078.59033203125
799	1081.7314453125
800	1083.66943359375
801	1084.66259765625
802	1086.3134765625
803	1089.14990234375
804	1094.90380859375
805	1095.10009765625
806	1096.3671875
807	1097.17431640625
808	1104.3798828125
809	1105.56787109375
810	1106.5703125
811	1109.3544921875
812	1111.716796875
813	1112.44775390625
814	1117.4462890625
815	1118.6416015625
816	1119.61328125
817	1126.03125
818	1127.92822265625
819	1129.8232421875
820	1131.94921875
821	1134.541015625
822	1135.09375
823	1138.0791015625
824	1138.8515625
825	1139.16162109375
826	1140.40380859375
827	1142.302734375
828	1142.42333984375
829	1143.142578125
830	1144.498046875
831	1145.068359375
832	1145.9599609375
833	1146.31103515625
834	1146.65185546875
835	1146.66259765625
836	1147.77587890625
837	1148.89990234375
838	1150.33984375
839	1150.6630859375
840	1152.86328125
841	1155.77880859375
842	1159.47265625
843	1160.43115234375
844	1160.88720703125
845	1162.240234375
846	1164.91357421875
847	1165.595703125
848	1168.39453125
849	1169.4453125
850	1179.61279296875
851	1188.943359375
852	1190.091796875
853	1190.98828125
854	1195.72314453125
855	1201.939453125
856	1203.1748046875
857	1206.8388671875
858	1207.4716796875
859	1208.31201171875
860	1212.29150390625
861	1214.0478515625
862	1219.212890625
863	1219.65673828125
864	1221.896484375
865	1222.2744140625
866	1223.06103515625
867	1230.07763671875
868	1233.58349609375
869	1235.70458984375
870	1237.02734375
871	1238.8037109375
872	1239.7138671875
873	1240.99365234375
874	1245.09716796875
875	1246.06396484375
876	1251.28173828125
877	1252.49658203125
878	1252.69287109375
879	1258.47216796875
880	1260.302734375
881	1261.87255859375
882	1262.29248046875
883	1269.71240234375
884	1273.26123046875
885	1275.1220703125
886	1278.92041015625
887	1280.43505859375
888	1282.17041015625
889	1282.78955078125
890	1283.599609375
891	1284.74609375
892	1285.93115234375
893	1286.6982421875
894	1287.48876953125
895	1293.00439453125
896	1296.2646484375
897	1298.77099609375
898	1300.30908203125
899	1301.18408203125
900	1301.71630859375
901	1304.3935546875
902	1304.5595703125
903	1306.8037109375
904	1309.83447265625
905	1309.90234375
906	1313.95361328125
907	1314.1103515625
908	1314.54052734375
909	1316.703125
910	1318.3671875
911	1320.6396484375
912	1321.06591796875
913	1321.4580078125
914	1321.865234375
915	1322.7841796875
916	1325.400390625
917	1326.45361328125
918	1327.494140625
919	1327.6318359375
920	1328.919921875
921	1334.8408203125
922	1335.82568359375
923	1346.435546875
924	1350.84814453125
925	1352.0634765625
926	1352.9140625
927	1355.2607421875
928	1355.408203125
929	1355.5859375
930	1356.2626953125
931	1356.5185546875
932	1358.029296875
933	1358.4609375
934	1365.8798828125
935	1366.10107421875
936	1366.7109375
937	1368.44384765625
938	1368.61083984375
939	1369.55859375
940	1371.4384765625
941	1373.80712890625
942	1375.78271484375
943	1378.28125
944	1379.3828125
945	1382.08837890625
946	1383.78271484375
947	1388.12158203125
948	1389.4609375
949	1390.076171875
950	1391.0498046875
951	1392.3984375
952	1397.87158203125
953	1398.64794921875
954	1398.9013671875
955	1400.4384765625
956	1403.55712890625
957	1404.83203125
958	1405.08203125
959	1405.1962890625
960	1405.54736328125
961	1405.79052734375
962	1419.91552734375
963	1421.16064453125
964	1428.0595703125
965	1428.87744140625
966	1436.50732421875
967	1440.61181640625
968	1441.04541015625
969	1443.76171875
970	1444.00732421875
971	1444.0947265625
972	1446.98828125
973	1447.7275390625
974	1448.5576171875
975	1449.46142578125
976	1451.9248046875
977	1453.1865234375
978	1454.36767578125
979	1457.5419921875
980	1461.91943359375
981	1462.107421875
982	1463.16796875
983	1465.61279296875
984	1468.3515625
985	1468.95361328125
986	1469.32861328125
987	1470.75390625
988	1471.39404296875
989	1473.26513671875
990	1474.1201171875
991	1475.3583984375
992	1479.9833984375
993	1481.36962890625
994	1483.06103515625
995	1483.4326171875
996	1486.6123046875
997	1490.35205078125
998	1495.41943359375
999	1497.00390625
1000	1501.85791015625
1001	1506.62744140625
1002	1509.4697265625
1003	1514.0478515625
1004	1514.55517578125
1005	1514.97802734375
1006	1516.92529296875
1007	1521.8994140625
1008	1522.39501953125
1009	1522.6337890625
1010	1524.44189453125
1011	1524.6611328125
1012	1525.87060546875
1013	1528.56005859375
1014	1529.1904296875
1015	1531.6982421875
1016	1531.77001953125
1017	1531.9130859375
1018	1532.8193359375
1019	1533.388671875
1020	1533.75244140625
1021	1534.02490234375
1022	1534.64453125
1023	1536.37255859375
1024	1537.86669921875
1025	1538.0087890625
1026	1538.02978515625
1027	1538.0419921875
1028	1540.65380859375
1029	1541.50048828125
1030	1551.16015625
1031	1553.9296875
1032	1554.40673828125
1033	1558.3974609375
1034	1560.189453125
1035	1561.9326171875
1036	1572.99658203125
1037	1576.40380859375
1038	1584.62353515625
1039	1589.4404296875
1040	1593.671875
1041	1594.0869140625
1042	1597.630859375
1043	1597.98046875
1044	1598.0234375
1045	1598.35498046875
1046	1605.2373046875
1047	1608.4130859375
1048	1608.4921875
1049	1610.83984375
1050	1611.025390625
1051	1613.109375
1052	1613.23486328125
1053	1618.46630859375
1054	1619.09716796875
1055	1621.103515625
1056	1623.94921875
1057	1626.4677734375
1058	1631.07421875
1059	1634.337890625
1060	1634.72705078125
1061	1638.33984375
1062	1642.7783203125
1063	1645.2451171875
1064	1647.15771484375
1065	1647.30810546875
1066	1651.00244140625
1067	1655.00927734375
1068	1655.00927734375
1069	1658.52490234375
1070	1660.30419921875
1071	1660.5947265625
1072	1660.94140625
1073	1661.322265625
1074	1665.595703125
1075	1666.81201171875
1076	1669.74267578125
1077	1671.44873046875
1078	1674.01416015625
1079	1675.5830078125
1080	1679.40234375
1081	1679.689453125
1082	1680.34423828125
1083	1683.0078125
1084	1683.337890625
1085	1683.85546875
1086	1687.7392578125
1087	1689.66357421875
1088	1689.87548828125
1089	1691.39453125
1090	1691.86181640625
1091	1693.6748046875
1092	1693.9306640625
1093	1694.89013671875
1094	1706.83056640625
1095	1712.48583984375
1096	1714.69140625
1097	1719.0478515625
1098	1720.150390625
1099	1721.41357421875
1100	1724.83056640625
1101	1725.20947265625
1102	1730.38232421875
1103	1730.5869140625
1104	1733.88232421875
1105	1734.8310546875
1106	1735.0673828125
1107	1742.5361328125
1108	1749.0361328125
1109	1758.716796875
1110	1759.0126953125
1111	1760.8603515625
1112	1760.8681640625
1113	1766.37109375
1114	1772.39990234375
1115	1775.05224609375
1116	1775.09765625
1117	1777.923828125
1118	1781.26025390625
1119	1786.92529296875
1120	1802.72705078125
1121	1803.11474609375
1122	1805.80419921875
1123	1810.697265625
1124	1810.89697265625
1125	1812.2861328125
1126	1812.6005859375
1127	1815.62451171875
1128	1820.203125
1129	1820.208984375
1130	1821.9609375
1131	1823.84228515625
1132	1833.7705078125
1133	1835.9755859375
1134	1851.271484375
1135	1854.87353515625
1136	1855.2666015625
1137	1855.9619140625
1138	1858.11376953125
1139	1858.8720703125
1140	1859.02978515625
1141	1860.37744140625
1142	1861.33740234375
1143	1862.95068359375
1144	1864.5009765625
1145	1877.80126953125
1146	1883.9482421875
1147	1896.794921875
1148	1909.87109375
1149	1912.28857421875
1150	1913.9296875
1151	1916.64453125
1152	1917.1123046875
1153	1917.4765625
1154	1920.0029296875
1155	1933.7841796875
1156	1941.81640625
1157	1945.28173828125
1158	1946.01953125
1159	1947.81005859375
1160	1948.123046875
1161	1949.6572265625
1162	1952.9169921875
1163	1953.37548828125
1164	1954.89990234375
1165	1955.54443359375
1166	1957.2529296875
1167	1961.31884765625
1168	1961.826171875
1169	1963.15625
1170	1964.1201171875
1171	1969.12939453125
1172	1971.10986328125
1173	1972.94384765625
1174	1974.17919921875
1175	1977.474609375
1176	1979.14306640625
1177	1984.2080078125
1178	1988.0390625
1179	1989.12744140625
1180	1989.49169921875
1181	1991.3232421875
1182	1993.78125
1183	2001.33349609375
1184	2003.97607421875
1185	2009.4423828125
1186	2010.69482421875
1187	2011.2294921875
1188	2012.35009765625
1189	2018.80712890625
1190	2019.65283203125
1191	2021.09033203125
1192	2022.73095703125
1193	2024.490234375
1194	2028.41357421875
1195	2030.47412109375
1196	2032.83935546875
1197	2035.0087890625
1198	2040.1240234375
1199	2040.5078125
1200	2046.24609375
1201	2048.10595703125
1202	2059.11865234375
1203	2068.50146484375
1204	2077.2509765625
1205	2078.99267578125
1206	2079.34326171875
1207	2079.47802734375
1208	2089.94287109375
1209	2093.52978515625
1210	2094.900390625
1211	2099.12451171875
1212	2102.41357421875
1213	2103.982421875
1214	2104.00634765625
1215	2104.23828125
1216	2105.42529296875
1217	2115.11572265625
1218	2116.95068359375
1219	2117.2744140625
1220	2125.2080078125
1221	2130.39111328125
1222	2140.60693359375
1223	2143.62646484375
1224	2145.95751953125
1225	2148.1171875
1226	2150.35693359375
1227	2151.251953125
1228	2159.60400390625
1229	2164.6181640625
1230	2166.66357421875
1231	2168.53369140625
1232	2172.38037109375
1233	2172.7294921875
1234	2176.52099609375
1235	2176.84716796875
1236	2177.126953125
1237	2178.27001953125
1238	2180.669921875
1239	2190.08447265625
1240	2190.53662109375
1241	2192.3525390625
1242	2194.62353515625
1243	2197.0439453125
1244	2199.60107421875
1245	2206.4150390625
1246	2214.88037109375
1247	2223.14453125
1248	2233.5595703125
1249	2235.10986328125
1250	2241.28515625
1251	2245.9912109375
1252	2260.33642578125
1253	2260.365234375
1254	2263.67626953125
1255	2267.77880859375
1256	2275.416015625
1257	2284.90625
1258	2287.62744140625
1259	2288.97705078125
1260	2298.04345703125
1261	2299.69384765625
1262	2306.18310546875
1263	2308.27783203125
1264	2308.62841796875
1265	2326.9912109375
1266	2335.72265625
1267	2339.05908203125
1268	2343.80517578125
1269	2345.7041015625
1270	2349.03662109375
1271	2358.60888671875
1272	2366.0009765625
1273	2366.37451171875
1274	2376.287109375
1275	2378.18359375
1276	2381.16748046875
1277	2390.0224609375
1278	2400.18505859375
1279	2401.45068359375
1280	2405.05029296875
1281	2408.96484375
1282	2414.525390625
1283	2417.5166015625
1284	2419.662109375
1285	2421.74072265625
1286	2427.24072265625
1287	2428.02587890625
1288	2428.48974609375
1289	2430.26220703125
1290	2438.04345703125
1291	2445.26953125
1292	2449.6259765625
1293	2454.71337890625
1294	2459.1630859375
1295	2466.76318359375
1296	2467.638671875
1297	2471.97314453125
1298	2487.6162109375
1299	2500.580078125
1300	2501.33203125
1301	2504.265625
1302	2514.15771484375
1303	2517.14208984375
1304	2522.59716796875
1305	2530.26953125
1306	2537.146484375
1307	2537.3046875
1308	2541.21875
1309	2543.1767578125
1310	2545.81884765625
1311	2549.07275390625
1312	2554.76806640625
1313	2554.8828125
1314	2558.689453125
1315	2561.5615234375
1316	2563.70751953125
1317	2564.0302734375
1318	2573.63134765625
1319	2574.94775390625
1320	2579.0771484375
1321	2583.4072265625
1322	2589.16650390625
1323	2597.96728515625
1324	2599.64892578125
1325	2602.642578125
1326	2605.51513671875
1327	2607.2646484375
1328	2608.759765625
1329	2620.69677734375
1330	2624.69091796875
1331	2634.69775390625
1332	2644.3896484375
1333	2656.30615234375
1334	2656.38427734375
1335	2657.3984375
1336	2657.796875
1337	2658.64697265625
1338	2659.55712890625
1339	2661.466796875
1340	2664.35791015625
1341	2666.4443359375
1342	2667.31884765625
1343	2667.73193359375
1344	2672.373046875
1345	2673.970703125
1346	2675.6376953125
1347	2676.8505859375
1348	2677.9052734375
1349	2697.22509765625
1350	2697.25537109375
1351	2699.48388671875
1352	2712.83349609375
1353	2714.34423828125
1354	2720.19580078125
1355	2730.58544921875
1356	2743.26220703125
1357	2753.4013671875
1358	2753.470703125
1359	2760.36083984375
1360	2771.3466796875
1361	2780.17236328125
1362	2780.50341796875
1363	2780.6123046875
1364	2782.97705078125
1365	2793.5576171875
1366	2795.03515625
1367	2798.4716796875
1368	2803.3671875
1369	2803.828125
1370	2804.28173828125
1371	2810.43212890625
1372	2811.21533203125
1373	2827.90283203125
1374	2831.1123046875
1375	2841.46875
1376	2846.0185546875
1377	2851.89697265625
1378	2857.9169921875
1379	2869.912109375
1380	2874.994140625
1381	2875.6123046875
1382	2881.953125
1383	2882.21337890625
1384	2885.142578125
1385	2885.3720703125
1386	2897.69970703125
1387	2903.76123046875
1388	2905.77978515625
1389	2908.669921875
1390	2910.19580078125
1391	2911.201171875
1392	2916.8837890625
1393	2922.13232421875
1394	2924.40234375
1395	2928.46044921875
1396	2931.6630859375
1397	2942.46923828125
1398	2944.5771484375
1399	2960.27734375
1400	2964.45654296875
1401	2967.78564453125
1402	2968.50244140625
1403	2980.8740234375
1404	2982.45947265625
1405	2985.0908203125
1406	2999.3515625
1407	3004.0859375
1408	3011.3671875
1409	3017.27001953125
1410	3037.50244140625
1411	3045.37158203125
1412	3046.6708984375
1413	3056.900390625
1414	3059.0048828125
1415	3067.7080078125
1416	3072.578125
1417	3074.41455078125
1418	3080.19873046875
1419	3086.78564453125
1420	3091.7353515625
1421	3092.82958984375
1422	3102.27490234375
1423	3105.18408203125
1424	3106.513671875
1425	3124.61962890625
1426	3129.8662109375
1427	3142.326171875
1428	3144.76904296875
1429	3144.90087890625
1430	3154.54443359375
1431	3172.990234375
1432	3187.2421875
1433	3190.212890625
1434	3193.642578125
1435	3201.8759765625
1436	3215.64404296875
1437	3218.291015625
1438	3221.89404296875
1439	3223.61328125
1440	3238.4296875
1441	3238.439453125
1442	3239.177734375
1443	3240.00048828125
1444	3244.23193359375
1445	3250.1923828125
1446	3260.11083984375
1447	3267.8603515625
1448	3268.06689453125
1449	3276.5830078125
1450	3295.33203125
1451	3298.2197265625
1452	3300.01318359375
1453	3327.0751953125
1454	3329.37939453125
1455	3343.69921875
1456	3350.94287109375
1457	3352.40283203125
1458	3355.21142578125
1459	3374.27734375
1460	3376.49658203125
1461	3377.537109375
1462	3382.47412109375
1463	3388.63916015625
1464	3412.65869140625
1465	3419.8818359375
1466	3428.89990234375
1467	3432.228515625
1468	3432.29248046875
1469	3439.01025390625
1470	3447.0869140625
1471	3466.044921875
1472	3485.03466796875
1473	3487.33984375
1474	3504.767578125
1475	3511.27392578125
1476	3523.84423828125
1477	3534.03955078125
1478	3543.36474609375
1479	3545.921875
1480	3546.9755859375
1481	3548.1982421875
1482	3552.69580078125
1483	3557.16015625
1484	3563.60791015625
1485	3578.974609375
1486	3579.712890625
1487	3581.38134765625
1488	3583.2509765625
1489	3617.26025390625
1490	3618.1044921875
1491	3619.07275390625
1492	3626.900390625
1493	3629.24072265625
1494	3637.5224609375
1495	3640.95751953125
1496	3643.05419921875
1497	3643.3916015625
1498	3643.8115234375
1499	3654.97265625
1500	3662.1005859375
1501	3675.4775390625
1502	3677.5537109375
1503	3680.06982421875
1504	3680.09228515625
1505	3690.5791015625
1506	3690.82470703125
1507	3692.0263671875
1508	3694.068359375
1509	3694.876953125
1510	3708.7509765625
1511	3712.24853515625
1512	3714.095703125
1513	3724.17626953125
1514	3733.24609375
1515	3743.6884765625
1516	3752.2060546875
1517	3758.60107421875
1518	3779.576171875
1519	3781.5771484375
1520	3782.7578125
1521	3785.70068359375
1522	3804.142578125
1523	3807.14697265625
1524	3845.30322265625
1525	3850.00341796875
1526	3853.716796875
1527	3858.14111328125
1528	3862.82470703125
1529	3872.97509765625
1530	3906.759765625
1531	3911.4521484375
1532	3921.90478515625
1533	3938.25341796875
1534	3956.79296875
1535	3993.15185546875
1536	4002.12158203125
1537	4007.9326171875
1538	4009.43359375
1539	4011.81298828125
1540	4030.27490234375
1541	4034.73388671875
1542	4038.11865234375
1543	4042.86865234375
1544	4043.66357421875
1545	4045.5419921875
1546	4067.0166015625
1547	4111.19873046875
1548	4113.14111328125
1549	4115.60546875
1550	4127.78564453125
1551	4132.89453125
1552	4148.79345703125
1553	4164.01123046875
1554	4168.2060546875
1555	4169.96240234375
1556	4171.09521484375
1557	4172.59814453125
1558	4181.5478515625
1559	4183.2646484375
1560	4185.443359375
1561	4205.7890625
1562	4227.52197265625
1563	4239.17626953125
1564	4244.11474609375
1565	4252.07373046875
1566	4256.48095703125
1567	4274.97412109375
1568	4294.17333984375
1569	4294.20263671875
1570	4295.00390625
1571	4304.23583984375
1572	4304.4033203125
1573	4319.669921875
1574	4320.05517578125
1575	4325.79638671875
1576	4327.26416015625
1577	4330.47265625
1578	4334.009765625
1579	4348.6689453125
1580	4351.30810546875
1581	4364.998046875
1582	4367.6328125
1583	4387.646484375
1584	4404.5439453125
1585	4418.83544921875
1586	4421.27490234375
1587	4428.30029296875
1588	4444.99560546875
1589	4457.5888671875
1590	4462.04541015625
1591	4473.52587890625
1592	4474.9482421875
1593	4478.99560546875
1594	4490.98779296875
1595	4492.44091796875
1596	4508.65966796875
1597	4526.92626953125
1598	4574.37158203125
1599	4585.798828125
1600	4589.14453125
1601	4589.3232421875
1602	4590.7060546875
1603	4605.75634765625
1604	4608.056640625
1605	4608.423828125
1606	4614.72900390625
1607	4617.625
1608	4659.4892578125
1609	4672.0517578125
1610	4677.45849609375
1611	4678.6806640625
1612	4679.3681640625
1613	4693.076171875
1614	4729.22900390625
1615	4735.48388671875
1616	4741.37548828125
1617	4762.80126953125
1618	4780.9501953125
1619	4782.9619140625
1620	4793.71435546875
1621	4803.69775390625
1622	4815.16650390625
1623	4818.70751953125
1624	4829.6591796875
1625	4831.14501953125
1626	4833.02978515625
1627	4853.58251953125
1628	4853.96044921875
1629	4873.103515625
1630	4873.92138671875
1631	4888.80126953125
1632	4905.5654296875
1633	4930.04736328125
1634	4943.61572265625
1635	4949.85107421875
1636	4962.44287109375
1637	4969.4736328125
1638	4980.89208984375
1639	4987.80810546875
1640	4992.4404296875
1641	4992.75146484375
1642	5006.42138671875
1643	5013.34375
1644	5025.720703125
1645	5039.1796875
1646	5042.5048828125
1647	5049.7470703125
1648	5056.02783203125
1649	5070.13818359375
1650	5070.36865234375
1651	5086.57763671875
1652	5122.23388671875
1653	5124.15283203125
1654	5132.1826171875
1655	5136.95654296875
1656	5138.298828125
1657	5154.02685546875
1658	5171.00341796875
1659	5179.13037109375
1660	5190.4267578125
1661	5203.04541015625
1662	5204.9541015625
1663	5244.9365234375
1664	5245.1083984375
1665	5250.857421875
1666	5258.64501953125
1667	5260.24951171875
1668	5265.73486328125
1669	5266.9765625
1670	5290.2060546875
1671	5291.68603515625
1672	5296.08154296875
1673	5336.337890625
1674	5351.1884765625
1675	5356.283203125
1676	5357.3857421875
1677	5384.7275390625
1678	5394.56884765625
1679	5416.080078125
1680	5427.10791015625
1681	5432.4833984375
1682	5433.068359375
1683	5448.28515625
1684	5492.52783203125
1685	5521.60693359375
1686	5552.966796875
1687	5560.71240234375
1688	5565.015625
1689	5570.22802734375
1690	5587.46435546875
1691	5625.13818359375
1692	5649.64208984375
1693	5666.5810546875
1694	5673.39794921875
1695	5682.5458984375
1696	5693.0712890625
1697	5695.16259765625
1698	5696.7314453125
1699	5705.7119140625
1700	5710.38037109375
1701	5711.49169921875
1702	5714.884765625
1703	5718.88671875
1704	5729.04833984375
1705	5750.6220703125
1706	5753.99169921875
1707	5769.884765625
1708	5770.07470703125
1709	5776.02978515625
1710	5799.61181640625
1711	5816.65771484375
1712	5832.23095703125
1713	5839.19873046875
1714	5839.67724609375
1715	5911.79833984375
1716	5936.6806640625
1717	5945.080078125
1718	5966.76611328125
1719	6015.9140625
1720	6025.02734375
1721	6032.12451171875
1722	6034.70751953125
1723	6036.43896484375
1724	6060.9814453125
1725	6075.14794921875
1726	6100.05615234375
1727	6114.353515625
1728	6133.6640625
1729	6145.7548828125
1730	6159.22265625
1731	6172.5439453125
1732	6194.81689453125
1733	6221.8935546875
1734	6222.8740234375
1735	6250.90283203125
1736	6282.185546875
1737	6285.8515625
1738	6301.38671875
1739	6335.99462890625
1740	6350.98681640625
1741	6365.6240234375
1742	6401.44970703125
1743	6408.26416015625
1744	6445.498046875
1745	6452.6962890625
1746	6484.4677734375
1747	6489.97216796875
1748	6498.24755859375
1749	6528.337890625
1750	6532.61474609375
1751	6546.01171875
1752	6552.279296875
1753	6565.642578125
1754	6576.87255859375
1755	6619.91015625
1756	6633.94287109375
1757	6644.7529296875
1758	6688.6953125
1759	6692.72265625
1760	6742.99365234375
1761	6746.92236328125
1762	6776.36962890625
1763	6799.361328125
1764	6818.4638671875
1765	6819.9794921875
1766	6855.03857421875
1767	6862.498046875
1768	6878.69921875
1769	6913.71630859375
1770	6933.91455078125
1771	6955.79931640625
1772	6984.375
1773	7047.44482421875
1774	7073.2392578125
1775	7097.525390625
1776	7097.87353515625
1777	7112.58837890625
1778	7114.5927734375
1779	7147.7587890625
1780	7174.87158203125
1781	7184.28369140625
1782	7189.49462890625
1783	7204.81005859375
1784	7211.3173828125
1785	7211.67578125
1786	7218.205078125
1787	7282.099609375
1788	7282.5068359375
1789	7287.4091796875
1790	7325.74072265625
1791	7338.09912109375
1792	7365.00927734375
1793	7366.7138671875
1794	7391.455078125
1795	7434.548828125
1796	7439.38525390625
1797	7468.9697265625
1798	7493.85009765625
1799	7543.8271484375
1800	7581.82373046875
1801	7585.6904296875
1802	7627.49609375
1803	7676.021484375
1804	7694.23046875
1805	7700.78173828125
1806	7705.79736328125
1807	7771.08544921875
1808	7823.8955078125
1809	7825.60009765625
1810	7827.25048828125
1811	7867.10009765625
1812	7889.95849609375
1813	7907.15185546875
1814	7908.22802734375
1815	7919.9033203125
1816	7951.37744140625
1817	7981.06298828125
1818	8002.029296875
1819	8026.27783203125
1820	8063.54541015625
1821	8080.96630859375
1822	8082.75146484375
1823	8121.7978515625
1824	8148.5478515625
1825	8153.95263671875
1826	8180.66357421875
1827	8185.58642578125
1828	8193.45458984375
1829	8202.9404296875
1830	8239.29296875
1831	8294.9482421875
1832	8395.09716796875
1833	8419.99853515625
1834	8440.2216796875
1835	8459.458984375
1836	8473.4091796875
1837	8476.64111328125
1838	8489.236328125
1839	8535.54833984375
1840	8570.51123046875
1841	8595.08447265625
1842	8599.2177734375
1843	8608.0390625
1844	8618.927734375
1845	8624.86376953125
1846	8628.41357421875
1847	8651.84716796875
1848	8679.51611328125
1849	8705.09033203125
1850	8725.2919921875
1851	8736.39013671875
1852	8792.16259765625
1853	8805.42236328125
1854	8810.828125
1855	8942.060546875
1856	8978.51953125
1857	8999.482421875
1858	9042.45166015625
1859	9065.44091796875
1860	9082.49560546875
1861	9092.3876953125
1862	9138.6611328125
1863	9162.36279296875
1864	9195.1279296875
1865	9211.85009765625
1866	9240.87548828125
1867	9262.19873046875
1868	9279.0400390625
1869	9306.259765625
1870	9311.67919921875
1871	9323.38232421875
1872	9345.41943359375
1873	9364.80029296875
1874	9390.5546875
1875	9398.47998046875
1876	9413.2978515625
1877	9493.45263671875
1878	9521.5341796875
1879	9538.18798828125
1880	9562.28564453125
1881	9573.72265625
1882	9577.51025390625
1883	9615.14453125
1884	9770.07568359375
1885	9804.48486328125
1886	9826.240234375
1887	9829.65673828125
1888	9859.81591796875
1889	9862.978515625
1890	9894.8828125
1891	9896.76318359375
1892	9914.75537109375
1893	9936.52294921875
1894	9962.22900390625
1895	9968.76171875
1896	10026.77099609375
1897	10047.318359375
1898	10061.94970703125
1899	10064.84814453125
1900	10068.4775390625
1901	10173.5849609375
1902	10226.962890625
1903	10244.91162109375
1904	10386.1962890625
1905	10452.3330078125
1906	10515.71875
1907	10568.12939453125
1908	10596.9560546875
1909	10620.59716796875
1910	10631.34619140625
1911	10638.51025390625
1912	10645.28515625
1913	10695.7119140625
1914	10778.8173828125
1915	10792.21435546875
1916	10794.49072265625
1917	10841.42236328125
1918	10841.44091796875
1919	10858.583984375
1920	10869.263671875
1921	10881.7939453125
1922	10937.732421875
1923	11064.6640625
1924	11080.19921875
1925	11087.36669921875
1926	11120.892578125
1927	11228.2509765625
1928	11244.92431640625
1929	11337.93701171875
1930	11345.044921875
1931	11345.57080078125
1932	11347.39306640625
1933	11362.99169921875
1934	11383.24853515625
1935	11492.2578125
1936	11616.39990234375
1937	11652.4970703125
1938	11690.04248046875
1939	11700.978515625
1940	11736.22021484375
1941	11739.2490234375
1942	11915.50537109375
1943	11930.95361328125
1944	11934.8837890625
1945	11986.33447265625
1946	11995.61572265625
1947	12054.04052734375
1948	12074.12158203125
1949	12279.81640625
1950	12292.4873046875
1951	12352.79345703125
1952	12358.0869140625
1953	12388.212890625
1954	12460.10498046875
1955	12472.662109375
1956	12518.74462890625
1957	12539.72998046875
1958	12544.45556640625
1959	12571.662109375
1960	12630.85791015625
1961	12632.65966796875
1962	12643.75830078125
1963	12667.93408203125
1964	12674.1455078125
1965	12682.28369140625
1966	12732.69970703125
1967	12741.72412109375
1968	12777.3154296875
1969	12797.12255859375
1970	12830.08349609375
1971	12970.107421875
1972	12991.099609375
1973	13012.74560546875
1974	13109.2685546875
1975	13117.6015625
1976	13128.892578125
1977	13227.19873046875
1978	13235.447265625
1979	13241.751953125
1980	13274.5634765625
1981	13283.85546875
1982	13303.71826171875
1983	13310.953125
1984	13345.0634765625
1985	13353.77783203125
1986	13421.5576171875
1987	13440.27197265625
1988	13484.07080078125
1989	13565.54345703125
1990	13579.7509765625
1991	13605.9521484375
1992	13690.1044921875
1993	13710.26806640625
1994	13757.31201171875
1995	13759.3583984375
1996	13786.4892578125
1997	13940.64501953125
1998	13950.63623046875
1999	14080.7998046875
2000	14117.716796875
2001	14144.71337890625
2002	14155.8447265625
2003	14265.74365234375
2004	14277.4033203125
2005	14298.203125
2006	14386.89306640625
2007	14433.9091796875
2008	14670.6171875
2009	14877.73681640625
2010	14903.2861328125
2011	14915.9130859375
2012	14998.5732421875
2013	15004.49365234375
2014	15400.677734375
2015	15473.45947265625
2016	15578.2666015625
2017	15636.97509765625
2018	15761.5185546875
2019	15787.416015625
2020	15813.23095703125
2021	15868.072265625
2022	16088.5947265625
2023	16223.34326171875
2024	16396.029296875
2025	16402.84375
2026	16459.8359375
2027	16479.4365234375
2028	16613.310546875
2029	16702.234375
2030	16704.04931640625
2031	16846.68408203125
2032	16848.15185546875
2033	17302.19921875
2034	17476.9296875
2035	17506.419921875
2036	17878.30078125
2037	17918.11376953125
2038	18000.75537109375
2039	18015.08544921875
2040	18120.9853515625
2041	18131.61376953125
2042	18168.48046875
2043	18421.02099609375
2044	18430.73291015625
2045	18448.439453125
2046	18508.91162109375
2047	18577.03125
2048	18592.9873046875
2049	18666.4228515625
2050	18732.453125
2051	18843.05517578125
2052	18987.958984375
2053	18997.7666015625
2054	19020.36474609375
2055	19187.51904296875
2056	19261.74462890625
2057	19319.50927734375
2058	19367.8828125
2059	19634.3759765625
2060	19731.0859375
2061	19838.53955078125
2062	20007.91845703125
2063	20068.67724609375
2064	20229.97607421875
2065	20340.4453125
2066	21043.103515625
2067	21362.7236328125
2068	21700.923828125
2069	21821.486328125
2070	21990.927734375
2071	22206.8369140625
2072	22215.375
2073	22330.119140625
2074	22552.59912109375
2075	22603.0654296875
2076	22662.830078125
2077	22681.78125
2078	22759.38037109375
2079	22810.80712890625
2080	22821.8515625
2081	22867.7119140625
2082	22907.24462890625
2083	23054.7314453125
2084	23272.07470703125
2085	23422.2431640625
2086	23490.615234375
2087	23531.568359375
2088	23596.4375
2089	23678.18115234375
2090	23717.38525390625
2091	24004.3203125
2092	24033.384765625
2093	24061.77978515625
2094	24323.4111328125
2095	24409.28369140625
2096	24519.7529296875
2097	24902.00732421875
2098	25011.283203125
2099	25139.76416015625
2100	25243.1689453125
2101	25461.91455078125
2102	25516.38427734375
2103	25690.86474609375
2104	25747.6552734375
2105	26039.9462890625
2106	26101.88525390625
2107	26153.041015625
2108	26257.73583984375
2109	26288.38037109375
2110	26363.265625
2111	26364.73046875
2112	26567.22607421875
2113	26623.2607421875
2114	26632.28125
2115	26780.0
2116	27007.35302734375
2117	27091.2060546875
2118	27213.23876953125
2119	27500.7236328125
2120	27689.4619140625
2121	27905.68359375
2122	27968.72705078125
2123	28104.1806640625
2124	28190.4638671875
2125	28725.3603515625
2126	28951.53515625
2127	28986.77294921875
2128	29177.1943359375
2129	29298.076171875
2130	29316.5419921875
2131	29600.55859375
2132	29679.78076171875
2133	29742.65869140625
2134	29762.1259765625
2135	29881.0966796875
2136	30301.41162109375
2137	30475.5546875
2138	30922.82666015625
2139	31296.19140625
2140	31519.95166015625
2141	31988.30859375
2142	32113.72607421875
2143	32178.9765625
2144	32332.17578125
2145	32408.95751953125
2146	32561.369140625
2147	32809.64111328125
2148	32859.60546875
2149	33350.00927734375
2150	33851.580078125
2151	34023.296875
2152	34134.21533203125
2153	35159.4560546875
2154	35167.91943359375
2155	35248.65576171875
2156	35350.83642578125
2157	35361.31787109375
2158	35598.81591796875
2159	35900.72119140625
2160	36009.568359375
2161	36037.37841796875
2162	36113.46875
2163	36820.7001953125
2164	37033.22705078125
2165	37168.42724609375
2166	37440.92919921875
2167	37631.57470703125
2168	37643.92822265625
2169	37718.22314453125
2170	37806.62255859375
2171	38032.0224609375
2172	38139.41845703125
2173	38362.78759765625
2174	38453.25
2175	38768.88525390625
2176	38972.21044921875
2177	39037.02685546875
2178	39079.908203125
2179	39524.58544921875
2180	39683.1982421875
2181	40134.63330078125
2182	40488.71826171875
2183	40904.17529296875
2184	41438.10986328125
2185	41800.0166015625
2186	42963.671875
2187	43116.57275390625
2188	43210.4150390625
2189	44153.658203125
2190	44341.1552734375
2191	44453.0537109375
2192	44596.43603515625
2193	44824.51611328125
2194	44829.7900390625
2195	45422.02783203125
2196	45443.6171875
2197	45581.19775390625
2198	45731.49072265625
2199	45862.4423828125
2200	45897.26904296875
2201	45924.1220703125
2202	45969.27685546875
2203	46797.1787109375
2204	46833.0146484375
2205	47133.54052734375
2206	47339.66650390625
2207	47466.7509765625
2208	48170.35546875
2209	48233.5537109375
2210	48596.39892578125
2211	48730.41455078125
2212	48899.626953125
2213	48963.3955078125
2214	49281.82763671875
2215	49628.61962890625
2216	50000.52392578125
2217	50015.1962890625
2218	50044.248046875
2219	50745.23388671875
2220	50781.216796875
2221	50815.9609375
2222	50907.75048828125
2223	51015.3017578125
2224	51032.55322265625
2225	51373.876953125
2226	51658.34130859375
2227	52075.240234375
2228	52273.23974609375
2229	52682.39990234375
2230	52720.09423828125
2231	52965.42236328125
2232	53597.4736328125
2233	53686.943359375
2234	54035.5556640625
2235	54326.3818359375
2236	54604.771484375
2237	54699.78466796875
2238	55027.10107421875
2239	55191.587890625
2240	55266.85107421875
2241	55320.607421875
2242	55335.166015625
2243	55368.02685546875
2244	55523.85400390625
2245	55775.517578125
2246	56466.82666015625
2247	58110.83984375
2248	58988.05615234375
2249	59066.28515625
2250	59261.88427734375
2251	59711.66455078125
2252	59769.83056640625
2253	61429.5263671875
2254	61752.22607421875
2255	62330.85400390625
2256	63186.49755859375
2257	63379.5517578125
2258	63460.76025390625
2259	63553.3779296875
2260	63892.9072265625
2261	64318.82861328125
2262	65470.39404296875
2263	66330.6982421875
2264	66828.048828125
2265	67692.69384765625
2266	68941.51123046875
2267	69201.771484375
2268	69561.03369140625
2269	70750.9130859375
2270	71211.75390625
2271	73433.109375
2272	73817.4638671875
2273	74828.2353515625
2274	75646.65380859375
2275	75831.92041015625
2276	76112.97412109375
2277	76839.02880859375
2278	77972.97998046875
2279	78153.1943359375
2280	78463.49072265625
2281	79547.56982421875
2282	80072.65576171875
2283	82041.45654296875
2284	82153.0927734375
2285	82189.970703125
2286	83712.01904296875
2287	85974.3662109375
2288	87051.91943359375
2289	87368.38427734375
2290	87695.83251953125
2291	88199.2373046875
2292	88328.36767578125
2293	88626.18994140625
2294	90456.19970703125
2295	91628.27294921875
2296	91926.77197265625
2297	93172.4814453125
2298	93749.99609375
2299	93888.2255859375
2300	95091.3193359375
2301	95152.37109375
2302	96364.56298828125
2303	96979.1552734375
2304	97257.27685546875
2305	97425.74609375
2306	98288.6669921875
2307	100063.87939453125
2308	101808.66796875
2309	101853.73388671875
2310	101999.4365234375
2311	104284.87158203125
2312	104727.9140625
2313	105499.62353515625
2314	105653.232421875
2315	107203.84765625
2316	107240.755859375
2317	109565.61181640625
2318	115131.0576171875
2319	115965.35498046875
2320	116373.86083984375
2321	116704.11083984375
2322	119692.59716796875
2323	121358.70556640625
2324	125192.3251953125
2325	125724.7529296875
2326	129536.31591796875
2327	133195.734375
2328	134044.7587890625
2329	136260.96484375
2330	137414.3896484375
2331	139162.34716796875
2332	139812.66064453125
2333	140091.18310546875
2334	141181.62548828125
2335	142161.048828125
2336	142428.5185546875
2337	142560.248046875
2338	145444.17041015625
2339	146743.69677734375
2340	147859.5009765625
2341	150488.7060546875
2342	152900.97314453125
2343	155236.0498046875
2344	155247.41796875
2345	155310.4560546875
2346	155959.03125
2347	156865.8974609375
2348	164538.9619140625
2349	164637.18603515625
2350	168116.19775390625
2351	170676.78515625
2352	174028.2607421875
2353	181078.38720703125
2354	183927.92236328125
2355	187049.80029296875
2356	187631.6083984375
2357	194949.45458984375
2358	195071.42919921875
2359	199195.06005859375
2360	205537.06787109375
2361	216793.5224609375
2362	219270.6162109375
2363	221979.84228515625
2364	224093.54443359375
2365	227318.923828125
2366	229010.49609375
2367	229036.59033203125
2368	235249.744140625
2369	241762.78076171875
2370	249936.90625
2371	252798.27978515625
2372	253854.85107421875
2373	256980.017578125
2374	264584.90673828125
2375	264619.091796875
2376	268953.03271484375
2377	272332.732421875
2378	284598.38427734375
2379	287472.93310546875
2380	296715.17919921875
2381	301810.24267578125
2382	314258.623046875
2383	330998.47900390625
2384	332877.4150390625
2385	350092.19873046875
2386	351258.72314453125
2387	353898.76220703125
2388	355161.10400390625
2389	358103.67236328125
2390	358128.8212890625
2391	364272.86181640625
2392	371445.310546875
2393	374792.33154296875
2394	383429.9423828125
2395	384012.080078125
2396	385976.662109375
2397	392124.03369140625
2398	394231.70263671875
2399	420278.31689453125
2400	420521.796875
2401	426364.1708984375
2402	435439.6630859375
2403	463795.75537109375
2404	485580.42236328125
2405	499970.3251953125
2406	504735.76123046875
2407	523577.5869140625
2408	533563.8725585938
2409	535192.072265625
2410	536532.3999023438
2411	559080.8129882812
2412	581200.53125
2413	627164.0942382812
2414	634211.8876953125
2415	641242.2724609375
2416	643579.5869140625
2417	648895.0239257812
2418	651054.125
2419	668383.7348632812
2420	683080.9516601562
2421	698495.8442382812
2422	700296.8403320312
2423	706130.931640625
2424	715193.0888671875
2425	758815.560546875
2426	760804.4921875
2427	846907.40234375
2428	852671.9282226562
2429	885952.44921875
2430	897635.7416992188
2431	930324.6499023438
2432	948882.064453125
2433	994765.7958984375
2434	1077346.8149414062
2435	1093300.8022460938
2436	1110800.6342773438
2437	1195384.2456054688
2438	1202814.73046875
2439	1392814.6884765625
2440	1466214.3779296875
2441	1524841.638671875
2442	1800956.9541015625
2443	1863910.1879882812
2444	1900723.529296875
2445	1914865.16015625
2446	1991350.568359375
2447	2048000.0
2448	2048000.0
2449	2048000.0
2450	2048000.0
2451	2048000.0
2452	2048000.0
2453	2048000.0
2454	2048000.0
2455	2048000.0
2456	2048000.0
2457	2048000.0
2458	2048000.0
2459	2048000.0
2460	2048000.0
2461	2048000.0
2462	2048000.0
2463	2048000.0
2464	2048000.0
2465	2048000.0
2466	2048000.0
2467	2048000.0
2468	2048000.0
2469	2048000.0
2470	2048000.0
2471	2048000.0
2472	2048000.0
2473	2048000.0
2474	2048000.0
2475	2048000.0
2476	2048000.0
2477	2048000.0
2478	2048000.0
2479	2048000.0
2480	2048000.0
2481	2048000.0
2482	2048000.0
2483	2048000.0
2484	2048000.0
2485	2048000.0
2486	2048000.0
2487	2048000.0
2488	2048000.0
2489	2048000.0
2490	2048000.0
2491	2048000.0
2492	2048000.0
2493	2048000.0
2494	2048000.0
2495	2048000.0
2496	2048000.0
2497	2048000.0
2498	2048000.0
2499	2048000.0
2500	2048000.0
2501	2048000.0
2502	2048000.0
2503	2048000.0
2504	2048000.0
2505	2048000.0
2506	2048000.0
2507	2048000.0
2508	2048000.0
2509	2048000.0
2510	2048000.0
2511	2048000.0
2512	2048000.0
2513	2048000.0
2514	2048000.0
2515	2048000.0
2516	2048000.0
2517	2048000.0
2518	2048000.0
2519	2048000.0
2520	2048000.0
2521	2048000.0
2522	2048000.0
2523	2048000.0
2524	2048000.0
2525	2048000.0
2526	2048000.0
2527	2048000.0
2528	2048000.0
2529	2048000.0
2530	2048000.0
2531	2048000.0
2532	2048000.0
2533	2048000.0
