#FMS random 4-SAT
#N=32768  nIter=524288  alpha=960   NSamples=216
#av(nit)	19036.959474492956
#std(nit)	1005.5682421344836
#av(e)	0.0
#std(e)	0.0
#av(runtime)	701.5538425925926
#std(runtime)	31.18378675506327
0.0	61028.040954589844	2500.75	1
0.0	9614.857879638672	379.26	2
0.0	22682.50225830078	979.73	3
0.0	10321.23257446289	422.91	4
0.0	16418.917999267578	600.61	5
0.0	10930.624816894531	383.86	6
0.0	28367.92367553711	1035.64	7
0.0	11456.47900390625	489.0	8
0.0	11437.87417602539	479.98	9
0.0	9968.599731445312	405.93	10
0.0	5657.990753173828	236.83	11
0.0	11810.21694946289	505.94	12
0.0	11529.764953613281	462.58	13
0.0	31816.71484375	1267.6	14
0.0	17917.890014648438	678.22	15
0.0	6767.403717041016	284.27	16
0.0	5582.434814453125	218.13	17
0.0	8968.764221191406	372.55	18
0.0	13391.480377197266	501.12	19
0.0	8565.395050048828	327.1	20
0.0	5971.97607421875	242.46	21
0.0	20458.265991210938	850.52	22
0.0	15117.277404785156	554.67	23
0.0	13559.789276123047	579.57	24
0.0	16709.68963623047	570.12	25
0.0	17901.922241210938	671.61	701
0.0	8207.480773925781	307.54	702
0.0	8426.213073730469	326.4	703
0.0	39043.75857543945	1149.28	704
0.0	6498.178649902344	256.47	705
0.0	15826.661346435547	537.22	706
0.0	7873.345489501953	280.62	707
0.0	12716.09048461914	523.98	708
0.0	29884.133819580078	1193.65	709
0.0	17331.139770507812	654.17	710
0.0	11799.376983642578	472.07	711
0.0	7379.736267089844	314.75	712
0.0	8499.573364257812	324.21	713
0.0	17665.820190429688	596.34	714
0.0	8535.775695800781	335.61	715
0.0	30758.206604003906	1075.89	716
0.0	14637.853912353516	542.07	717
0.0	33385.193359375	1068.33	718
0.0	86108.44277954102	2732.06	719
0.0	7434.3798828125	312.18	720
0.0	7793.588317871094	276.92	721
0.0	5872.179382324219	265.97	722
0.0	26391.217712402344	904.8	723
0.0	16099.225006103516	625.25	1401
0.0	23470.766235351562	776.23	1402
0.0	16346.730926513672	634.33	1403
0.0	12934.539672851562	508.51	1404
0.0	11781.23373413086	461.06	1405
0.0	34901.968017578125	1195.13	1406
0.0	12314.921661376953	463.13	1407
0.0	66697.44427490234	2178.45	1408
0.0	20457.334075927734	726.85	1409
0.0	18181.052612304688	718.56	1410
0.0	25389.59210205078	906.52	1411
0.0	28661.115020751953	1269.94	1412
0.0	26569.010498046875	1096.79	1413
0.0	39268.0719909668	1308.82	1414
0.0	13672.652099609375	447.63	1415
0.0	20612.78955078125	742.6	1416
0.0	17634.091705322266	706.02	1417
0.0	11696.026763916016	490.39	1418
0.0	16845.25860595703	629.81	2101
0.0	10579.902160644531	408.48	2102
0.0	21320.78890991211	697.56	2103
0.0	91923.87756347656	2171.25	2104
0.0	17177.727416992188	646.44	2105
0.0	12460.727081298828	491.88	2106
0.0	35354.7392578125	1283.76	2107
0.0	27676.457275390625	977.09	2108
0.0	12819.158233642578	518.31	2109
0.0	10896.9853515625	475.27	2110
0.0	10222.035858154297	432.72	2111
0.0	6519.262664794922	251.64	2112
0.0	16144.713470458984	558.03	2113
0.0	26388.793029785156	838.9	2114
0.0	9603.69204711914	426.16	2115
0.0	6257.564605712891	263.55	2116
0.0	13362.139068603516	472.43	2117
0.0	16742.664520263672	654.51	2118
0.0	10069.761260986328	399.87	2119
0.0	12695.789947509766	530.61	2120
0.0	25158.286346435547	1101.74	2121
0.0	10639.755767822266	446.11	2122
0.0	17813.500732421875	665.04	2801
0.0	17964.364532470703	741.89	2802
0.0	9933.003234863281	401.31	2803
0.0	12362.590728759766	465.43	2804
0.0	11531.15689086914	445.94	2805
0.0	11505.64273071289	438.67	2806
0.0	31896.85284423828	1116.05	2807
0.0	9627.567901611328	362.08	2808
0.0	12087.270568847656	514.98	2809
0.0	9382.43490600586	374.37	2810
0.0	48850.41018676758	1402.55	2811
0.0	14738.41293334961	604.64	2812
0.0	14825.062927246094	626.29	2813
0.0	13696.069396972656	462.18	2814
0.0	16929.94497680664	600.38	2815
0.0	6013.225402832031	254.32	2816
0.0	8412.382141113281	357.74	2817
0.0	11936.025512695312	454.12	2818
0.0	9615.059295654297	353.84	2819
0.0	25633.642211914062	974.17	2820
0.0	10447.427062988281	453.43	2821
0.0	14387.59164428711	541.38	2822
0.0	9381.451538085938	339.01	2823
0.0	7414.809020996094	297.99	2824
0.0	9287.612609863281	411.38	2825
0.0	10630.64761352539	406.77	2826
0.0	18880.264709472656	763.98	2827
0.0	28757.911193847656	781.17	2828
0.0	69324.34323120117	2662.71	3501
0.0	50918.341857910156	1926.75	3502
0.0	9087.305450439453	375.07	3503
0.0	11108.976776123047	428.57	3504
0.0	28903.02474975586	1195.01	3505
0.0	20845.37530517578	671.07	3506
0.0	19239.04559326172	828.07	3507
0.0	8450.853332519531	325.39	3508
0.0	15765.625	631.41	3509
0.0	10218.331665039062	422.69	3510
0.0	20185.152862548828	883.94	3511
0.0	20928.308135986328	656.96	3512
0.0	31625.86605834961	1278.67	3513
0.0	20108.011474609375	750.47	3514
0.0	14222.583587646484	616.02	3515
0.0	9799.011596679688	448.64	3516
0.0	13943.602630615234	511.79	3517
0.0	17588.681701660156	731.84	3518
0.0	14104.630126953125	547.7	4201
0.0	18969.79949951172	681.99	4202
0.0	8451.505249023438	333.41	4203
0.0	9814.863464355469	399.37	4204
0.0	8182.802459716797	333.35	4205
0.0	37235.06442260742	1434.44	4206
0.0	20340.12872314453	732.85	4207
0.0	21927.95721435547	742.25	4208
0.0	38814.43716430664	1157.29	4209
0.0	8852.300506591797	378.88	4210
0.0	9119.024963378906	413.21	4211
0.0	12038.3759765625	450.52	4212
0.0	35035.72048950195	1118.71	4213
0.0	45660.629302978516	1499.64	4214
0.0	15192.085906982422	549.04	4215
0.0	106816.98425292969	2822.32	4216
0.0	23101.974243164062	929.99	4217
0.0	10378.79769897461	430.8	4218
0.0	4840.289520263672	203.91	4219
0.0	16524.561737060547	657.52	4901
0.0	25892.363494873047	1047.86	4902
0.0	13896.277435302734	536.25	4903
0.0	9088.549591064453	326.96	4904
0.0	40425.501861572266	1130.16	4905
0.0	13642.635375976562	564.61	4906
0.0	9127.365600585938	346.16	4907
0.0	16197.124603271484	648.74	4908
0.0	23935.864288330078	891.5	4909
0.0	9596.237609863281	387.5	4910
0.0	12392.23275756836	449.87	4911
0.0	19531.047973632812	762.54	4912
0.0	41261.58981323242	1517.17	4913
0.0	11488.282684326172	470.03	4914
0.0	8529.01644897461	319.06	4915
0.0	10012.958129882812	381.29	4916
0.0	10840.788879394531	437.63	4917
0.0	8160.797637939453	291.48	4918
0.0	11112.990112304688	459.11	4919
0.0	12792.60629272461	485.35	4920
0.0	9887.03125	423.29	4921
0.0	11526.583374023438	505.52	4922
0.0	13273.239562988281	566.47	4923
0.0	15572.11099243164	633.25	4924
0.0	27008.21939086914	1057.36	5601
0.0	53831.985260009766	1639.66	5602
0.0	30520.931884765625	895.1	5603
0.0	14199.118682861328	543.79	5604
0.0	13434.27798461914	549.28	5605
0.0	13761.35952758789	583.75	5606
0.0	9704.800689697266	414.71	5607
0.0	10970.426025390625	480.81	5608
0.0	10602.64468383789	451.05	5609
0.0	32470.163635253906	1303.39	5610
0.0	57381.94793701172	1797.37	5611
0.0	20467.738708496094	639.82	5612
0.0	21520.97149658203	982.27	5613
0.0	10962.116180419922	416.33	5614
0.0	16253.518646240234	615.63	5615
0.0	14860.91372680664	672.34	5616
0.0	7230.649993896484	282.42	5617
0.0	34322.23220825195	1573.58	5618
0.0	7801.378173828125	332.06	5619
0.0	16954.227294921875	575.83	6301
0.0	8400.320251464844	321.61	6302
0.0	17989.7880859375	708.08	6303
0.0	30379.37973022461	1243.87	6304
0.0	16780.60189819336	641.62	6305
0.0	20451.676330566406	856.89	6306
0.0	67404.27020263672	2135.67	6307
0.0	7412.7880859375	289.1	6308
0.0	19568.292877197266	736.29	6309
0.0	22435.844635009766	818.33	6310
0.0	16960.580139160156	706.94	6311
0.0	32352.737762451172	1222.85	6312
0.0	18151.216278076172	787.83	6313
0.0	22536.38656616211	958.63	6314
0.0	16085.749481201172	691.56	6315
0.0	31639.72021484375	1056.07	6316
0.0	9908.353912353516	426.22	6317
0.0	10859.000122070312	442.6	6318
0.0	12786.998718261719	452.24	6319
0.0	12258.99169921875	493.7	6320
