#FMS random 4-SAT
#N=4096  nIter=65536  alpha=968   NSamples=1529
#av(nit)	46841.07769835268
#std(nit)	570.8864333200951
#av(e)	40.568999345977765
#std(e)	1.211805074559011
#av(runtime)	102.28039895356441
#std(runtime)	1.2609005609666464
80.0	65536.0	133.12	1
46.0	65536.0	137.32	2
0.0	11419.090087890625	23.96	3
0.0	39972.83056640625	84.37	4
31.0	65536.0	142.26	5
59.0	65536.0	143.13	6
59.0	65536.0	140.38	7
0.0	15648.816162109375	33.62	8
0.0	7838.940673828125	17.05	9
74.0	65536.0	135.7	10
66.0	65536.0	140.88	11
0.0	20969.63916015625	44.18	12
114.0	65536.0	141.34	13
94.0	65536.0	138.66	14
0.0	13615.693115234375	28.91	15
0.0	8611.26513671875	18.93	16
118.0	65536.0	141.62	17
0.0	29915.1591796875	62.68	18
0.0	12454.595458984375	26.54	19
35.0	65536.0	142.6	20
0.0	41483.0322265625	88.21	21
0.0	33169.622802734375	70.56	22
57.0	65536.0	136.56	23
95.0	65536.0	132.07	24
67.0	65536.0	137.35	25
136.0	65536.0	146.12	26
113.0	65536.0	139.31	27
60.0	65536.0	144.24	28
113.0	65536.0	145.15	29
58.0	65536.0	144.05	30
21.0	65536.0	129.79	31
17.0	65536.0	139.88	32
0.0	43131.4599609375	90.83	33
0.0	61073.41943359375	129.91	34
84.0	65536.0	140.99	35
0.0	38135.11083984375	84.53	36
119.0	65536.0	145.15	37
0.0	45756.51513671875	99.89	38
0.0	64747.501220703125	140.19	39
125.0	65536.0	149.07	40
94.0	65536.0	143.32	41
86.0	65536.0	147.73	42
126.0	65536.0	142.64	43
0.0	33362.984619140625	71.24	44
25.0	65536.0	142.66	45
0.0	39315.878662109375	85.31	46
79.0	65536.0	144.81	47
145.0	65536.0	144.55	48
60.0	65536.0	146.07	49
77.0	65536.0	137.51	50
44.0	65536.0	143.45	51
0.0	59818.8544921875	128.87	52
29.0	65536.0	146.03	53
12.0	65536.0	141.96	54
0.0	46540.2373046875	97.96	55
0.0	64487.6611328125	138.48	56
106.0	65536.0	141.82	57
0.0	9651.688720703125	20.9	58
82.0	65536.0	137.47	59
0.0	10179.695068359375	20.04	60
0.0	46188.7900390625	101.32	61
0.0	19563.97412109375	43.29	62
0.0	18577.938232421875	39.42	63
0.0	56383.95556640625	126.13	64
162.0	65536.0	144.91	65
92.0	65536.0	143.62	66
64.0	65536.0	142.88	67
109.0	65536.0	147.46	68
105.0	65536.0	150.7	69
2.0	65536.0	137.93	70
0.0	31836.049560546875	69.89	71
0.0	9721.0078125	21.81	72
131.0	65536.0	149.67	73
69.0	65536.0	147.82	74
0.0	18310.584716796875	40.13	75
21.0	65536.0	146.31	76
3.0	65536.0	146.34	77
0.0	21638.31640625	47.15	78
108.0	65536.0	147.06	79
13.0	65536.0	145.85	80
60.0	65536.0	145.34	81
0.0	33545.52587890625	73.55	82
96.0	65536.0	146.17	83
140.0	65536.0	148.0	84
111.0	65536.0	149.64	85
29.0	65536.0	141.02	86
0.0	3620.81689453125	7.77	87
0.0	28668.49658203125	61.24	88
0.0	29477.76416015625	64.35	89
0.0	11988.356201171875	26.08	90
0.0	57217.21240234375	126.62	91
89.0	65536.0	145.6	92
91.0	65536.0	148.25	93
0.0	33305.26123046875	73.97	94
83.0	65536.0	147.14	95
68.0	65536.0	145.61	96
87.0	65536.0	146.01	97
0.0	31271.7451171875	62.79	98
0.0	10973.622314453125	24.32	99
97.0	65536.0	145.88	100
0.0	9292.05615234375	21.23	101
84.0	65536.0	145.43	102
87.0	65536.0	143.5	103
0.0	34764.409423828125	74.25	104
0.0	7121.841064453125	15.93	105
0.0	32989.06494140625	73.83	106
95.0	65536.0	147.16	107
70.0	65536.0	149.27	108
65.0	65536.0	147.4	109
0.0	27886.370361328125	61.53	110
73.0	65536.0	148.69	111
0.0	44342.980224609375	97.9	112
0.0	9731.19091796875	20.64	113
54.0	65536.0	141.99	114
0.0	12995.23046875	27.78	115
86.0	65536.0	146.03	116
0.0	33903.74267578125	72.69	117
135.0	65536.0	147.57	118
0.0	56030.505615234375	125.01	119
88.0	65536.0	143.99	120
0.0	61683.14404296875	135.76	121
0.0	18042.736328125	38.19	122
0.0	3604.470947265625	7.82	123
41.0	65536.0	144.3	124
124.0	65536.0	147.2	125
0.0	25970.770751953125	58.5	126
0.0	16902.80517578125	38.17	127
0.0	16525.8154296875	35.27	128
99.0	65536.0	143.17	129
66.0	65536.0	147.15	130
60.0	65536.0	146.41	131
0.0	24136.034423828125	54.0	132
0.0	7100.100830078125	16.2	133
82.0	65536.0	149.17	134
0.0	24837.12451171875	54.58	135
126.0	65536.0	147.92	136
10.0	65536.0	147.87	137
110.0	65536.0	139.04	138
44.0	65536.0	140.23	139
0.0	5990.468505859375	13.17	140
0.0	20013.48291015625	44.69	141
96.0	65536.0	144.34	142
133.0	65536.0	145.23	143
0.0	7783.17431640625	17.69	144
0.0	36161.45458984375	81.22	145
0.0	13916.74951171875	29.83	146
0.0	38225.3154296875	80.25	701
82.0	65536.0	140.46	702
95.0	65536.0	139.18	703
33.0	65536.0	139.36	704
0.0	27318.991943359375	57.24	705
41.0	65536.0	139.05	706
90.0	65536.0	140.14	707
20.0	65536.0	140.81	708
78.0	65536.0	136.93	709
135.0	65536.0	139.07	710
15.0	65536.0	139.64	711
85.0	65536.0	143.08	712
0.0	45663.111328125	97.42	713
151.0	65536.0	144.21	714
0.0	34144.9072265625	65.29	715
40.0	65536.0	141.41	716
0.0	49124.50537109375	100.89	717
131.0	65536.0	143.42	718
95.0	65536.0	139.08	719
0.0	12889.684814453125	26.46	720
10.0	65536.0	136.97	721
60.0	65536.0	141.34	722
65.0	65536.0	143.52	723
101.0	65536.0	136.38	724
0.0	13168.74658203125	28.38	725
0.0	11417.91015625	24.29	726
76.0	65536.0	142.04	727
134.0	65536.0	147.27	728
61.0	65536.0	139.23	729
102.0	65536.0	142.37	730
46.0	65536.0	145.3	731
0.0	33338.475830078125	72.92	732
56.0	65536.0	144.47	733
0.0	16028.509033203125	33.0	734
0.0	45923.94775390625	97.22	735
84.0	65536.0	143.91	736
90.0	65536.0	146.66	737
0.0	23216.429443359375	50.14	738
0.0	11252.058349609375	24.53	739
113.0	65536.0	146.35	740
94.0	65536.0	145.01	741
0.0	11987.45361328125	25.49	742
76.0	65536.0	142.64	743
0.0	35573.812255859375	73.21	744
0.0	36429.838623046875	79.71	745
0.0	32835.90625	71.44	746
0.0	38092.498779296875	82.5	747
0.0	58655.828857421875	126.57	748
0.0	16622.951171875	35.82	749
0.0	51948.523681640625	113.44	750
69.0	65536.0	133.66	751
18.0	65536.0	142.24	752
69.0	65536.0	133.29	753
116.0	65536.0	139.03	754
41.0	65536.0	144.31	755
0.0	41132.583251953125	90.57	756
47.0	65536.0	145.53	757
35.0	65536.0	148.35	758
3.0	65536.0	132.26	759
66.0	65536.0	147.63	760
83.0	65536.0	139.22	761
0.0	21794.865234375	45.62	762
122.0	65536.0	144.88	763
59.0	65536.0	147.24	764
0.0	12413.344970703125	26.24	765
105.0	65536.0	141.89	766
0.0	62014.759765625	137.89	767
0.0	12945.503173828125	27.9	768
150.0	65536.0	148.08	769
0.0	24453.78515625	54.14	770
0.0	48069.251708984375	100.5	771
95.0	65536.0	144.48	772
0.0	42137.09619140625	90.38	773
84.0	65536.0	146.69	774
0.0	5308.38037109375	10.91	775
98.0	65536.0	147.94	776
0.0	33946.093505859375	74.21	777
29.0	65536.0	146.74	778
0.0	28579.0810546875	62.66	779
0.0	5527.7666015625	12.14	780
0.0	55997.604736328125	120.68	781
103.0	65536.0	148.32	782
104.0	65536.0	143.24	783
134.0	65536.0	148.88	784
55.0	65536.0	148.59	785
0.0	41410.152099609375	91.51	786
0.0	18899.936279296875	43.02	787
105.0	65536.0	144.9	788
0.0	57233.496337890625	119.19	789
0.0	3725.718505859375	8.05	790
0.0	7501.023681640625	16.44	791
0.0	55475.859130859375	123.25	792
95.0	65536.0	142.16	793
0.0	55769.5791015625	123.03	794
56.0	65536.0	148.65	795
57.0	65536.0	146.82	796
150.0	65536.0	147.47	797
74.0	65536.0	137.9	798
69.0	65536.0	147.6	799
123.0	65536.0	149.6	800
0.0	9862.92822265625	21.79	801
0.0	19618.2802734375	43.19	802
0.0	14035.57080078125	30.91	803
0.0	2821.00634765625	6.15	804
0.0	13113.54931640625	29.58	805
0.0	12258.3642578125	26.37	806
0.0	11721.933349609375	26.46	807
0.0	18858.3359375	41.53	808
18.0	65536.0	130.86	809
0.0	6151.50830078125	13.74	810
0.0	12811.018798828125	27.61	811
57.0	65536.0	146.88	812
41.0	65536.0	143.97	813
40.0	65536.0	147.63	814
34.0	65536.0	143.0	815
0.0	47527.654541015625	104.56	816
84.0	65536.0	148.04	817
0.0	21520.198974609375	48.05	818
17.0	65536.0	147.71	819
0.0	33000.701416015625	70.92	820
46.0	65536.0	144.05	821
52.0	65536.0	151.85	822
0.0	38410.3447265625	83.6	823
113.0	65536.0	147.53	824
0.0	3720.22802734375	8.55	825
0.0	23679.624267578125	52.45	826
107.0	65536.0	150.54	827
50.0	65536.0	143.39	828
0.0	31168.47265625	63.16	829
0.0	36319.517578125	80.82	830
107.0	65536.0	146.95	831
126.0	65536.0	148.55	832
0.0	12802.4970703125	28.68	833
0.0	56653.7666015625	123.83	834
0.0	21658.729248046875	48.45	835
0.0	37929.20068359375	82.47	836
104.0	65536.0	141.08	837
22.0	65536.0	136.12	838
0.0	9472.461669921875	19.95	839
0.0	32011.638916015625	66.78	840
0.0	36010.05078125	81.36	841
0.0	29482.510986328125	65.49	842
0.0	8106.04931640625	18.19	843
0.0	27979.467529296875	61.06	844
0.0	22025.262451171875	49.69	845
11.0	65536.0	131.87	846
52.0	65536.0	150.58	847
0.0	51853.244140625	110.79	848
0.0	27981.924560546875	63.11	849
126.0	65536.0	147.2	850
78.0	65536.0	150.27	851
44.0	65536.0	136.4	1401
83.0	65536.0	138.67	1402
99.0	65536.0	137.2	1403
0.0	34863.83642578125	74.23	1404
0.0	16794.525634765625	36.77	1405
7.0	65536.0	138.24	1406
0.0	14936.509765625	31.12	1407
79.0	65536.0	140.55	1408
17.0	65536.0	137.55	1409
93.0	65536.0	141.39	1410
0.0	26653.384521484375	55.17	1411
0.0	9313.957763671875	19.09	1412
9.0	65536.0	137.76	1413
0.0	8013.89892578125	16.91	1414
64.0	65536.0	136.24	1415
115.0	65536.0	138.4	1416
97.0	65536.0	142.73	1417
87.0	65536.0	143.11	1418
62.0	65536.0	141.93	1419
133.0	65536.0	137.22	1420
0.0	21354.75244140625	46.95	1421
88.0	65536.0	143.4	1422
95.0	65536.0	141.57	1423
0.0	30480.62158203125	65.09	1424
60.0	65536.0	142.89	1425
0.0	23441.174072265625	49.62	1426
96.0	65536.0	137.89	1427
0.0	28878.90478515625	62.57	1428
0.0	22255.157470703125	48.57	1429
73.0	65536.0	142.7	1430
90.0	65536.0	143.23	1431
0.0	29374.265869140625	64.47	1432
0.0	8723.92919921875	18.7	1433
0.0	8901.7177734375	18.96	1434
61.0	65536.0	145.25	1435
16.0	65536.0	141.96	1436
0.0	23473.476318359375	51.23	1437
0.0	27864.7890625	60.75	1438
0.0	19156.396484375	40.88	1439
73.0	65536.0	146.7	1440
69.0	65536.0	148.25	1441
0.0	8146.31396484375	17.71	1442
0.0	28342.87451171875	62.57	1443
40.0	65536.0	147.08	1444
73.0	65536.0	142.52	1445
0.0	14168.49072265625	28.39	1446
89.0	65536.0	140.51	1447
0.0	15651.15185546875	33.81	1448
0.0	43370.8623046875	93.13	1449
60.0	65536.0	147.72	1450
0.0	52160.869384765625	115.06	1451
0.0	32349.250732421875	65.4	1452
0.0	58499.15478515625	127.78	1453
0.0	17020.765380859375	37.11	1454
0.0	52122.385009765625	113.75	1455
79.0	65536.0	143.41	1456
118.0	65536.0	142.84	1457
0.0	58835.592529296875	128.28	1458
113.0	65536.0	139.03	1459
11.0	65536.0	143.73	1460
58.0	65536.0	145.89	1461
0.0	62715.68896484375	134.82	1462
0.0	9019.316650390625	19.81	1463
48.0	65536.0	130.72	1464
100.0	65536.0	146.95	1465
0.0	30858.775146484375	71.16	1466
0.0	29970.027099609375	62.12	1467
0.0	41831.636962890625	92.22	1468
100.0	65536.0	145.37	1469
41.0	65536.0	143.26	1470
121.0	65536.0	140.4	1471
45.0	65536.0	145.83	1472
104.0	65536.0	146.95	1473
11.0	65536.0	143.14	1474
59.0	65536.0	141.4	1475
0.0	10543.28955078125	22.63	1476
0.0	6587.648193359375	14.32	1477
0.0	30044.494140625	61.88	1478
114.0	65536.0	146.83	1479
68.0	65536.0	144.34	1480
88.0	65536.0	144.28	1481
86.0	65536.0	149.58	1482
0.0	12784.75	28.9	1483
0.0	9161.54736328125	18.07	1484
41.0	65536.0	147.56	1485
0.0	17334.372314453125	37.88	1486
112.0	65536.0	145.18	1487
77.0	65536.0	142.53	1488
118.0	65536.0	145.86	1489
97.0	65536.0	142.64	1490
0.0	13060.881591796875	28.45	1491
98.0	65536.0	144.84	1492
80.0	65536.0	147.17	1493
0.0	19219.119384765625	40.08	1494
107.0	65536.0	145.3	1495
107.0	65536.0	146.62	1496
82.0	65536.0	146.19	1497
81.0	65536.0	145.88	1498
0.0	44833.70166015625	100.65	1499
84.0	65536.0	144.67	1500
12.0	65536.0	144.02	1501
25.0	65536.0	135.74	1502
0.0	12316.42333984375	27.23	1503
120.0	65536.0	150.1	1504
79.0	65536.0	143.2	1505
82.0	65536.0	145.07	1506
39.0	65536.0	146.18	1507
76.0	65536.0	132.73	1508
0.0	53373.30224609375	118.83	1509
0.0	15538.64453125	35.22	1510
69.0	65536.0	140.57	1511
0.0	31437.93310546875	67.83	1512
109.0	65536.0	146.22	1513
0.0	35187.816650390625	71.41	1514
14.0	65536.0	123.58	1515
0.0	14311.761962890625	31.14	1516
0.0	26510.336669921875	58.95	1517
0.0	20455.612060546875	44.64	1518
0.0	48456.403564453125	105.91	1519
0.0	57043.451416015625	126.25	1520
59.0	65536.0	143.62	1521
108.0	65536.0	143.62	1522
0.0	44490.5966796875	95.43	1523
0.0	5180.6416015625	11.15	1524
0.0	59449.885986328125	132.83	1525
77.0	65536.0	142.92	1526
0.0	16584.1787109375	35.72	1527
41.0	65536.0	149.46	1528
13.0	65536.0	144.71	1529
0.0	22433.408447265625	50.35	1530
80.0	65536.0	142.34	1531
0.0	11613.525634765625	25.88	1532
6.0	65536.0	143.67	1533
96.0	65536.0	144.56	1534
92.0	65536.0	148.63	1535
0.0	6845.1865234375	15.26	1536
0.0	8174.25390625	17.88	1537
70.0	65536.0	148.55	1538
32.0	65536.0	149.75	1539
0.0	9483.300048828125	21.66	1540
0.0	58664.118408203125	130.8	1541
139.0	65536.0	133.81	1542
93.0	65536.0	143.22	1543
69.0	65536.0	149.81	1544
0.0	16661.634765625	36.27	1545
81.0	65536.0	147.95	1546
0.0	15152.805419921875	34.55	1547
118.0	65536.0	147.97	1548
0.0	20967.33642578125	42.97	2101
101.0	65536.0	140.65	2102
0.0	48047.37890625	99.05	2103
0.0	46485.1064453125	99.68	2104
0.0	18104.1826171875	37.47	2105
120.0	65536.0	141.75	2106
91.0	65536.0	142.53	2107
146.0	65536.0	141.15	2108
23.0	65536.0	125.4	2109
63.0	65536.0	142.95	2110
0.0	45846.00048828125	95.3	2111
0.0	11233.5400390625	22.98	2112
95.0	65536.0	144.21	2113
78.0	65536.0	138.43	2114
61.0	65536.0	142.03	2115
0.0	46685.16943359375	99.41	2116
62.0	65536.0	143.76	2117
0.0	51917.029296875	110.98	2118
0.0	23257.61767578125	50.24	2119
101.0	65536.0	139.21	2120
0.0	45124.411376953125	96.02	2121
62.0	65536.0	141.51	2122
0.0	65351.579833984375	142.52	2123
0.0	15758.0654296875	31.64	2124
0.0	44155.523193359375	92.26	2125
0.0	16346.2314453125	33.54	2126
63.0	65536.0	139.74	2127
0.0	46236.87451171875	100.86	2128
0.0	5218.3896484375	10.81	2129
0.0	19908.07763671875	41.77	2130
126.0	65536.0	141.9	2131
0.0	27860.455078125	57.92	2132
0.0	36290.173583984375	73.12	2133
0.0	12148.06005859375	25.5	2134
113.0	65536.0	141.43	2135
0.0	40969.6015625	89.38	2136
0.0	52739.62841796875	113.6	2137
0.0	41293.622314453125	81.61	2138
70.0	65536.0	144.62	2139
0.0	44113.32275390625	96.21	2140
0.0	13977.40771484375	29.52	2141
94.0	65536.0	148.87	2142
81.0	65536.0	148.51	2143
0.0	13139.4892578125	27.44	2144
77.0	65536.0	143.77	2145
0.0	3914.08935546875	8.75	2146
0.0	18703.014404296875	39.82	2147
94.0	65536.0	139.65	2148
62.0	65536.0	146.04	2149
0.0	17875.12548828125	38.06	2150
0.0	49428.957763671875	103.01	2151
0.0	10258.383544921875	22.38	2152
73.0	65536.0	139.67	2153
77.0	65536.0	144.22	2154
99.0	65536.0	147.62	2155
44.0	65536.0	141.07	2156
102.0	65536.0	146.11	2157
40.0	65536.0	144.34	2158
0.0	11188.810302734375	22.73	2159
0.0	16432.636474609375	35.99	2160
0.0	24073.766357421875	51.0	2161
139.0	65536.0	147.06	2162
78.0	65536.0	143.92	2163
111.0	65536.0	146.8	2164
0.0	21943.799072265625	48.25	2165
0.0	36937.744873046875	82.95	2166
0.0	17912.029052734375	40.72	2167
0.0	18615.262939453125	40.19	2168
93.0	65536.0	145.4	2169
0.0	8087.7275390625	18.48	2170
43.0	65536.0	146.13	2171
89.0	65536.0	147.98	2172
0.0	4921.202392578125	10.59	2173
40.0	65536.0	140.93	2174
0.0	11773.92626953125	24.89	2175
73.0	65536.0	142.5	2176
0.0	9763.477294921875	20.54	2177
0.0	14316.342529296875	31.63	2178
54.0	65536.0	137.68	2179
34.0	65536.0	145.98	2180
9.0	65536.0	146.26	2181
0.0	46329.97998046875	100.29	2182
121.0	65536.0	147.32	2183
0.0	22408.593017578125	44.48	2184
0.0	14240.638427734375	31.22	2185
107.0	65536.0	142.73	2186
0.0	48383.528564453125	104.35	2187
0.0	20682.341064453125	45.06	2188
0.0	27659.149169921875	62.05	2189
99.0	65536.0	144.12	2190
90.0	65536.0	146.1	2191
0.0	19021.2802734375	41.11	2192
0.0	7709.672607421875	16.38	2193
0.0	2494.639404296875	5.07	2194
0.0	8118.84619140625	17.26	2195
97.0	65536.0	145.97	2196
0.0	21668.85791015625	47.57	2197
68.0	65536.0	145.53	2198
0.0	2702.770751953125	5.86	2199
0.0	47812.086669921875	105.37	2200
0.0	15316.76416015625	33.73	2201
0.0	30444.99267578125	67.1	2202
83.0	65536.0	145.22	2203
0.0	15178.551025390625	32.35	2204
0.0	55989.2236328125	123.16	2205
0.0	28823.772705078125	63.92	2206
24.0	65536.0	137.19	2207
55.0	65536.0	144.0	2208
77.0	65536.0	149.36	2209
0.0	22666.561767578125	49.75	2210
90.0	65536.0	145.61	2211
78.0	65536.0	150.21	2212
0.0	56178.098388671875	121.48	2213
68.0	65536.0	142.5	2214
87.0	65536.0	148.04	2215
102.0	65536.0	150.43	2216
0.0	13320.607421875	29.13	2217
31.0	65536.0	147.53	2218
26.0	65536.0	146.62	2219
0.0	40120.733154296875	82.36	2220
0.0	17861.439453125	39.59	2221
88.0	65536.0	148.94	2222
46.0	65536.0	145.02	2223
69.0	65536.0	146.94	2224
0.0	17821.66748046875	36.93	2225
139.0	65536.0	147.52	2226
0.0	7145.091064453125	15.66	2227
0.0	16537.566650390625	35.62	2228
0.0	35502.73046875	78.41	2229
94.0	65536.0	147.71	2230
126.0	65536.0	136.8	2231
0.0	4191.104736328125	9.6	2232
123.0	65536.0	149.93	2233
143.0	65536.0	147.96	2234
0.0	3081.760009765625	6.74	2235
0.0	43565.423583984375	94.59	2236
68.0	65536.0	147.02	2237
112.0	65536.0	148.04	2238
65.0	65536.0	151.78	2239
118.0	65536.0	145.88	2240
100.0	65536.0	145.56	2241
76.0	65536.0	141.01	2242
56.0	65536.0	145.41	2243
0.0	31959.96484375	70.25	2244
65.0	65536.0	147.86	2245
0.0	48519.091552734375	104.36	2246
0.0	21325.934814453125	48.01	2247
137.0	65536.0	142.15	2248
0.0	8028.21337890625	18.04	2249
52.0	65536.0	148.6	2250
16.0	65536.0	147.3	2251
107.0	65536.0	150.3	2252
34.0	65536.0	149.37	2253
83.0	65536.0	148.76	2254
0.0	7329.598388671875	16.81	2255
47.0	65536.0	145.3	2256
0.0	23131.678955078125	51.26	2257
0.0	35108.6708984375	72.69	2801
0.0	18113.595947265625	36.97	2802
69.0	65536.0	139.47	2803
0.0	5560.005615234375	11.73	2804
0.0	1601.55712890625	3.32	2805
0.0	55744.986083984375	116.38	2806
26.0	65536.0	141.56	2807
0.0	39407.601318359375	84.18	2808
0.0	52139.467529296875	110.64	2809
0.0	26640.15478515625	53.25	2810
0.0	19599.1181640625	41.57	2811
0.0	17134.328369140625	36.01	2812
43.0	65536.0	142.39	2813
119.0	65536.0	132.46	2814
0.0	20919.989501953125	43.49	2815
0.0	19812.2236328125	40.91	2816
36.0	65536.0	138.49	2817
69.0	65536.0	136.61	2818
0.0	37175.46240234375	79.39	2819
0.0	63498.67236328125	131.3	2820
0.0	22442.941650390625	48.28	2821
125.0	65536.0	139.93	2822
0.0	55150.04833984375	117.7	2823
150.0	65536.0	136.52	2824
0.0	33590.010498046875	72.23	2825
0.0	26354.530029296875	56.25	2826
25.0	65536.0	139.2	2827
60.0	65536.0	140.31	2828
64.0	65536.0	140.91	2829
0.0	57658.111328125	120.5	2830
117.0	65536.0	145.92	2831
0.0	31515.360595703125	66.31	2832
0.0	60009.87451171875	129.06	2833
73.0	65536.0	131.57	2834
90.0	65536.0	142.27	2835
0.0	8855.340576171875	19.68	2836
0.0	25029.18994140625	51.77	2837
72.0	65536.0	136.0	2838
55.0	65536.0	143.66	2839
117.0	65536.0	144.21	2840
72.0	65536.0	144.81	2841
120.0	65536.0	149.02	2842
0.0	43497.07666015625	93.74	2843
119.0	65536.0	149.76	2844
0.0	25779.875244140625	55.3	2845
0.0	24504.28662109375	53.16	2846
0.0	43923.349609375	97.27	2847
28.0	65536.0	145.04	2848
0.0	30038.62451171875	64.81	2849
0.0	52029.724853515625	104.72	2850
110.0	65536.0	143.24	2851
0.0	39532.528076171875	84.92	2852
127.0	65536.0	141.26	2853
0.0	12923.629638671875	27.67	2854
87.0	65536.0	145.81	2855
46.0	65536.0	147.28	2856
16.0	65536.0	138.7	2857
54.0	65536.0	144.74	2858
0.0	61434.0	130.09	2859
0.0	7834.224609375	17.4	2860
64.0	65536.0	147.43	2861
0.0	19651.317138671875	43.63	2862
33.0	65536.0	146.89	2863
0.0	34356.70166015625	74.54	2864
117.0	65536.0	144.29	2865
0.0	3396.801513671875	7.48	2866
94.0	65536.0	138.84	2867
133.0	65536.0	142.76	2868
0.0	62121.8544921875	131.34	2869
72.0	65536.0	145.78	2870
111.0	65536.0	143.55	2871
0.0	21083.8916015625	47.25	2872
45.0	65536.0	141.67	2873
107.0	65536.0	143.62	2874
12.0	65536.0	144.7	2875
32.0	65536.0	144.94	2876
0.0	28377.0576171875	61.36	2877
122.0	65536.0	144.91	2878
94.0	65536.0	147.11	2879
88.0	65536.0	139.51	2880
29.0	65536.0	144.36	2881
0.0	13107.093994140625	28.55	2882
22.0	65536.0	134.88	2883
0.0	43274.703857421875	95.89	2884
109.0	65536.0	147.36	2885
0.0	14861.513427734375	31.99	2886
0.0	32019.13671875	70.61	2887
110.0	65536.0	145.02	2888
0.0	11389.493896484375	24.18	2889
0.0	61901.89501953125	128.7	2890
53.0	65536.0	146.37	2891
0.0	16925.84765625	36.5	2892
0.0	17824.887451171875	39.55	2893
60.0	65536.0	145.02	2894
41.0	65536.0	147.65	2895
82.0	65536.0	150.63	2896
0.0	53123.75146484375	117.16	2897
0.0	15018.276123046875	33.26	2898
0.0	44758.601806640625	98.27	2899
0.0	11257.8681640625	24.61	2900
0.0	31064.24853515625	65.1	2901
0.0	31532.5283203125	69.68	2902
0.0	45619.699951171875	99.6	2903
0.0	37815.066650390625	82.13	2904
129.0	65536.0	142.78	2905
73.0	65536.0	145.41	2906
0.0	26008.013671875	58.14	2907
96.0	65536.0	148.71	2908
0.0	40849.27490234375	89.82	2909
0.0	37536.16552734375	83.48	2910
0.0	14535.459716796875	33.01	2911
0.0	29457.40185546875	63.56	2912
64.0	65536.0	143.82	2913
0.0	63658.181640625	143.21	2914
44.0	65536.0	145.31	2915
74.0	65536.0	129.98	2916
0.0	60354.766845703125	132.24	2917
119.0	65536.0	150.89	2918
0.0	32688.1708984375	71.51	2919
142.0	65536.0	151.09	2920
0.0	47366.658935546875	104.27	2921
55.0	65536.0	143.99	2922
0.0	5786.624755859375	11.55	2923
0.0	59618.12060546875	130.75	2924
8.0	65536.0	144.97	2925
0.0	14871.35986328125	31.72	2926
0.0	16417.325439453125	36.93	2927
0.0	57795.3955078125	128.67	2928
0.0	46140.68212890625	97.7	2929
8.0	65536.0	139.36	2930
85.0	65536.0	143.36	2931
123.0	65536.0	146.45	2932
0.0	27078.772216796875	59.24	2933
0.0	17459.866943359375	39.19	2934
0.0	9395.39453125	21.68	2935
0.0	28502.916015625	60.96	2936
0.0	25956.308349609375	54.61	2937
87.0	65536.0	144.12	2938
37.0	65536.0	145.3	2939
53.0	65536.0	146.41	2940
108.0	65536.0	150.94	2941
0.0	5739.28369140625	12.46	2942
0.0	26855.779296875	59.43	2943
0.0	13901.696533203125	29.63	2944
74.0	65536.0	150.04	2945
0.0	12079.36767578125	26.35	2946
67.0	65536.0	149.77	2947
0.0	45600.491455078125	99.71	2948
0.0	24899.004638671875	54.99	2949
0.0	48593.9453125	101.33	2950
0.0	3368.216064453125	7.53	2951
0.0	26376.38818359375	60.09	2952
0.0	53091.935546875	120.74	2953
0.0	28790.82177734375	63.55	2954
0.0	22575.052001953125	50.49	2955
73.0	65536.0	138.52	3501
59.0	65536.0	137.51	3502
0.0	8433.498046875	17.26	3503
98.0	65536.0	138.47	3504
0.0	9856.455322265625	20.47	3505
17.0	65536.0	134.61	3506
93.0	65536.0	141.49	3507
74.0	65536.0	140.43	3508
0.0	26881.87060546875	57.7	3509
0.0	51161.130859375	110.71	3510
0.0	20043.1396484375	42.18	3511
0.0	7524.027587890625	15.84	3512
0.0	27899.646728515625	58.6	3513
124.0	65536.0	143.88	3514
103.0	65536.0	140.34	3515
0.0	13981.850830078125	29.65	3516
109.0	65536.0	143.23	3517
82.0	65536.0	135.49	3518
105.0	65536.0	140.97	3519
128.0	65536.0	144.31	3520
0.0	17239.46240234375	37.38	3521
135.0	65536.0	132.66	3522
10.0	65536.0	139.98	3523
87.0	65536.0	141.88	3524
0.0	16634.9189453125	35.63	3525
0.0	24438.396240234375	51.36	3526
0.0	60340.72607421875	130.04	3527
0.0	64231.17724609375	135.49	3528
102.0	65536.0	142.14	3529
0.0	18148.535400390625	37.73	3530
80.0	65536.0	144.54	3531
0.0	40418.53369140625	88.0	3532
88.0	65536.0	142.64	3533
146.0	65536.0	144.99	3534
10.0	65536.0	140.55	3535
0.0	45293.40185546875	99.33	3536
0.0	48846.066650390625	107.91	3537
0.0	14921.74462890625	31.17	3538
0.0	15329.248046875	33.19	3539
0.0	20447.56640625	40.99	3540
71.0	65536.0	145.8	3541
133.0	65536.0	141.24	3542
0.0	54856.07373046875	116.16	3543
0.0	13427.79296875	28.5	3544
83.0	65536.0	145.98	3545
0.0	21652.59375	46.98	3546
50.0	65536.0	143.2	3547
135.0	65536.0	147.16	3548
0.0	16067.072509765625	34.47	3549
0.0	5785.1083984375	12.42	3550
128.0	65536.0	146.85	3551
56.0	65536.0	141.77	3552
0.0	44679.1259765625	95.62	3553
0.0	28564.7568359375	63.03	3554
0.0	12590.704833984375	27.51	3555
0.0	7669.022705078125	15.02	3556
82.0	65536.0	140.62	3557
0.0	6089.167236328125	12.76	3558
0.0	58262.170654296875	125.5	3559
0.0	10146.0947265625	22.01	3560
0.0	36484.01123046875	77.84	3561
63.0	65536.0	145.02	3562
3.0	65536.0	130.54	3563
0.0	16968.832275390625	35.39	3564
0.0	11960.78125	26.6	3565
0.0	21911.770751953125	48.28	3566
99.0	65536.0	138.22	3567
0.0	16263.0068359375	34.26	3568
114.0	65536.0	148.18	3569
94.0	65536.0	136.19	3570
0.0	21017.66552734375	45.14	3571
78.0	65536.0	146.46	3572
80.0	65536.0	144.4	3573
142.0	65536.0	138.66	3574
80.0	65536.0	147.89	3575
114.0	65536.0	144.23	3576
0.0	32185.516357421875	71.15	3577
124.0	65536.0	146.51	3578
0.0	34367.28271484375	70.7	3579
0.0	63658.765869140625	139.56	3580
76.0	65536.0	142.01	3581
79.0	65536.0	145.66	3582
117.0	65536.0	143.15	3583
19.0	65536.0	144.34	3584
0.0	27939.953857421875	63.81	3585
0.0	48090.142333984375	108.61	3586
71.0	65536.0	144.24	3587
0.0	21808.26806640625	47.51	3588
0.0	20966.62646484375	43.7	3589
86.0	65536.0	147.13	3590
72.0	65536.0	148.56	3591
0.0	37596.536865234375	77.9	3592
98.0	65536.0	145.74	3593
0.0	24650.79443359375	52.17	3594
0.0	60884.093994140625	133.07	3595
0.0	23874.864990234375	53.35	3596
41.0	65536.0	141.66	3597
0.0	25543.5546875	57.46	3598
62.0	65536.0	145.15	3599
67.0	65536.0	142.37	3600
0.0	26759.20703125	57.76	3601
0.0	25027.660400390625	55.99	3602
97.0	65536.0	150.52	3603
11.0	65536.0	148.45	3604
104.0	65536.0	148.5	3605
94.0	65536.0	146.23	3606
0.0	14738.42431640625	30.5	3607
78.0	65536.0	143.84	3608
138.0	65536.0	148.4	3609
0.0	40700.27392578125	91.66	3610
61.0	65536.0	139.13	3611
110.0	65536.0	144.58	3612
0.0	8552.640380859375	18.47	3613
52.0	65536.0	142.2	3614
0.0	39853.1201171875	85.98	3615
14.0	65536.0	141.14	3616
0.0	11585.59521484375	25.45	3617
75.0	65536.0	148.27	3618
86.0	65536.0	144.68	3619
115.0	65536.0	149.15	3620
98.0	65536.0	144.32	3621
0.0	39760.13427734375	88.65	3622
0.0	10682.149658203125	23.84	3623
0.0	37974.765869140625	81.88	3624
0.0	24225.440673828125	52.71	3625
131.0	65536.0	145.89	3626
49.0	65536.0	143.98	3627
0.0	44822.12060546875	92.82	3628
0.0	28304.748291015625	62.53	3629
0.0	10620.857177734375	22.86	3630
56.0	65536.0	148.41	3631
97.0	65536.0	146.54	3632
0.0	7025.886474609375	14.98	3633
0.0	51075.419921875	111.96	3634
80.0	65536.0	133.04	3635
79.0	65536.0	150.89	3636
0.0	51341.513427734375	112.35	3637
123.0	65536.0	151.98	3638
0.0	29260.046630859375	59.09	3639
0.0	7166.544921875	16.16	3640
0.0	21192.887939453125	47.34	3641
97.0	65536.0	146.17	3642
109.0	65536.0	148.33	3643
0.0	29049.870849609375	60.55	3644
133.0	65536.0	150.77	3645
0.0	20758.7138671875	46.11	3646
0.0	36578.755126953125	79.27	3647
20.0	65536.0	143.91	3648
116.0	65536.0	146.81	3649
0.0	31812.363037109375	68.98	3650
36.0	65536.0	144.71	3651
0.0	19612.786865234375	43.14	3652
26.0	65536.0	148.5	3653
0.0	23612.447265625	50.74	3654
0.0	4549.676513671875	9.84	3655
46.0	65536.0	140.1	4201
0.0	19244.343994140625	41.13	4202
74.0	65536.0	134.89	4203
94.0	65536.0	136.99	4204
80.0	65536.0	138.05	4205
85.0	65536.0	136.13	4206
0.0	26219.0400390625	56.52	4207
68.0	65536.0	140.29	4208
49.0	65536.0	139.78	4209
61.0	65536.0	139.97	4210
136.0	65536.0	140.82	4211
0.0	54652.514404296875	117.05	4212
0.0	27071.11962890625	55.57	4213
0.0	9564.995361328125	19.82	4214
92.0	65536.0	144.94	4215
0.0	8881.005615234375	19.18	4216
46.0	65536.0	142.58	4217
126.0	65536.0	143.62	4218
0.0	27022.54833984375	58.55	4219
40.0	65536.0	140.86	4220
0.0	3699.72802734375	7.73	4221
36.0	65536.0	133.38	4222
0.0	57840.265869140625	125.25	4223
0.0	7001.8603515625	14.69	4224
103.0	65536.0	145.01	4225
0.0	27183.190673828125	58.05	4226
33.0	65536.0	143.79	4227
0.0	6199.371826171875	13.25	4228
98.0	65536.0	144.46	4229
132.0	65536.0	141.32	4230
0.0	14569.065673828125	30.25	4231
0.0	62034.314697265625	135.47	4232
0.0	29993.491455078125	66.14	4233
0.0	29065.433349609375	64.3	4234
19.0	65536.0	141.12	4235
24.0	65536.0	137.6	4236
109.0	65536.0	139.89	4237
0.0	60389.78125	130.59	4238
0.0	41201.264404296875	89.2	4239
0.0	46355.666015625	101.55	4240
0.0	57521.638427734375	122.65	4241
0.0	59466.14990234375	127.94	4242
0.0	27558.10595703125	58.29	4243
0.0	23903.5380859375	50.76	4244
0.0	6902.73876953125	14.21	4245
61.0	65536.0	144.6	4246
0.0	31808.572998046875	68.42	4247
45.0	65536.0	145.12	4248
0.0	63534.70849609375	139.63	4249
0.0	38237.415771484375	83.37	4250
51.0	65536.0	139.46	4251
119.0	65536.0	143.24	4252
83.0	65536.0	144.28	4253
50.0	65536.0	143.28	4254
105.0	65536.0	143.76	4255
95.0	65536.0	144.5	4256
0.0	31742.82421875	69.25	4257
77.0	65536.0	144.8	4258
107.0	65536.0	144.28	4259
0.0	48931.798095703125	107.23	4260
97.0	65536.0	147.57	4261
0.0	17196.07421875	37.75	4262
111.0	65536.0	142.82	4263
81.0	65536.0	141.05	4264
0.0	7533.50390625	16.28	4265
0.0	1829.10986328125	4.12	4266
89.0	65536.0	148.92	4267
0.0	56973.401611328125	120.51	4268
117.0	65536.0	147.05	4269
76.0	65536.0	143.58	4270
131.0	65536.0	147.6	4271
104.0	65536.0	143.17	4272
34.0	65536.0	139.6	4273
117.0	65536.0	145.19	4274
88.0	65536.0	148.37	4275
0.0	38109.11083984375	76.29	4276
0.0	46930.893310546875	102.24	4277
0.0	11614.572998046875	22.14	4278
0.0	27831.01416015625	53.61	4279
0.0	18238.43798828125	37.47	4280
0.0	39014.82080078125	83.47	4281
143.0	65536.0	147.47	4282
86.0	65536.0	138.77	4283
0.0	12358.392333984375	25.64	4284
0.0	55098.995849609375	123.52	4285
127.0	65536.0	147.33	4286
83.0	65536.0	140.4	4287
0.0	47691.044189453125	105.36	4288
0.0	20519.74951171875	45.48	4289
31.0	65536.0	145.71	4290
16.0	65536.0	138.28	4291
30.0	65536.0	148.24	4292
104.0	65536.0	135.61	4293
0.0	41975.39599609375	91.54	4294
0.0	55432.072021484375	123.28	4295
0.0	8410.77490234375	19.26	4296
19.0	65536.0	139.19	4297
81.0	65536.0	141.56	4298
0.0	34827.112548828125	74.01	4299
0.0	7655.538818359375	16.86	4300
57.0	65536.0	139.01	4301
0.0	16249.73193359375	35.05	4302
0.0	18762.244384765625	40.76	4303
0.0	37516.031982421875	79.1	4304
119.0	65536.0	146.78	4305
99.0	65536.0	148.98	4306
0.0	23306.7607421875	52.66	4307
0.0	6937.749267578125	14.28	4308
94.0	65536.0	151.0	4309
0.0	3877.474365234375	8.2	4310
0.0	29031.205322265625	65.55	4311
0.0	17565.582275390625	38.64	4312
0.0	28246.68505859375	61.03	4313
0.0	9772.866455078125	20.31	4314
7.0	65536.0	142.23	4315
106.0	65536.0	145.93	4316
96.0	65536.0	144.32	4317
24.0	65536.0	141.12	4318
70.0	65536.0	145.14	4319
0.0	27367.587646484375	60.85	4320
116.0	65536.0	141.43	4321
0.0	10585.3037109375	22.88	4322
122.0	65536.0	149.85	4323
121.0	65536.0	148.06	4324
40.0	65536.0	147.0	4325
52.0	65536.0	149.19	4326
0.0	18016.859130859375	38.18	4327
0.0	18641.714111328125	41.38	4328
0.0	20905.898193359375	42.27	4329
113.0	65536.0	150.18	4330
0.0	4706.92138671875	10.62	4331
159.0	65536.0	146.35	4332
0.0	13963.691650390625	32.09	4333
81.0	65536.0	148.01	4334
90.0	65536.0	150.33	4335
41.0	65536.0	147.54	4336
132.0	65536.0	151.48	4337
30.0	65536.0	136.93	4338
0.0	59335.701171875	130.86	4339
0.0	18519.253662109375	40.98	4340
0.0	6066.056396484375	13.44	4341
0.0	5939.014404296875	12.31	4342
72.0	65536.0	144.76	4343
0.0	7213.577880859375	15.94	4344
0.0	18402.82958984375	40.95	4345
77.0	65536.0	148.29	4346
106.0	65536.0	151.81	4347
42.0	65536.0	141.34	4348
0.0	45083.517578125	101.81	4349
97.0	65536.0	149.26	4350
114.0	65536.0	142.59	4351
0.0	34395.5234375	76.09	4352
95.0	65536.0	137.79	4901
0.0	54101.69580078125	110.3	4902
93.0	65536.0	138.9	4903
95.0	65536.0	141.98	4904
65.0	65536.0	139.16	4905
0.0	52967.4462890625	107.28	4906
71.0	65536.0	141.18	4907
0.0	25927.234130859375	54.38	4908
142.0	65536.0	137.0	4909
91.0	65536.0	139.53	4910
0.0	52521.4482421875	108.37	4911
0.0	11442.09716796875	24.3	4912
45.0	65536.0	138.91	4913
121.0	65536.0	141.6	4914
0.0	39638.416748046875	85.5	4915
0.0	17788.703857421875	35.94	4916
115.0	65536.0	141.51	4917
0.0	28380.361083984375	59.37	4918
83.0	65536.0	138.32	4919
83.0	65536.0	135.89	4920
0.0	44335.982666015625	94.31	4921
7.0	65536.0	144.15	4922
62.0	65536.0	145.94	4923
0.0	60068.375732421875	128.28	4924
35.0	65536.0	131.41	4925
0.0	30513.429931640625	62.57	4926
0.0	36046.568603515625	77.65	4927
0.0	39610.78564453125	84.4	4928
124.0	65536.0	146.66	4929
115.0	65536.0	147.07	4930
32.0	65536.0	137.42	4931
92.0	65536.0	143.83	4932
0.0	22109.1787109375	47.81	4933
88.0	65536.0	146.26	4934
0.0	30912.5751953125	67.03	4935
0.0	9545.2421875	20.62	4936
0.0	59277.54833984375	129.3	4937
0.0	15706.639892578125	33.72	4938
51.0	65536.0	145.28	4939
101.0	65536.0	141.98	4940
0.0	19540.98046875	41.73	4941
56.0	65536.0	148.26	4942
0.0	50685.8896484375	103.19	4943
0.0	31457.7265625	67.0	4944
0.0	60947.95703125	133.11	4945
0.0	32938.130126953125	71.3	4946
0.0	21594.856689453125	45.43	4947
10.0	65536.0	142.55	4948
61.0	65536.0	142.76	4949
155.0	65536.0	144.68	4950
108.0	65536.0	146.11	4951
28.0	65536.0	143.39	4952
0.0	55354.7744140625	121.15	4953
138.0	65536.0	148.29	4954
0.0	18643.53173828125	37.84	4955
121.0	65536.0	147.92	4956
73.0	65536.0	140.24	4957
34.0	65536.0	146.47	4958
0.0	42975.86962890625	90.98	4959
59.0	65536.0	143.76	4960
0.0	6092.194580078125	12.84	4961
0.0	40254.726318359375	85.43	4962
60.0	65536.0	140.63	4963
0.0	19953.691162109375	44.74	4964
0.0	62440.294677734375	130.87	4965
74.0	65536.0	145.83	4966
25.0	65536.0	142.77	4967
0.0	17391.533203125	38.65	4968
20.0	65536.0	144.52	4969
0.0	35421.643798828125	78.85	4970
112.0	65536.0	138.93	4971
0.0	64256.514892578125	143.58	4972
0.0	36049.192138671875	78.48	4973
0.0	41371.56689453125	85.37	4974
0.0	9849.778564453125	19.32	4975
0.0	14916.016845703125	32.0	4976
16.0	65536.0	146.11	4977
48.0	65536.0	140.54	4978
0.0	11414.477783203125	24.99	4979
0.0	33105.03515625	71.43	4980
0.0	16210.9921875	34.56	4981
0.0	23549.252685546875	50.42	4982
0.0	18857.64306640625	39.9	4983
0.0	50806.43994140625	108.58	4984
57.0	65536.0	138.89	4985
0.0	10690.418701171875	23.42	4986
33.0	65536.0	146.45	4987
0.0	10336.36328125	22.41	4988
0.0	23818.57763671875	53.28	4989
0.0	58784.332275390625	130.76	4990
0.0	34605.059814453125	75.78	4991
0.0	9978.427490234375	20.2	4992
84.0	65536.0	143.95	4993
37.0	65536.0	146.35	4994
0.0	38285.546142578125	83.57	4995
0.0	19012.066162109375	42.25	4996
0.0	9824.684326171875	21.84	4997
0.0	26793.000732421875	57.52	4998
0.0	61316.255859375	130.52	4999
125.0	65536.0	144.21	5000
57.0	65536.0	142.6	5001
131.0	65536.0	145.62	5002
0.0	35881.6025390625	80.61	5003
96.0	65536.0	150.37	5004
97.0	65536.0	132.67	5005
0.0	65163.407470703125	141.84	5006
93.0	65536.0	141.74	5007
0.0	10304.53564453125	22.81	5008
0.0	6017.01904296875	11.74	5009
121.0	65536.0	146.84	5010
104.0	65536.0	145.27	5011
0.0	36105.58837890625	77.82	5012
73.0	65536.0	150.57	5013
62.0	65536.0	146.64	5014
0.0	48444.28662109375	105.18	5015
0.0	2958.525634765625	6.63	5016
0.0	9448.592529296875	20.86	5017
0.0	17198.7939453125	39.19	5018
0.0	40253.361328125	87.3	5019
0.0	29437.829345703125	54.54	5020
34.0	65536.0	144.48	5021
0.0	25489.484619140625	54.38	5022
0.0	14699.142578125	32.37	5023
0.0	37517.697265625	82.86	5024
74.0	65536.0	146.95	5025
148.0	65536.0	144.41	5026
0.0	10867.640869140625	24.1	5027
0.0	26256.1640625	56.92	5028
124.0	65536.0	148.59	5029
83.0	65536.0	142.02	5030
0.0	19183.28173828125	41.4	5031
26.0	65536.0	147.43	5032
129.0	65536.0	148.84	5033
0.0	21423.02587890625	45.95	5034
81.0	65536.0	147.81	5035
0.0	41505.299560546875	87.63	5036
66.0	65536.0	148.62	5037
0.0	37694.96435546875	77.19	5038
0.0	50227.97900390625	110.39	5039
74.0	65536.0	145.2	5040
109.0	65536.0	149.28	5041
101.0	65536.0	151.37	5042
75.0	65536.0	149.76	5043
120.0	65536.0	142.09	5044
113.0	65536.0	148.0	5045
0.0	22085.355712890625	47.24	5046
110.0	65536.0	149.31	5047
67.0	65536.0	148.15	5048
0.0	8806.5478515625	18.23	5049
0.0	61037.21435546875	139.2	5050
0.0	45562.47314453125	98.73	5051
0.0	50895.354736328125	103.69	5052
0.0	64436.384765625	131.24	5601
15.0	65536.0	140.17	5602
143.0	65536.0	142.98	5603
0.0	9794.786376953125	21.08	5604
0.0	51500.12158203125	105.2	5605
0.0	44333.051025390625	94.2	5606
0.0	7607.759521484375	15.0	5607
0.0	3740.044189453125	7.63	5608
0.0	27801.903076171875	56.83	5609
125.0	65536.0	140.18	5610
86.0	65536.0	142.91	5611
0.0	5136.21240234375	10.7	5612
0.0	29612.2431640625	64.26	5613
0.0	37554.1005859375	70.97	5614
0.0	12246.19970703125	26.52	5615
0.0	9011.06298828125	18.91	5616
0.0	55597.5244140625	117.73	5617
97.0	65536.0	143.87	5618
0.0	16334.061279296875	35.47	5619
0.0	19929.842529296875	40.52	5620
40.0	65536.0	141.0	5621
0.0	63436.535888671875	137.36	5622
27.0	65536.0	141.89	5623
0.0	41204.421630859375	86.28	5624
48.0	65536.0	141.92	5625
100.0	65536.0	144.5	5626
52.0	65536.0	142.49	5627
51.0	65536.0	137.07	5628
172.0	65536.0	141.25	5629
159.0	65536.0	143.23	5630
31.0	65536.0	142.63	5631
0.0	34157.020263671875	73.76	5632
0.0	11883.201416015625	25.45	5633
63.0	65536.0	141.53	5634
103.0	65536.0	144.28	5635
0.0	6408.357421875	13.71	5636
77.0	65536.0	147.25	5637
0.0	54168.498291015625	117.2	5638
95.0	65536.0	138.62	5639
0.0	7568.583984375	16.12	5640
91.0	65536.0	146.85	5641
0.0	6565.0322265625	14.5	5642
114.0	65536.0	143.56	5643
0.0	5179.93994140625	11.54	5644
125.0	65536.0	145.9	5645
112.0	65536.0	145.95	5646
116.0	65536.0	146.42	5647
102.0	65536.0	142.58	5648
0.0	49132.489990234375	109.96	5649
73.0	65536.0	144.52	5650
79.0	65536.0	146.24	5651
0.0	31071.233642578125	67.15	5652
183.0	65536.0	148.99	5653
0.0	25667.205078125	54.71	5654
95.0	65536.0	145.39	5655
112.0	65536.0	139.13	5656
81.0	65536.0	141.92	5657
0.0	27443.8095703125	60.36	5658
95.0	65536.0	147.61	5659
99.0	65536.0	138.34	5660
102.0	65536.0	142.41	5661
49.0	65536.0	140.24	5662
0.0	19124.4912109375	41.25	5663
0.0	32238.54150390625	70.37	5664
47.0	65536.0	149.03	5665
0.0	5889.56103515625	12.55	5666
0.0	25239.579345703125	55.85	5667
56.0	65536.0	145.14	5668
0.0	38052.16796875	82.18	5669
141.0	65536.0	145.88	5670
0.0	23449.108642578125	51.71	5671
0.0	4078.202880859375	9.26	5672
83.0	65536.0	137.64	5673
0.0	15105.626220703125	33.75	5674
40.0	65536.0	143.68	5675
67.0	65536.0	147.25	5676
0.0	32953.509521484375	71.34	5677
0.0	3334.568359375	7.08	5678
37.0	65536.0	144.81	5679
0.0	45052.525634765625	91.17	5680
0.0	8613.155517578125	18.55	5681
0.0	16432.041259765625	33.67	5682
0.0	16379.73046875	36.17	5683
0.0	5204.77978515625	11.28	5684
0.0	27407.8935546875	59.27	5685
0.0	29968.016357421875	65.01	5686
73.0	65536.0	138.6	5687
0.0	17826.224853515625	38.24	5688
119.0	65536.0	147.61	5689
73.0	65536.0	141.42	5690
70.0	65536.0	146.74	5691
0.0	65393.324462890625	144.81	5692
117.0	65536.0	144.43	5693
0.0	15220.572265625	33.91	5694
0.0	50166.2568359375	105.56	5695
0.0	6179.956787109375	13.73	5696
0.0	3437.864501953125	7.7	5697
87.0	65536.0	149.47	5698
0.0	53967.71923828125	118.73	5699
0.0	8871.194091796875	19.01	5700
121.0	65536.0	145.61	5701
0.0	57230.375	123.1	5702
72.0	65536.0	139.91	5703
0.0	37146.597900390625	80.54	5704
0.0	2020.4169921875	4.39	5705
79.0	65536.0	148.66	5706
88.0	65536.0	146.66	5707
86.0	65536.0	148.61	5708
0.0	37592.053466796875	81.85	5709
0.0	16099.575927734375	34.83	5710
86.0	65536.0	147.94	5711
69.0	65536.0	146.79	5712
0.0	62670.281494140625	139.62	5713
105.0	65536.0	138.62	5714
0.0	18496.618408203125	40.12	5715
0.0	45832.6982421875	95.46	5716
0.0	31828.511962890625	71.2	5717
0.0	22376.783203125	49.93	5718
0.0	13146.468017578125	29.36	5719
53.0	65536.0	141.84	5720
0.0	39121.415771484375	87.43	5721
0.0	21782.3876953125	49.07	5722
0.0	45805.004150390625	100.89	5723
0.0	7704.000732421875	16.61	5724
0.0	49005.761962890625	108.26	5725
83.0	65536.0	148.96	5726
0.0	32209.0615234375	70.39	5727
0.0	9728.567138671875	20.35	5728
0.0	27933.5771484375	62.31	5729
96.0	65536.0	144.35	5730
0.0	50630.9169921875	110.17	5731
0.0	23578.918212890625	50.44	5732
0.0	8967.62060546875	19.73	5733
3.0	65536.0	135.62	5734
56.0	65536.0	146.6	5735
119.0	65536.0	146.82	5736
24.0	65536.0	144.91	5737
86.0	65536.0	147.27	5738
92.0	65536.0	145.6	5739
0.0	32784.56591796875	68.94	5740
0.0	6336.260009765625	14.22	5741
73.0	65536.0	143.77	5742
0.0	32732.8076171875	73.97	5743
69.0	65536.0	149.31	5744
84.0	65536.0	148.24	5745
0.0	23523.558837890625	51.2	5746
118.0	65536.0	148.77	5747
112.0	65536.0	149.51	5748
122.0	65536.0	146.23	5749
0.0	18635.963134765625	42.25	5750
0.0	34690.57177734375	76.89	5751
0.0	20069.751708984375	46.49	5752
0.0	53934.977783203125	119.92	5753
61.0	65536.0	147.26	5754
107.0	65536.0	149.02	5755
116.0	65536.0	149.9	5756
0.0	35508.865234375	79.01	5757
92.0	65536.0	144.77	5758
0.0	48778.10009765625	108.35	5759
23.0	65536.0	136.41	6301
0.0	46138.21337890625	96.66	6302
0.0	54702.0595703125	110.83	6303
0.0	8055.59912109375	16.93	6304
0.0	14950.360595703125	32.02	6305
33.0	65536.0	137.12	6306
9.0	65536.0	137.56	6307
0.0	7555.614501953125	15.84	6308
86.0	65536.0	139.22	6309
0.0	55502.21337890625	117.38	6310
14.0	65536.0	130.54	6311
113.0	65536.0	142.81	6312
0.0	6861.308349609375	14.73	6313
98.0	65536.0	140.74	6314
97.0	65536.0	139.49	6315
100.0	65536.0	140.66	6316
63.0	65536.0	139.1	6317
0.0	17879.39306640625	36.7	6318
103.0	65536.0	146.49	6319
0.0	27956.02587890625	60.03	6320
157.0	65536.0	140.61	6321
0.0	31252.69189453125	64.99	6322
97.0	65536.0	135.8	6323
0.0	29269.48828125	61.21	6324
0.0	12437.800537109375	26.42	6325
0.0	8846.16650390625	19.64	6326
0.0	11883.333740234375	26.32	6327
113.0	65536.0	145.76	6328
71.0	65536.0	143.81	6329
0.0	25909.130615234375	56.07	6330
49.0	65536.0	137.85	6331
0.0	8226.81884765625	17.36	6332
126.0	65536.0	145.4	6333
0.0	13458.08544921875	28.17	6334
0.0	20117.3837890625	42.0	6335
125.0	65536.0	141.47	6336
97.0	65536.0	144.61	6337
98.0	65536.0	141.56	6338
0.0	27782.4853515625	60.35	6339
113.0	65536.0	145.86	6340
0.0	40415.919921875	87.65	6341
0.0	21672.906005859375	46.24	6342
87.0	65536.0	147.46	6343
0.0	14850.63330078125	32.58	6344
99.0	65536.0	142.14	6345
83.0	65536.0	141.67	6346
36.0	65536.0	145.48	6347
79.0	65536.0	145.39	6348
126.0	65536.0	144.56	6349
0.0	62155.381591796875	137.56	6350
145.0	65536.0	143.01	6351
82.0	65536.0	136.52	6352
0.0	12250.285888671875	26.93	6353
153.0	65536.0	145.9	6354
0.0	25179.31201171875	50.47	6355
31.0	65536.0	139.01	6356
158.0	65536.0	141.59	6357
0.0	20837.709228515625	43.16	6358
48.0	65536.0	143.95	6359
0.0	10460.1689453125	22.92	6360
0.0	9849.566162109375	21.18	6361
93.0	65536.0	143.77	6362
0.0	26690.516357421875	55.01	6363
74.0	65536.0	143.78	6364
0.0	19656.065185546875	44.05	6365
0.0	7814.833984375	16.59	6366
63.0	65536.0	139.89	6367
0.0	7806.82177734375	17.4	6368
93.0	65536.0	141.86	6369
0.0	7067.60107421875	15.33	6370
0.0	3463.78515625	7.19	6371
0.0	12073.884765625	26.6	6372
70.0	65536.0	144.14	6373
0.0	8397.922607421875	18.18	6374
0.0	45063.460205078125	97.36	6375
115.0	65536.0	144.36	6376
67.0	65536.0	144.68	6377
0.0	28827.915283203125	61.54	6378
71.0	65536.0	146.93	6379
68.0	65536.0	141.52	6380
132.0	65536.0	143.37	6381
59.0	65536.0	144.72	6382
0.0	6300.4189453125	14.17	6383
0.0	59464.3173828125	123.34	6384
0.0	51495.954833984375	108.17	6385
0.0	4133.48779296875	8.26	6386
141.0	65536.0	146.05	6387
0.0	44182.786865234375	95.27	6388
0.0	17812.28076171875	39.49	6389
133.0	65536.0	147.18	6390
0.0	14148.6162109375	28.39	6391
0.0	28510.78857421875	62.82	6392
120.0	65536.0	147.56	6393
0.0	35526.988525390625	79.73	6394
110.0	65536.0	144.6	6395
0.0	23931.562744140625	51.14	6396
0.0	16927.494384765625	37.98	6397
30.0	65536.0	139.83	6398
0.0	35948.439697265625	79.21	6399
0.0	50826.663330078125	114.74	6400
0.0	33693.967041015625	72.41	6401
74.0	65536.0	146.49	6402
70.0	65536.0	148.35	6403
0.0	17587.474853515625	38.97	6404
143.0	65536.0	151.3	6405
0.0	20245.6845703125	44.0	6406
0.0	18557.141845703125	41.02	6407
0.0	6660.821044921875	14.95	6408
0.0	42962.352294921875	96.03	6409
0.0	52560.46533203125	111.85	6410
119.0	65536.0	147.06	6411
95.0	65536.0	146.2	6412
76.0	65536.0	145.36	6413
67.0	65536.0	135.33	6414
94.0	65536.0	145.32	6415
90.0	65536.0	149.54	6416
123.0	65536.0	149.77	6417
108.0	65536.0	148.24	6418
0.0	45819.954345703125	102.12	6419
0.0	23803.486572265625	51.43	6420
24.0	65536.0	145.55	6421
0.0	18851.061279296875	41.68	6422
0.0	7951.462890625	17.2	6423
0.0	35355.425537109375	76.57	6424
0.0	47639.238037109375	104.47	6425
0.0	16387.691162109375	37.26	6426
0.0	51305.231689453125	111.68	6427
106.0	65536.0	149.95	6428
52.0	65536.0	149.78	6429
91.0	65536.0	146.94	6430
12.0	65536.0	138.87	6431
105.0	65536.0	146.74	6432
76.0	65536.0	146.63	6433
150.0	65536.0	146.04	6434
0.0	27223.9208984375	59.09	6435
0.0	38990.487060546875	82.11	6436
59.0	65536.0	147.04	6437
90.0	65536.0	148.22	6438
109.0	65536.0	149.25	6439
43.0	65536.0	148.17	6440
47.0	65536.0	147.43	6441
109.0	65536.0	148.47	6442
92.0	65536.0	135.44	6443
0.0	9973.885009765625	20.85	6444
40.0	65536.0	148.13	6445
0.0	25145.475830078125	57.9	6446
117.0	65536.0	150.69	6447
0.0	42614.484130859375	95.12	6448
123.0	65536.0	147.76	6449
0.0	54318.134033203125	114.6	6450
18.0	65536.0	113.56	6451
90.0	65536.0	147.55	6452
0.0	55259.060302734375	121.48	6453
0.0	14685.920166015625	32.31	6454
