#FMS random 3-SAT
#N=4096  nIter=50000  alpha=422   NSamples=3472
#av(nit)	33144.113998905304
#std(nit)	344.46660198378777
#av(e)	30.715725806451612
#std(e)	0.5377607600624772
#av(runtime)	40.78670218894009
#std(runtime)	0.4248279047814855
0.0	13564.4072265625	16.05	1
39.0	50000.0	60.14	2
73.0	50000.0	58.79	3
86.0	50000.0	60.35	4
89.0	50000.0	60.72	5
0.0	278.865234375	0.34	6
0.0	15143.934326171875	17.9	7
64.0	50000.0	58.28	8
53.0	50000.0	60.57	9
0.0	18240.011962890625	22.02	10
0.0	39683.663818359375	47.34	11
0.0	34204.6650390625	40.92	12
0.0	4613.919189453125	5.48	13
0.0	1960.8779296875	2.32	14
0.0	1201.96142578125	1.43	15
0.0	906.8154296875	1.11	16
0.0	9939.885986328125	12.01	17
0.0	1398.7373046875	1.68	18
93.0	50000.0	61.21	19
80.0	50000.0	61.71	20
0.0	5521.97705078125	6.65	21
39.0	50000.0	59.81	22
0.0	10275.50634765625	12.14	23
0.0	11136.518798828125	13.3	24
59.0	50000.0	60.22	25
0.0	4441.7412109375	5.3	26
38.0	50000.0	59.72	27
0.0	4695.956298828125	5.69	28
75.0	50000.0	60.97	29
37.0	50000.0	61.41	30
0.0	1531.8388671875	1.87	31
0.0	27835.97021484375	33.18	32
63.0	50000.0	61.42	33
0.0	14659.18212890625	17.95	34
35.0	50000.0	61.0	35
81.0	50000.0	59.75	36
0.0	27950.560791015625	33.86	37
0.0	5801.603271484375	7.14	38
94.0	50000.0	61.78	39
0.0	8279.761962890625	9.8	40
65.0	50000.0	59.97	41
45.0	50000.0	61.8	42
0.0	876.505859375	1.11	43
36.0	50000.0	60.72	44
0.0	3208.869384765625	3.94	45
39.0	50000.0	60.93	46
63.0	50000.0	62.23	47
0.0	26472.6494140625	31.76	48
0.0	47643.569580078125	57.76	49
0.0	7265.41455078125	8.79	50
45.0	50000.0	59.87	51
84.0	50000.0	60.18	52
83.0	50000.0	61.69	53
17.0	50000.0	59.86	54
0.0	21559.2265625	25.53	55
37.0	50000.0	61.72	56
44.0	50000.0	60.4	57
76.0	50000.0	57.95	58
41.0	50000.0	60.52	59
78.0	50000.0	62.47	60
0.0	8585.804931640625	10.44	61
0.0	11911.62353515625	14.73	62
54.0	50000.0	61.55	63
0.0	543.15625	0.66	64
78.0	50000.0	61.51	65
55.0	50000.0	60.7	66
45.0	50000.0	60.97	67
0.0	3586.13818359375	4.48	68
84.0	50000.0	62.47	69
0.0	21679.232666015625	26.47	70
37.0	50000.0	59.97	71
73.0	50000.0	61.5	72
65.0	50000.0	61.3	73
57.0	50000.0	61.91	74
39.0	50000.0	59.86	75
0.0	265.189208984375	0.34	76
57.0	50000.0	61.6	77
31.0	50000.0	60.08	78
0.0	1833.986572265625	2.28	79
73.0	50000.0	61.32	80
0.0	16043.11767578125	19.63	81
0.0	25497.529541015625	31.31	82
73.0	50000.0	60.63	83
40.0	50000.0	61.99	84
0.0	41164.975830078125	50.54	85
0.0	11633.780029296875	14.05	86
0.0	11408.4638671875	13.98	87
0.0	4345.08837890625	5.38	88
0.0	6747.96826171875	8.37	89
14.0	50000.0	61.18	90
0.0	4545.123291015625	5.49	91
0.0	47938.626220703125	57.86	92
50.0	50000.0	62.06	93
0.0	40344.98388671875	49.06	94
71.0	50000.0	61.88	95
0.0	12620.28662109375	15.45	96
56.0	50000.0	61.44	97
0.0	19673.439697265625	23.79	98
84.0	50000.0	62.07	99
26.0	50000.0	62.04	100
0.0	1270.2802734375	1.6	101
0.0	5347.66259765625	6.51	102
36.0	50000.0	61.32	103
20.0	50000.0	60.89	104
70.0	50000.0	61.49	105
0.0	9945.084228515625	12.11	106
50.0	50000.0	61.3	107
0.0	40425.978515625	48.57	108
0.0	1283.16552734375	1.61	109
0.0	29269.11572265625	35.95	110
0.0	24193.636474609375	29.92	111
55.0	50000.0	62.25	112
0.0	10015.084228515625	12.31	113
63.0	50000.0	62.52	114
0.0	5625.232177734375	6.86	115
43.0	50000.0	60.43	116
106.0	50000.0	60.65	117
0.0	1270.6748046875	1.54	118
78.0	50000.0	61.64	119
0.0	15256.1279296875	18.49	120
0.0	4918.52001953125	6.03	121
75.0	50000.0	61.18	122
0.0	12897.16015625	15.89	123
36.0	50000.0	61.97	124
0.0	9810.514892578125	11.98	125
0.0	2750.1298828125	3.36	126
75.0	50000.0	61.68	127
61.0	50000.0	62.09	128
0.0	5559.41455078125	6.78	129
0.0	5959.83154296875	7.1	130
55.0	50000.0	61.54	131
73.0	50000.0	61.53	132
63.0	50000.0	58.97	133
0.0	18574.18310546875	22.05	134
73.0	50000.0	61.84	135
69.0	50000.0	62.47	136
0.0	18547.64501953125	22.84	137
45.0	50000.0	61.87	138
88.0	50000.0	62.47	139
0.0	36371.793212890625	44.82	140
25.0	50000.0	61.42	141
0.0	977.4521484375	1.16	142
0.0	12656.410400390625	15.43	143
0.0	8066.3671875	9.89	144
0.0	12809.0048828125	15.67	145
69.0	50000.0	62.46	146
91.0	50000.0	62.19	147
68.0	50000.0	62.52	148
66.0	50000.0	60.48	149
0.0	19973.9248046875	24.73	150
75.0	50000.0	62.01	151
27.0	50000.0	61.95	152
57.0	50000.0	62.8	153
38.0	50000.0	59.66	154
65.0	50000.0	61.92	155
65.0	50000.0	62.93	156
56.0	50000.0	63.16	157
33.0	50000.0	62.04	158
76.0	50000.0	61.94	159
68.0	50000.0	61.86	160
23.0	50000.0	61.74	161
0.0	31934.9638671875	38.55	162
81.0	50000.0	62.36	163
73.0	50000.0	62.45	164
89.0	50000.0	62.32	165
0.0	3548.492919921875	4.43	166
0.0	4627.72119140625	5.48	167
0.0	43229.825439453125	51.39	168
55.0	50000.0	62.08	169
48.0	50000.0	62.14	170
73.0	50000.0	62.56	171
83.0	50000.0	62.1	172
40.0	50000.0	60.61	173
0.0	4960.407470703125	6.26	174
0.0	11298.063720703125	13.81	175
72.0	50000.0	62.51	176
68.0	50000.0	62.77	177
0.0	11151.549560546875	13.71	178
61.0	50000.0	62.03	179
0.0	9636.43603515625	11.72	180
95.0	50000.0	62.54	181
0.0	15590.797119140625	19.27	182
0.0	45026.266845703125	55.84	183
50.0	50000.0	61.85	184
0.0	3581.7451171875	4.41	185
34.0	50000.0	61.68	186
0.0	23173.162109375	28.43	187
54.0	50000.0	62.55	188
0.0	15481.031005859375	19.11	189
50.0	50000.0	61.67	190
0.0	445.996826171875	0.55	191
0.0	42098.130859375	52.21	192
0.0	1532.10888671875	1.93	193
0.0	11241.114501953125	13.87	194
0.0	15656.406005859375	19.1	195
64.0	50000.0	62.57	196
0.0	5769.912841796875	6.8	197
41.0	50000.0	60.57	198
74.0	50000.0	62.27	199
60.0	50000.0	60.7	200
39.0	50000.0	59.66	201
67.0	50000.0	62.69	202
52.0	50000.0	61.59	203
0.0	12671.47119140625	15.43	204
102.0	50000.0	61.8	205
0.0	20054.003662109375	24.82	206
61.0	50000.0	61.27	207
37.0	50000.0	60.05	208
0.0	27304.053466796875	33.94	209
0.0	7873.364990234375	9.7	210
0.0	5602.094970703125	6.79	211
55.0	50000.0	62.05	212
39.0	50000.0	57.94	213
68.0	50000.0	61.63	214
31.0	50000.0	61.2	215
92.0	50000.0	62.64	216
61.0	50000.0	61.6	217
68.0	50000.0	62.88	218
0.0	5242.18212890625	6.44	219
68.0	50000.0	61.57	220
0.0	8183.0634765625	10.04	221
60.0	50000.0	60.13	222
79.0	50000.0	61.06	223
96.0	50000.0	61.78	224
0.0	36458.283203125	45.48	225
0.0	19736.707763671875	23.67	226
0.0	7563.642578125	9.22	227
0.0	37696.466552734375	46.47	228
0.0	26229.521728515625	32.5	229
0.0	1879.29541015625	2.32	230
0.0	25429.3251953125	31.32	231
36.0	50000.0	61.84	232
65.0	50000.0	61.87	233
53.0	50000.0	62.06	234
0.0	3903.132080078125	4.79	235
62.0	50000.0	61.69	236
78.0	50000.0	61.71	237
58.0	50000.0	62.31	238
0.0	11276.02294921875	13.96	239
0.0	32601.01171875	40.7	240
0.0	16758.5029296875	20.17	241
25.0	50000.0	61.91	242
56.0	50000.0	61.49	243
36.0	50000.0	61.86	244
48.0	50000.0	61.95	245
0.0	19131.0244140625	23.79	246
74.0	50000.0	61.09	247
0.0	20447.742919921875	25.21	248
0.0	1539.1142578125	1.95	249
44.0	50000.0	62.12	250
0.0	34023.521484375	41.78	251
57.0	50000.0	62.29	252
0.0	5737.082763671875	7.22	253
88.0	50000.0	63.62	254
0.0	1415.877685546875	1.73	255
51.0	50000.0	61.97	256
82.0	50000.0	62.88	257
47.0	50000.0	60.59	258
17.0	50000.0	61.56	259
84.0	50000.0	63.05	260
0.0	47478.112060546875	56.26	261
33.0	50000.0	62.74	262
45.0	50000.0	62.05	263
45.0	50000.0	62.77	264
0.0	10974.33740234375	13.55	265
41.0	50000.0	61.63	266
96.0	50000.0	62.54	267
0.0	13177.160888671875	16.35	268
0.0	21542.979736328125	26.57	269
94.0	50000.0	61.6	270
0.0	31347.946533203125	38.47	271
18.0	50000.0	59.62	272
80.0	50000.0	62.98	273
0.0	1875.75830078125	2.31	274
65.0	50000.0	63.15	275
45.0	50000.0	62.64	276
47.0	50000.0	62.51	277
90.0	50000.0	61.75	278
0.0	14457.691162109375	17.52	279
0.0	7526.308837890625	9.48	280
31.0	50000.0	62.33	281
48.0	50000.0	61.88	282
0.0	39761.59375	48.11	283
40.0	50000.0	63.14	284
0.0	9693.49560546875	12.03	285
86.0	50000.0	62.2	286
35.0	50000.0	61.44	287
0.0	6349.559814453125	7.73	288
72.0	50000.0	61.75	289
0.0	4168.381591796875	5.14	290
0.0	2116.3408203125	2.54	291
0.0	2145.3154296875	2.61	292
77.0	50000.0	62.45	293
28.0	50000.0	62.38	294
0.0	5473.867431640625	6.61	295
23.0	50000.0	62.01	296
90.0	50000.0	62.72	297
61.0	50000.0	60.36	298
92.0	50000.0	62.01	299
0.0	289.775146484375	0.36	300
0.0	6662.99951171875	8.18	301
0.0	9526.2841796875	11.84	302
19.0	50000.0	62.05	303
0.0	44622.962158203125	55.79	304
77.0	50000.0	60.94	305
55.0	50000.0	61.45	306
58.0	50000.0	62.58	307
23.0	50000.0	62.05	308
70.0	50000.0	61.33	309
0.0	4949.772216796875	6.01	310
86.0	50000.0	62.25	311
49.0	50000.0	60.75	312
0.0	25446.15625	31.44	313
43.0	50000.0	61.62	314
75.0	50000.0	63.11	315
0.0	6207.670654296875	7.2	316
0.0	6613.0947265625	8.04	317
0.0	14474.0439453125	17.88	318
0.0	29540.116943359375	35.07	319
56.0	50000.0	62.3	320
0.0	29378.3759765625	36.75	321
45.0	50000.0	60.06	322
0.0	5633.948486328125	6.87	323
0.0	2507.10107421875	3.1	324
26.0	50000.0	61.5	325
0.0	10979.6875	13.67	326
52.0	50000.0	61.86	327
45.0	50000.0	60.18	328
87.0	50000.0	62.63	329
26.0	50000.0	59.35	330
0.0	9324.30517578125	11.46	331
0.0	42966.928955078125	52.36	332
72.0	50000.0	60.35	333
0.0	16178.36181640625	19.49	334
53.0	50000.0	62.55	335
59.0	50000.0	62.32	336
0.0	2307.476318359375	2.78	337
99.0	50000.0	62.08	338
99.0	50000.0	62.87	339
0.0	12341.10595703125	15.34	340
56.0	50000.0	60.84	341
0.0	502.43115234375	0.64	342
0.0	13255.700927734375	16.41	343
47.0	50000.0	62.44	344
50.0	50000.0	62.57	345
59.0	50000.0	61.65	346
0.0	10502.2421875	12.8	347
0.0	3002.921875	3.73	348
0.0	8740.88134765625	10.79	349
59.0	50000.0	61.94	350
0.0	36937.0283203125	46.54	351
0.0	14231.014404296875	17.63	352
0.0	5560.27001953125	6.89	353
49.0	50000.0	62.32	354
60.0	50000.0	62.97	355
0.0	9052.4716796875	10.88	356
0.0	46020.10205078125	56.29	357
0.0	16037.465576171875	19.77	358
74.0	50000.0	62.77	359
0.0	3114.895263671875	3.86	360
80.0	50000.0	62.89	361
44.0	50000.0	61.2	362
0.0	24249.186279296875	29.57	363
58.0	50000.0	62.4	364
0.0	6820.822509765625	8.55	365
0.0	449.488037109375	0.54	366
0.0	8050.65771484375	9.98	367
0.0	3478.727294921875	4.31	368
60.0	50000.0	62.1	369
76.0	50000.0	63.1	370
0.0	5591.831787109375	6.92	371
0.0	10804.0400390625	13.4	372
68.0	50000.0	61.22	373
53.0	50000.0	62.02	374
44.0	50000.0	61.14	375
56.0	50000.0	62.14	376
50.0	50000.0	62.13	377
0.0	4225.097412109375	5.2	378
87.0	50000.0	62.93	379
45.0	50000.0	62.05	380
54.0	50000.0	60.93	381
0.0	2943.384033203125	3.62	382
0.0	17771.736328125	21.67	383
0.0	3651.80712890625	4.59	384
84.0	50000.0	61.94	385
72.0	50000.0	62.89	386
73.0	50000.0	62.43	387
36.0	50000.0	61.97	388
0.0	6377.98193359375	7.89	389
0.0	11985.43505859375	14.68	390
0.0	8335.983642578125	10.25	391
51.0	50000.0	61.76	392
0.0	29604.134521484375	36.6	393
71.0	50000.0	63.29	394
61.0	50000.0	62.62	395
0.0	3758.243408203125	4.58	396
0.0	2782.2744140625	3.32	397
64.0	50000.0	61.04	398
0.0	46713.43701171875	57.17	399
100.0	50000.0	62.75	400
128.0	50000.0	62.42	401
40.0	50000.0	61.64	402
63.0	50000.0	62.4	403
42.0	50000.0	62.57	404
0.0	1910.209228515625	2.37	405
0.0	2323.2490234375	2.79	406
86.0	50000.0	62.61	407
31.0	50000.0	61.66	408
55.0	50000.0	63.1	409
0.0	2432.46484375	2.96	410
0.0	15748.423583984375	19.49	411
86.0	50000.0	62.55	412
0.0	16234.345703125	19.63	413
0.0	4001.656005859375	4.78	414
0.0	4099.9052734375	5.01	415
0.0	27199.12109375	33.69	416
58.0	50000.0	62.32	417
99.0	50000.0	63.1	418
0.0	656.671875	0.79	419
0.0	19497.7255859375	24.02	420
0.0	19758.2314453125	24.8	421
0.0	2923.44775390625	3.68	422
0.0	754.597412109375	0.93	423
0.0	41097.113525390625	49.48	424
0.0	7225.2578125	8.77	425
56.0	50000.0	62.79	426
51.0	50000.0	61.37	427
0.0	2896.442138671875	3.64	428
33.0	50000.0	62.28	429
0.0	822.832763671875	1.03	430
105.0	50000.0	63.01	431
38.0	50000.0	62.06	432
0.0	6091.061767578125	7.31	433
0.0	13100.90625	16.18	434
0.0	29148.362548828125	36.06	435
0.0	12483.5869140625	15.57	436
0.0	16347.405517578125	20.09	437
48.0	50000.0	59.95	438
0.0	28851.591064453125	36.04	439
59.0	50000.0	61.53	440
0.0	7876.717041015625	9.69	441
0.0	20724.091552734375	25.91	442
57.0	50000.0	62.56	443
0.0	2986.52587890625	3.55	444
0.0	1074.732177734375	1.35	445
30.0	50000.0	61.71	446
76.0	50000.0	63.36	447
65.0	50000.0	62.88	448
77.0	50000.0	61.29	449
69.0	50000.0	62.84	450
0.0	24296.25341796875	30.36	451
0.0	11200.656005859375	13.59	452
84.0	50000.0	63.38	453
73.0	50000.0	61.11	454
37.0	50000.0	60.03	455
19.0	50000.0	60.33	456
72.0	50000.0	62.7	457
0.0	3036.988037109375	3.68	458
0.0	5697.90576171875	6.9	459
75.0	50000.0	61.19	460
51.0	50000.0	62.51	461
31.0	50000.0	62.7	462
62.0	50000.0	60.93	463
48.0	50000.0	62.25	464
0.0	15187.32373046875	18.24	465
54.0	50000.0	60.49	466
0.0	14820.1962890625	18.06	467
51.0	50000.0	62.45	468
44.0	50000.0	62.59	469
39.0	50000.0	61.92	470
0.0	13804.586181640625	16.49	471
50.0	50000.0	59.48	981
0.0	21507.84912109375	25.52	982
0.0	4121.987060546875	5.01	983
0.0	21667.211669921875	25.94	984
24.0	50000.0	57.86	985
0.0	33596.89794921875	40.75	986
64.0	50000.0	60.81	987
0.0	7937.956298828125	9.47	988
64.0	50000.0	59.88	989
0.0	3254.6044921875	3.96	990
51.0	50000.0	60.6	991
0.0	40234.471923828125	48.35	992
0.0	15224.068603515625	18.11	993
70.0	50000.0	61.04	994
0.0	2020.823974609375	2.36	995
70.0	50000.0	61.26	996
24.0	50000.0	58.51	997
77.0	50000.0	62.39	998
41.0	50000.0	59.16	999
38.0	50000.0	60.91	1000
60.0	50000.0	61.89	1001
0.0	23050.193603515625	28.49	1002
0.0	34785.62939453125	42.0	1003
89.0	50000.0	59.93	1004
0.0	36056.081787109375	43.09	1005
85.0	50000.0	60.64	1006
0.0	3746.09326171875	4.62	1007
0.0	24862.891845703125	29.74	1008
63.0	50000.0	59.89	1009
52.0	50000.0	59.87	1010
42.0	50000.0	61.35	1011
49.0	50000.0	60.94	1012
73.0	50000.0	60.16	1013
0.0	2794.109130859375	3.31	1014
0.0	5320.98681640625	6.33	1015
0.0	5679.600830078125	6.88	1016
51.0	50000.0	60.94	1017
0.0	1413.6181640625	1.75	1018
0.0	2390.720458984375	2.95	1019
0.0	7837.095703125	9.58	1020
49.0	50000.0	62.06	1021
96.0	50000.0	60.96	1022
29.0	50000.0	61.25	1023
43.0	50000.0	60.14	1024
0.0	32851.77734375	39.89	1025
0.0	4365.1396484375	5.34	1026
0.0	6726.05078125	8.07	1027
0.0	24221.52197265625	29.33	1028
71.0	50000.0	62.46	1029
51.0	50000.0	60.64	1030
0.0	25000.955078125	30.84	1031
0.0	9875.494384765625	11.96	1032
56.0	50000.0	61.77	1033
76.0	50000.0	62.03	1034
0.0	950.41064453125	1.18	1035
20.0	50000.0	61.16	1036
51.0	50000.0	60.39	1037
31.0	50000.0	59.56	1038
53.0	50000.0	60.18	1039
0.0	8544.260498046875	10.4	1040
0.0	12321.244384765625	15.03	1041
46.0	50000.0	60.96	1042
0.0	7264.16796875	9.04	1043
73.0	50000.0	61.88	1044
72.0	50000.0	62.27	1045
0.0	9765.612060546875	12.12	1046
66.0	50000.0	60.92	1047
62.0	50000.0	61.12	1048
89.0	50000.0	58.86	1049
0.0	24093.765869140625	29.7	1050
0.0	2330.51318359375	2.83	1051
53.0	50000.0	61.66	1052
0.0	22313.227783203125	27.49	1053
0.0	34541.970703125	41.71	1054
36.0	50000.0	62.38	1055
0.0	27281.734375	32.83	1056
0.0	927.040771484375	1.12	1057
85.0	50000.0	61.09	1058
57.0	50000.0	61.02	1059
55.0	50000.0	61.46	1060
70.0	50000.0	61.62	1061
78.0	50000.0	62.38	1062
0.0	1817.514892578125	2.23	1063
39.0	50000.0	57.48	1064
0.0	3351.7822265625	4.14	1065
0.0	10951.1162109375	13.39	1066
0.0	6381.531494140625	7.68	1067
0.0	23560.44140625	28.7	1068
28.0	50000.0	59.52	1069
0.0	8303.72802734375	10.26	1070
0.0	43238.86572265625	51.71	1071
54.0	50000.0	61.59	1072
0.0	5754.63134765625	6.84	1073
0.0	7484.11767578125	9.13	1074
71.0	50000.0	60.46	1075
0.0	29172.680419921875	35.13	1076
78.0	50000.0	62.85	1077
31.0	50000.0	60.86	1078
0.0	16313.48974609375	20.17	1079
0.0	1039.958740234375	1.27	1080
0.0	16778.8662109375	20.56	1081
0.0	1013.678466796875	1.24	1082
50.0	50000.0	61.79	1083
68.0	50000.0	62.12	1084
0.0	12777.83056640625	15.7	1085
0.0	3764.8662109375	4.48	1086
31.0	50000.0	61.84	1087
0.0	502.406494140625	0.64	1088
0.0	1035.04833984375	1.27	1089
0.0	4426.468994140625	5.45	1090
0.0	42694.742431640625	51.82	1091
93.0	50000.0	62.75	1092
0.0	13072.58984375	15.59	1093
60.0	50000.0	61.8	1094
57.0	50000.0	62.27	1095
58.0	50000.0	61.48	1096
0.0	7527.121337890625	9.22	1097
0.0	19092.345703125	23.75	1098
56.0	50000.0	61.61	1099
48.0	50000.0	61.4	1100
56.0	50000.0	60.42	1101
0.0	19434.903076171875	23.75	1102
63.0	50000.0	60.37	1103
55.0	50000.0	62.36	1104
48.0	50000.0	61.57	1105
0.0	9010.33251953125	11.13	1106
50.0	50000.0	59.84	1107
0.0	2541.95849609375	3.1	1108
0.0	23782.71240234375	29.41	1109
91.0	50000.0	62.8	1110
105.0	50000.0	61.75	1111
0.0	7353.377685546875	9.04	1112
0.0	5243.467041015625	6.48	1113
66.0	50000.0	61.19	1114
19.0	50000.0	59.03	1115
79.0	50000.0	61.59	1116
0.0	2387.4140625	2.99	1117
36.0	50000.0	62.31	1118
0.0	11397.88818359375	13.77	1119
51.0	50000.0	61.59	1120
0.0	5628.062255859375	6.94	1121
75.0	50000.0	61.87	1122
0.0	16788.487548828125	20.62	1123
23.0	50000.0	61.05	1124
0.0	14622.595703125	17.21	1125
65.0	50000.0	60.55	1126
48.0	50000.0	61.99	1127
0.0	11270.38623046875	13.89	1128
0.0	3123.829833984375	3.89	1129
0.0	30356.3642578125	36.32	1130
61.0	50000.0	61.82	1131
62.0	50000.0	62.55	1132
76.0	50000.0	61.94	1133
60.0	50000.0	60.97	1134
0.0	19745.397216796875	24.21	1135
89.0	50000.0	61.17	1136
0.0	8447.474853515625	10.45	1137
54.0	50000.0	62.32	1138
0.0	9103.119140625	11.22	1139
0.0	37247.81689453125	44.41	1140
25.0	50000.0	57.92	1141
32.0	50000.0	59.52	1142
20.0	50000.0	61.97	1143
81.0	50000.0	60.8	1144
55.0	50000.0	62.44	1145
23.0	50000.0	59.38	1146
72.0	50000.0	61.87	1147
73.0	50000.0	62.06	1148
36.0	50000.0	62.5	1149
0.0	10819.672119140625	12.94	1150
62.0	50000.0	61.64	1151
0.0	17953.4150390625	21.59	1152
0.0	17605.53662109375	21.62	1153
63.0	50000.0	61.97	1154
47.0	50000.0	61.93	1155
56.0	50000.0	62.72	1156
103.0	50000.0	60.95	1157
73.0	50000.0	61.85	1158
0.0	9504.739501953125	11.77	1159
0.0	14382.34326171875	17.59	1160
0.0	3924.40185546875	4.84	1161
73.0	50000.0	61.98	1162
0.0	6015.699462890625	7.36	1163
62.0	50000.0	62.84	1164
67.0	50000.0	61.03	1165
83.0	50000.0	62.1	1166
25.0	50000.0	61.4	1167
0.0	7950.73046875	9.76	1168
0.0	49507.248046875	61.33	1169
75.0	50000.0	62.17	1170
54.0	50000.0	61.98	1171
73.0	50000.0	60.33	1172
30.0	50000.0	60.78	1173
23.0	50000.0	62.36	1174
0.0	2167.005859375	2.67	1175
47.0	50000.0	61.71	1176
21.0	50000.0	59.09	1177
66.0	50000.0	61.84	1178
0.0	34854.27783203125	42.86	1179
0.0	4828.54931640625	5.95	1180
0.0	16541.636962890625	19.99	1181
95.0	50000.0	62.14	1182
0.0	28021.159423828125	34.72	1183
70.0	50000.0	62.2	1184
23.0	50000.0	62.1	1185
44.0	50000.0	62.3	1186
39.0	50000.0	60.65	1187
0.0	2971.911865234375	3.61	1188
0.0	45271.84521484375	54.68	1189
44.0	50000.0	60.5	1190
57.0	50000.0	62.08	1191
0.0	7425.05810546875	8.79	1192
63.0	50000.0	60.07	1193
54.0	50000.0	61.08	1194
0.0	10721.476806640625	12.94	1195
0.0	5439.838623046875	6.72	1196
0.0	25812.68603515625	31.97	1197
25.0	50000.0	61.31	1198
40.0	50000.0	61.08	1199
63.0	50000.0	60.13	1200
48.0	50000.0	61.33	1201
0.0	2174.318603515625	2.66	1202
0.0	1698.338623046875	2.07	1203
0.0	45235.7509765625	56.58	1204
0.0	1306.060546875	1.64	1205
92.0	50000.0	61.97	1206
70.0	50000.0	62.2	1207
0.0	6184.998779296875	7.5	1208
0.0	10441.25341796875	12.48	1209
0.0	4859.39208984375	5.95	1210
70.0	50000.0	61.92	1211
49.0	50000.0	63.15	1212
0.0	4991.03759765625	6.17	1213
43.0	50000.0	60.58	1214
74.0	50000.0	62.65	1215
0.0	3823.87890625	4.68	1216
0.0	22512.798828125	28.09	1217
0.0	20780.79443359375	24.69	1218
0.0	16644.917724609375	20.69	1219
29.0	50000.0	60.81	1220
0.0	19989.64892578125	24.66	1221
85.0	50000.0	60.76	1222
39.0	50000.0	60.79	1223
90.0	50000.0	61.89	1224
64.0	50000.0	61.96	1225
0.0	5125.40869140625	6.37	1226
0.0	8112.642578125	9.75	1227
0.0	4482.925537109375	5.34	1228
92.0	50000.0	60.2	1229
75.0	50000.0	61.39	1230
47.0	50000.0	61.91	1231
0.0	15686.1064453125	19.54	1232
59.0	50000.0	60.41	1233
0.0	16008.811767578125	20.05	1234
75.0	50000.0	62.06	1235
0.0	26411.16650390625	32.84	1236
0.0	749.208251953125	0.96	1237
0.0	9248.84326171875	11.47	1238
54.0	50000.0	61.86	1239
16.0	50000.0	59.81	1240
0.0	2146.32177734375	2.67	1241
65.0	50000.0	62.4	1242
0.0	17963.72607421875	21.72	1243
59.0	50000.0	61.72	1244
0.0	47444.637451171875	58.12	1245
0.0	6296.634765625	7.7	1246
68.0	50000.0	61.7	1247
0.0	4584.7861328125	5.67	1248
0.0	4063.564697265625	5.05	1249
43.0	50000.0	60.38	1250
51.0	50000.0	61.46	1251
0.0	10562.4619140625	12.87	1252
102.0	50000.0	62.83	1253
0.0	6125.134033203125	7.54	1254
92.0	50000.0	62.67	1255
0.0	419.5390625	0.52	1256
0.0	34959.885009765625	41.82	1257
47.0	50000.0	60.8	1258
0.0	3982.593017578125	5.02	1259
81.0	50000.0	60.9	1260
87.0	50000.0	61.93	1261
45.0	50000.0	61.7	1262
0.0	25066.2802734375	30.59	1263
37.0	50000.0	62.24	1264
0.0	675.503173828125	0.86	1265
41.0	50000.0	62.46	1266
31.0	50000.0	62.89	1267
0.0	29197.256103515625	35.34	1268
0.0	26559.23291015625	32.33	1269
0.0	4528.5537109375	5.56	1270
35.0	50000.0	61.24	1271
57.0	50000.0	62.59	1272
45.0	50000.0	61.71	1273
0.0	32323.719482421875	40.1	1274
0.0	1593.518798828125	1.99	1275
52.0	50000.0	62.38	1276
0.0	2989.126953125	3.7	1277
45.0	50000.0	61.81	1278
45.0	50000.0	60.29	1279
0.0	1899.67919921875	2.31	1280
0.0	28966.82275390625	34.72	1281
0.0	6229.93505859375	7.63	1282
0.0	49412.218994140625	61.18	1283
51.0	50000.0	61.77	1284
0.0	6711.618408203125	8.3	1285
54.0	50000.0	62.03	1286
0.0	24623.79248046875	30.02	1287
69.0	50000.0	62.67	1288
71.0	50000.0	61.97	1289
0.0	3662.44091796875	4.52	1290
66.0	50000.0	61.24	1291
82.0	50000.0	62.96	1292
0.0	35505.31640625	41.83	1293
37.0	50000.0	61.89	1294
43.0	50000.0	60.09	1295
87.0	50000.0	60.82	1296
99.0	50000.0	62.76	1297
0.0	1136.3291015625	1.29	1298
57.0	50000.0	61.85	1299
57.0	50000.0	62.57	1300
0.0	909.462158203125	1.15	1301
0.0	1486.2509765625	1.85	1302
64.0	50000.0	61.9	1303
0.0	44721.9345703125	54.6	1304
50.0	50000.0	61.07	1305
0.0	1459.586669921875	1.81	1306
41.0	50000.0	61.16	1307
0.0	32004.60400390625	39.32	1308
14.0	50000.0	61.74	1309
118.0	50000.0	63.38	1310
88.0	50000.0	62.37	1311
20.0	50000.0	61.87	1312
66.0	50000.0	62.02	1313
0.0	6227.731689453125	7.7	1314
0.0	8305.919677734375	10.13	1315
51.0	50000.0	62.28	1316
0.0	11885.096923828125	14.55	1317
0.0	14003.058837890625	17.0	1318
0.0	2556.578857421875	3.14	1319
0.0	9721.699462890625	11.9	1320
71.0	50000.0	62.4	1321
0.0	16528.809326171875	20.27	1322
65.0	50000.0	63.15	1323
63.0	50000.0	62.45	1324
0.0	10621.40771484375	13.13	1325
0.0	22403.26806640625	27.08	1326
95.0	50000.0	61.13	1327
0.0	15984.541748046875	20.02	1328
0.0	28607.85009765625	35.59	1329
0.0	11312.46533203125	13.64	1330
0.0	2099.05517578125	2.59	1331
75.0	50000.0	60.72	1332
72.0	50000.0	61.62	1333
40.0	50000.0	62.1	1334
0.0	3613.83056640625	4.52	1335
84.0	50000.0	62.69	1336
73.0	50000.0	62.94	1337
0.0	32652.166259765625	39.76	1338
0.0	12828.912109375	15.9	1339
0.0	2475.946533203125	3.11	1340
67.0	50000.0	61.78	1341
53.0	50000.0	62.44	1342
0.0	2580.050537109375	3.22	1343
0.0	2850.872314453125	3.47	1344
68.0	50000.0	60.63	1345
74.0	50000.0	61.8	1346
54.0	50000.0	60.55	1347
0.0	31115.0478515625	38.4	1348
0.0	43541.215087890625	54.38	1349
0.0	36579.415771484375	45.63	1350
43.0	50000.0	62.6	1351
0.0	4757.731201171875	5.67	1352
52.0	50000.0	62.22	1353
57.0	50000.0	62.1	1354
0.0	1512.8876953125	1.85	1355
0.0	1591.602294921875	2.0	1356
0.0	2565.05859375	3.22	1357
0.0	3549.352294921875	4.43	1358
35.0	50000.0	61.11	1359
62.0	50000.0	62.95	1360
42.0	50000.0	61.9	1361
70.0	50000.0	61.81	1362
0.0	2820.178466796875	3.5	1363
0.0	1766.343017578125	2.17	1364
0.0	19739.659423828125	24.28	1365
0.0	27224.79638671875	33.51	1366
63.0	50000.0	61.2	1367
58.0	50000.0	62.43	1368
102.0	50000.0	61.06	1369
50.0	50000.0	61.95	1370
0.0	1373.126953125	1.72	1371
30.0	50000.0	62.45	1372
0.0	2294.19873046875	2.75	1373
36.0	50000.0	61.55	1374
0.0	1323.940673828125	1.65	1375
56.0	50000.0	62.4	1376
65.0	50000.0	62.38	1377
0.0	9804.4052734375	12.34	1378
67.0	50000.0	61.52	1379
39.0	50000.0	62.03	1380
54.0	50000.0	62.13	1381
0.0	4998.54296875	6.09	1382
29.0	50000.0	61.79	1383
43.0	50000.0	60.7	1384
0.0	823.924560546875	1.04	1385
0.0	20398.04833984375	25.73	1386
69.0	50000.0	62.91	1387
18.0	50000.0	61.69	1388
0.0	8808.02685546875	10.97	1389
0.0	37771.41015625	46.44	1390
80.0	50000.0	62.61	1391
0.0	25068.333984375	31.76	1392
58.0	50000.0	61.59	1393
51.0	50000.0	61.58	1394
20.0	50000.0	62.6	1395
41.0	50000.0	61.95	1396
0.0	13464.070556640625	16.51	1397
0.0	7043.31298828125	8.42	1398
0.0	6840.709716796875	8.32	1399
0.0	16646.34033203125	20.55	1400
0.0	4962.92431640625	6.18	1401
77.0	50000.0	61.49	1402
0.0	22442.85791015625	27.19	1403
0.0	1432.72802734375	1.8	1404
0.0	8971.807861328125	11.04	1405
44.0	50000.0	62.37	1406
0.0	4021.519775390625	4.91	1407
70.0	50000.0	60.99	1408
0.0	5384.5478515625	6.81	1409
0.0	4574.824462890625	5.6	1410
66.0	50000.0	62.77	1411
66.0	50000.0	63.34	1412
0.0	4677.875244140625	5.84	1413
0.0	22531.96630859375	27.95	1414
66.0	50000.0	62.63	1415
0.0	28852.072021484375	35.7	1416
59.0	50000.0	63.3	1417
68.0	50000.0	62.96	1418
49.0	50000.0	62.22	1419
0.0	18539.959716796875	22.75	1420
0.0	4632.13720703125	5.46	1421
0.0	3272.222412109375	4.03	1422
0.0	3477.79296875	4.33	1423
0.0	2355.255859375	2.92	1424
0.0	21554.172119140625	26.94	1425
0.0	3119.8818359375	3.78	1426
0.0	19566.480712890625	24.52	1427
0.0	11436.9248046875	14.16	1428
0.0	2907.07275390625	3.6	1429
0.0	2872.455810546875	3.44	1430
0.0	1097.5986328125	1.39	1431
50.0	50000.0	61.55	1432
31.0	50000.0	60.8	1433
67.0	50000.0	62.39	1434
0.0	3806.321044921875	4.69	1435
10.0	50000.0	61.71	1436
30.0	50000.0	62.69	1437
36.0	50000.0	62.56	1438
66.0	50000.0	62.03	1439
15.0	50000.0	62.02	1440
0.0	17864.63427734375	22.18	1441
52.0	50000.0	62.16	1442
0.0	3186.96337890625	3.91	1443
0.0	3158.17626953125	3.91	1444
58.0	50000.0	62.07	1445
73.0	50000.0	62.88	1446
80.0	50000.0	62.82	1447
0.0	5676.046142578125	7.06	1448
53.0	50000.0	62.62	1449
63.0	50000.0	61.47	1450
47.0	50000.0	62.84	1451
95.0	50000.0	62.05	1452
57.0	50000.0	62.57	1453
21.0	50000.0	60.83	1454
0.0	45714.515625	56.42	1455
0.0	2627.973876953125	3.29	1456
0.0	20130.97265625	24.66	1457
0.0	23849.33740234375	29.29	1458
57.0	50000.0	62.12	1459
65.0	50000.0	60.85	1460
99.0	50000.0	62.16	1461
0.0	1180.2041015625	1.47	1462
72.0	50000.0	64.88	1463
0.0	21652.11083984375	26.77	1464
72.0	50000.0	62.1	1465
0.0	14125.5390625	16.54	1961
86.0	50000.0	59.66	1962
0.0	1950.8056640625	2.37	1963
55.0	50000.0	60.29	1964
0.0	2325.010498046875	2.77	1965
83.0	50000.0	61.18	1966
25.0	50000.0	59.22	1967
73.0	50000.0	58.67	1968
0.0	29129.846923828125	35.33	1969
74.0	50000.0	60.76	1970
40.0	50000.0	61.48	1971
71.0	50000.0	60.11	1972
0.0	3678.301025390625	4.5	1973
50.0	50000.0	61.16	1974
0.0	2785.916259765625	3.3	1975
37.0	50000.0	59.17	1976
69.0	50000.0	59.79	1977
0.0	26350.488037109375	31.49	1978
76.0	50000.0	61.05	1979
74.0	50000.0	61.13	1980
90.0	50000.0	61.54	1981
0.0	2295.428466796875	2.84	1982
0.0	48930.504638671875	58.17	1983
0.0	807.361083984375	0.96	1984
29.0	50000.0	60.93	1985
21.0	50000.0	60.12	1986
42.0	50000.0	61.28	1987
0.0	8406.558349609375	10.31	1988
34.0	50000.0	61.29	1989
0.0	16568.76318359375	19.88	1990
34.0	50000.0	59.36	1991
0.0	43072.960205078125	49.91	1992
53.0	50000.0	60.48	1993
0.0	18539.02392578125	22.62	1994
0.0	2748.70263671875	3.38	1995
30.0	50000.0	60.82	1996
42.0	50000.0	60.63	1997
66.0	50000.0	61.0	1998
87.0	50000.0	61.33	1999
92.0	50000.0	61.13	2000
77.0	50000.0	61.42	2001
46.0	50000.0	61.05	2002
22.0	50000.0	61.51	2003
47.0	50000.0	60.93	2004
0.0	29471.463134765625	34.63	2005
46.0	50000.0	61.82	2006
42.0	50000.0	60.48	2007
0.0	6443.267578125	8.0	2008
0.0	9217.57666015625	11.27	2009
62.0	50000.0	60.76	2010
0.0	38211.08251953125	46.35	2011
60.0	50000.0	61.72	2012
0.0	26781.7392578125	32.76	2013
70.0	50000.0	62.08	2014
0.0	3043.7666015625	3.76	2015
90.0	50000.0	60.81	2016
56.0	50000.0	61.17	2017
0.0	47516.910400390625	58.06	2018
0.0	18196.24169921875	22.2	2019
0.0	15806.686279296875	19.02	2020
0.0	8363.744384765625	10.14	2021
44.0	50000.0	61.55	2022
50.0	50000.0	60.95	2023
0.0	14325.68359375	17.14	2024
64.0	50000.0	59.98	2025
59.0	50000.0	62.09	2026
0.0	47534.229736328125	57.69	2027
0.0	3130.729736328125	3.71	2028
88.0	50000.0	58.88	2029
68.0	50000.0	60.92	2030
30.0	50000.0	60.98	2031
0.0	3671.779052734375	4.53	2032
0.0	6762.107421875	8.38	2033
54.0	50000.0	62.45	2034
56.0	50000.0	61.23	2035
40.0	50000.0	62.43	2036
36.0	50000.0	61.36	2037
61.0	50000.0	61.39	2038
0.0	7330.11083984375	9.14	2039
42.0	50000.0	61.64	2040
48.0	50000.0	59.81	2041
30.0	50000.0	61.59	2042
0.0	28125.64404296875	34.71	2043
0.0	23063.42236328125	28.54	2044
0.0	2277.661865234375	2.81	2045
0.0	11132.084716796875	13.89	2046
0.0	33506.49951171875	39.62	2047
54.0	50000.0	60.11	2048
0.0	5651.056640625	6.88	2049
0.0	2667.17529296875	3.26	2050
0.0	678.866943359375	0.83	2051
63.0	50000.0	60.65	2052
0.0	5805.946044921875	7.14	2053
0.0	13993.965576171875	17.21	2054
80.0	50000.0	62.06	2055
0.0	4012.0185546875	5.1	2056
0.0	13658.944580078125	16.76	2057
20.0	50000.0	61.88	2058
0.0	14523.27392578125	17.94	2059
50.0	50000.0	61.47	2060
0.0	14661.142578125	17.67	2061
22.0	50000.0	61.55	2062
65.0	50000.0	61.75	2063
33.0	50000.0	60.97	2064
0.0	2935.382080078125	3.57	2065
106.0	50000.0	61.36	2066
78.0	50000.0	62.22	2067
73.0	50000.0	61.55	2068
64.0	50000.0	61.16	2069
0.0	7677.4736328125	9.38	2070
77.0	50000.0	61.91	2071
0.0	1113.36083984375	1.42	2072
0.0	6181.437255859375	7.63	2073
43.0	50000.0	60.73	2074
49.0	50000.0	61.58	2075
0.0	17625.626220703125	20.96	2076
76.0	50000.0	61.25	2077
0.0	4269.590576171875	5.25	2078
53.0	50000.0	60.85	2079
0.0	1966.76806640625	2.37	2080
48.0	50000.0	61.69	2081
90.0	50000.0	62.93	2082
71.0	50000.0	61.73	2083
72.0	50000.0	61.74	2084
0.0	5036.06591796875	6.28	2085
0.0	3560.8564453125	4.44	2086
0.0	10879.46435546875	13.44	2087
0.0	30882.27490234375	37.55	2088
0.0	5274.809326171875	6.44	2089
39.0	50000.0	61.89	2090
39.0	50000.0	61.04	2091
28.0	50000.0	59.88	2092
44.0	50000.0	61.73	2093
78.0	50000.0	62.18	2094
60.0	50000.0	62.38	2095
0.0	915.5576171875	1.13	2096
30.0	50000.0	61.02	2097
0.0	2487.278076171875	3.03	2098
54.0	50000.0	62.52	2099
0.0	5097.5751953125	6.28	2100
0.0	17321.320068359375	21.5	2101
60.0	50000.0	62.38	2102
67.0	50000.0	60.15	2103
67.0	50000.0	62.6	2104
39.0	50000.0	62.07	2105
57.0	50000.0	61.87	2106
54.0	50000.0	61.82	2107
0.0	12549.521484375	15.39	2108
0.0	10420.042236328125	12.84	2109
0.0	33012.150390625	40.66	2110
84.0	50000.0	61.54	2111
45.0	50000.0	61.71	2112
0.0	42996.688720703125	52.62	2113
0.0	3793.094482421875	4.57	2114
0.0	7349.61279296875	9.11	2115
49.0	50000.0	61.94	2116
68.0	50000.0	60.69	2117
0.0	5084.901123046875	6.34	2118
53.0	50000.0	61.59	2119
82.0	50000.0	59.97	2120
62.0	50000.0	62.47	2121
71.0	50000.0	62.95	2122
0.0	15154.163818359375	18.91	2123
0.0	47309.265869140625	57.77	2124
0.0	20067.97216796875	23.88	2125
54.0	50000.0	62.13	2126
72.0	50000.0	60.16	2127
67.0	50000.0	62.66	2128
0.0	4397.454833984375	5.46	2129
0.0	29980.0546875	35.73	2130
0.0	7833.467529296875	9.67	2131
0.0	14368.0712890625	17.57	2132
0.0	1105.595947265625	1.34	2133
60.0	50000.0	62.33	2134
0.0	8797.533447265625	10.92	2135
0.0	8990.315185546875	10.92	2136
0.0	16381.34326171875	20.65	2137
50.0	50000.0	60.59	2138
62.0	50000.0	61.85	2139
0.0	8565.25390625	10.55	2140
0.0	5990.965576171875	7.37	2141
29.0	50000.0	61.56	2142
63.0	50000.0	61.13	2143
0.0	3370.014404296875	4.1	2144
34.0	50000.0	60.2	2145
0.0	39239.498046875	48.57	2146
0.0	48571.114013671875	59.89	2147
48.0	50000.0	62.02	2148
0.0	14943.20166015625	18.06	2149
0.0	405.904296875	0.5	2150
19.0	50000.0	62.3	2151
28.0	50000.0	61.71	2152
0.0	2127.62548828125	2.7	2153
78.0	50000.0	62.23	2154
72.0	50000.0	60.49	2155
69.0	50000.0	62.17	2156
41.0	50000.0	62.27	2157
0.0	2953.48095703125	3.7	2158
0.0	8439.293701171875	10.46	2159
0.0	3166.0537109375	3.95	2160
0.0	7476.111328125	9.19	2161
75.0	50000.0	62.02	2162
0.0	2816.050537109375	3.45	2163
0.0	6069.20068359375	7.34	2164
0.0	2792.199462890625	3.47	2165
0.0	2877.02197265625	3.63	2166
0.0	27267.593017578125	33.73	2167
0.0	5188.062255859375	6.53	2168
35.0	50000.0	62.35	2169
54.0	50000.0	62.1	2170
0.0	8295.885498046875	9.98	2171
35.0	50000.0	61.62	2172
0.0	11477.07421875	14.03	2173
42.0	50000.0	62.15	2174
31.0	50000.0	62.31	2175
0.0	4103.02197265625	5.04	2176
43.0	50000.0	63.02	2177
42.0	50000.0	62.1	2178
30.0	50000.0	60.95	2179
35.0	50000.0	58.16	2180
40.0	50000.0	62.71	2181
52.0	50000.0	62.52	2182
55.0	50000.0	61.93	2183
64.0	50000.0	62.15	2184
74.0	50000.0	62.27	2185
16.0	50000.0	61.8	2186
33.0	50000.0	60.69	2187
52.0	50000.0	61.84	2188
0.0	12273.071044921875	15.08	2189
64.0	50000.0	62.26	2190
67.0	50000.0	60.57	2191
0.0	1656.7197265625	1.98	2192
84.0	50000.0	61.46	2193
0.0	17040.4287109375	20.79	2194
92.0	50000.0	61.9	2195
0.0	4384.84375	5.42	2196
47.0	50000.0	61.01	2197
48.0	50000.0	61.44	2198
0.0	12569.25341796875	15.44	2199
68.0	50000.0	61.83	2200
67.0	50000.0	61.35	2201
74.0	50000.0	61.61	2202
30.0	50000.0	61.54	2203
68.0	50000.0	63.05	2204
103.0	50000.0	62.43	2205
62.0	50000.0	62.66	2206
66.0	50000.0	61.85	2207
51.0	50000.0	61.49	2208
0.0	3787.010498046875	4.77	2209
0.0	2622.896484375	3.26	2210
0.0	4860.708740234375	6.01	2211
35.0	50000.0	62.8	2212
0.0	14354.282958984375	17.73	2213
0.0	13795.221923828125	16.96	2214
0.0	23065.8583984375	28.27	2215
64.0	50000.0	62.52	2216
0.0	4833.748779296875	5.9	2217
34.0	50000.0	62.01	2218
61.0	50000.0	60.7	2219
58.0	50000.0	62.42	2220
65.0	50000.0	61.31	2221
30.0	50000.0	60.42	2222
0.0	5152.069580078125	6.39	2223
57.0	50000.0	62.42	2224
0.0	2240.013671875	2.76	2225
0.0	6021.779052734375	7.49	2226
62.0	50000.0	62.98	2227
0.0	49216.184326171875	61.64	2228
0.0	13968.532470703125	17.05	2229
0.0	13841.063232421875	16.75	2230
20.0	50000.0	62.26	2231
58.0	50000.0	62.18	2232
37.0	50000.0	61.33	2233
66.0	50000.0	61.62	2234
72.0	50000.0	62.41	2235
0.0	25400.123291015625	31.69	2236
0.0	1051.635498046875	1.3	2237
0.0	747.73193359375	0.93	2238
78.0	50000.0	62.43	2239
73.0	50000.0	60.43	2240
45.0	50000.0	62.32	2241
0.0	8412.78857421875	10.47	2242
71.0	50000.0	62.5	2243
0.0	7134.99853515625	8.71	2244
19.0	50000.0	62.19	2245
49.0	50000.0	62.1	2246
45.0	50000.0	62.35	2247
0.0	19759.135986328125	24.13	2248
0.0	8538.6318359375	10.68	2249
0.0	10142.431396484375	12.47	2250
0.0	1439.883056640625	1.78	2251
76.0	50000.0	62.42	2252
0.0	20570.808837890625	24.24	2253
41.0	50000.0	63.23	2254
0.0	11352.459716796875	14.04	2255
0.0	34300.94873046875	41.89	2256
71.0	50000.0	62.46	2257
76.0	50000.0	62.52	2258
81.0	50000.0	62.01	2259
38.0	50000.0	62.17	2260
67.0	50000.0	60.06	2261
81.0	50000.0	60.41	2262
26.0	50000.0	61.25	2263
63.0	50000.0	61.95	2264
62.0	50000.0	62.42	2265
56.0	50000.0	62.67	2266
0.0	2383.4384765625	2.99	2267
0.0	25777.462158203125	32.08	2268
60.0	50000.0	62.42	2269
94.0	50000.0	62.9	2270
49.0	50000.0	61.76	2271
64.0	50000.0	61.17	2272
20.0	50000.0	61.68	2273
0.0	36334.59228515625	44.82	2274
27.0	50000.0	61.98	2275
41.0	50000.0	61.36	2276
0.0	5499.852294921875	6.75	2277
56.0	50000.0	62.71	2278
46.0	50000.0	62.08	2279
52.0	50000.0	62.05	2280
63.0	50000.0	62.09	2281
0.0	26171.16650390625	32.54	2282
0.0	26753.5576171875	31.96	2283
0.0	11714.695556640625	14.43	2284
0.0	1735.79541015625	2.12	2285
78.0	50000.0	62.89	2286
30.0	50000.0	62.58	2287
0.0	16776.953857421875	20.62	2288
0.0	15251.91796875	18.64	2289
34.0	50000.0	62.11	2290
75.0	50000.0	62.38	2291
110.0	50000.0	62.56	2292
0.0	48041.959228515625	58.62	2293
103.0	50000.0	62.75	2294
38.0	50000.0	62.14	2295
31.0	50000.0	63.07	2296
65.0	50000.0	62.28	2297
0.0	3181.573974609375	4.02	2298
39.0	50000.0	60.51	2299
0.0	4415.297607421875	5.53	2300
0.0	2115.8828125	2.56	2301
73.0	50000.0	62.83	2302
0.0	24535.232666015625	30.0	2303
79.0	50000.0	62.89	2304
49.0	50000.0	62.75	2305
0.0	1630.201171875	2.01	2306
75.0	50000.0	62.07	2307
85.0	50000.0	61.41	2308
43.0	50000.0	61.13	2309
56.0	50000.0	61.85	2310
55.0	50000.0	62.33	2311
60.0	50000.0	62.43	2312
0.0	21896.83056640625	26.98	2313
73.0	50000.0	62.75	2314
62.0	50000.0	61.99	2315
42.0	50000.0	63.15	2316
45.0	50000.0	62.31	2317
0.0	24225.26025390625	30.0	2318
61.0	50000.0	62.37	2319
21.0	50000.0	61.2	2320
53.0	50000.0	61.7	2321
56.0	50000.0	61.86	2322
0.0	11839.95361328125	14.67	2323
59.0	50000.0	62.2	2324
57.0	50000.0	62.5	2325
30.0	50000.0	62.74	2326
0.0	38228.335205078125	47.21	2327
0.0	752.662353515625	0.92	2328
43.0	50000.0	62.04	2329
0.0	6122.944580078125	7.5	2330
54.0	50000.0	62.03	2331
97.0	50000.0	63.69	2332
52.0	50000.0	62.35	2333
0.0	47242.42724609375	58.77	2334
42.0	50000.0	62.79	2335
0.0	2241.06396484375	2.76	2336
49.0	50000.0	62.01	2337
51.0	50000.0	61.59	2338
0.0	14642.11474609375	18.35	2339
0.0	38299.91064453125	48.16	2340
54.0	50000.0	62.7	2341
91.0	50000.0	62.83	2342
0.0	13457.54345703125	16.31	2343
0.0	11449.9384765625	13.78	2344
0.0	1155.88818359375	1.38	2345
0.0	38831.922607421875	48.07	2346
40.0	50000.0	61.75	2347
45.0	50000.0	62.2	2348
0.0	42919.4306640625	54.12	2349
0.0	6882.4130859375	8.44	2350
72.0	50000.0	62.24	2351
57.0	50000.0	62.16	2352
0.0	41333.6337890625	50.38	2353
0.0	17924.8837890625	22.27	2354
0.0	21429.7763671875	26.56	2355
0.0	3041.819091796875	3.63	2356
0.0	2979.73876953125	3.61	2357
0.0	10467.834716796875	13.03	2358
0.0	13378.33251953125	16.67	2359
0.0	32262.286865234375	39.44	2360
0.0	14893.7373046875	18.28	2361
0.0	30136.3134765625	37.12	2362
0.0	6201.78759765625	7.73	2363
17.0	50000.0	62.14	2364
0.0	8143.882568359375	9.78	2365
0.0	15122.60986328125	18.83	2366
0.0	1616.540771484375	2.0	2367
91.0	50000.0	62.8	2368
0.0	15722.069580078125	18.98	2369
0.0	8178.188232421875	9.91	2370
67.0	50000.0	63.06	2371
0.0	24446.21142578125	29.55	2372
33.0	50000.0	59.86	2373
38.0	50000.0	61.64	2374
0.0	17968.35107421875	22.54	2375
61.0	50000.0	63.02	2376
27.0	50000.0	61.39	2377
0.0	1875.840576171875	2.37	2378
56.0	50000.0	62.0	2379
42.0	50000.0	61.82	2380
0.0	9104.721435546875	11.17	2381
64.0	50000.0	63.2	2382
0.0	19287.52099609375	24.1	2383
0.0	38227.577880859375	46.14	2384
28.0	50000.0	59.86	2385
56.0	50000.0	62.34	2386
0.0	18578.211181640625	23.23	2387
41.0	50000.0	62.05	2388
30.0	50000.0	61.1	2389
0.0	18518.566650390625	22.6	2390
83.0	50000.0	61.91	2391
0.0	8479.922607421875	10.58	2392
35.0	50000.0	62.73	2393
0.0	22856.6767578125	27.51	2394
0.0	14634.723388671875	18.04	2395
0.0	875.895263671875	1.06	2396
0.0	7530.010986328125	9.34	2397
0.0	7051.953369140625	8.73	2398
73.0	50000.0	62.54	2399
50.0	50000.0	60.69	2400
0.0	1785.706298828125	2.23	2401
0.0	15432.989990234375	18.79	2402
23.0	50000.0	61.45	2403
0.0	10048.436279296875	11.97	2404
0.0	2893.64599609375	3.62	2405
13.0	50000.0	62.34	2406
0.0	25135.07470703125	30.72	2407
48.0	50000.0	62.52	2408
0.0	16183.535888671875	19.92	2409
63.0	50000.0	61.44	2410
89.0	50000.0	59.64	2411
74.0	50000.0	61.43	2412
68.0	50000.0	63.23	2413
36.0	50000.0	61.82	2414
51.0	50000.0	62.14	2415
0.0	3799.588623046875	4.63	2416
0.0	25132.805908203125	31.16	2417
34.0	50000.0	61.25	2418
0.0	2613.60400390625	3.21	2419
0.0	6266.82861328125	7.69	2420
70.0	50000.0	63.5	2421
54.0	50000.0	59.38	2941
0.0	1759.281982421875	2.07	2942
0.0	11131.584228515625	13.36	2943
46.0	50000.0	59.8	2944
54.0	50000.0	58.37	2945
45.0	50000.0	58.19	2946
75.0	50000.0	59.97	2947
0.0	7957.972900390625	9.46	2948
91.0	50000.0	60.4	2949
0.0	2012.921142578125	2.44	2950
0.0	20355.0517578125	24.37	2951
0.0	2930.96728515625	3.51	2952
0.0	9193.738525390625	11.16	2953
0.0	9831.9248046875	11.65	2954
0.0	3769.666259765625	4.56	2955
0.0	42675.663818359375	51.36	2956
0.0	11620.541015625	13.95	2957
0.0	4264.7265625	5.15	2958
0.0	5766.487548828125	6.78	2959
0.0	598.840576171875	0.71	2960
16.0	50000.0	58.86	2961
0.0	17110.965576171875	20.75	2962
78.0	50000.0	61.04	2963
0.0	1731.324462890625	2.03	2964
91.0	50000.0	59.06	2965
48.0	50000.0	60.79	2966
0.0	1878.835693359375	2.29	2967
41.0	50000.0	59.13	2968
49.0	50000.0	60.95	2969
33.0	50000.0	60.75	2970
48.0	50000.0	61.11	2971
0.0	47082.134033203125	55.82	2972
52.0	50000.0	60.6	2973
46.0	50000.0	60.49	2974
0.0	5506.407958984375	6.43	2975
0.0	21972.752197265625	26.0	2976
0.0	43855.518798828125	53.88	2977
55.0	50000.0	61.08	2978
0.0	32764.797119140625	39.76	2979
0.0	6381.033935546875	7.73	2980
0.0	17480.36767578125	20.27	2981
0.0	5371.650390625	6.66	2982
0.0	15648.53662109375	18.93	2983
56.0	50000.0	62.2	2984
92.0	50000.0	61.34	2985
55.0	50000.0	60.32	2986
0.0	1889.707763671875	2.34	2987
0.0	6303.3583984375	7.71	2988
0.0	39302.870849609375	47.54	2989
58.0	50000.0	61.33	2990
65.0	50000.0	60.58	2991
0.0	4180.80029296875	4.98	2992
52.0	50000.0	60.65	2993
0.0	479.78173828125	0.58	2994
76.0	50000.0	60.91	2995
70.0	50000.0	61.96	2996
53.0	50000.0	59.76	2997
0.0	40846.97265625	49.19	2998
69.0	50000.0	61.73	2999
0.0	15738.72509765625	18.97	3000
0.0	12703.003173828125	15.6	3001
69.0	50000.0	61.54	3002
0.0	27815.7412109375	33.9	3003
40.0	50000.0	61.12	3004
0.0	8257.612060546875	10.25	3005
0.0	39945.028564453125	48.67	3006
62.0	50000.0	61.57	3007
75.0	50000.0	61.02	3008
47.0	50000.0	61.91	3009
0.0	5715.769287109375	6.91	3010
0.0	13232.709228515625	16.23	3011
32.0	50000.0	62.33	3012
30.0	50000.0	61.26	3013
54.0	50000.0	60.71	3014
0.0	3730.31640625	4.6	3015
0.0	9113.892578125	10.78	3016
0.0	16138.1103515625	19.92	3017
0.0	1872.360107421875	2.36	3018
0.0	11383.376220703125	14.05	3019
63.0	50000.0	60.08	3020
0.0	4907.746337890625	5.87	3021
47.0	50000.0	61.84	3022
65.0	50000.0	60.29	3023
0.0	24646.0205078125	30.04	3024
33.0	50000.0	60.81	3025
0.0	7435.254150390625	9.18	3026
0.0	21046.16015625	25.56	3027
47.0	50000.0	59.72	3028
0.0	25037.93994140625	30.92	3029
0.0	2791.263671875	3.49	3030
69.0	50000.0	62.14	3031
54.0	50000.0	61.69	3032
62.0	50000.0	62.18	3033
34.0	50000.0	60.91	3034
86.0	50000.0	62.33	3035
0.0	6786.74462890625	8.3	3036
0.0	9784.302490234375	11.98	3037
47.0	50000.0	59.77	3038
81.0	50000.0	62.35	3039
73.0	50000.0	60.4	3040
0.0	1008.00390625	1.25	3041
44.0	50000.0	61.9	3042
82.0	50000.0	62.24	3043
42.0	50000.0	61.23	3044
0.0	8620.334716796875	10.61	3045
67.0	50000.0	59.99	3046
0.0	5503.50341796875	6.83	3047
32.0	50000.0	60.7	3048
30.0	50000.0	61.63	3049
55.0	50000.0	61.49	3050
28.0	50000.0	59.02	3051
79.0	50000.0	62.13	3052
69.0	50000.0	60.5	3053
0.0	258.103515625	0.32	3054
52.0	50000.0	61.59	3055
49.0	50000.0	61.81	3056
0.0	15413.365966796875	19.12	3057
59.0	50000.0	61.59	3058
93.0	50000.0	62.85	3059
83.0	50000.0	62.71	3060
43.0	50000.0	61.71	3061
52.0	50000.0	60.4	3062
64.0	50000.0	61.95	3063
60.0	50000.0	61.86	3064
77.0	50000.0	62.16	3065
53.0	50000.0	61.0	3066
46.0	50000.0	61.76	3067
0.0	2740.306640625	3.25	3068
80.0	50000.0	62.61	3069
0.0	2939.2119140625	3.62	3070
73.0	50000.0	60.44	3071
53.0	50000.0	60.24	3072
0.0	5377.687744140625	6.61	3073
0.0	40245.493408203125	49.45	3074
0.0	44760.50390625	55.92	3075
42.0	50000.0	59.38	3076
33.0	50000.0	61.74	3077
79.0	50000.0	62.59	3078
51.0	50000.0	60.87	3079
0.0	16012.938232421875	19.79	3080
0.0	2122.41259765625	2.67	3081
0.0	2304.431640625	2.88	3082
73.0	50000.0	61.94	3083
54.0	50000.0	60.61	3084
55.0	50000.0	61.72	3085
73.0	50000.0	60.32	3086
59.0	50000.0	62.2	3087
82.0	50000.0	62.09	3088
20.0	50000.0	60.26	3089
54.0	50000.0	60.61	3090
0.0	7078.73583984375	8.38	3091
0.0	8619.40576171875	10.61	3092
0.0	37586.080078125	45.78	3093
0.0	46884.873291015625	57.0	3094
45.0	50000.0	61.23	3095
0.0	21279.98291015625	26.47	3096
52.0	50000.0	60.87	3097
82.0	50000.0	62.43	3098
62.0	50000.0	61.74	3099
0.0	10774.318359375	13.11	3100
0.0	1200.7578125	1.43	3101
56.0	50000.0	62.12	3102
0.0	2374.98046875	2.95	3103
0.0	23387.599853515625	28.61	3104
58.0	50000.0	61.03	3105
0.0	16338.896240234375	19.87	3106
75.0	50000.0	61.51	3107
57.0	50000.0	62.33	3108
64.0	50000.0	61.52	3109
0.0	2583.661865234375	3.21	3110
33.0	50000.0	61.75	3111
63.0	50000.0	61.77	3112
0.0	2510.7412109375	3.06	3113
0.0	15771.007080078125	19.31	3114
0.0	4477.762451171875	5.59	3115
33.0	50000.0	61.34	3116
26.0	50000.0	61.29	3117
0.0	1450.558837890625	1.75	3118
100.0	50000.0	62.33	3119
71.0	50000.0	62.43	3120
0.0	11749.978271484375	14.77	3121
54.0	50000.0	62.49	3122
0.0	839.37841796875	1.03	3123
15.0	50000.0	59.47	3124
57.0	50000.0	62.72	3125
66.0	50000.0	61.88	3126
13.0	50000.0	61.6	3127
0.0	28541.015380859375	35.14	3128
63.0	50000.0	63.17	3129
0.0	2699.658203125	3.16	3130
0.0	18264.373779296875	22.55	3131
0.0	40029.823974609375	48.13	3132
52.0	50000.0	61.18	3133
0.0	7730.075439453125	9.52	3134
51.0	50000.0	62.33	3135
0.0	14597.82275390625	17.77	3136
0.0	2427.664794921875	2.99	3137
87.0	50000.0	61.75	3138
28.0	50000.0	61.59	3139
50.0	50000.0	61.67	3140
0.0	2336.818359375	2.91	3141
40.0	50000.0	61.68	3142
39.0	50000.0	62.16	3143
0.0	17555.7265625	21.5	3144
63.0	50000.0	62.72	3145
0.0	32670.7470703125	40.2	3146
0.0	4612.06201171875	5.73	3147
0.0	491.379150390625	0.61	3148
0.0	2658.055908203125	3.26	3149
0.0	4937.564697265625	6.1	3150
63.0	50000.0	62.1	3151
0.0	2370.29150390625	2.82	3152
0.0	15226.09326171875	18.54	3153
19.0	50000.0	60.63	3154
56.0	50000.0	62.84	3155
0.0	19225.644775390625	23.74	3156
65.0	50000.0	62.66	3157
48.0	50000.0	62.31	3158
0.0	4678.74951171875	5.84	3159
35.0	50000.0	61.4	3160
0.0	21264.701171875	25.72	3161
0.0	754.3818359375	0.95	3162
104.0	50000.0	62.72	3163
65.0	50000.0	61.48	3164
50.0	50000.0	62.44	3165
21.0	50000.0	61.49	3166
50.0	50000.0	61.91	3167
0.0	22548.348876953125	27.57	3168
39.0	50000.0	61.18	3169
0.0	3204.046142578125	3.97	3170
0.0	22680.71923828125	28.2	3171
63.0	50000.0	62.14	3172
0.0	33117.27392578125	40.19	3173
88.0	50000.0	63.63	3174
0.0	1344.48046875	1.62	3175
48.0	50000.0	60.68	3176
80.0	50000.0	61.44	3177
0.0	12896.142578125	15.76	3178
0.0	6658.195556640625	8.24	3179
0.0	2588.428955078125	3.17	3180
38.0	50000.0	62.17	3181
0.0	1631.087890625	1.99	3182
66.0	50000.0	62.3	3183
0.0	23321.36181640625	28.42	3184
54.0	50000.0	61.73	3185
67.0	50000.0	62.33	3186
44.0	50000.0	60.61	3187
0.0	3045.21728515625	3.78	3188
0.0	6650.646240234375	8.38	3189
49.0	50000.0	61.55	3190
88.0	50000.0	60.93	3191
0.0	23728.09765625	29.64	3192
0.0	7841.60302734375	9.53	3193
54.0	50000.0	62.48	3194
91.0	50000.0	61.91	3195
0.0	2660.201904296875	3.33	3196
0.0	27365.88330078125	34.22	3197
62.0	50000.0	61.59	3198
68.0	50000.0	62.31	3199
34.0	50000.0	61.36	3200
63.0	50000.0	61.91	3201
94.0	50000.0	64.05	3202
0.0	2547.265380859375	3.05	3203
0.0	4485.464599609375	5.68	3204
0.0	47555.170166015625	58.75	3205
0.0	22095.10302734375	26.44	3206
43.0	50000.0	63.05	3207
0.0	1931.58056640625	2.45	3208
36.0	50000.0	61.2	3209
0.0	1403.302978515625	1.71	3210
55.0	50000.0	62.49	3211
0.0	1316.1748046875	1.63	3212
0.0	40458.051513671875	50.2	3213
0.0	4040.84619140625	4.93	3214
0.0	2925.291259765625	3.66	3215
13.0	50000.0	60.35	3216
40.0	50000.0	62.28	3217
68.0	50000.0	62.46	3218
0.0	22295.30078125	27.33	3219
0.0	2486.637451171875	3.05	3220
43.0	50000.0	61.5	3221
15.0	50000.0	62.12	3222
39.0	50000.0	60.77	3223
0.0	17104.95849609375	21.08	3224
93.0	50000.0	62.72	3225
0.0	357.53955078125	0.46	3226
44.0	50000.0	60.39	3227
95.0	50000.0	60.08	3228
43.0	50000.0	61.87	3229
78.0	50000.0	63.07	3230
51.0	50000.0	61.5	3231
0.0	1631.181640625	2.06	3232
40.0	50000.0	62.27	3233
61.0	50000.0	62.62	3234
93.0	50000.0	62.59	3235
37.0	50000.0	62.12	3236
61.0	50000.0	60.66	3237
0.0	3951.029541015625	4.98	3238
38.0	50000.0	60.93	3239
69.0	50000.0	61.93	3240
37.0	50000.0	62.26	3241
49.0	50000.0	62.38	3242
0.0	7609.034912109375	9.3	3243
68.0	50000.0	61.96	3244
91.0	50000.0	63.22	3245
0.0	18759.369384765625	22.95	3246
27.0	50000.0	61.97	3247
0.0	45732.23974609375	56.75	3248
0.0	9499.205078125	11.5	3249
28.0	50000.0	62.32	3250
0.0	15046.857421875	18.41	3251
0.0	4563.68115234375	5.62	3252
34.0	50000.0	62.05	3253
0.0	6760.039794921875	8.28	3254
0.0	49256.153564453125	61.72	3255
75.0	50000.0	62.77	3256
0.0	33107.680419921875	41.47	3257
0.0	6474.48779296875	8.09	3258
48.0	50000.0	61.84	3259
79.0	50000.0	60.67	3260
90.0	50000.0	60.57	3261
112.0	50000.0	62.53	3262
20.0	50000.0	60.23	3263
75.0	50000.0	61.9	3264
0.0	6182.0	7.41	3265
82.0	50000.0	62.31	3266
36.0	50000.0	62.47	3267
0.0	1908.164306640625	2.42	3268
0.0	13267.242919921875	16.54	3269
35.0	50000.0	62.16	3270
77.0	50000.0	63.09	3271
0.0	6607.27197265625	7.96	3272
0.0	3599.8486328125	4.46	3273
0.0	1210.093994140625	1.54	3274
55.0	50000.0	63.04	3275
62.0	50000.0	60.76	3276
32.0	50000.0	61.83	3277
0.0	21541.416259765625	26.52	3278
0.0	5061.515380859375	6.21	3279
28.0	50000.0	62.35	3280
20.0	50000.0	61.47	3281
0.0	1078.995361328125	1.31	3282
90.0	50000.0	62.78	3283
0.0	11763.107421875	14.56	3284
0.0	10425.67529296875	12.67	3285
46.0	50000.0	61.87	3286
0.0	2911.1015625	3.64	3287
0.0	16590.410400390625	20.7	3288
0.0	42446.47802734375	52.7	3289
33.0	50000.0	62.44	3290
75.0	50000.0	61.22	3291
0.0	20926.03125	25.85	3292
0.0	31414.68017578125	39.21	3293
0.0	7581.442138671875	9.26	3294
0.0	17429.88037109375	20.99	3295
0.0	11229.99609375	13.98	3296
16.0	50000.0	63.25	3297
24.0	50000.0	60.33	3298
18.0	50000.0	61.5	3299
40.0	50000.0	62.53	3300
0.0	23504.5341796875	29.07	3301
48.0	50000.0	62.0	3302
0.0	13950.322998046875	17.18	3303
45.0	50000.0	59.83	3304
64.0	50000.0	60.87	3305
0.0	41189.510986328125	50.96	3306
0.0	9345.372802734375	11.55	3307
48.0	50000.0	62.35	3308
48.0	50000.0	61.81	3309
91.0	50000.0	61.29	3310
67.0	50000.0	62.72	3311
0.0	418.97900390625	0.49	3312
0.0	2203.689208984375	2.72	3313
63.0	50000.0	61.87	3314
42.0	50000.0	61.81	3315
44.0	50000.0	62.26	3316
0.0	3313.624267578125	4.18	3317
40.0	50000.0	62.98	3318
40.0	50000.0	62.54	3319
0.0	5497.79833984375	6.83	3320
0.0	3126.929443359375	3.76	3321
74.0	50000.0	62.62	3322
51.0	50000.0	61.15	3323
0.0	17678.5087890625	21.48	3324
47.0	50000.0	62.02	3325
86.0	50000.0	62.98	3326
29.0	50000.0	61.71	3327
0.0	37487.9169921875	46.46	3328
0.0	14655.203369140625	17.78	3329
0.0	5251.01416015625	6.47	3330
33.0	50000.0	61.22	3331
43.0	50000.0	62.22	3332
88.0	50000.0	62.98	3333
0.0	5903.861572265625	7.3	3334
46.0	50000.0	62.02	3335
0.0	1172.344482421875	1.49	3336
0.0	13220.613037109375	16.51	3337
0.0	16997.407470703125	20.45	3338
0.0	15103.624267578125	18.53	3339
0.0	10761.913330078125	13.47	3340
42.0	50000.0	62.84	3341
0.0	1980.904296875	2.51	3342
0.0	4492.875732421875	5.64	3343
90.0	50000.0	60.73	3344
39.0	50000.0	62.55	3345
0.0	1018.6220703125	1.32	3346
35.0	50000.0	62.18	3347
0.0	4430.608154296875	5.43	3348
67.0	50000.0	63.04	3349
57.0	50000.0	61.94	3350
0.0	2475.894775390625	2.97	3351
65.0	50000.0	62.32	3352
60.0	50000.0	62.56	3353
26.0	50000.0	61.89	3354
85.0	50000.0	62.57	3355
53.0	50000.0	62.57	3356
0.0	7602.443603515625	9.35	3357
0.0	1647.014892578125	2.04	3358
0.0	42790.0634765625	52.48	3359
55.0	50000.0	62.46	3360
0.0	2332.453857421875	2.93	3361
0.0	12604.841064453125	15.35	3362
60.0	50000.0	62.94	3363
0.0	809.413330078125	1.01	3364
42.0	50000.0	62.86	3365
0.0	20960.230712890625	25.84	3366
78.0	50000.0	61.38	3367
47.0	50000.0	62.64	3368
0.0	20312.114013671875	25.11	3369
72.0	50000.0	62.5	3370
0.0	12901.254638671875	15.82	3371
56.0	50000.0	62.18	3372
89.0	50000.0	62.49	3373
0.0	968.708984375	1.23	3374
0.0	6869.633544921875	8.6	3375
0.0	5795.9248046875	7.16	3376
0.0	18074.775634765625	21.65	3377
16.0	50000.0	62.32	3378
0.0	10667.78076171875	12.5	3379
84.0	50000.0	62.13	3380
0.0	10660.833251953125	13.25	3381
0.0	23672.828857421875	29.59	3382
0.0	34245.140380859375	41.49	3383
0.0	3226.777099609375	3.98	3384
47.0	50000.0	61.05	3385
82.0	50000.0	60.31	3386
0.0	713.017578125	0.89	3387
0.0	2558.706298828125	3.14	3388
53.0	50000.0	62.78	3389
0.0	30240.265625	36.79	3390
67.0	50000.0	63.31	3391
28.0	50000.0	61.16	3392
0.0	1944.70458984375	2.37	3393
0.0	1631.486083984375	2.01	3394
49.0	50000.0	62.04	3395
53.0	50000.0	62.2	3396
0.0	4515.1875	5.59	3397
61.0	50000.0	62.4	3398
66.0	50000.0	60.53	3399
0.0	2786.9736328125	3.46	3400
85.0	50000.0	62.84	3401
0.0	6479.416748046875	7.96	3402
0.0	6544.531494140625	8.15	3403
0.0	862.5	1.07	3404
0.0	2744.682373046875	3.43	3405
57.0	50000.0	62.86	3406
85.0	50000.0	62.65	3407
49.0	50000.0	62.03	3408
71.0	50000.0	60.65	3409
0.0	6863.3388671875	8.73	3410
0.0	6828.62939453125	8.01	3411
44.0	50000.0	62.6	3412
0.0	32007.863525390625	39.31	3413
64.0	50000.0	60.91	3414
0.0	12199.07568359375	15.1	3415
52.0	50000.0	62.1	3416
47.0	50000.0	62.91	3417
13.0	50000.0	61.24	3418
50.0	50000.0	62.25	3419
0.0	16404.2861328125	20.56	3420
15.0	50000.0	61.92	3421
0.0	8574.96728515625	10.53	3422
65.0	50000.0	59.59	3921
0.0	8097.860595703125	9.9	3922
0.0	7130.92822265625	8.34	3923
0.0	31241.180419921875	37.57	3924
43.0	50000.0	59.28	3925
0.0	10674.0263671875	12.92	3926
88.0	50000.0	61.06	3927
61.0	50000.0	59.0	3928
0.0	10569.197265625	12.65	3929
64.0	50000.0	58.79	3930
55.0	50000.0	60.9	3931
50.0	50000.0	60.14	3932
0.0	25488.40234375	29.82	3933
44.0	50000.0	61.33	3934
0.0	14481.052978515625	17.25	3935
0.0	3773.425048828125	4.61	3936
41.0	50000.0	61.28	3937
52.0	50000.0	59.35	3938
0.0	24948.692138671875	30.1	3939
30.0	50000.0	61.28	3940
43.0	50000.0	58.4	3941
0.0	16180.00390625	19.52	3942
0.0	887.48583984375	1.07	3943
0.0	3591.618408203125	4.32	3944
0.0	1932.158935546875	2.37	3945
55.0	50000.0	59.87	3946
0.0	4580.3037109375	5.65	3947
78.0	50000.0	59.28	3948
67.0	50000.0	59.79	3949
55.0	50000.0	61.32	3950
53.0	50000.0	60.95	3951
53.0	50000.0	61.01	3952
0.0	12672.102294921875	15.16	3953
46.0	50000.0	60.74	3954
0.0	10613.995849609375	12.96	3955
62.0	50000.0	61.64	3956
0.0	544.497314453125	0.69	3957
0.0	539.64208984375	0.67	3958
50.0	50000.0	60.86	3959
56.0	50000.0	61.2	3960
0.0	42127.97412109375	50.97	3961
0.0	8448.20849609375	10.24	3962
53.0	50000.0	61.41	3963
0.0	1192.7783203125	1.48	3964
52.0	50000.0	61.6	3965
74.0	50000.0	61.61	3966
0.0	2334.8876953125	2.83	3967
0.0	10962.423583984375	13.27	3968
0.0	7701.351318359375	9.46	3969
58.0	50000.0	60.86	3970
45.0	50000.0	62.33	3971
55.0	50000.0	59.64	3972
0.0	810.428955078125	1.03	3973
49.0	50000.0	61.45	3974
35.0	50000.0	61.52	3975
29.0	50000.0	61.26	3976
0.0	1131.731689453125	1.36	3977
30.0	50000.0	58.59	3978
0.0	43750.792724609375	53.34	3979
0.0	35681.245849609375	43.79	3980
84.0	50000.0	62.0	3981
0.0	1624.029052734375	2.02	3982
0.0	2637.41650390625	3.21	3983
0.0	5369.300537109375	6.52	3984
0.0	46210.440673828125	56.13	3985
86.0	50000.0	61.69	3986
70.0	50000.0	60.31	3987
100.0	50000.0	60.8	3988
79.0	50000.0	60.75	3989
45.0	50000.0	61.65	3990
0.0	13625.06884765625	16.92	3991
76.0	50000.0	60.65	3992
76.0	50000.0	62.38	3993
0.0	4451.080078125	5.31	3994
51.0	50000.0	61.71	3995
24.0	50000.0	61.31	3996
0.0	2011.939697265625	2.5	3997
0.0	2699.5615234375	3.32	3998
0.0	18493.716552734375	22.61	3999
47.0	50000.0	62.36	4000
70.0	50000.0	62.73	4001
65.0	50000.0	60.43	4002
63.0	50000.0	61.1	4003
78.0	50000.0	62.3	4004
55.0	50000.0	60.74	4005
0.0	5095.811767578125	6.08	4006
0.0	6192.44091796875	7.59	4007
0.0	13352.286376953125	16.44	4008
0.0	16820.26416015625	20.39	4009
48.0	50000.0	61.55	4010
0.0	2075.45556640625	2.51	4011
0.0	2382.940673828125	2.94	4012
54.0	50000.0	62.59	4013
0.0	47972.458251953125	57.24	4014
0.0	4275.130615234375	5.09	4015
87.0	50000.0	62.18	4016
65.0	50000.0	59.81	4017
81.0	50000.0	61.32	4018
88.0	50000.0	60.43	4019
20.0	50000.0	60.61	4020
0.0	24741.665283203125	29.98	4021
64.0	50000.0	61.0	4022
0.0	13472.852783203125	16.59	4023
31.0	50000.0	60.35	4024
65.0	50000.0	58.11	4025
0.0	39188.5732421875	47.69	4026
27.0	50000.0	62.11	4027
64.0	50000.0	60.28	4028
0.0	36335.870361328125	44.51	4029
54.0	50000.0	60.43	4030
0.0	16230.3173828125	19.82	4031
0.0	600.246337890625	0.76	4032
84.0	50000.0	62.45	4033
0.0	1051.506591796875	1.3	4034
0.0	14896.755615234375	18.26	4035
43.0	50000.0	59.29	4036
0.0	4136.830078125	4.97	4037
48.0	50000.0	61.89	4038
42.0	50000.0	61.82	4039
90.0	50000.0	61.34	4040
30.0	50000.0	60.07	4041
0.0	4511.2392578125	5.68	4042
0.0	14039.279052734375	17.32	4043
35.0	50000.0	61.2	4044
87.0	50000.0	61.86	4045
0.0	2185.796630859375	2.63	4046
0.0	13685.681884765625	16.88	4047
27.0	50000.0	60.92	4048
0.0	6828.2958984375	8.47	4049
0.0	33148.759033203125	39.64	4050
0.0	1504.4228515625	1.87	4051
0.0	15354.574951171875	18.98	4052
0.0	18974.87744140625	23.14	4053
86.0	50000.0	60.54	4054
0.0	1434.279052734375	1.81	4055
62.0	50000.0	60.91	4056
0.0	4822.980712890625	5.79	4057
65.0	50000.0	62.15	4058
62.0	50000.0	61.07	4059
33.0	50000.0	61.22	4060
74.0	50000.0	62.77	4061
79.0	50000.0	61.4	4062
0.0	1531.6630859375	1.92	4063
0.0	879.76123046875	1.0	4064
0.0	2540.63330078125	3.08	4065
0.0	5258.762939453125	6.56	4066
47.0	50000.0	62.47	4067
0.0	11014.383056640625	13.57	4068
78.0	50000.0	60.96	4069
0.0	3996.93505859375	4.91	4070
34.0	50000.0	61.92	4071
72.0	50000.0	63.03	4072
0.0	1512.032958984375	1.86	4073
0.0	2813.14208984375	3.42	4074
53.0	50000.0	59.56	4075
0.0	6340.657470703125	7.85	4076
0.0	13359.369384765625	16.47	4077
54.0	50000.0	61.31	4078
0.0	13402.650390625	16.73	4079
0.0	5229.57275390625	6.58	4080
0.0	4898.261474609375	5.99	4081
0.0	1994.541748046875	2.49	4082
0.0	38547.476318359375	46.88	4083
0.0	6074.767333984375	7.59	4084
64.0	50000.0	62.9	4085
71.0	50000.0	62.67	4086
0.0	4377.180419921875	5.27	4087
62.0	50000.0	61.64	4088
0.0	26792.57080078125	32.2	4089
0.0	819.096923828125	1.02	4090
0.0	10442.82177734375	12.88	4091
0.0	1832.906982421875	2.29	4092
65.0	50000.0	61.58	4093
31.0	50000.0	61.85	4094
0.0	16844.463623046875	20.99	4095
0.0	2864.722412109375	3.5	4096
0.0	7368.072265625	8.97	4097
0.0	17362.218017578125	21.49	4098
8.0	50000.0	59.26	4099
0.0	3045.7431640625	3.81	4100
82.0	50000.0	61.98	4101
75.0	50000.0	63.18	4102
8.0	50000.0	59.76	4103
0.0	5282.4443359375	6.61	4104
13.0	50000.0	61.88	4105
0.0	8146.00830078125	10.2	4106
0.0	13486.14599609375	16.18	4107
0.0	1335.336181640625	1.6	4108
61.0	50000.0	61.76	4109
0.0	4022.657470703125	4.88	4110
0.0	20772.581298828125	25.7	4111
61.0	50000.0	61.58	4112
0.0	13898.69580078125	16.56	4113
0.0	17109.848388671875	20.81	4114
31.0	50000.0	62.61	4115
53.0	50000.0	62.12	4116
59.0	50000.0	61.73	4117
0.0	8083.929931640625	9.61	4118
44.0	50000.0	62.72	4119
83.0	50000.0	63.0	4120
0.0	2707.07373046875	3.34	4121
57.0	50000.0	61.68	4122
0.0	1602.212890625	1.96	4123
0.0	2143.710693359375	2.68	4124
70.0	50000.0	62.44	4125
0.0	13310.053955078125	16.64	4126
0.0	2091.95556640625	2.58	4127
0.0	7979.695068359375	9.72	4128
28.0	50000.0	61.09	4129
0.0	45235.808349609375	54.27	4130
0.0	9619.351318359375	12.01	4131
48.0	50000.0	62.86	4132
0.0	1301.322509765625	1.6	4133
56.0	50000.0	60.99	4134
0.0	1435.179443359375	1.81	4135
45.0	50000.0	61.9	4136
60.0	50000.0	62.46	4137
74.0	50000.0	61.69	4138
74.0	50000.0	61.66	4139
30.0	50000.0	61.8	4140
49.0	50000.0	61.73	4141
69.0	50000.0	62.16	4142
40.0	50000.0	61.04	4143
74.0	50000.0	61.08	4144
56.0	50000.0	62.85	4145
64.0	50000.0	62.37	4146
60.0	50000.0	62.9	4147
0.0	1797.82568359375	2.25	4148
65.0	50000.0	61.84	4149
0.0	43539.92724609375	53.2	4150
50.0	50000.0	62.02	4151
43.0	50000.0	62.56	4152
56.0	50000.0	62.8	4153
77.0	50000.0	62.13	4154
49.0	50000.0	59.88	4155
62.0	50000.0	60.89	4156
77.0	50000.0	62.29	4157
0.0	2990.912109375	3.72	4158
80.0	50000.0	62.68	4159
23.0	50000.0	60.07	4160
0.0	2233.343994140625	2.78	4161
0.0	40542.17529296875	49.96	4162
0.0	12241.140869140625	15.12	4163
34.0	50000.0	61.31	4164
65.0	50000.0	62.14	4165
35.0	50000.0	61.08	4166
0.0	12085.962158203125	15.43	4167
0.0	7579.719482421875	9.4	4168
39.0	50000.0	61.95	4169
49.0	50000.0	62.68	4170
60.0	50000.0	62.4	4171
65.0	50000.0	63.66	4172
59.0	50000.0	59.63	4173
17.0	50000.0	61.22	4174
0.0	1954.372314453125	2.47	4175
56.0	50000.0	61.33	4176
72.0	50000.0	62.14	4177
62.0	50000.0	60.54	4178
0.0	1782.321533203125	2.1	4179
54.0	50000.0	62.79	4180
0.0	31265.616943359375	38.25	4181
65.0	50000.0	62.8	4182
0.0	665.079345703125	0.83	4183
52.0	50000.0	62.36	4184
0.0	2296.23193359375	2.89	4185
52.0	50000.0	62.0	4186
36.0	50000.0	61.99	4187
70.0	50000.0	60.9	4188
26.0	50000.0	62.46	4189
40.0	50000.0	63.21	4190
43.0	50000.0	60.45	4191
53.0	50000.0	61.59	4192
89.0	50000.0	61.86	4193
0.0	3403.031005859375	4.34	4194
22.0	50000.0	61.35	4195
50.0	50000.0	61.86	4196
52.0	50000.0	61.61	4197
0.0	13012.4033203125	16.04	4198
0.0	1364.157958984375	1.72	4199
56.0	50000.0	61.93	4200
74.0	50000.0	62.29	4201
0.0	5109.591552734375	6.3	4202
54.0	50000.0	62.2	4203
14.0	50000.0	60.57	4204
0.0	7601.896728515625	9.19	4205
89.0	50000.0	60.36	4206
55.0	50000.0	61.84	4207
0.0	45825.421630859375	55.76	4208
0.0	2299.558349609375	2.77	4209
71.0	50000.0	62.59	4210
0.0	3772.37890625	4.71	4211
0.0	18030.31298828125	22.34	4212
76.0	50000.0	59.89	4213
34.0	50000.0	62.42	4214
71.0	50000.0	62.4	4215
70.0	50000.0	61.77	4216
77.0	50000.0	62.88	4217
64.0	50000.0	61.74	4218
56.0	50000.0	61.64	4219
0.0	1173.010498046875	1.45	4220
79.0	50000.0	63.03	4221
0.0	3418.607177734375	4.15	4222
59.0	50000.0	62.15	4223
52.0	50000.0	62.12	4224
76.0	50000.0	61.5	4225
62.0	50000.0	60.04	4226
0.0	18869.6826171875	23.02	4227
0.0	8921.61669921875	11.3	4228
0.0	30677.64306640625	36.7	4229
36.0	50000.0	62.08	4230
45.0	50000.0	59.25	4231
37.0	50000.0	62.06	4232
0.0	2974.052490234375	3.5	4233
55.0	50000.0	62.24	4234
0.0	1153.86328125	1.42	4235
0.0	2589.13232421875	3.18	4236
31.0	50000.0	59.75	4237
65.0	50000.0	62.21	4238
93.0	50000.0	62.43	4239
0.0	1315.505615234375	1.66	4240
0.0	2463.360595703125	3.08	4241
39.0	50000.0	61.37	4242
0.0	5309.895263671875	6.6	4243
64.0	50000.0	62.73	4244
0.0	1760.747314453125	2.09	4245
46.0	50000.0	62.53	4246
0.0	1167.3681640625	1.44	4247
36.0	50000.0	62.45	4248
30.0	50000.0	62.33	4249
39.0	50000.0	62.14	4250
0.0	5165.675048828125	6.46	4251
0.0	6318.892822265625	7.79	4252
38.0	50000.0	60.79	4253
41.0	50000.0	61.76	4254
0.0	633.144287109375	0.77	4255
0.0	2226.798828125	2.66	4256
0.0	38679.388916015625	47.19	4257
0.0	4601.2978515625	5.64	4258
0.0	34513.9833984375	43.0	4259
0.0	4079.860107421875	5.05	4260
43.0	50000.0	59.64	4261
32.0	50000.0	62.24	4262
0.0	4473.161865234375	5.56	4263
0.0	2749.193115234375	3.43	4264
67.0	50000.0	63.14	4265
0.0	26758.809814453125	32.87	4266
84.0	50000.0	62.26	4267
54.0	50000.0	61.36	4268
0.0	6842.206787109375	8.44	4269
0.0	3939.809326171875	4.99	4270
30.0	50000.0	61.95	4271
0.0	46467.434326171875	57.67	4272
0.0	13395.754150390625	16.75	4273
0.0	20530.194091796875	25.34	4274
50.0	50000.0	61.48	4275
36.0	50000.0	61.27	4276
64.0	50000.0	63.42	4277
0.0	10859.0830078125	13.14	4278
61.0	50000.0	61.02	4279
0.0	11191.92724609375	13.81	4280
0.0	1383.831787109375	1.64	4281
0.0	21766.35791015625	27.12	4282
28.0	50000.0	61.41	4283
39.0	50000.0	61.66	4284
0.0	491.56494140625	0.58	4285
0.0	9067.13818359375	10.97	4286
38.0	50000.0	62.42	4287
0.0	4367.570556640625	5.44	4288
0.0	11689.807861328125	14.36	4289
0.0	3403.367919921875	4.2	4290
77.0	50000.0	62.35	4291
0.0	3834.42333984375	4.83	4292
68.0	50000.0	62.33	4293
41.0	50000.0	62.02	4294
52.0	50000.0	61.98	4295
88.0	50000.0	62.76	4296
62.0	50000.0	62.39	4297
0.0	11244.303955078125	13.88	4298
66.0	50000.0	61.3	4299
0.0	1242.838134765625	1.57	4300
55.0	50000.0	62.72	4301
0.0	7159.462890625	8.82	4302
0.0	668.407958984375	0.85	4303
0.0	4875.060791015625	5.88	4304
0.0	1116.247802734375	1.42	4305
48.0	50000.0	62.42	4306
0.0	17936.900390625	22.33	4307
0.0	36248.887939453125	44.85	4308
41.0	50000.0	61.81	4309
41.0	50000.0	60.16	4310
24.0	50000.0	62.59	4311
0.0	700.864990234375	0.84	4312
0.0	6571.198486328125	8.08	4313
0.0	21941.22021484375	27.17	4314
53.0	50000.0	62.36	4315
0.0	6397.478271484375	7.94	4316
39.0	50000.0	62.53	4317
0.0	651.929931640625	0.8	4318
40.0	50000.0	63.01	4319
88.0	50000.0	63.37	4320
82.0	50000.0	62.68	4321
52.0	50000.0	61.84	4322
0.0	44033.044921875	54.52	4323
55.0	50000.0	62.52	4324
124.0	50000.0	62.83	4325
0.0	46028.266845703125	57.04	4326
0.0	5188.0498046875	6.47	4327
35.0	50000.0	59.86	4328
0.0	2725.34619140625	3.33	4329
0.0	8780.400146484375	10.74	4330
74.0	50000.0	60.03	4331
0.0	7841.30859375	9.53	4332
63.0	50000.0	63.07	4333
0.0	28508.621826171875	34.35	4334
0.0	13159.310791015625	16.72	4335
0.0	3938.37744140625	4.66	4336
53.0	50000.0	62.84	4337
49.0	50000.0	62.59	4338
0.0	591.35009765625	0.73	4339
0.0	18951.908935546875	23.96	4340
0.0	4375.6748046875	5.41	4341
0.0	15610.962158203125	19.36	4342
32.0	50000.0	62.01	4343
0.0	3292.20361328125	4.07	4344
0.0	6953.29345703125	8.42	4345
0.0	40099.160888671875	49.31	4346
38.0	50000.0	61.79	4347
0.0	719.772705078125	0.9	4348
87.0	50000.0	63.68	4349
0.0	13107.09521484375	16.26	4350
32.0	50000.0	61.08	4351
36.0	50000.0	61.92	4352
0.0	37475.394775390625	46.22	4353
0.0	7102.931396484375	8.7	4354
48.0	50000.0	59.68	4355
0.0	22280.876953125	27.52	4356
84.0	50000.0	62.03	4357
0.0	8378.899658203125	10.45	4358
65.0	50000.0	61.2	4359
81.0	50000.0	63.14	4360
90.0	50000.0	62.39	4361
36.0	50000.0	61.1	4362
39.0	50000.0	62.54	4363
54.0	50000.0	62.9	4364
88.0	50000.0	63.53	4365
78.0	50000.0	59.44	4366
25.0	50000.0	61.52	4367
0.0	4058.43701171875	4.81	4368
46.0	50000.0	62.69	4369
0.0	43936.01953125	54.62	4370
44.0	50000.0	60.6	4371
0.0	7668.029541015625	9.56	4372
0.0	567.462646484375	0.69	4373
89.0	50000.0	62.57	4374
66.0	50000.0	62.27	4375
54.0	50000.0	62.16	4376
61.0	50000.0	61.49	4377
0.0	18416.107177734375	22.6	4378
55.0	50000.0	60.82	4379
48.0	50000.0	62.89	4380
0.0	3685.441650390625	4.54	4381
0.0	3469.513671875	4.26	4382
0.0	11020.431396484375	13.34	4383
0.0	2529.62109375	3.0	4384
64.0	50000.0	62.23	4385
62.0	50000.0	62.51	4386
74.0	50000.0	61.69	4387
0.0	10219.7568359375	12.65	4388
0.0	2011.48095703125	2.52	4389
47.0	50000.0	62.32	4390
46.0	50000.0	62.23	4391
82.0	50000.0	63.03	4392
0.0	15636.7802734375	18.55	4393
0.0	1303.431884765625	1.6	4394
0.0	1651.76806640625	1.99	4395
0.0	23268.908203125	27.86	4396
57.0	50000.0	62.05	4397
37.0	50000.0	60.83	4398
0.0	27718.479248046875	34.29	4399
0.0	1825.446533203125	2.3	4400
27.0	50000.0	59.23	4401
0.0	1834.1767578125	2.3	4402
55.0	50000.0	61.87	4403
69.0	50000.0	63.01	4404
0.0	3025.973388671875	3.78	4405
0.0	35737.49853515625	44.05	4406
57.0	50000.0	62.49	4407
0.0	27892.7822265625	34.56	4408
0.0	3211.170166015625	3.88	4409
45.0	50000.0	61.86	4410
0.0	1410.2021484375	1.82	4411
47.0	50000.0	62.63	4412
55.0	50000.0	61.67	4413
0.0	13924.52197265625	17.3	4414
41.0	50000.0	59.32	4901
0.0	25292.175048828125	30.16	4902
53.0	50000.0	59.79	4903
79.0	50000.0	60.33	4904
21.0	50000.0	59.1	4905
67.0	50000.0	60.74	4906
0.0	28754.45849609375	34.58	4907
105.0	50000.0	59.09	4908
59.0	50000.0	60.89	4909
47.0	50000.0	60.61	4910
33.0	50000.0	60.31	4911
57.0	50000.0	59.67	4912
0.0	1656.921875	2.04	4913
0.0	2038.450927734375	2.49	4914
51.0	50000.0	61.13	4915
0.0	11769.718017578125	14.1	4916
61.0	50000.0	61.33	4917
0.0	3728.091552734375	4.51	4918
77.0	50000.0	60.95	4919
64.0	50000.0	61.2	4920
0.0	40163.753173828125	49.4	4921
0.0	34390.6005859375	42.17	4922
0.0	27533.66748046875	33.24	4923
45.0	50000.0	61.04	4924
36.0	50000.0	60.86	4925
31.0	50000.0	60.16	4926
73.0	50000.0	59.77	4927
59.0	50000.0	59.74	4928
67.0	50000.0	60.01	4929
36.0	50000.0	61.34	4930
0.0	17156.8720703125	20.63	4931
0.0	32973.80908203125	39.52	4932
0.0	11223.2412109375	13.46	4933
39.0	50000.0	59.98	4934
31.0	50000.0	61.23	4935
0.0	4225.185546875	5.27	4936
0.0	3562.574462890625	4.32	4937
0.0	1367.319091796875	1.69	4938
0.0	2475.992431640625	3.03	4939
0.0	24869.89453125	30.21	4940
41.0	50000.0	59.13	4941
27.0	50000.0	61.97	4942
44.0	50000.0	61.33	4943
74.0	50000.0	60.42	4944
24.0	50000.0	61.12	4945
0.0	8178.14990234375	10.14	4946
92.0	50000.0	60.32	4947
0.0	2768.740478515625	3.32	4948
59.0	50000.0	61.6	4949
44.0	50000.0	59.95	4950
41.0	50000.0	61.61	4951
50.0	50000.0	60.88	4952
66.0	50000.0	60.53	4953
68.0	50000.0	61.0	4954
0.0	1276.69384765625	1.54	4955
63.0	50000.0	61.72	4956
33.0	50000.0	61.75	4957
0.0	14090.641357421875	17.17	4958
21.0	50000.0	60.37	4959
25.0	50000.0	60.37	4960
57.0	50000.0	59.76	4961
67.0	50000.0	62.18	4962
0.0	11016.95849609375	12.93	4963
0.0	13101.109619140625	16.22	4964
71.0	50000.0	60.48	4965
44.0	50000.0	61.17	4966
24.0	50000.0	61.65	4967
0.0	10524.443359375	12.84	4968
0.0	31715.3271484375	37.99	4969
95.0	50000.0	62.09	4970
55.0	50000.0	60.95	4971
63.0	50000.0	61.9	4972
0.0	46319.197509765625	55.89	4973
0.0	7028.369384765625	8.49	4974
0.0	4121.392578125	4.94	4975
95.0	50000.0	61.61	4976
63.0	50000.0	62.24	4977
0.0	949.13720703125	1.18	4978
0.0	988.97216796875	1.24	4979
74.0	50000.0	61.14	4980
0.0	780.991455078125	0.98	4981
57.0	50000.0	60.6	4982
0.0	4001.782958984375	4.88	4983
77.0	50000.0	62.81	4984
0.0	6103.833251953125	7.41	4985
83.0	50000.0	61.93	4986
58.0	50000.0	61.01	4987
0.0	3872.32958984375	4.74	4988
82.0	50000.0	62.1	4989
64.0	50000.0	62.41	4990
33.0	50000.0	60.25	4991
29.0	50000.0	59.82	4992
73.0	50000.0	61.84	4993
0.0	13337.07275390625	16.29	4994
0.0	1564.771240234375	1.98	4995
76.0	50000.0	61.87	4996
0.0	2457.7802734375	3.03	4997
0.0	1626.208251953125	2.01	4998
78.0	50000.0	61.68	4999
90.0	50000.0	62.49	5000
0.0	46174.32373046875	57.12	5001
37.0	50000.0	60.04	5002
64.0	50000.0	60.91	5003
38.0	50000.0	60.98	5004
31.0	50000.0	59.44	5005
62.0	50000.0	61.68	5006
46.0	50000.0	60.42	5007
0.0	3456.531494140625	4.24	5008
0.0	27175.257080078125	33.27	5009
47.0	50000.0	60.91	5010
0.0	563.466796875	0.71	5011
0.0	7659.47509765625	9.19	5012
80.0	50000.0	62.9	5013
74.0	50000.0	62.1	5014
60.0	50000.0	60.25	5015
0.0	27137.99462890625	32.81	5016
67.0	50000.0	61.42	5017
0.0	2222.859619140625	2.73	5018
0.0	12228.07177734375	14.5	5019
20.0	50000.0	61.2	5020
0.0	8133.5732421875	9.98	5021
79.0	50000.0	61.86	5022
29.0	50000.0	60.79	5023
56.0	50000.0	60.49	5024
68.0	50000.0	61.09	5025
0.0	2095.884033203125	2.54	5026
0.0	12927.73046875	15.92	5027
0.0	16136.216064453125	19.97	5028
50.0	50000.0	60.7	5029
0.0	4741.494873046875	5.91	5030
81.0	50000.0	60.7	5031
0.0	20765.611328125	25.84	5032
44.0	50000.0	61.17	5033
0.0	6022.620361328125	7.35	5034
58.0	50000.0	61.47	5035
56.0	50000.0	61.8	5036
0.0	43391.8671875	53.4	5037
0.0	2970.32568359375	3.59	5038
0.0	3799.662353515625	4.7	5039
50.0	50000.0	61.81	5040
0.0	1629.0263671875	2.03	5041
0.0	3627.125	4.53	5042
0.0	24772.558837890625	31.14	5043
69.0	50000.0	61.85	5044
18.0	50000.0	59.61	5045
29.0	50000.0	60.77	5046
0.0	6852.90185546875	8.26	5047
74.0	50000.0	59.85	5048
0.0	893.51953125	1.11	5049
0.0	45648.19677734375	55.03	5050
50.0	50000.0	61.6	5051
82.0	50000.0	62.53	5052
0.0	2233.79296875	2.76	5053
54.0	50000.0	61.79	5054
0.0	17085.0263671875	20.87	5055
75.0	50000.0	62.79	5056
80.0	50000.0	62.06	5057
40.0	50000.0	61.95	5058
0.0	454.978515625	0.59	5059
17.0	50000.0	60.28	5060
0.0	3729.030029296875	4.6	5061
4.0	50000.0	58.85	5062
0.0	12900.4560546875	15.77	5063
0.0	3032.253662109375	3.76	5064
52.0	50000.0	62.67	5065
39.0	50000.0	62.15	5066
0.0	3205.928955078125	3.97	5067
38.0	50000.0	61.22	5068
34.0	50000.0	61.47	5069
81.0	50000.0	61.43	5070
0.0	2953.01611328125	3.61	5071
46.0	50000.0	61.03	5072
58.0	50000.0	61.65	5073
0.0	12970.71875	15.97	5074
50.0	50000.0	61.27	5075
0.0	7647.87548828125	9.37	5076
19.0	50000.0	59.76	5077
79.0	50000.0	60.72	5078
29.0	50000.0	62.1	5079
0.0	7554.021728515625	9.37	5080
40.0	50000.0	60.31	5081
46.0	50000.0	62.12	5082
0.0	16639.0576171875	19.94	5083
0.0	770.37646484375	0.97	5084
0.0	13930.41162109375	17.34	5085
0.0	29494.409912109375	36.29	5086
62.0	50000.0	62.72	5087
33.0	50000.0	62.08	5088
42.0	50000.0	62.86	5089
83.0	50000.0	61.6	5090
68.0	50000.0	62.52	5091
0.0	12683.66064453125	15.29	5092
81.0	50000.0	60.65	5093
0.0	4460.200927734375	5.6	5094
39.0	50000.0	62.66	5095
0.0	14138.0400390625	17.34	5096
67.0	50000.0	62.15	5097
45.0	50000.0	61.79	5098
0.0	6270.89794921875	7.77	5099
0.0	756.054443359375	0.95	5100
17.0	50000.0	61.14	5101
64.0	50000.0	61.33	5102
58.0	50000.0	62.08	5103
63.0	50000.0	61.36	5104
55.0	50000.0	61.88	5105
47.0	50000.0	59.85	5106
39.0	50000.0	62.07	5107
44.0	50000.0	61.75	5108
0.0	1708.7734375	2.11	5109
86.0	50000.0	63.07	5110
47.0	50000.0	61.35	5111
48.0	50000.0	59.85	5112
12.0	50000.0	61.49	5113
0.0	17283.7314453125	21.01	5114
40.0	50000.0	61.48	5115
46.0	50000.0	61.68	5116
0.0	15175.374755859375	18.73	5117
65.0	50000.0	60.27	5118
0.0	39977.591064453125	47.69	5119
0.0	1838.40087890625	2.33	5120
57.0	50000.0	62.38	5121
45.0	50000.0	62.42	5122
52.0	50000.0	62.99	5123
59.0	50000.0	62.33	5124
52.0	50000.0	60.89	5125
49.0	50000.0	62.29	5126
73.0	50000.0	62.47	5127
77.0	50000.0	62.03	5128
52.0	50000.0	60.55	5129
0.0	32030.664306640625	38.23	5130
0.0	8736.164306640625	10.63	5131
0.0	46560.554443359375	57.01	5132
0.0	9301.435302734375	11.5	5133
0.0	2770.7724609375	3.36	5134
0.0	35971.782470703125	44.1	5135
0.0	10627.05859375	13.03	5136
35.0	50000.0	62.38	5137
0.0	761.79345703125	0.95	5138
55.0	50000.0	60.34	5139
39.0	50000.0	59.16	5140
60.0	50000.0	62.93	5141
64.0	50000.0	61.04	5142
12.0	50000.0	61.39	5143
0.0	45148.804931640625	55.09	5144
41.0	50000.0	62.05	5145
0.0	6122.295166015625	7.63	5146
0.0	3935.525390625	4.68	5147
0.0	45332.47900390625	55.22	5148
0.0	7759.572021484375	9.36	5149
0.0	23253.6005859375	28.8	5150
57.0	50000.0	62.68	5151
28.0	50000.0	61.18	5152
51.0	50000.0	61.7	5153
0.0	3192.30126953125	4.01	5154
69.0	50000.0	62.79	5155
0.0	25474.7529296875	30.51	5156
33.0	50000.0	60.6	5157
52.0	50000.0	60.22	5158
70.0	50000.0	60.91	5159
0.0	5942.821044921875	7.23	5160
59.0	50000.0	60.78	5161
60.0	50000.0	62.2	5162
53.0	50000.0	61.37	5163
45.0	50000.0	60.87	5164
0.0	7344.705078125	9.06	5165
25.0	50000.0	61.59	5166
64.0	50000.0	62.58	5167
0.0	25641.932373046875	31.81	5168
45.0	50000.0	62.15	5169
0.0	35807.684814453125	44.12	5170
57.0	50000.0	60.69	5171
0.0	14263.965087890625	17.45	5172
71.0	50000.0	62.51	5173
64.0	50000.0	62.07	5174
73.0	50000.0	60.71	5175
0.0	36457.576416015625	44.55	5176
0.0	10006.875244140625	12.29	5177
0.0	33613.049072265625	41.67	5178
33.0	50000.0	61.16	5179
0.0	703.499755859375	0.86	5180
0.0	37976.787109375	46.8	5181
0.0	5309.76708984375	6.57	5182
0.0	35374.361083984375	43.79	5183
0.0	10998.6083984375	13.86	5184
0.0	1703.326171875	2.09	5185
0.0	41892.66455078125	51.05	5186
0.0	2399.969482421875	2.95	5187
0.0	8403.45263671875	10.12	5188
0.0	7669.2509765625	9.33	5189
0.0	2808.773681640625	3.56	5190
0.0	2758.44091796875	3.43	5191
65.0	50000.0	61.58	5192
58.0	50000.0	61.36	5193
65.0	50000.0	62.56	5194
0.0	10184.3203125	12.27	5195
0.0	4857.715087890625	6.04	5196
0.0	4819.953369140625	5.95	5197
0.0	3329.464599609375	4.05	5198
25.0	50000.0	61.47	5199
83.0	50000.0	61.14	5200
52.0	50000.0	61.97	5201
58.0	50000.0	61.87	5202
71.0	50000.0	61.82	5203
95.0	50000.0	61.26	5204
0.0	4098.683837890625	5.13	5205
0.0	1549.723388671875	1.83	5206
78.0	50000.0	62.0	5207
33.0	50000.0	62.09	5208
79.0	50000.0	62.89	5209
0.0	6043.458984375	7.34	5210
0.0	9628.89599609375	11.93	5211
0.0	3177.775390625	3.85	5212
65.0	50000.0	61.43	5213
0.0	42980.263671875	52.2	5214
62.0	50000.0	61.28	5215
61.0	50000.0	62.61	5216
48.0	50000.0	62.53	5217
0.0	7232.79345703125	9.0	5218
0.0	29508.817138671875	36.61	5219
58.0	50000.0	63.36	5220
49.0	50000.0	62.37	5221
0.0	12095.10498046875	14.93	5222
68.0	50000.0	61.56	5223
0.0	24719.630615234375	30.32	5224
99.0	50000.0	61.63	5225
0.0	1464.842529296875	1.81	5226
0.0	2138.75146484375	2.65	5227
0.0	24542.268798828125	30.18	5228
58.0	50000.0	61.57	5229
0.0	27076.411376953125	33.17	5230
87.0	50000.0	61.41	5231
55.0	50000.0	61.66	5232
59.0	50000.0	61.7	5233
0.0	10711.489501953125	13.35	5234
48.0	50000.0	60.95	5235
0.0	46039.7353515625	54.02	5236
0.0	9146.0166015625	10.71	5237
0.0	5754.488525390625	7.09	5238
0.0	5400.362060546875	6.85	5239
34.0	50000.0	61.64	5240
24.0	50000.0	62.12	5241
0.0	25593.726806640625	31.7	5242
0.0	11891.444580078125	14.78	5243
78.0	50000.0	62.1	5244
45.0	50000.0	61.98	5245
18.0	50000.0	61.8	5246
38.0	50000.0	61.81	5247
0.0	4776.12744140625	5.79	5248
0.0	15810.78955078125	19.79	5249
58.0	50000.0	62.11	5250
60.0	50000.0	62.1	5251
0.0	39208.318359375	48.88	5252
47.0	50000.0	62.02	5253
46.0	50000.0	62.31	5254
0.0	4593.017333984375	5.65	5255
0.0	741.44775390625	0.92	5256
0.0	26976.4140625	32.55	5257
0.0	1392.880859375	1.73	5258
0.0	6577.066650390625	7.97	5259
0.0	5644.576416015625	6.84	5260
0.0	1047.67578125	1.31	5261
28.0	50000.0	61.6	5262
36.0	50000.0	61.32	5263
50.0	50000.0	62.88	5264
36.0	50000.0	62.68	5265
25.0	50000.0	62.41	5266
54.0	50000.0	62.24	5267
0.0	1522.673095703125	1.88	5268
0.0	6611.146240234375	8.22	5269
0.0	18909.234130859375	23.05	5270
76.0	50000.0	62.99	5271
41.0	50000.0	61.9	5272
79.0	50000.0	61.59	5273
0.0	11922.455810546875	14.89	5274
66.0	50000.0	62.46	5275
0.0	27292.640380859375	33.52	5276
0.0	5655.17529296875	7.14	5277
64.0	50000.0	61.86	5278
0.0	7136.6787109375	8.79	5279
54.0	50000.0	62.09	5280
58.0	50000.0	61.84	5281
0.0	44099.269287109375	54.52	5282
0.0	13119.34521484375	16.38	5283
39.0	50000.0	62.48	5284
0.0	1883.41650390625	2.26	5285
0.0	5619.459228515625	7.1	5286
0.0	21845.8515625	26.11	5287
49.0	50000.0	62.12	5288
0.0	7374.552734375	9.16	5289
65.0	50000.0	62.37	5290
38.0	50000.0	63.27	5291
0.0	30397.217041015625	37.54	5292
0.0	5535.723876953125	6.88	5293
43.0	50000.0	60.98	5294
51.0	50000.0	61.49	5295
61.0	50000.0	62.71	5296
64.0	50000.0	63.01	5297
0.0	6995.169189453125	8.42	5298
47.0	50000.0	62.87	5299
23.0	50000.0	62.39	5300
0.0	978.83203125	1.17	5301
74.0	50000.0	62.26	5302
83.0	50000.0	60.79	5303
0.0	45407.99462890625	55.75	5304
0.0	12787.510498046875	15.57	5305
55.0	50000.0	63.17	5306
0.0	25146.947998046875	31.39	5307
0.0	11233.07080078125	13.91	5308
36.0	50000.0	61.61	5309
0.0	8376.574462890625	10.28	5310
34.0	50000.0	62.91	5311
0.0	7631.469482421875	9.43	5312
62.0	50000.0	61.86	5313
60.0	50000.0	63.25	5314
66.0	50000.0	61.42	5315
89.0	50000.0	62.5	5316
56.0	50000.0	63.25	5317
0.0	1400.092041015625	1.69	5318
0.0	15235.9453125	18.88	5319
71.0	50000.0	63.08	5320
0.0	5136.453369140625	6.31	5321
0.0	41839.4599609375	51.94	5322
0.0	5899.8583984375	7.37	5323
49.0	50000.0	62.41	5324
0.0	5127.431396484375	6.18	5325
73.0	50000.0	62.82	5326
43.0	50000.0	62.42	5327
0.0	6056.293701171875	7.55	5328
36.0	50000.0	62.88	5329
47.0	50000.0	60.44	5330
0.0	38072.651123046875	47.81	5331
0.0	1882.700927734375	2.32	5332
0.0	42285.048828125	52.08	5333
0.0	7349.430419921875	8.8	5334
64.0	50000.0	61.85	5335
78.0	50000.0	62.95	5336
77.0	50000.0	64.14	5337
57.0	50000.0	61.9	5338
0.0	4907.0439453125	6.05	5339
0.0	13614.11083984375	16.92	5340
0.0	1928.777587890625	2.37	5341
0.0	14479.03857421875	17.94	5342
0.0	2465.676513671875	2.94	5343
71.0	50000.0	61.54	5344
0.0	4079.392822265625	5.14	5345
0.0	47742.16552734375	57.32	5346
46.0	50000.0	61.07	5347
0.0	6269.333740234375	7.77	5348
49.0	50000.0	62.84	5349
97.0	50000.0	62.65	5350
77.0	50000.0	62.82	5351
68.0	50000.0	62.0	5352
0.0	4244.0361328125	5.29	5353
75.0	50000.0	63.11	5354
46.0	50000.0	62.32	5355
0.0	1678.727783203125	2.1	5356
0.0	1670.917236328125	2.08	5357
0.0	743.854248046875	0.91	5358
108.0	50000.0	63.15	5359
43.0	50000.0	60.31	5360
0.0	5587.34521484375	6.86	5361
0.0	8167.129638671875	10.21	5362
87.0	50000.0	62.0	5363
0.0	18139.186279296875	22.61	5364
69.0	50000.0	62.84	5365
44.0	50000.0	61.69	5366
0.0	26379.6611328125	32.63	5367
65.0	50000.0	63.49	5368
0.0	690.93017578125	0.87	5369
66.0	50000.0	59.86	5881
35.0	50000.0	60.53	5882
0.0	3274.735595703125	4.0	5883
0.0	915.5927734375	1.13	5884
0.0	8470.103515625	10.0	5885
0.0	5054.726318359375	6.24	5886
0.0	3568.915283203125	4.16	5887
62.0	50000.0	60.45	5888
59.0	50000.0	60.55	5889
99.0	50000.0	59.33	5890
0.0	32241.278076171875	38.37	5891
0.0	16923.8505859375	20.0	5892
0.0	15119.181884765625	18.37	5893
0.0	7414.811767578125	9.07	5894
60.0	50000.0	60.39	5895
55.0	50000.0	60.65	5896
28.0	50000.0	59.62	5897
69.0	50000.0	60.42	5898
0.0	44468.878173828125	52.97	5899
78.0	50000.0	59.43	5900
52.0	50000.0	60.21	5901
0.0	35196.033447265625	42.96	5902
62.0	50000.0	61.65	5903
44.0	50000.0	60.15	5904
0.0	49472.01123046875	60.1	5905
67.0	50000.0	61.54	5906
0.0	28646.21826171875	33.93	5907
41.0	50000.0	61.0	5908
78.0	50000.0	62.27	5909
59.0	50000.0	61.3	5910
50.0	50000.0	61.66	5911
0.0	1137.40771484375	1.4	5912
34.0	50000.0	59.87	5913
0.0	5183.19091796875	6.33	5914
0.0	10880.97900390625	12.92	5915
55.0	50000.0	61.45	5916
0.0	528.990478515625	0.63	5917
47.0	50000.0	59.53	5918
21.0	50000.0	59.79	5919
28.0	50000.0	61.1	5920
59.0	50000.0	61.04	5921
0.0	33896.431884765625	41.02	5922
37.0	50000.0	59.36	5923
82.0	50000.0	61.26	5924
41.0	50000.0	61.2	5925
84.0	50000.0	61.34	5926
67.0	50000.0	60.43	5927
0.0	1832.366455078125	2.26	5928
58.0	50000.0	60.65	5929
0.0	28360.1259765625	34.04	5930
33.0	50000.0	61.58	5931
0.0	2589.428955078125	3.16	5932
0.0	27890.336181640625	34.18	5933
40.0	50000.0	61.15	5934
0.0	18199.085205078125	21.78	5935
44.0	50000.0	61.03	5936
53.0	50000.0	61.79	5937
0.0	4831.604736328125	5.79	5938
0.0	826.172607421875	1.0	5939
0.0	1518.335205078125	1.89	5940
0.0	13164.6015625	16.23	5941
0.0	1530.156494140625	1.88	5942
0.0	4259.16455078125	5.11	5943
0.0	43187.777587890625	52.61	5944
90.0	50000.0	60.39	5945
0.0	1560.4638671875	1.93	5946
0.0	16096.7314453125	19.56	5947
67.0	50000.0	61.57	5948
21.0	50000.0	60.61	5949
0.0	18343.7724609375	22.46	5950
0.0	6745.25830078125	8.31	5951
0.0	19759.381591796875	23.51	5952
65.0	50000.0	62.72	5953
0.0	17241.176025390625	21.26	5954
0.0	15618.693359375	18.38	5955
89.0	50000.0	62.28	5956
58.0	50000.0	61.69	5957
55.0	50000.0	60.24	5958
39.0	50000.0	61.31	5959
49.0	50000.0	61.42	5960
34.0	50000.0	61.67	5961
23.0	50000.0	60.21	5962
56.0	50000.0	61.44	5963
46.0	50000.0	59.76	5964
0.0	1476.015625	1.84	5965
86.0	50000.0	62.4	5966
57.0	50000.0	61.18	5967
31.0	50000.0	61.76	5968
52.0	50000.0	59.74	5969
0.0	2892.37109375	3.52	5970
0.0	7510.8046875	9.28	5971
0.0	1399.742431640625	1.69	5972
36.0	50000.0	60.14	5973
43.0	50000.0	62.13	5974
56.0	50000.0	62.54	5975
59.0	50000.0	61.96	5976
31.0	50000.0	59.34	5977
35.0	50000.0	59.1	5978
69.0	50000.0	60.67	5979
76.0	50000.0	62.63	5980
61.0	50000.0	61.49	5981
42.0	50000.0	61.67	5982
0.0	1013.823486328125	1.29	5983
36.0	50000.0	62.34	5984
90.0	50000.0	62.16	5985
0.0	2401.572509765625	3.01	5986
71.0	50000.0	62.64	5987
47.0	50000.0	60.69	5988
32.0	50000.0	62.02	5989
0.0	5610.451416015625	6.92	5990
0.0	42535.955322265625	52.38	5991
0.0	4108.626708984375	4.96	5992
0.0	30342.556396484375	36.78	5993
0.0	4900.693603515625	6.06	5994
67.0	50000.0	62.45	5995
0.0	4958.238037109375	6.19	5996
52.0	50000.0	61.92	5997
47.0	50000.0	62.31	5998
83.0	50000.0	61.39	5999
44.0	50000.0	61.53	6000
0.0	3131.203369140625	3.87	6001
57.0	50000.0	61.35	6002
44.0	50000.0	61.82	6003
0.0	2742.1083984375	3.39	6004
85.0	50000.0	61.26	6005
56.0	50000.0	60.66	6006
0.0	2832.831298828125	3.47	6007
0.0	10028.716552734375	12.19	6008
0.0	16653.13623046875	19.91	6009
60.0	50000.0	62.33	6010
0.0	17253.0107421875	20.68	6011
66.0	50000.0	61.41	6012
0.0	6306.442138671875	7.82	6013
55.0	50000.0	62.34	6014
79.0	50000.0	62.26	6015
0.0	3029.402099609375	3.82	6016
0.0	13887.427001953125	16.98	6017
100.0	50000.0	62.4	6018
0.0	15887.964111328125	19.91	6019
0.0	4524.81591796875	5.51	6020
0.0	8312.867919921875	10.27	6021
107.0	50000.0	63.26	6022
50.0	50000.0	62.46	6023
0.0	4724.977783203125	5.8	6024
0.0	24025.60400390625	29.63	6025
0.0	40992.95751953125	49.91	6026
32.0	50000.0	60.11	6027
19.0	50000.0	60.58	6028
49.0	50000.0	61.89	6029
69.0	50000.0	59.76	6030
79.0	50000.0	62.88	6031
0.0	8289.639404296875	10.21	6032
73.0	50000.0	62.82	6033
0.0	4445.0166015625	5.34	6034
0.0	14267.29052734375	17.67	6035
0.0	2243.044921875	2.83	6036
75.0	50000.0	62.41	6037
0.0	46385.467529296875	55.51	6038
0.0	34822.551025390625	40.99	6039
0.0	4909.931884765625	5.93	6040
40.0	50000.0	62.41	6041
61.0	50000.0	62.47	6042
72.0	50000.0	62.63	6043
74.0	50000.0	62.76	6044
0.0	7342.749755859375	9.09	6045
0.0	12398.77294921875	15.19	6046
66.0	50000.0	60.23	6047
44.0	50000.0	60.31	6048
55.0	50000.0	61.62	6049
56.0	50000.0	60.91	6050
0.0	41833.64794921875	52.31	6051
0.0	8767.7724609375	10.84	6052
0.0	38438.96533203125	46.13	6053
12.0	50000.0	61.16	6054
51.0	50000.0	61.91	6055
54.0	50000.0	62.64	6056
0.0	2410.96484375	2.97	6057
69.0	50000.0	61.15	6058
0.0	12588.203369140625	15.27	6059
33.0	50000.0	61.31	6060
43.0	50000.0	62.23	6061
71.0	50000.0	62.18	6062
0.0	31256.90771484375	38.84	6063
34.0	50000.0	61.57	6064
64.0	50000.0	61.83	6065
0.0	14858.49462890625	18.14	6066
60.0	50000.0	62.5	6067
50.0	50000.0	62.61	6068
71.0	50000.0	62.18	6069
0.0	4164.44091796875	5.21	6070
51.0	50000.0	60.47	6071
0.0	11252.506103515625	13.97	6072
70.0	50000.0	62.46	6073
0.0	2238.236083984375	2.8	6074
47.0	50000.0	59.95	6075
0.0	12428.484619140625	15.04	6076
0.0	15920.3203125	19.57	6077
43.0	50000.0	62.16	6078
60.0	50000.0	62.0	6079
0.0	37158.9326171875	46.0	6080
0.0	4462.431396484375	5.34	6081
0.0	27929.931396484375	34.64	6082
0.0	27695.884765625	33.98	6083
0.0	44776.715087890625	55.33	6084
0.0	13976.379638671875	17.06	6085
0.0	40824.298095703125	49.87	6086
50.0	50000.0	61.56	6087
91.0	50000.0	62.26	6088
137.0	50000.0	61.46	6089
0.0	1983.766845703125	2.41	6090
70.0	50000.0	60.37	6091
0.0	6886.336669921875	8.54	6092
0.0	4219.18798828125	5.24	6093
0.0	7093.346435546875	8.35	6094
0.0	8872.27001953125	10.89	6095
0.0	9422.2373046875	11.67	6096
58.0	50000.0	62.48	6097
62.0	50000.0	62.71	6098
0.0	8712.592041015625	10.3	6099
64.0	50000.0	62.54	6100
78.0	50000.0	61.32	6101
69.0	50000.0	62.31	6102
52.0	50000.0	62.17	6103
0.0	46837.338623046875	57.56	6104
0.0	38650.598876953125	46.73	6105
81.0	50000.0	62.45	6106
0.0	3518.84228515625	4.23	6107
52.0	50000.0	62.32	6108
0.0	2302.519287109375	2.9	6109
60.0	50000.0	62.53	6110
73.0	50000.0	61.99	6111
49.0	50000.0	62.78	6112
0.0	1164.550537109375	1.41	6113
0.0	2766.2275390625	3.46	6114
0.0	12790.882080078125	15.87	6115
0.0	2297.0078125	2.77	6116
54.0	50000.0	62.37	6117
48.0	50000.0	62.28	6118
70.0	50000.0	61.67	6119
0.0	4030.35205078125	5.0	6120
0.0	3476.716796875	4.25	6121
0.0	5435.6923828125	6.74	6122
57.0	50000.0	61.16	6123
0.0	15102.883056640625	18.48	6124
25.0	50000.0	60.92	6125
21.0	50000.0	60.67	6126
51.0	50000.0	62.34	6127
50.0	50000.0	62.56	6128
0.0	24034.6669921875	29.2	6129
0.0	14778.16064453125	17.97	6130
42.0	50000.0	61.99	6131
0.0	41651.357666015625	50.11	6132
0.0	671.0048828125	0.86	6133
50.0	50000.0	62.2	6134
60.0	50000.0	62.49	6135
66.0	50000.0	62.2	6136
0.0	24205.046142578125	29.79	6137
0.0	37369.373046875	45.82	6138
0.0	42363.8115234375	51.16	6139
60.0	50000.0	62.87	6140
0.0	2033.449951171875	2.55	6141
66.0	50000.0	60.26	6142
0.0	16710.441162109375	20.12	6143
37.0	50000.0	60.09	6144
96.0	50000.0	60.18	6145
0.0	18034.333251953125	22.29	6146
0.0	21480.093994140625	26.34	6147
0.0	152.912353515625	0.19	6148
127.0	50000.0	62.5	6149
74.0	50000.0	61.21	6150
0.0	4537.10009765625	5.65	6151
0.0	6166.66650390625	7.57	6152
72.0	50000.0	62.28	6153
0.0	39149.2060546875	47.95	6154
81.0	50000.0	62.45	6155
0.0	35743.7412109375	43.54	6156
0.0	2549.8857421875	3.17	6157
0.0	15591.15478515625	19.18	6158
0.0	5256.364013671875	6.5	6159
0.0	1947.57080078125	2.34	6160
0.0	18854.09375	22.76	6161
64.0	50000.0	61.08	6162
0.0	31456.153076171875	38.87	6163
106.0	50000.0	61.68	6164
56.0	50000.0	62.0	6165
76.0	50000.0	62.12	6166
80.0	50000.0	62.41	6167
0.0	10416.166748046875	12.76	6168
54.0	50000.0	62.1	6169
0.0	6671.158935546875	8.05	6170
44.0	50000.0	62.72	6171
0.0	2823.206787109375	3.46	6172
57.0	50000.0	60.94	6173
0.0	36503.109130859375	44.91	6174
44.0	50000.0	62.33	6175
0.0	7595.95458984375	9.02	6176
0.0	10746.21435546875	13.31	6177
48.0	50000.0	62.23	6178
0.0	17394.59521484375	21.62	6179
65.0	50000.0	61.66	6180
0.0	1295.676025390625	1.59	6181
0.0	43738.99755859375	53.4	6182
50.0	50000.0	61.66	6183
94.0	50000.0	63.17	6184
0.0	49034.89111328125	59.13	6185
0.0	18174.314697265625	21.98	6186
53.0	50000.0	61.88	6187
27.0	50000.0	61.83	6188
43.0	50000.0	62.04	6189
0.0	642.456298828125	0.81	6190
0.0	8005.428466796875	9.84	6191
0.0	9809.347900390625	12.12	6192
71.0	50000.0	62.27	6193
58.0	50000.0	61.77	6194
94.0	50000.0	62.33	6195
55.0	50000.0	61.39	6196
0.0	2283.868408203125	2.83	6197
0.0	34254.758544921875	41.41	6198
54.0	50000.0	61.52	6199
39.0	50000.0	62.27	6200
54.0	50000.0	61.53	6201
64.0	50000.0	61.9	6202
55.0	50000.0	62.38	6203
0.0	1923.1923828125	2.41	6204
42.0	50000.0	61.8	6205
0.0	18210.18408203125	21.87	6206
79.0	50000.0	62.57	6207
35.0	50000.0	61.51	6208
77.0	50000.0	62.59	6209
0.0	26969.552734375	33.44	6210
0.0	1575.94580078125	1.96	6211
0.0	1932.93408203125	2.42	6212
0.0	3025.844482421875	3.71	6213
49.0	50000.0	61.44	6214
63.0	50000.0	62.81	6215
41.0	50000.0	61.64	6216
39.0	50000.0	61.17	6217
54.0	50000.0	62.11	6218
78.0	50000.0	62.43	6219
0.0	7920.763916015625	9.75	6220
52.0	50000.0	62.57	6221
83.0	50000.0	62.4	6222
88.0	50000.0	61.1	6223
77.0	50000.0	63.25	6224
0.0	39322.747314453125	49.1	6225
62.0	50000.0	62.2	6226
60.0	50000.0	62.69	6227
0.0	16023.72216796875	19.87	6228
67.0	50000.0	61.56	6229
0.0	2278.533447265625	2.84	6230
28.0	50000.0	61.87	6231
36.0	50000.0	61.86	6232
43.0	50000.0	59.83	6233
0.0	5682.126953125	7.02	6234
53.0	50000.0	61.81	6235
0.0	3272.314697265625	4.09	6236
0.0	8807.385009765625	10.95	6237
0.0	23005.8740234375	28.64	6238
0.0	4858.6611328125	5.82	6239
79.0	50000.0	62.48	6240
0.0	13671.09130859375	16.7	6241
63.0	50000.0	61.68	6242
53.0	50000.0	62.59	6243
0.0	20146.848388671875	24.41	6244
85.0	50000.0	61.95	6245
53.0	50000.0	59.72	6246
64.0	50000.0	60.92	6247
0.0	38365.39208984375	46.99	6248
50.0	50000.0	60.51	6249
40.0	50000.0	61.07	6250
69.0	50000.0	61.75	6251
63.0	50000.0	62.01	6252
67.0	50000.0	62.42	6253
32.0	50000.0	59.81	6254
0.0	12676.061279296875	15.42	6255
0.0	10281.609130859375	12.68	6256
45.0	50000.0	62.32	6257
32.0	50000.0	60.42	6258
46.0	50000.0	61.08	6259
66.0	50000.0	62.45	6260
0.0	12966.68505859375	16.13	6261
0.0	2307.76708984375	2.89	6262
49.0	50000.0	62.06	6263
0.0	2795.496826171875	3.41	6264
74.0	50000.0	61.33	6265
0.0	31214.971923828125	38.51	6266
77.0	50000.0	62.04	6267
50.0	50000.0	62.19	6268
0.0	26136.772705078125	32.28	6269
87.0	50000.0	62.48	6270
0.0	8676.1650390625	10.89	6271
33.0	50000.0	63.78	6272
0.0	41482.52001953125	51.24	6273
55.0	50000.0	62.54	6274
45.0	50000.0	61.02	6275
41.0	50000.0	62.65	6276
86.0	50000.0	61.95	6277
0.0	718.037109375	0.91	6278
80.0	50000.0	61.16	6279
33.0	50000.0	61.69	6280
21.0	50000.0	62.52	6281
62.0	50000.0	62.08	6282
85.0	50000.0	61.49	6283
0.0	1583.19873046875	1.91	6284
0.0	28253.66015625	34.97	6285
59.0	50000.0	60.64	6286
0.0	12384.0576171875	15.37	6287
0.0	2241.55126953125	2.77	6288
0.0	34466.367431640625	42.68	6289
0.0	24345.31298828125	30.11	6290
0.0	11872.9951171875	14.81	6291
0.0	9839.081298828125	12.15	6292
0.0	5075.9423828125	6.1	6293
55.0	50000.0	62.17	6294
29.0	50000.0	62.05	6295
56.0	50000.0	62.63	6296
72.0	50000.0	61.64	6297
0.0	9805.171875	11.99	6298
64.0	50000.0	62.15	6299
0.0	2382.944580078125	3.03	6300
66.0	50000.0	62.6	6301
0.0	2633.447509765625	3.29	6302
0.0	7218.685302734375	8.59	6303
0.0	1486.574462890625	1.84	6304
0.0	7960.156982421875	9.99	6305
0.0	2303.31494140625	2.86	6306
0.0	6217.1650390625	7.49	6307
34.0	50000.0	62.79	6308
0.0	4448.97802734375	5.49	6309
0.0	1468.23486328125	1.83	6310
59.0	50000.0	62.64	6311
0.0	4755.972412109375	5.87	6312
68.0	50000.0	62.27	6313
39.0	50000.0	59.69	6314
56.0	50000.0	62.27	6315
85.0	50000.0	63.39	6316
55.0	50000.0	60.79	6317
0.0	18059.774658203125	22.35	6318
47.0	50000.0	62.28	6319
18.0	50000.0	62.67	6320
0.0	5189.607177734375	6.46	6321
65.0	50000.0	62.36	6322
0.0	17532.960693359375	21.88	6323
0.0	21201.64599609375	26.0	6324
44.0	50000.0	62.55	6325
75.0	50000.0	62.63	6326
38.0	50000.0	62.92	6327
0.0	7726.074462890625	9.53	6328
36.0	50000.0	61.61	6329
0.0	1355.121826171875	1.66	6330
0.0	18129.27001953125	22.13	6331
0.0	855.892822265625	1.09	6332
42.0	50000.0	60.87	6333
0.0	3453.0263671875	4.23	6334
67.0	50000.0	62.67	6335
0.0	1836.2607421875	2.26	6336
0.0	3090.442138671875	3.79	6337
55.0	50000.0	62.82	6338
32.0	50000.0	62.03	6339
0.0	39746.949951171875	49.69	6340
24.0	50000.0	59.4	6341
34.0	50000.0	60.62	6342
0.0	27309.521240234375	34.16	6343
0.0	12362.731201171875	15.5	6344
0.0	25476.5546875	31.1	6345
0.0	36510.00146484375	45.28	6346
72.0	50000.0	63.4	6347
86.0	50000.0	62.97	6348
0.0	28530.703857421875	34.96	6349
0.0	4759.27001953125	6.0	6350
0.0	554.50439453125	0.68	6351
72.0	50000.0	59.43	6861
56.0	50000.0	59.52	6862
52.0	50000.0	60.16	6863
0.0	2189.260009765625	2.67	6864
0.0	16588.817626953125	19.89	6865
67.0	50000.0	61.16	6866
0.0	16753.546875	20.03	6867
51.0	50000.0	60.56	6868
0.0	5520.589111328125	6.69	6869
0.0	12767.974609375	15.26	6870
80.0	50000.0	59.59	6871
0.0	973.182373046875	1.16	6872
91.0	50000.0	59.02	6873
0.0	48137.552734375	57.91	6874
51.0	50000.0	60.03	6875
81.0	50000.0	60.9	6876
58.0	50000.0	60.81	6877
0.0	9525.8798828125	11.37	6878
0.0	7505.951904296875	8.94	6879
0.0	4768.162109375	5.79	6880
28.0	50000.0	60.58	6881
72.0	50000.0	60.71	6882
0.0	2070.320068359375	2.55	6883
0.0	29093.690185546875	35.04	6884
70.0	50000.0	60.95	6885
57.0	50000.0	60.3	6886
0.0	4745.619384765625	5.71	6887
0.0	21831.09814453125	26.56	6888
56.0	50000.0	60.94	6889
54.0	50000.0	60.93	6890
32.0	50000.0	61.09	6891
38.0	50000.0	59.19	6892
91.0	50000.0	62.16	6893
0.0	43075.609375	51.72	6894
0.0	23199.4755859375	27.61	6895
0.0	1090.227783203125	1.35	6896
0.0	3543.832275390625	4.39	6897
24.0	50000.0	61.46	6898
82.0	50000.0	61.85	6899
33.0	50000.0	60.99	6900
63.0	50000.0	61.06	6901
0.0	1508.041015625	1.77	6902
83.0	50000.0	60.99	6903
39.0	50000.0	61.44	6904
0.0	10585.75537109375	13.06	6905
41.0	50000.0	60.0	6906
0.0	2766.2998046875	3.27	6907
0.0	444.753173828125	0.56	6908
48.0	50000.0	61.68	6909
37.0	50000.0	59.75	6910
87.0	50000.0	62.02	6911
81.0	50000.0	61.51	6912
0.0	1704.53515625	2.12	6913
0.0	16754.50732421875	20.36	6914
0.0	8180.724365234375	9.97	6915
0.0	4214.8603515625	5.05	6916
0.0	1611.516357421875	1.94	6917
44.0	50000.0	60.14	6918
0.0	16242.979736328125	19.58	6919
87.0	50000.0	62.07	6920
73.0	50000.0	60.14	6921
92.0	50000.0	62.24	6922
0.0	6969.659423828125	8.42	6923
0.0	2243.333251953125	2.66	6924
0.0	11791.031982421875	14.47	6925
0.0	13931.984375	17.22	6926
56.0	50000.0	61.75	6927
0.0	30766.277587890625	37.75	6928
54.0	50000.0	61.07	6929
48.0	50000.0	61.73	6930
19.0	50000.0	59.91	6931
62.0	50000.0	60.5	6932
0.0	17624.30859375	21.71	6933
41.0	50000.0	62.17	6934
99.0	50000.0	62.09	6935
0.0	42901.40869140625	52.09	6936
0.0	2713.357421875	3.39	6937
54.0	50000.0	60.43	6938
0.0	2840.68994140625	3.52	6939
59.0	50000.0	61.07	6940
75.0	50000.0	61.57	6941
73.0	50000.0	61.84	6942
47.0	50000.0	60.19	6943
57.0	50000.0	61.21	6944
44.0	50000.0	58.71	6945
0.0	16830.9130859375	20.26	6946
40.0	50000.0	61.72	6947
0.0	45598.81591796875	55.43	6948
83.0	50000.0	61.08	6949
0.0	1131.97900390625	1.39	6950
74.0	50000.0	62.19	6951
0.0	3740.57373046875	4.68	6952
40.0	50000.0	61.25	6953
0.0	3669.8828125	4.58	6954
85.0	50000.0	60.55	6955
0.0	32850.746337890625	41.08	6956
0.0	29923.974853515625	37.25	6957
0.0	5190.665771484375	6.31	6958
42.0	50000.0	61.1	6959
49.0	50000.0	61.55	6960
48.0	50000.0	60.14	6961
0.0	8195.881591796875	10.18	6962
0.0	8351.75244140625	10.08	6963
44.0	50000.0	61.01	6964
12.0	50000.0	62.07	6965
26.0	50000.0	62.17	6966
0.0	32361.7197265625	39.71	6967
62.0	50000.0	62.29	6968
0.0	2789.34033203125	3.49	6969
0.0	13459.696533203125	16.62	6970
0.0	29750.876708984375	36.73	6971
0.0	499.538330078125	0.62	6972
0.0	49207.3974609375	60.73	6973
56.0	50000.0	61.99	6974
61.0	50000.0	60.05	6975
39.0	50000.0	59.8	6976
50.0	50000.0	61.76	6977
71.0	50000.0	62.1	6978
77.0	50000.0	62.71	6979
0.0	1318.07421875	1.61	6980
0.0	11219.35400390625	13.24	6981
0.0	6663.525634765625	8.24	6982
74.0	50000.0	61.17	6983
68.0	50000.0	61.28	6984
37.0	50000.0	60.75	6985
66.0	50000.0	62.11	6986
0.0	47678.77978515625	58.51	6987
36.0	50000.0	62.29	6988
43.0	50000.0	61.91	6989
0.0	13775.838134765625	16.84	6990
59.0	50000.0	61.58	6991
0.0	6078.854248046875	7.32	6992
0.0	3757.0712890625	4.59	6993
0.0	40776.7666015625	48.44	6994
87.0	50000.0	61.98	6995
0.0	49354.50146484375	59.47	6996
0.0	6989.074951171875	8.37	6997
25.0	50000.0	60.1	6998
0.0	4025.52001953125	4.78	6999
