# order  nit
0	349.49658203125
1	438.64697265625
2	564.1669921875
3	613.99658203125
4	623.7412109375
5	630.67431640625
6	656.0888671875
7	658.50830078125
8	665.4111328125
9	667.94921875
10	706.33349609375
11	746.46484375
12	767.705078125
13	780.986328125
14	781.9892578125
15	804.59326171875
16	820.43017578125
17	844.05078125
18	857.310546875
19	878.8896484375
20	879.22119140625
21	904.89697265625
22	923.47314453125
23	950.16845703125
24	965.38037109375
25	975.59130859375
26	984.04052734375
27	1022.67578125
28	1047.4921875
29	1060.6240234375
30	1077.30517578125
31	1088.4208984375
32	1116.9638671875
33	1122.37353515625
34	1132.4287109375
35	1140.33544921875
36	1149.2626953125
37	1149.97900390625
38	1173.1611328125
39	1174.1484375
40	1182.86669921875
41	1186.22998046875
42	1194.75048828125
43	1217.27880859375
44	1220.3408203125
45	1228.0380859375
46	1230.474609375
47	1239.54345703125
48	1252.19482421875
49	1259.06494140625
50	1277.09619140625
51	1287.798828125
52	1307.41015625
53	1308.40234375
54	1314.53173828125
55	1317.453125
56	1322.912109375
57	1326.857421875
58	1329.572265625
59	1336.078125
60	1355.39892578125
61	1360.67529296875
62	1383.77099609375
63	1389.90576171875
64	1392.09716796875
65	1393.13671875
66	1395.841796875
67	1402.31298828125
68	1410.0322265625
69	1417.2744140625
70	1420.59375
71	1422.75830078125
72	1427.619140625
73	1428.833984375
74	1432.8310546875
75	1433.20654296875
76	1434.56982421875
77	1434.89306640625
78	1435.53662109375
79	1455.82080078125
80	1465.05126953125
81	1470.8935546875
82	1472.86279296875
83	1483.66357421875
84	1495.86962890625
85	1500.36962890625
86	1505.15380859375
87	1508.63134765625
88	1521.298828125
89	1529.5380859375
90	1530.54931640625
91	1537.1630859375
92	1538.12548828125
93	1539.947265625
94	1545.92529296875
95	1550.1533203125
96	1554.64794921875
97	1560.1416015625
98	1580.75244140625
99	1582.1845703125
100	1590.42822265625
101	1597.6103515625
102	1600.11474609375
103	1609.9345703125
104	1610.04296875
105	1612.826171875
106	1622.82421875
107	1627.79931640625
108	1638.36767578125
109	1654.5771484375
110	1666.68408203125
111	1684.1328125
112	1684.69384765625
113	1695.7578125
114	1700.60546875
115	1706.13916015625
116	1706.45458984375
117	1711.02197265625
118	1721.07666015625
119	1745.5380859375
120	1753.17431640625
121	1760.63232421875
122	1761.1650390625
123	1766.19775390625
124	1772.95068359375
125	1773.83349609375
126	1791.123046875
127	1794.3740234375
128	1797.34814453125
129	1810.2578125
130	1810.3818359375
131	1819.17333984375
132	1831.02734375
133	1836.0341796875
134	1839.09423828125
135	1852.0234375
136	1859.21337890625
137	1861.056640625
138	1862.86083984375
139	1869.111328125
140	1891.35400390625
141	1893.45703125
142	1899.828125
143	1904.71875
144	1908.37109375
145	1908.48974609375
146	1916.62939453125
147	1918.00048828125
148	1918.75634765625
149	1921.00341796875
150	1931.9267578125
151	1936.0791015625
152	1937.3896484375
153	1938.1953125
154	1944.279296875
155	1944.8974609375
156	1951.9736328125
157	1964.42431640625
158	1970.8798828125
159	1974.9580078125
160	1984.34033203125
161	1984.8447265625
162	2005.82763671875
163	2015.140625
164	2015.61572265625
165	2021.10546875
166	2024.3447265625
167	2042.7021484375
168	2043.63818359375
169	2049.45654296875
170	2075.853515625
171	2080.283203125
172	2082.4580078125
173	2085.05078125
174	2100.95556640625
175	2101.2900390625
176	2111.37255859375
177	2117.57421875
178	2126.35791015625
179	2137.63134765625
180	2138.01025390625
181	2145.09423828125
182	2147.5986328125
183	2163.771484375
184	2167.6640625
185	2168.23974609375
186	2175.57470703125
187	2181.52099609375
188	2183.28515625
189	2190.2744140625
190	2221.51171875
191	2227.966796875
192	2231.9013671875
193	2233.52685546875
194	2248.47705078125
195	2253.9775390625
196	2256.2587890625
197	2259.81201171875
198	2278.7939453125
199	2279.02734375
200	2285.91015625
201	2296.3017578125
202	2297.82568359375
203	2300.61279296875
204	2305.654296875
205	2308.24072265625
206	2308.61279296875
207	2320.21435546875
208	2324.01904296875
209	2330.9599609375
210	2335.6865234375
211	2342.23828125
212	2344.74609375
213	2347.744140625
214	2352.06689453125
215	2355.66796875
216	2356.64599609375
217	2358.06396484375
218	2365.21142578125
219	2378.7099609375
220	2379.69873046875
221	2380.244140625
222	2380.3662109375
223	2391.6005859375
224	2415.05810546875
225	2419.0498046875
226	2423.88330078125
227	2428.1513671875
228	2428.2685546875
229	2428.78955078125
230	2434.2431640625
231	2439.4970703125
232	2440.6640625
233	2448.17919921875
234	2450.05029296875
235	2454.97998046875
236	2458.46142578125
237	2465.20751953125
238	2465.4619140625
239	2480.3056640625
240	2488.6171875
241	2490.44775390625
242	2497.47314453125
243	2513.5126953125
244	2524.17919921875
245	2536.15478515625
246	2543.54833984375
247	2550.35693359375
248	2557.70068359375
249	2565.4423828125
250	2576.9892578125
251	2586.9736328125
252	2599.16259765625
253	2612.666015625
254	2613.03173828125
255	2615.361328125
256	2617.69677734375
257	2626.49462890625
258	2628.1865234375
259	2631.4482421875
260	2634.78466796875
261	2636.48681640625
262	2640.70166015625
263	2654.60546875
264	2657.466796875
265	2675.330078125
266	2691.2646484375
267	2701.7890625
268	2706.8017578125
269	2709.494140625
270	2711.0361328125
271	2722.28271484375
272	2726.39892578125
273	2732.62841796875
274	2745.7724609375
275	2746.0546875
276	2752.37890625
277	2758.5859375
278	2762.15234375
279	2768.34423828125
280	2769.845703125
281	2779.3134765625
282	2785.185546875
283	2786.5009765625
284	2791.06201171875
285	2795.85595703125
286	2810.08056640625
287	2819.39794921875
288	2819.515625
289	2825.7802734375
290	2826.47900390625
291	2840.90478515625
292	2841.90771484375
293	2852.716796875
294	2867.62353515625
295	2875.787109375
296	2886.5322265625
297	2887.71435546875
298	2889.14697265625
299	2890.22412109375
300	2896.9189453125
301	2905.025390625
302	2906.9228515625
303	2911.88623046875
304	2917.40234375
305	2921.92578125
306	2932.16455078125
307	2947.33984375
308	2948.63671875
309	2949.86572265625
310	2950.701171875
311	2956.10009765625
312	2956.99609375
313	2961.09521484375
314	2961.70166015625
315	2963.6630859375
316	2964.177734375
317	2964.3544921875
318	2964.5322265625
319	2969.72216796875
320	2971.58544921875
321	2975.5546875
322	2978.45166015625
323	2979.044921875
324	2980.64208984375
325	2987.57470703125
326	2988.08837890625
327	2994.79052734375
328	2996.74267578125
329	3002.28466796875
330	3007.46875
331	3026.72314453125
332	3040.20361328125
333	3050.26318359375
334	3058.703125
335	3063.01171875
336	3064.81494140625
337	3072.73486328125
338	3081.89208984375
339	3087.4716796875
340	3103.97265625
341	3107.85791015625
342	3108.28759765625
343	3108.966796875
344	3118.2294921875
345	3128.43310546875
346	3134.3720703125
347	3135.3369140625
348	3149.47021484375
349	3150.419921875
350	3153.5244140625
351	3153.61962890625
352	3154.52587890625
353	3158.111328125
354	3165.8115234375
355	3169.08447265625
356	3176.46435546875
357	3176.52734375
358	3183.08740234375
359	3184.8955078125
360	3197.93017578125
361	3204.85546875
362	3205.76318359375
363	3207.0673828125
364	3214.4990234375
365	3216.904296875
366	3221.91015625
367	3223.20361328125
368	3224.3486328125
369	3231.53515625
370	3232.677734375
371	3244.10693359375
372	3247.51318359375
373	3264.6005859375
374	3268.84228515625
375	3280.6640625
376	3283.39306640625
377	3286.7958984375
378	3297.22314453125
379	3307.28662109375
380	3310.04150390625
381	3313.0458984375
382	3320.4296875
383	3321.5576171875
384	3324.8466796875
385	3335.9462890625
386	3340.462890625
387	3343.88818359375
388	3356.54638671875
389	3357.607421875
390	3370.056640625
391	3373.49462890625
392	3377.99853515625
393	3381.0029296875
394	3381.15380859375
395	3386.8740234375
396	3396.66845703125
397	3406.1083984375
398	3408.3466796875
399	3411.99462890625
400	3413.65966796875
401	3419.3720703125
402	3425.255859375
403	3427.93994140625
404	3429.33056640625
405	3430.3310546875
406	3431.93505859375
407	3432.88916015625
408	3433.31640625
409	3435.5576171875
410	3436.263671875
411	3436.92822265625
412	3437.12890625
413	3438.99853515625
414	3443.96923828125
415	3452.2109375
416	3456.8076171875
417	3457.4365234375
418	3468.21728515625
419	3470.123046875
420	3474.6796875
421	3475.0166015625
422	3483.04931640625
423	3483.529296875
424	3484.453125
425	3485.76025390625
426	3489.5625
427	3493.42431640625
428	3495.373046875
429	3498.77880859375
430	3506.62548828125
431	3512.4853515625
432	3516.0068359375
433	3519.23876953125
434	3520.4443359375
435	3533.591796875
436	3536.8408203125
437	3539.15625
438	3546.7734375
439	3557.609375
440	3560.68310546875
441	3562.9189453125
442	3564.0556640625
443	3579.74365234375
444	3600.04052734375
445	3618.900390625
446	3618.99560546875
447	3619.24365234375
448	3628.3828125
449	3629.2158203125
450	3630.14599609375
451	3630.34716796875
452	3645.3779296875
453	3646.93896484375
454	3649.64599609375
455	3654.833984375
456	3662.92822265625
457	3664.83203125
458	3668.890625
459	3687.48095703125
460	3688.25390625
461	3693.9482421875
462	3695.6474609375
463	3695.771484375
464	3697.89501953125
465	3698.01953125
466	3700.931640625
467	3703.55859375
468	3707.046875
469	3709.03125
470	3711.97607421875
471	3716.63427734375
472	3716.80078125
473	3720.18017578125
474	3720.380859375
475	3726.56201171875
476	3726.8623046875
477	3735.052734375
478	3751.7021484375
479	3768.91357421875
480	3770.72216796875
481	3772.43115234375
482	3774.7529296875
483	3778.6201171875
484	3785.5673828125
485	3786.57763671875
486	3792.25537109375
487	3797.69970703125
488	3812.1875
489	3812.55029296875
490	3813.408203125
491	3821.4013671875
492	3822.93359375
493	3824.05712890625
494	3825.43408203125
495	3832.64599609375
496	3833.56982421875
497	3834.98876953125
498	3838.33203125
499	3840.89599609375
500	3868.7587890625
501	3869.41552734375
502	3871.9296875
503	3882.685546875
504	3884.6513671875
505	3886.09521484375
506	3886.27685546875
507	3889.2490234375
508	3902.234375
509	3906.1806640625
510	3918.33642578125
511	3930.91552734375
512	3934.50830078125
513	3937.794921875
514	3941.5419921875
515	3951.73681640625
516	3954.50830078125
517	3956.90087890625
518	3962.37353515625
519	3963.6123046875
520	3968.45361328125
521	3977.26513671875
522	3982.669921875
523	3998.5390625
524	4007.80810546875
525	4012.9375
526	4031.9951171875
527	4036.82421875
528	4058.0390625
529	4071.39208984375
530	4081.88671875
531	4082.09716796875
532	4082.10693359375
533	4082.4697265625
534	4083.6962890625
535	4088.30126953125
536	4098.74560546875
537	4103.251953125
538	4110.26220703125
539	4115.97509765625
540	4124.7763671875
541	4150.1630859375
542	4159.10888671875
543	4159.51904296875
544	4161.8623046875
545	4166.11767578125
546	4168.34423828125
547	4168.7109375
548	4169.74609375
549	4169.86865234375
550	4175.3203125
551	4175.48095703125
552	4176.548828125
553	4177.52001953125
554	4182.28564453125
555	4196.0693359375
556	4196.4013671875
557	4203.4912109375
558	4212.77099609375
559	4221.51025390625
560	4229.2509765625
561	4246.3759765625
562	4249.55859375
563	4252.1845703125
564	4252.9873046875
565	4258.78564453125
566	4278.41015625
567	4292.23486328125
568	4310.05029296875
569	4310.4580078125
570	4315.330078125
571	4317.52587890625
572	4327.3671875
573	4336.59912109375
574	4341.5224609375
575	4352.9169921875
576	4353.81396484375
577	4359.05224609375
578	4359.94873046875
579	4363.271484375
580	4364.642578125
581	4372.607421875
582	4390.10888671875
583	4397.32470703125
584	4428.4716796875
585	4429.02490234375
586	4444.732421875
587	4447.091796875
588	4453.2880859375
589	4456.6484375
590	4463.70263671875
591	4463.84228515625
592	4467.62451171875
593	4484.0380859375
594	4486.2431640625
595	4498.431640625
596	4504.58642578125
597	4508.5771484375
598	4516.4140625
599	4519.80419921875
600	4526.15478515625
601	4527.81884765625
602	4530.552734375
603	4551.7265625
604	4552.96923828125
605	4559.3681640625
606	4563.39990234375
607	4572.8701171875
608	4582.6748046875
609	4585.65576171875
610	4590.97021484375
611	4595.01708984375
612	4595.3798828125
613	4595.91552734375
614	4596.42431640625
615	4638.830078125
616	4644.3349609375
617	4649.13818359375
618	4654.568359375
619	4655.2607421875
620	4655.43701171875
621	4663.099609375
622	4664.56591796875
623	4665.35546875
624	4673.0830078125
625	4689.76318359375
626	4700.89990234375
627	4704.78076171875
628	4705.53173828125
629	4708.88232421875
630	4711.30078125
631	4717.6875
632	4747.83203125
633	4753.1630859375
634	4753.64453125
635	4759.3935546875
636	4760.5966796875
637	4762.240234375
638	4762.5732421875
639	4770.84228515625
640	4772.35205078125
641	4772.93359375
642	4775.47021484375
643	4783.52001953125
644	4792.00146484375
645	4792.099609375
646	4805.43359375
647	4828.515625
648	4833.482421875
649	4856.677734375
650	4864.22314453125
651	4881.95947265625
652	4883.7197265625
653	4884.5537109375
654	4884.7177734375
655	4901.392578125
656	4903.39892578125
657	4906.115234375
658	4906.4658203125
659	4909.064453125
660	4914.8330078125
661	4920.52392578125
662	4926.7236328125
663	4930.92431640625
664	4936.287109375
665	4941.84423828125
666	4943.9013671875
667	4945.8828125
668	4951.291015625
669	4957.39794921875
670	4957.689453125
671	4964.21728515625
672	4973.16796875
673	4987.7294921875
674	5002.40576171875
675	5010.3291015625
676	5013.88671875
677	5014.5458984375
678	5019.8623046875
679	5028.14697265625
680	5033.39990234375
681	5036.59765625
682	5038.970703125
683	5046.78515625
684	5048.869140625
685	5053.0537109375
686	5059.18701171875
687	5059.5703125
688	5067.82177734375
689	5090.4951171875
690	5090.53955078125
691	5093.40380859375
692	5109.3828125
693	5115.75439453125
694	5131.03564453125
695	5133.763671875
696	5134.705078125
697	5134.86279296875
698	5140.27783203125
699	5143.52490234375
700	5148.78076171875
701	5158.59765625
702	5160.9560546875
703	5165.88037109375
704	5168.564453125
705	5174.3310546875
706	5178.97021484375
707	5184.03076171875
708	5184.3994140625
709	5199.013671875
710	5206.35107421875
711	5215.39501953125
712	5227.14208984375
713	5234.474609375
714	5234.83056640625
715	5235.38232421875
716	5235.72607421875
717	5242.8818359375
718	5250.6484375
719	5264.3134765625
720	5272.45703125
721	5278.818359375
722	5287.8798828125
723	5292.85693359375
724	5299.09033203125
725	5305.63525390625
726	5307.201171875
727	5316.06103515625
728	5334.68359375
729	5334.70361328125
730	5336.02001953125
731	5343.29736328125
732	5345.8359375
733	5347.22314453125
734	5350.75634765625
735	5370.02197265625
736	5370.078125
737	5380.15087890625
738	5385.9521484375
739	5386.6650390625
740	5393.8271484375
741	5403.77880859375
742	5404.68603515625
743	5410.486328125
744	5421.3671875
745	5421.50927734375
746	5429.88623046875
747	5441.78173828125
748	5458.48486328125
749	5460.46337890625
750	5465.125
751	5465.5390625
752	5470.23095703125
753	5473.33447265625
754	5477.8056640625
755	5492.53369140625
756	5502.74853515625
757	5503.56494140625
758	5504.87109375
759	5505.69482421875
760	5514.146484375
761	5516.09619140625
762	5522.32177734375
763	5524.87890625
764	5525.04638671875
765	5531.236328125
766	5532.59130859375
767	5538.62451171875
768	5539.0
769	5545.1962890625
770	5545.654296875
771	5550.52783203125
772	5550.7705078125
773	5557.9619140625
774	5588.9052734375
775	5589.50927734375
776	5590.810546875
777	5592.5419921875
778	5595.39013671875
779	5630.744140625
780	5636.6591796875
781	5640.990234375
782	5642.07421875
783	5642.39453125
784	5648.970703125
785	5656.37109375
786	5656.52880859375
787	5667.3701171875
788	5669.83740234375
789	5673.74951171875
790	5680.71826171875
791	5696.66796875
792	5716.056640625
793	5718.85498046875
794	5739.3515625
795	5744.06591796875
796	5756.548828125
797	5763.216796875
798	5765.39013671875
799	5773.64892578125
800	5784.74462890625
801	5788.65625
802	5791.81201171875
803	5793.94140625
804	5806.43505859375
805	5807.28662109375
806	5809.4638671875
807	5821.22509765625
808	5825.0986328125
809	5825.8857421875
810	5837.26611328125
811	5844.44140625
812	5850.04833984375
813	5850.85986328125
814	5852.1279296875
815	5856.0712890625
816	5865.505859375
817	5876.10302734375
818	5877.7705078125
819	5881.2080078125
820	5885.28857421875
821	5885.57421875
822	5885.99169921875
823	5889.849609375
824	5896.97314453125
825	5897.72314453125
826	5903.43603515625
827	5904.01953125
828	5905.7822265625
829	5919.80810546875
830	5920.6953125
831	5924.71875
832	5934.35595703125
833	5934.3935546875
834	5949.1044921875
835	5953.4638671875
836	5960.87109375
837	5963.14306640625
838	5963.28271484375
839	5970.00048828125
840	5979.17333984375
841	5979.9501953125
842	5985.57861328125
843	5998.27734375
844	6005.6201171875
845	6010.15869140625
846	6023.97705078125
847	6026.173828125
848	6026.6240234375
849	6031.05615234375
850	6033.49169921875
851	6057.3720703125
852	6066.60986328125
853	6067.92236328125
854	6075.48779296875
855	6079.70654296875
856	6103.83935546875
857	6119.43701171875
858	6127.419921875
859	6142.29833984375
860	6142.80029296875
861	6143.349609375
862	6156.13671875
863	6157.49951171875
864	6161.86962890625
865	6164.6298828125
866	6165.22265625
867	6173.05126953125
868	6179.79833984375
869	6185.37109375
870	6192.046875
871	6196.8544921875
872	6197.8857421875
873	6200.06005859375
874	6214.15625
875	6225.34619140625
876	6227.02001953125
877	6229.69091796875
878	6241.9443359375
879	6249.43408203125
880	6275.13720703125
881	6275.232421875
882	6283.58642578125
883	6296.35888671875
884	6306.931640625
885	6309.4365234375
886	6310.7509765625
887	6311.20751953125
888	6311.2724609375
889	6312.04736328125
890	6313.71923828125
891	6321.599609375
892	6322.87548828125
893	6334.203125
894	6342.8642578125
895	6357.97802734375
896	6361.67578125
897	6363.5703125
898	6366.2060546875
899	6376.27099609375
900	6389.953125
901	6391.81494140625
902	6397.4267578125
903	6413.8603515625
904	6417.81787109375
905	6428.501953125
906	6432.171875
907	6439.107421875
908	6439.17236328125
909	6440.591796875
910	6442.77001953125
911	6456.18505859375
912	6462.70849609375
913	6464.939453125
914	6468.8984375
915	6470.759765625
916	6474.5068359375
917	6475.9765625
918	6477.33984375
919	6485.11865234375
920	6488.6259765625
921	6495.22802734375
922	6502.06005859375
923	6510.13037109375
924	6520.9287109375
925	6522.5517578125
926	6529.76025390625
927	6551.703125
928	6552.33203125
929	6564.98828125
930	6586.15966796875
931	6587.0048828125
932	6604.513671875
933	6619.79345703125
934	6620.3955078125
935	6628.71240234375
936	6633.39501953125
937	6648.62890625
938	6669.880859375
939	6680.21875
940	6692.57568359375
941	6712.46533203125
942	6721.1982421875
943	6724.69580078125
944	6726.5546875
945	6760.748046875
946	6760.94775390625
947	6761.9609375
948	6769.404296875
949	6774.7939453125
950	6779.98193359375
951	6784.39697265625
952	6788.51708984375
953	6789.7802734375
954	6790.296875
955	6802.28369140625
956	6810.27099609375
957	6815.69775390625
958	6824.2607421875
959	6827.11376953125
960	6829.45654296875
961	6842.32080078125
962	6848.9609375
963	6850.90283203125
964	6852.12939453125
965	6859.544921875
966	6859.93798828125
967	6881.72412109375
968	6881.87255859375
969	6889.943359375
970	6903.7109375
971	6905.02001953125
972	6912.03076171875
973	6914.00927734375
974	6919.9697265625
975	6920.31982421875
976	6921.349609375
977	6927.13232421875
978	6935.126953125
979	6936.39697265625
980	6939.97314453125
981	6942.22216796875
982	6957.11767578125
983	6957.416015625
984	6960.53369140625
985	6963.9609375
986	6964.2626953125
987	6988.4521484375
988	6989.19482421875
989	6989.369140625
990	7000.41064453125
991	7006.353515625
992	7007.47265625
993	7008.14599609375
994	7017.04541015625
995	7017.47607421875
996	7033.48779296875
997	7052.66455078125
998	7058.72216796875
999	7060.2685546875
1000	7081.779296875
1001	7085.38330078125
1002	7092.29150390625
1003	7105.54638671875
1004	7121.25634765625
1005	7127.22119140625
1006	7127.43505859375
1007	7131.587890625
1008	7146.0927734375
1009	7171.16552734375
1010	7171.48193359375
1011	7175.18359375
1012	7175.2021484375
1013	7179.16162109375
1014	7191.39892578125
1015	7198.81689453125
1016	7201.69091796875
1017	7208.1171875
1018	7213.1962890625
1019	7217.68896484375
1020	7221.73779296875
1021	7222.53662109375
1022	7225.61767578125
1023	7229.23193359375
1024	7231.99560546875
1025	7237.75244140625
1026	7245.72509765625
1027	7248.962890625
1028	7253.48974609375
1029	7256.02001953125
1030	7262.30126953125
1031	7268.3916015625
1032	7287.890625
1033	7295.2294921875
1034	7299.19189453125
1035	7303.78173828125
1036	7309.36376953125
1037	7313.322265625
1038	7321.85693359375
1039	7324.783203125
1040	7334.69140625
1041	7339.0244140625
1042	7344.52880859375
1043	7351.0947265625
1044	7353.3388671875
1045	7358.63427734375
1046	7366.74560546875
1047	7387.56298828125
1048	7397.41455078125
1049	7413.28125
1050	7416.42724609375
1051	7419.4384765625
1052	7431.373046875
1053	7442.01171875
1054	7454.63818359375
1055	7463.71923828125
1056	7475.484375
1057	7487.525390625
1058	7490.5712890625
1059	7499.94384765625
1060	7507.52294921875
1061	7508.66748046875
1062	7514.69580078125
1063	7516.35302734375
1064	7524.0908203125
1065	7540.3486328125
1066	7541.38671875
1067	7544.3779296875
1068	7553.79638671875
1069	7563.912109375
1070	7568.92626953125
1071	7576.3291015625
1072	7592.4111328125
1073	7601.76220703125
1074	7615.10595703125
1075	7616.93310546875
1076	7626.5458984375
1077	7629.15185546875
1078	7632.3896484375
1079	7647.2421875
1080	7651.58447265625
1081	7671.341796875
1082	7671.7080078125
1083	7677.5166015625
1084	7683.62841796875
1085	7685.587890625
1086	7703.3125
1087	7703.47119140625
1088	7721.64306640625
1089	7725.05419921875
1090	7733.21728515625
1091	7745.97802734375
1092	7758.607421875
1093	7770.3681640625
1094	7773.5439453125
1095	7775.87353515625
1096	7788.1591796875
1097	7791.53955078125
1098	7801.37841796875
1099	7806.59814453125
1100	7823.95654296875
1101	7862.29248046875
1102	7880.470703125
1103	7881.1396484375
1104	7887.70947265625
1105	7898.43603515625
1106	7911.76806640625
1107	7915.8896484375
1108	7924.0478515625
1109	7926.6865234375
1110	7933.04150390625
1111	7961.013671875
1112	7966.88037109375
1113	7973.25244140625
1114	7990.193359375
1115	7999.154296875
1116	8006.234375
1117	8013.87109375
1118	8020.33349609375
1119	8035.212890625
1120	8037.72998046875
1121	8041.28369140625
1122	8047.517578125
1123	8049.9453125
1124	8080.74462890625
1125	8090.373046875
1126	8090.4892578125
1127	8103.43896484375
1128	8106.43505859375
1129	8107.02978515625
1130	8124.71044921875
1131	8130.869140625
1132	8138.7314453125
1133	8141.095703125
1134	8143.21240234375
1135	8151.8115234375
1136	8169.86865234375
1137	8178.32958984375
1138	8181.9990234375
1139	8186.15087890625
1140	8190.93701171875
1141	8191.7724609375
1142	8195.91796875
1143	8200.80419921875
1144	8209.74267578125
1145	8211.61865234375
1146	8218.70654296875
1147	8222.61474609375
1148	8228.134765625
1149	8230.3779296875
1150	8230.37890625
1151	8230.42431640625
1152	8240.77978515625
1153	8244.6337890625
1154	8279.7333984375
1155	8290.62890625
1156	8298.18310546875
1157	8298.880859375
1158	8313.6123046875
1159	8321.453125
1160	8326.25537109375
1161	8332.3349609375
1162	8336.455078125
1163	8339.65087890625
1164	8345.38818359375
1165	8348.4970703125
1166	8350.53662109375
1167	8373.02783203125
1168	8377.7255859375
1169	8379.181640625
1170	8389.45849609375
1171	8406.60302734375
1172	8417.7451171875
1173	8424.07421875
1174	8429.26220703125
1175	8438.6689453125
1176	8453.841796875
1177	8456.7373046875
1178	8466.611328125
1179	8477.86328125
1180	8480.54541015625
1181	8481.931640625
1182	8485.8125
1183	8498.8701171875
1184	8499.76123046875
1185	8504.76904296875
1186	8507.02294921875
1187	8512.9462890625
1188	8524.31982421875
1189	8525.3271484375
1190	8536.39306640625
1191	8538.9130859375
1192	8539.53857421875
1193	8552.0654296875
1194	8558.85986328125
1195	8563.404296875
1196	8571.6416015625
1197	8572.31298828125
1198	8590.9814453125
1199	8597.52880859375
1200	8607.74658203125
1201	8608.2119140625
1202	8626.97607421875
1203	8631.92578125
1204	8635.3017578125
1205	8635.984375
1206	8643.8095703125
1207	8658.2646484375
1208	8672.79736328125
1209	8681.39208984375
1210	8703.958984375
1211	8704.99365234375
1212	8710.02587890625
1213	8718.61328125
1214	8719.5
1215	8733.96435546875
1216	8738.5029296875
1217	8747.609375
1218	8751.17333984375
1219	8782.95947265625
1220	8783.1220703125
1221	8786.43017578125
1222	8790.8466796875
1223	8803.8876953125
1224	8829.80810546875
1225	8842.69189453125
1226	8857.02294921875
1227	8865.41845703125
1228	8884.88330078125
1229	8886.11572265625
1230	8889.53125
1231	8893.52490234375
1232	8902.9775390625
1233	8910.55615234375
1234	8910.6630859375
1235	8922.2275390625
1236	8925.59033203125
1237	8925.78759765625
1238	8942.994140625
1239	8956.56396484375
1240	8959.814453125
1241	8976.57080078125
1242	9005.6884765625
1243	9009.61328125
1244	9010.16943359375
1245	9018.48193359375
1246	9025.9892578125
1247	9034.240234375
1248	9041.99267578125
1249	9054.48779296875
1250	9086.8818359375
1251	9088.0263671875
1252	9104.7099609375
1253	9110.72802734375
1254	9115.05615234375
1255	9121.52197265625
1256	9124.31884765625
1257	9133.7177734375
1258	9135.8388671875
1259	9137.33056640625
1260	9150.88427734375
1261	9151.5322265625
1262	9155.873046875
1263	9180.4296875
1264	9186.8876953125
1265	9199.37548828125
1266	9236.4521484375
1267	9272.3505859375
1268	9279.34423828125
1269	9297.408203125
1270	9304.78564453125
1271	9318.580078125
1272	9322.56982421875
1273	9345.3720703125
1274	9413.83740234375
1275	9418.1064453125
1276	9427.677734375
1277	9455.35693359375
1278	9458.30322265625
1279	9463.38330078125
1280	9469.62890625
1281	9471.5869140625
1282	9478.5009765625
1283	9488.7353515625
1284	9500.7607421875
1285	9514.076171875
1286	9535.921875
1287	9536.01611328125
1288	9545.03662109375
1289	9574.65576171875
1290	9578.65283203125
1291	9581.0244140625
1292	9588.89892578125
1293	9589.673828125
1294	9594.841796875
1295	9599.85888671875
1296	9603.33203125
1297	9611.51611328125
1298	9619.33203125
1299	9621.921875
1300	9623.2783203125
1301	9624.431640625
1302	9647.01806640625
1303	9653.64306640625
1304	9663.70166015625
1305	9669.71630859375
1306	9678.49267578125
1307	9681.53662109375
1308	9699.61181640625
1309	9701.041015625
1310	9729.32763671875
1311	9737.77734375
1312	9746.939453125
1313	9758.90234375
1314	9759.3291015625
1315	9764.35595703125
1316	9764.46484375
1317	9764.56298828125
1318	9784.3779296875
1319	9794.783203125
1320	9797.24951171875
1321	9812.45166015625
1322	9814.78369140625
1323	9824.65771484375
1324	9842.97900390625
1325	9846.10693359375
1326	9857.1474609375
1327	9865.71826171875
1328	9875.67236328125
1329	9881.93994140625
1330	9885.06689453125
1331	9886.265625
1332	9889.607421875
1333	9890.095703125
1334	9893.921875
1335	9902.59326171875
1336	9905.1123046875
1337	9919.662109375
1338	9924.0888671875
1339	9929.2529296875
1340	9930.9921875
1341	9941.22998046875
1342	9955.6748046875
1343	9963.5888671875
1344	9969.89453125
1345	9977.29052734375
1346	9981.0400390625
1347	10007.50439453125
1348	10009.86083984375
1349	10024.63037109375
1350	10030.380859375
1351	10047.6796875
1352	10049.06396484375
1353	10057.8310546875
1354	10060.62353515625
1355	10068.35107421875
1356	10069.32861328125
1357	10083.21826171875
1358	10087.43505859375
1359	10098.27783203125
1360	10113.59423828125
1361	10123.0078125
1362	10129.5
1363	10132.22314453125
1364	10134.53076171875
1365	10136.97998046875
1366	10147.72607421875
1367	10162.24951171875
1368	10172.251953125
1369	10172.826171875
1370	10178.703125
1371	10217.32470703125
1372	10246.99658203125
1373	10248.82861328125
1374	10257.13916015625
1375	10269.82080078125
1376	10272.3828125
1377	10281.8681640625
1378	10286.86376953125
1379	10292.98779296875
1380	10309.0234375
1381	10337.09033203125
1382	10354.6455078125
1383	10357.4814453125
1384	10363.83984375
1385	10365.69970703125
1386	10379.96533203125
1387	10381.98876953125
1388	10385.08349609375
1389	10408.2138671875
1390	10409.6298828125
1391	10431.0224609375
1392	10437.5078125
1393	10437.72021484375
1394	10464.208984375
1395	10487.60693359375
1396	10494.6376953125
1397	10534.09619140625
1398	10534.95751953125
1399	10561.34521484375
1400	10562.95068359375
1401	10571.0400390625
1402	10584.29638671875
1403	10585.31787109375
1404	10589.55224609375
1405	10613.1630859375
1406	10624.9384765625
1407	10648.609375
1408	10671.0625
1409	10671.35107421875
1410	10672.53759765625
1411	10689.50439453125
1412	10699.9345703125
1413	10707.732421875
1414	10715.04833984375
1415	10724.25146484375
1416	10738.94140625
1417	10742.51953125
1418	10746.50146484375
1419	10758.076171875
1420	10767.3466796875
1421	10770.54833984375
1422	10774.5810546875
1423	10783.6025390625
1424	10799.05029296875
1425	10817.18310546875
1426	10823.39404296875
1427	10827.6328125
1428	10829.0205078125
1429	10840.46923828125
1430	10865.61865234375
1431	10874.46923828125
1432	10895.46826171875
1433	10899.2177734375
1434	10901.5830078125
1435	10929.705078125
1436	10930.78076171875
1437	10951.798828125
1438	10958.45458984375
1439	10965.75634765625
1440	10968.7080078125
1441	10988.44873046875
1442	10989.2353515625
1443	11003.58544921875
1444	11007.45849609375
1445	11019.8154296875
1446	11023.65087890625
1447	11024.982421875
1448	11035.26220703125
1449	11040.39697265625
1450	11047.50048828125
1451	11054.1474609375
1452	11062.0400390625
1453	11069.53076171875
1454	11072.58154296875
1455	11078.33251953125
1456	11081.39404296875
1457	11101.8037109375
1458	11114.80419921875
1459	11126.2060546875
1460	11128.134765625
1461	11146.77734375
1462	11156.46533203125
1463	11160.52294921875
1464	11176.2109375
1465	11194.07421875
1466	11194.97412109375
1467	11203.2568359375
1468	11204.8564453125
1469	11212.63134765625
1470	11214.328125
1471	11221.3779296875
1472	11226.4658203125
1473	11255.75
1474	11264.111328125
1475	11282.02880859375
1476	11298.7197265625
1477	11308.66455078125
1478	11313.85986328125
1479	11318.6708984375
1480	11322.23681640625
1481	11322.4052734375
1482	11323.72900390625
1483	11342.197265625
1484	11365.9560546875
1485	11374.45166015625
1486	11385.0947265625
1487	11390.814453125
1488	11400.0
1489	11407.197265625
1490	11415.47021484375
1491	11446.515625
1492	11464.05029296875
1493	11472.447265625
1494	11480.1103515625
1495	11483.84765625
1496	11499.73583984375
1497	11512.8193359375
1498	11516.8134765625
1499	11529.3271484375
1500	11556.3828125
1501	11557.04638671875
1502	11567.21875
1503	11570.76806640625
1504	11583.60693359375
1505	11606.2861328125
1506	11607.0341796875
1507	11608.3857421875
1508	11614.91943359375
1509	11616.82861328125
1510	11617.6904296875
1511	11625.27490234375
1512	11657.74267578125
1513	11687.14990234375
1514	11688.73486328125
1515	11688.86083984375
1516	11692.22265625
1517	11732.330078125
1518	11754.82177734375
1519	11762.2451171875
1520	11766.95556640625
1521	11784.73876953125
1522	11788.76318359375
1523	11792.61181640625
1524	11809.357421875
1525	11810.26953125
1526	11811.880859375
1527	11854.1328125
1528	11882.93408203125
1529	11888.865234375
1530	11894.361328125
1531	11900.4423828125
1532	11900.70068359375
1533	11902.17333984375
1534	11937.4619140625
1535	11943.310546875
1536	11946.505859375
1537	11947.703125
1538	11950.1982421875
1539	11956.55908203125
1540	11962.28857421875
1541	11979.6591796875
1542	11987.13720703125
1543	11997.35888671875
1544	11997.373046875
1545	12007.83935546875
1546	12045.193359375
1547	12074.77392578125
1548	12084.70166015625
1549	12086.908203125
1550	12093.77783203125
1551	12104.17822265625
1552	12115.796875
1553	12133.52294921875
1554	12136.45458984375
1555	12137.26416015625
1556	12140.6240234375
1557	12143.08642578125
1558	12157.5322265625
1559	12181.3828125
1560	12189.41748046875
1561	12226.974609375
1562	12272.60205078125
1563	12276.53076171875
1564	12278.6435546875
1565	12283.65234375
1566	12295.41796875
1567	12305.42041015625
1568	12353.8095703125
1569	12355.76953125
1570	12359.30224609375
1571	12359.69580078125
1572	12365.267578125
1573	12365.42138671875
1574	12384.9873046875
1575	12400.6259765625
1576	12403.45458984375
1577	12412.51416015625
1578	12412.98095703125
1579	12415.1982421875
1580	12437.349609375
1581	12444.384765625
1582	12452.06982421875
1583	12468.17919921875
1584	12472.41259765625
1585	12476.09326171875
1586	12480.05126953125
1587	12500.46923828125
1588	12514.0615234375
1589	12529.74951171875
1590	12542.1220703125
1591	12545.060546875
1592	12551.556640625
1593	12558.98486328125
1594	12561.69384765625
1595	12594.14453125
1596	12602.43017578125
1597	12609.86279296875
1598	12618.63623046875
1599	12621.94921875
1600	12635.2978515625
1601	12658.04833984375
1602	12658.73193359375
1603	12685.6767578125
1604	12686.48779296875
1605	12717.994140625
1606	12729.55224609375
1607	12729.55712890625
1608	12738.5712890625
1609	12745.96533203125
1610	12748.7177734375
1611	12759.751953125
1612	12761.5244140625
1613	12762.24658203125
1614	12785.48779296875
1615	12796.60595703125
1616	12796.98046875
1617	12802.49267578125
1618	12812.36181640625
1619	12844.671875
1620	12846.98876953125
1621	12852.47607421875
1622	12857.3916015625
1623	12876.43408203125
1624	12886.66552734375
1625	12893.140625
1626	12923.0419921875
1627	12934.62158203125
1628	12946.599609375
1629	12965.615234375
1630	12993.248046875
1631	13010.666015625
1632	13013.18310546875
1633	13030.08447265625
1634	13033.544921875
1635	13033.9189453125
1636	13063.591796875
1637	13064.791015625
1638	13065.70751953125
1639	13071.634765625
1640	13080.86572265625
1641	13086.85693359375
1642	13142.6083984375
1643	13148.166015625
1644	13162.55810546875
1645	13183.59228515625
1646	13187.60595703125
1647	13199.73828125
1648	13218.07080078125
1649	13219.39453125
1650	13223.76513671875
1651	13227.4833984375
1652	13228.5625
1653	13232.3134765625
1654	13246.90234375
1655	13251.42333984375
1656	13253.755859375
1657	13274.9375
1658	13304.498046875
1659	13312.79638671875
1660	13312.96044921875
1661	13317.3779296875
1662	13325.12744140625
1663	13328.87841796875
1664	13332.6201171875
1665	13339.09423828125
1666	13359.08935546875
1667	13360.79541015625
1668	13366.40576171875
1669	13397.93701171875
1670	13400.99365234375
1671	13404.33984375
1672	13408.38232421875
1673	13420.2470703125
1674	13429.1650390625
1675	13436.58837890625
1676	13451.58935546875
1677	13491.48486328125
1678	13496.49267578125
1679	13501.82080078125
1680	13502.6767578125
1681	13514.13330078125
1682	13527.71533203125
1683	13534.5966796875
1684	13553.55517578125
1685	13560.3232421875
1686	13579.81396484375
1687	13592.5830078125
1688	13601.88916015625
1689	13605.8193359375
1690	13610.39013671875
1691	13621.92041015625
1692	13636.47998046875
1693	13638.12548828125
1694	13640.1796875
1695	13663.076171875
1696	13663.68408203125
1697	13668.27294921875
1698	13677.4951171875
1699	13704.48876953125
1700	13709.7255859375
1701	13712.33056640625
1702	13716.2685546875
1703	13728.71484375
1704	13746.1064453125
1705	13777.35693359375
1706	13777.67529296875
1707	13783.34814453125
1708	13793.9462890625
1709	13810.48876953125
1710	13813.14697265625
1711	13830.22412109375
1712	13832.828125
1713	13852.5634765625
1714	13863.02490234375
1715	13880.8330078125
1716	13885.4541015625
1717	13887.7509765625
1718	13903.49169921875
1719	13904.044921875
1720	13908.9951171875
1721	13930.9609375
1722	13936.17724609375
1723	13944.2548828125
1724	13944.44189453125
1725	13953.212890625
1726	13957.93408203125
1727	13968.240234375
1728	14036.6201171875
1729	14055.953125
1730	14059.78515625
1731	14062.732421875
1732	14077.9443359375
1733	14084.57373046875
1734	14084.609375
1735	14088.05029296875
1736	14098.4345703125
1737	14109.9921875
1738	14115.87841796875
1739	14123.62060546875
1740	14132.2685546875
1741	14140.6494140625
1742	14149.095703125
1743	14196.8095703125
1744	14197.421875
1745	14202.20947265625
1746	14210.91552734375
1747	14212.2744140625
1748	14243.73095703125
1749	14254.376953125
1750	14254.67724609375
1751	14257.6396484375
1752	14290.970703125
1753	14298.1201171875
1754	14306.0830078125
1755	14328.8603515625
1756	14350.76806640625
1757	14355.88818359375
1758	14356.82568359375
1759	14364.09619140625
1760	14372.34814453125
1761	14396.46875
1762	14402.91943359375
1763	14405.87841796875
1764	14411.7490234375
1765	14418.37890625
1766	14430.423828125
1767	14432.02880859375
1768	14463.52001953125
1769	14467.12744140625
1770	14543.2451171875
1771	14544.208984375
1772	14558.86181640625
1773	14589.15380859375
1774	14638.451171875
1775	14646.044921875
1776	14651.14501953125
1777	14682.0771484375
1778	14704.56298828125
1779	14708.31005859375
1780	14721.6123046875
1781	14722.541015625
1782	14728.544921875
1783	14778.38134765625
1784	14794.6787109375
1785	14804.470703125
1786	14809.80029296875
1787	14811.65185546875
1788	14811.88525390625
1789	14821.4326171875
1790	14838.22119140625
1791	14869.22412109375
1792	14905.91650390625
1793	14915.69873046875
1794	14926.54296875
1795	14938.36376953125
1796	14951.5546875
1797	14959.64892578125
1798	14991.2822265625
1799	14994.6904296875
1800	14997.12255859375
1801	15012.4384765625
1802	15018.78173828125
1803	15057.80810546875
1804	15082.20556640625
1805	15090.826171875
1806	15097.76123046875
1807	15106.69873046875
1808	15114.03076171875
1809	15116.71240234375
1810	15142.00439453125
1811	15145.5869140625
1812	15148.82568359375
1813	15151.37451171875
1814	15154.57177734375
1815	15156.32421875
1816	15229.1396484375
1817	15234.49072265625
1818	15275.2646484375
1819	15284.7451171875
1820	15290.12890625
1821	15293.9306640625
1822	15309.24267578125
1823	15315.35986328125
1824	15340.14599609375
1825	15342.3798828125
1826	15346.310546875
1827	15347.32373046875
1828	15372.84130859375
1829	15402.154296875
1830	15429.63623046875
1831	15433.4814453125
1832	15454.521484375
1833	15455.53759765625
1834	15471.8525390625
1835	15472.26123046875
1836	15472.85791015625
1837	15478.2041015625
1838	15478.697265625
1839	15484.572265625
1840	15491.3681640625
1841	15495.04833984375
1842	15530.0869140625
1843	15540.59375
1844	15545.12890625
1845	15559.67529296875
1846	15581.1162109375
1847	15583.66943359375
1848	15592.62060546875
1849	15609.52001953125
1850	15627.4599609375
1851	15630.05078125
1852	15637.94384765625
1853	15646.65380859375
1854	15653.17529296875
1855	15665.03515625
1856	15672.4931640625
1857	15687.1064453125
1858	15691.1962890625
1859	15756.91162109375
1860	15767.04833984375
1861	15773.068359375
1862	15773.70361328125
1863	15788.24365234375
1864	15815.3671875
1865	15817.23681640625
1866	15832.6953125
1867	15837.50146484375
1868	15857.13134765625
1869	15860.24365234375
1870	15875.3828125
1871	15877.22607421875
1872	15893.72900390625
1873	15920.123046875
1874	15936.30908203125
1875	15939.8046875
1876	15946.76416015625
1877	15960.91259765625
1878	15961.35400390625
1879	15980.06689453125
1880	15994.5908203125
1881	15996.650390625
1882	16039.73681640625
1883	16047.3935546875
1884	16051.70166015625
1885	16071.638671875
1886	16075.2333984375
1887	16084.9326171875
1888	16093.6357421875
1889	16112.72998046875
1890	16119.767578125
1891	16128.330078125
1892	16129.73486328125
1893	16142.7734375
1894	16144.21142578125
1895	16174.87890625
1896	16179.3759765625
1897	16190.095703125
1898	16208.04296875
1899	16217.0849609375
1900	16240.31884765625
1901	16244.69091796875
1902	16246.89892578125
1903	16258.02294921875
1904	16260.37548828125
1905	16262.1630859375
1906	16273.00537109375
1907	16318.6337890625
1908	16351.73779296875
1909	16354.9169921875
1910	16369.22802734375
1911	16376.4462890625
1912	16389.5146484375
1913	16391.49853515625
1914	16397.18896484375
1915	16405.9033203125
1916	16424.5087890625
1917	16439.53955078125
1918	16441.42529296875
1919	16442.5693359375
1920	16444.6484375
1921	16500.5068359375
1922	16531.673828125
1923	16566.93359375
1924	16589.48095703125
1925	16593.17822265625
1926	16599.3291015625
1927	16608.61669921875
1928	16614.24365234375
1929	16632.677734375
1930	16651.52880859375
1931	16682.84765625
1932	16699.26513671875
1933	16711.2578125
1934	16723.4130859375
1935	16723.673828125
1936	16741.27294921875
1937	16752.4990234375
1938	16766.06103515625
1939	16795.099609375
1940	16818.77392578125
1941	16853.0888671875
1942	16903.62841796875
1943	16920.09375
1944	16948.86181640625
1945	16968.38232421875
1946	16994.48876953125
1947	17005.04736328125
1948	17017.0576171875
1949	17038.3505859375
1950	17039.28857421875
1951	17081.001953125
1952	17081.18310546875
1953	17083.54150390625
1954	17098.65673828125
1955	17110.76953125
1956	17125.2470703125
1957	17137.7744140625
1958	17183.71484375
1959	17201.97998046875
1960	17261.658203125
1961	17296.35205078125
1962	17300.68017578125
1963	17301.935546875
1964	17308.32275390625
1965	17319.037109375
1966	17347.05712890625
1967	17350.90771484375
1968	17368.8134765625
1969	17397.50537109375
1970	17416.80908203125
1971	17433.4482421875
1972	17435.13037109375
1973	17452.00390625
1974	17477.79638671875
1975	17518.1962890625
1976	17525.21728515625
1977	17540.8828125
1978	17545.20849609375
1979	17558.79248046875
1980	17614.9814453125
1981	17654.76123046875
1982	17698.67919921875
1983	17731.48388671875
1984	17741.6552734375
1985	17766.20751953125
1986	17772.97412109375
1987	17803.54736328125
1988	17812.1171875
1989	17866.5107421875
1990	17897.6142578125
1991	17914.32763671875
1992	17915.46142578125
1993	17932.79345703125
1994	17948.31640625
1995	17948.92041015625
1996	17960.7607421875
1997	18025.59130859375
1998	18035.15283203125
1999	18047.72705078125
2000	18079.74951171875
2001	18117.43505859375
2002	18124.533203125
2003	18125.966796875
2004	18138.50048828125
2005	18138.70458984375
2006	18143.26220703125
2007	18157.22509765625
2008	18163.4013671875
2009	18163.935546875
2010	18166.67919921875
2011	18199.939453125
2012	18200.068359375
2013	18257.4755859375
2014	18259.748046875
2015	18275.79638671875
2016	18280.755859375
2017	18282.61669921875
2018	18288.56640625
2019	18303.43896484375
2020	18327.69140625
2021	18340.265625
2022	18346.73486328125
2023	18359.33837890625
2024	18375.98046875
2025	18401.77001953125
2026	18414.87109375
2027	18421.40087890625
2028	18437.70263671875
2029	18473.896484375
2030	18486.22216796875
2031	18508.65771484375
2032	18518.11572265625
2033	18539.78759765625
2034	18540.93603515625
2035	18563.62646484375
2036	18567.95947265625
2037	18568.8779296875
2038	18576.25634765625
2039	18582.72412109375
2040	18601.5849609375
2041	18607.3603515625
2042	18637.87109375
2043	18703.7783203125
2044	18709.9267578125
2045	18754.1435546875
2046	18786.67626953125
2047	18786.84765625
2048	18845.0732421875
2049	18845.17333984375
2050	18850.7568359375
2051	18866.36865234375
2052	18866.46923828125
2053	18870.3740234375
2054	18899.10205078125
2055	18919.58447265625
2056	18948.45849609375
2057	18992.158203125
2058	18993.0693359375
2059	18999.38525390625
2060	19045.31103515625
2061	19050.64990234375
2062	19083.48046875
2063	19096.27294921875
2064	19110.94970703125
2065	19114.8720703125
2066	19115.0126953125
2067	19124.17626953125
2068	19142.3134765625
2069	19166.4365234375
2070	19166.8876953125
2071	19177.6923828125
2072	19184.474609375
2073	19191.7431640625
2074	19213.7265625
2075	19215.36083984375
2076	19219.240234375
2077	19262.048828125
2078	19264.87939453125
2079	19266.97412109375
2080	19268.4736328125
2081	19276.01318359375
2082	19292.01611328125
2083	19315.43994140625
2084	19332.7890625
2085	19333.68017578125
2086	19356.88037109375
2087	19455.1904296875
2088	19467.67236328125
2089	19471.6064453125
2090	19481.30859375
2091	19494.22705078125
2092	19496.48828125
2093	19505.404296875
2094	19514.1044921875
2095	19514.8193359375
2096	19555.26025390625
2097	19558.9560546875
2098	19590.23046875
2099	19590.927734375
2100	19604.6728515625
2101	19628.921875
2102	19633.865234375
2103	19646.83642578125
2104	19649.17041015625
2105	19659.82177734375
2106	19676.14306640625
2107	19684.43603515625
2108	19702.84765625
2109	19760.82666015625
2110	19772.16064453125
2111	19787.912109375
2112	19791.3583984375
2113	19794.70654296875
2114	19817.0478515625
2115	19844.34912109375
2116	19871.12548828125
2117	19886.49365234375
2118	19894.5849609375
2119	19942.6171875
2120	19944.02099609375
2121	19972.81298828125
2122	19978.27587890625
2123	19980.103515625
2124	19994.46630859375
2125	20027.220703125
2126	20029.52783203125
2127	20061.55712890625
2128	20072.419921875
2129	20098.2197265625
2130	20114.14306640625
2131	20114.66357421875
2132	20140.40869140625
2133	20157.486328125
2134	20186.0546875
2135	20212.04443359375
2136	20214.00341796875
2137	20215.53857421875
2138	20228.95849609375
2139	20251.00830078125
2140	20261.029296875
2141	20268.34619140625
2142	20283.0048828125
2143	20331.0654296875
2144	20331.82177734375
2145	20351.2099609375
2146	20358.46875
2147	20415.35595703125
2148	20426.041015625
2149	20462.044921875
2150	20475.9736328125
2151	20502.169921875
2152	20520.4287109375
2153	20552.22314453125
2154	20570.3115234375
2155	20573.86865234375
2156	20581.18994140625
2157	20600.20263671875
2158	20629.4365234375
2159	20647.3720703125
2160	20690.57373046875
2161	20694.78564453125
2162	20696.0009765625
2163	20696.541015625
2164	20728.69091796875
2165	20744.720703125
2166	20744.748046875
2167	20745.4990234375
2168	20767.10009765625
2169	20771.3701171875
2170	20776.533203125
2171	20802.75048828125
2172	20827.7802734375
2173	20854.2412109375
2174	20879.95751953125
2175	20882.17919921875
2176	20891.60595703125
2177	20917.28076171875
2178	20926.23095703125
2179	20940.88037109375
2180	20961.84521484375
2181	21001.443359375
2182	21014.82373046875
2183	21026.0537109375
2184	21032.18798828125
2185	21060.1943359375
2186	21070.119140625
2187	21092.24462890625
2188	21097.35693359375
2189	21108.67431640625
2190	21109.03125
2191	21115.31103515625
2192	21117.8046875
2193	21119.8671875
2194	21123.408203125
2195	21138.73876953125
2196	21165.42724609375
2197	21169.44384765625
2198	21173.8837890625
2199	21203.62939453125
2200	21231.10888671875
2201	21283.61474609375
2202	21334.53466796875
2203	21336.31103515625
2204	21351.150390625
2205	21357.9384765625
2206	21373.935546875
2207	21387.5859375
2208	21448.5859375
2209	21467.72802734375
2210	21480.103515625
2211	21491.09765625
2212	21498.111328125
2213	21498.23046875
2214	21520.67724609375
2215	21547.32958984375
2216	21564.78271484375
2217	21577.83154296875
2218	21578.6767578125
2219	21613.61572265625
2220	21688.7880859375
2221	21697.15234375
2222	21762.166015625
2223	21785.27685546875
2224	21812.20703125
2225	21814.46240234375
2226	21823.76171875
2227	21855.14404296875
2228	21856.5595703125
2229	21865.8525390625
2230	21866.04345703125
2231	21881.76708984375
2232	21926.6650390625
2233	21981.69140625
2234	21989.966796875
2235	22028.15966796875
2236	22042.908203125
2237	22083.73779296875
2238	22091.6259765625
2239	22099.44189453125
2240	22101.09619140625
2241	22144.20947265625
2242	22152.28955078125
2243	22169.767578125
2244	22180.77978515625
2245	22193.666015625
2246	22194.0302734375
2247	22206.34765625
2248	22216.8818359375
2249	22220.53564453125
2250	22222.5595703125
2251	22236.248046875
2252	22254.14013671875
2253	22255.88330078125
2254	22262.326171875
2255	22277.15478515625
2256	22335.162109375
2257	22347.9833984375
2258	22355.76806640625
2259	22374.3056640625
2260	22415.97265625
2261	22446.1455078125
2262	22466.89404296875
2263	22494.29052734375
2264	22514.791015625
2265	22543.62841796875
2266	22560.7119140625
2267	22588.21337890625
2268	22598.970703125
2269	22622.80078125
2270	22639.07763671875
2271	22645.17236328125
2272	22648.173828125
2273	22660.77294921875
2274	22673.71240234375
2275	22690.38134765625
2276	22708.59716796875
2277	22754.69677734375
2278	22761.2451171875
2279	22808.6259765625
2280	22828.13916015625
2281	22841.7861328125
2282	22849.2373046875
2283	22858.84814453125
2284	22924.79150390625
2285	22978.90283203125
2286	22979.80029296875
2287	22986.09033203125
2288	22991.251953125
2289	23036.29052734375
2290	23048.4052734375
2291	23061.48291015625
2292	23079.318359375
2293	23082.91015625
2294	23138.9521484375
2295	23145.833984375
2296	23159.41552734375
2297	23165.69384765625
2298	23171.93115234375
2299	23176.1826171875
2300	23180.17431640625
2301	23182.83642578125
2302	23182.9814453125
2303	23190.8720703125
2304	23221.57080078125
2305	23276.0244140625
2306	23311.66015625
2307	23334.6044921875
2308	23389.1298828125
2309	23395.81201171875
2310	23429.21728515625
2311	23429.29345703125
2312	23446.10888671875
2313	23475.42041015625
2314	23524.35546875
2315	23542.724609375
2316	23579.70166015625
2317	23604.19873046875
2318	23604.6259765625
2319	23638.50537109375
2320	23642.294921875
2321	23643.96484375
2322	23663.64990234375
2323	23677.58935546875
2324	23681.90771484375
2325	23698.5693359375
2326	23723.30224609375
2327	23741.85009765625
2328	23832.74658203125
2329	23841.43310546875
2330	23885.3857421875
2331	23909.5322265625
2332	23932.18310546875
2333	23958.7451171875
2334	23985.94140625
2335	24049.662109375
2336	24081.2646484375
2337	24083.96630859375
2338	24095.9326171875
2339	24106.1015625
2340	24155.875
2341	24269.39697265625
2342	24302.6728515625
2343	24316.28076171875
2344	24329.3388671875
2345	24407.421875
2346	24427.7998046875
2347	24440.51416015625
2348	24468.52001953125
2349	24552.11328125
2350	24615.02783203125
2351	24670.99462890625
2352	24724.03662109375
2353	24762.978515625
2354	24766.1015625
2355	24851.75244140625
2356	24913.24462890625
2357	24973.23681640625
2358	24982.6455078125
2359	24987.57373046875
2360	25002.330078125
2361	25011.27001953125
2362	25016.19921875
2363	25036.763671875
2364	25041.5361328125
2365	25102.5908203125
2366	25104.859375
2367	25161.45751953125
2368	25300.5341796875
2369	25330.51611328125
2370	25335.3828125
2371	25354.74755859375
2372	25356.71630859375
2373	25374.2451171875
2374	25395.16455078125
2375	25397.31591796875
2376	25404.859375
2377	25406.974609375
2378	25449.19384765625
2379	25460.59423828125
2380	25464.27294921875
2381	25464.65283203125
2382	25489.61572265625
2383	25521.1953125
2384	25538.9248046875
2385	25572.75341796875
2386	25598.0732421875
2387	25630.3212890625
2388	25665.26611328125
2389	25684.55224609375
2390	25690.02001953125
2391	25728.4853515625
2392	25779.49658203125
2393	25799.556640625
2394	25807.50537109375
2395	25820.2138671875
2396	25822.39697265625
2397	25848.03466796875
2398	25856.83203125
2399	25881.7001953125
2400	25892.08154296875
2401	25893.65234375
2402	25939.11279296875
2403	25946.12353515625
2404	25968.8994140625
2405	25978.0341796875
2406	25981.7451171875
2407	26033.25
2408	26091.9775390625
2409	26161.904296875
2410	26166.90087890625
2411	26184.19091796875
2412	26226.92626953125
2413	26233.1513671875
2414	26241.63232421875
2415	26307.72265625
2416	26309.37890625
2417	26334.376953125
2418	26354.36279296875
2419	26371.685546875
2420	26452.3330078125
2421	26453.2080078125
2422	26463.96630859375
2423	26477.0068359375
2424	26499.77099609375
2425	26512.49462890625
2426	26573.232421875
2427	26587.078125
2428	26604.673828125
2429	26612.59619140625
2430	26660.69482421875
2431	26669.79296875
2432	26693.408203125
2433	26714.2548828125
2434	26725.28857421875
2435	26733.9609375
2436	26736.208984375
2437	26763.1435546875
2438	26779.3818359375
2439	26802.93408203125
2440	26828.93994140625
2441	26841.6708984375
2442	26881.6904296875
2443	26939.21826171875
2444	26952.5048828125
2445	26959.35498046875
2446	26976.79443359375
2447	27012.19482421875
2448	27030.95947265625
2449	27045.15869140625
2450	27068.744140625
2451	27083.69775390625
2452	27124.33837890625
2453	27173.7392578125
2454	27185.78662109375
2455	27187.427734375
2456	27210.24755859375
2457	27270.744140625
2458	27340.79833984375
2459	27356.3671875
2460	27374.46435546875
2461	27377.3681640625
2462	27424.18603515625
2463	27438.05712890625
2464	27448.50634765625
2465	27452.06689453125
2466	27456.43017578125
2467	27468.22021484375
2468	27479.44287109375
2469	27493.95068359375
2470	27506.60498046875
2471	27509.90087890625
2472	27513.109375
2473	27540.68408203125
2474	27556.05224609375
2475	27580.75830078125
2476	27610.59619140625
2477	27620.609375
2478	27624.322265625
2479	27628.4150390625
2480	27672.04736328125
2481	27735.0126953125
2482	27806.39794921875
2483	27824.69384765625
2484	27825.83251953125
2485	27846.45361328125
2486	27852.37060546875
2487	27907.357421875
2488	27912.875
2489	27953.9892578125
2490	27960.21923828125
2491	27975.6572265625
2492	27995.68603515625
2493	28035.74169921875
2494	28080.83251953125
2495	28092.24462890625
2496	28128.65380859375
2497	28173.4443359375
2498	28238.7041015625
2499	28260.25439453125
2500	28305.80712890625
2501	28320.283203125
2502	28402.43359375
2503	28435.28955078125
2504	28468.7919921875
2505	28471.9609375
2506	28473.814453125
2507	28492.4501953125
2508	28499.82568359375
2509	28509.6220703125
2510	28510.88232421875
2511	28576.3466796875
2512	28600.5849609375
2513	28622.931640625
2514	28689.1337890625
2515	28763.85595703125
2516	28816.97998046875
2517	28872.95166015625
2518	28894.7568359375
2519	28918.5322265625
2520	28946.2314453125
2521	28980.76611328125
2522	28983.15185546875
2523	29074.05859375
2524	29111.8515625
2525	29193.70556640625
2526	29243.55712890625
2527	29261.77978515625
2528	29263.3505859375
2529	29281.2353515625
2530	29346.9599609375
2531	29354.5263671875
2532	29370.78173828125
2533	29396.8837890625
2534	29430.26513671875
2535	29477.49853515625
2536	29482.8671875
2537	29485.05126953125
2538	29494.75634765625
2539	29496.3759765625
2540	29525.71240234375
2541	29571.83349609375
2542	29580.37060546875
2543	29593.7529296875
2544	29599.76123046875
2545	29758.939453125
2546	29776.04736328125
2547	29820.2197265625
2548	29886.568359375
2549	29894.2958984375
2550	29926.0263671875
2551	29937.810546875
2552	30032.1162109375
2553	30046.86669921875
2554	30081.29541015625
2555	30091.17529296875
2556	30112.31396484375
2557	30127.10205078125
2558	30146.712890625
2559	30147.97705078125
2560	30263.39892578125
2561	30342.71826171875
2562	30376.27197265625
2563	30406.0908203125
2564	30426.0498046875
2565	30462.74560546875
2566	30517.33447265625
2567	30541.97900390625
2568	30619.810546875
2569	30643.041015625
2570	30648.38037109375
2571	30680.01416015625
2572	30689.40283203125
2573	30716.67041015625
2574	30728.84375
2575	30733.109375
2576	30733.92431640625
2577	30799.1826171875
2578	30844.12255859375
2579	30851.623046875
2580	30856.42626953125
2581	30910.80078125
2582	30923.71337890625
2583	30942.18017578125
2584	30943.83447265625
2585	30955.52099609375
2586	30968.759765625
2587	30969.72021484375
2588	31037.0810546875
2589	31050.796875
2590	31067.0244140625
2591	31070.8828125
2592	31106.08154296875
2593	31109.34375
2594	31156.01513671875
2595	31167.56982421875
2596	31285.6923828125
2597	31313.67724609375
2598	31374.02392578125
2599	31376.98681640625
2600	31385.94580078125
2601	31387.04443359375
2602	31392.48876953125
2603	31398.0693359375
2604	31511.60107421875
2605	31646.3251953125
2606	31746.0107421875
2607	31808.033203125
2608	31823.11962890625
2609	31836.34228515625
2610	31867.26123046875
2611	31932.3818359375
2612	31937.88232421875
2613	31962.4794921875
2614	31966.58642578125
2615	32011.515625
2616	32073.857421875
2617	32077.2412109375
2618	32149.0380859375
2619	32206.6162109375
2620	32239.0087890625
2621	32273.17138671875
2622	32275.25634765625
2623	32285.013671875
2624	32327.81494140625
2625	32345.61767578125
2626	32371.06787109375
2627	32492.95458984375
2628	32493.15673828125
2629	32548.54833984375
2630	32565.19580078125
2631	32695.76318359375
2632	32702.85009765625
2633	32745.072265625
2634	32765.51904296875
2635	32768.3388671875
2636	32770.052734375
2637	32814.16259765625
2638	32850.7255859375
2639	32882.841796875
2640	32904.361328125
2641	32912.580078125
2642	32956.23193359375
2643	32958.73974609375
2644	33020.30712890625
2645	33076.1982421875
2646	33089.55322265625
2647	33107.1025390625
2648	33112.708984375
2649	33118.5068359375
2650	33200.30712890625
2651	33252.95556640625
2652	33256.8984375
2653	33262.892578125
2654	33312.9072265625
2655	33322.123046875
2656	33342.54638671875
2657	33373.8125
2658	33379.083984375
2659	33386.60595703125
2660	33416.3974609375
2661	33423.4833984375
2662	33431.0703125
2663	33446.50439453125
2664	33449.19580078125
2665	33473.59228515625
2666	33608.87744140625
2667	33645.23193359375
2668	33681.8271484375
2669	33704.78662109375
2670	33715.7314453125
2671	33742.6083984375
2672	33765.0478515625
2673	33771.13916015625
2674	33800.06591796875
2675	33864.8076171875
2676	33916.32421875
2677	33917.2265625
2678	33922.74658203125
2679	33953.64697265625
2680	33982.45947265625
2681	34014.42138671875
2682	34079.59521484375
2683	34090.51904296875
2684	34091.41015625
2685	34093.4384765625
2686	34102.7294921875
2687	34174.1591796875
2688	34209.81298828125
2689	34308.89501953125
2690	34332.5068359375
2691	34338.42626953125
2692	34356.99658203125
2693	34364.1533203125
2694	34373.29150390625
2695	34388.87939453125
2696	34395.240234375
2697	34471.8037109375
2698	34551.5126953125
2699	34586.26904296875
2700	34597.4482421875
2701	34619.275390625
2702	34638.3203125
2703	34667.11328125
2704	34709.7392578125
2705	34712.3984375
2706	34718.87158203125
2707	34728.83349609375
2708	34749.08935546875
2709	34750.3935546875
2710	34759.83056640625
2711	34761.45849609375
2712	34801.9326171875
2713	34817.52978515625
2714	34864.7939453125
2715	34871.25537109375
2716	34887.36669921875
2717	34904.38525390625
2718	34911.6123046875
2719	34931.0517578125
2720	34963.92822265625
2721	34979.9013671875
2722	34996.60302734375
2723	35046.4560546875
2724	35050.181640625
2725	35071.587890625
2726	35089.6953125
2727	35119.67431640625
2728	35125.08447265625
2729	35146.0537109375
2730	35189.40625
2731	35229.57177734375
2732	35302.17333984375
2733	35347.64404296875
2734	35360.61083984375
2735	35383.787109375
2736	35417.56640625
2737	35418.55517578125
2738	35419.05859375
2739	35441.2861328125
2740	35455.09765625
2741	35457.6826171875
2742	35459.28955078125
2743	35495.4794921875
2744	35517.6640625
2745	35542.52734375
2746	35582.9296875
2747	35591.7998046875
2748	35672.72509765625
2749	35712.822265625
2750	35714.40673828125
2751	35721.287109375
2752	35736.25537109375
2753	35736.71728515625
2754	35760.3115234375
2755	35775.9873046875
2756	35783.06298828125
2757	35817.64501953125
2758	35927.58056640625
2759	35939.8251953125
2760	35942.19970703125
2761	36141.96337890625
2762	36235.56640625
2763	36244.251953125
2764	36282.44384765625
2765	36293.52294921875
2766	36311.6103515625
2767	36321.3984375
2768	36364.10595703125
2769	36451.36279296875
2770	36491.6376953125
2771	36518.32373046875
2772	36536.08837890625
2773	36551.64111328125
2774	36617.2236328125
2775	36626.7470703125
2776	36697.5712890625
2777	36705.84521484375
2778	36707.6279296875
2779	36774.42724609375
2780	36801.54443359375
2781	36857.2646484375
2782	36952.69775390625
2783	37002.6923828125
2784	37015.326171875
2785	37025.9384765625
2786	37085.3798828125
2787	37164.5390625
2788	37212.96435546875
2789	37238.59228515625
2790	37249.78564453125
2791	37250.986328125
2792	37265.4140625
2793	37289.80078125
2794	37308.580078125
2795	37372.69287109375
2796	37412.61279296875
2797	37474.46044921875
2798	37516.5986328125
2799	37529.81884765625
2800	37549.5087890625
2801	37555.68701171875
2802	37633.38037109375
2803	37800.7587890625
2804	37854.62451171875
2805	37924.54296875
2806	37933.3369140625
2807	37984.5947265625
2808	38007.4716796875
2809	38044.083984375
2810	38057.4443359375
2811	38119.4833984375
2812	38180.765625
2813	38201.86376953125
2814	38212.087890625
2815	38284.67626953125
2816	38294.52490234375
2817	38315.2041015625
2818	38417.2958984375
2819	38473.28955078125
2820	38526.5908203125
2821	38534.56982421875
2822	38569.61279296875
2823	38577.77587890625
2824	38586.9326171875
2825	38620.05615234375
2826	38629.7177734375
2827	38736.3369140625
2828	38765.05419921875
2829	38786.1708984375
2830	38803.8642578125
2831	38827.1474609375
2832	38876.84033203125
2833	38906.10546875
2834	39002.10205078125
2835	39068.49560546875
2836	39085.6337890625
2837	39088.95654296875
2838	39096.5615234375
2839	39222.9169921875
2840	39317.0087890625
2841	39405.46826171875
2842	39434.2197265625
2843	39434.3837890625
2844	39559.076171875
2845	39612.56640625
2846	39636.484375
2847	39681.6640625
2848	39688.46875
2849	39701.0048828125
2850	39702.95458984375
2851	39745.39111328125
2852	39756.31591796875
2853	39768.11669921875
2854	39769.306640625
2855	39783.63671875
2856	39789.63037109375
2857	39794.77880859375
2858	39857.11962890625
2859	39880.69970703125
2860	40014.806640625
2861	40034.546875
2862	40062.181640625
2863	40180.89794921875
2864	40230.6728515625
2865	40234.5478515625
2866	40433.9384765625
2867	40487.3671875
2868	40496.9072265625
2869	40524.8056640625
2870	40527.85107421875
2871	40797.8291015625
2872	40913.85888671875
2873	40930.767578125
2874	41057.677734375
2875	41092.85986328125
2876	41256.3671875
2877	41265.5703125
2878	41372.78857421875
2879	41420.091796875
2880	41489.41357421875
2881	41594.26123046875
2882	41672.57177734375
2883	41695.0966796875
2884	41705.24609375
2885	41829.8837890625
2886	41988.7548828125
2887	42043.41064453125
2888	42141.2158203125
2889	42170.6171875
2890	42197.177734375
2891	42242.0263671875
2892	42259.56982421875
2893	42285.7646484375
2894	42328.4013671875
2895	42351.40185546875
2896	42444.546875
2897	42489.0927734375
2898	42502.3125
2899	42513.40673828125
2900	42525.1484375
2901	42669.69287109375
2902	42718.47021484375
2903	42807.74658203125
2904	42847.09521484375
2905	42877.26123046875
2906	42915.60791015625
2907	42933.158203125
2908	42938.1533203125
2909	42993.3056640625
2910	43096.009765625
2911	43141.19189453125
2912	43182.47998046875
2913	43200.35009765625
2914	43223.9423828125
2915	43235.1591796875
2916	43310.8212890625
2917	43337.1640625
2918	43361.82373046875
2919	43438.62841796875
2920	43476.70458984375
2921	43494.6630859375
2922	43523.0634765625
2923	43553.40380859375
2924	43569.24951171875
2925	43622.0751953125
2926	43743.7421875
2927	43762.26416015625
2928	43855.42919921875
2929	43871.29638671875
2930	43896.17626953125
2931	43905.55712890625
2932	43972.42822265625
2933	44012.1552734375
2934	44143.56689453125
2935	44248.03662109375
2936	44253.72216796875
2937	44311.482421875
2938	44339.82373046875
2939	44410.47607421875
2940	44433.59423828125
2941	44473.7958984375
2942	44524.5654296875
2943	44541.19287109375
2944	44545.62890625
2945	44562.9140625
2946	44595.88232421875
2947	44602.81494140625
2948	44606.85546875
2949	44627.48095703125
2950	44750.7724609375
2951	44756.8798828125
2952	44852.82421875
2953	45176.41357421875
2954	45199.97802734375
2955	45205.572265625
2956	45238.61474609375
2957	45267.1201171875
2958	45296.68310546875
2959	45308.88330078125
2960	45309.8740234375
2961	45355.7158203125
2962	45537.82958984375
2963	45547.19873046875
2964	45566.11474609375
2965	45575.7509765625
2966	45586.59521484375
2967	45597.06103515625
2968	45600.42041015625
2969	45719.5869140625
2970	45757.91455078125
2971	45807.99072265625
2972	45814.81201171875
2973	45880.10791015625
2974	45942.3388671875
2975	45948.4873046875
2976	45950.0986328125
2977	45962.15478515625
2978	45985.640625
2979	46090.453125
2980	46158.958984375
2981	46203.681640625
2982	46276.22216796875
2983	46293.55078125
2984	46310.9765625
2985	46349.92578125
2986	46395.92919921875
2987	46511.64990234375
2988	46517.86767578125
2989	46533.109375
2990	46568.89599609375
2991	46659.826171875
2992	46666.7138671875
2993	46684.8994140625
2994	46826.3447265625
2995	46864.951171875
2996	46871.7333984375
2997	46918.01904296875
2998	47071.076171875
2999	47143.1474609375
3000	47148.34326171875
3001	47212.1240234375
3002	47228.99609375
3003	47344.30908203125
3004	47357.03173828125
3005	47493.21484375
3006	47569.8310546875
3007	47621.658203125
3008	47652.4072265625
3009	47693.12158203125
3010	47710.404296875
3011	47734.7216796875
3012	47769.818359375
3013	47844.51171875
3014	47884.6123046875
3015	47937.443359375
3016	48021.271484375
3017	48125.912109375
3018	48126.50048828125
3019	48165.12939453125
3020	48168.98291015625
3021	48215.291015625
3022	48228.1845703125
3023	48301.29296875
3024	48305.82763671875
3025	48317.44189453125
3026	48319.19970703125
3027	48526.76953125
3028	48573.5087890625
3029	48589.42724609375
3030	48635.37841796875
3031	48726.24560546875
3032	48726.28955078125
3033	48731.01708984375
3034	48751.10107421875
3035	48775.17578125
3036	48819.9052734375
3037	48896.10546875
3038	48931.64111328125
3039	49032.93310546875
3040	49087.0625
3041	49117.53759765625
3042	49197.34814453125
3043	49199.69384765625
3044	49204.3623046875
3045	49340.79931640625
3046	49348.193359375
3047	49373.515625
3048	49413.2119140625
3049	49451.19873046875
3050	49489.66748046875
3051	49651.3193359375
3052	49699.81787109375
3053	49811.65478515625
3054	49818.35595703125
3055	49832.35009765625
3056	49868.77685546875
3057	49872.4052734375
3058	49946.88330078125
3059	49963.0341796875
3060	50000.0
3061	50000.0
3062	50000.0
3063	50000.0
3064	50000.0
3065	50000.0
3066	50000.0
3067	50000.0
3068	50000.0
3069	50000.0
3070	50000.0
3071	50000.0
3072	50000.0
3073	50000.0
3074	50000.0
3075	50000.0
3076	50000.0
3077	50000.0
3078	50000.0
3079	50000.0
3080	50000.0
3081	50000.0
3082	50000.0
3083	50000.0
3084	50000.0
3085	50000.0
3086	50000.0
3087	50000.0
3088	50000.0
3089	50000.0
3090	50000.0
3091	50000.0
3092	50000.0
3093	50000.0
3094	50000.0
3095	50000.0
3096	50000.0
3097	50000.0
3098	50000.0
3099	50000.0
3100	50000.0
3101	50000.0
3102	50000.0
3103	50000.0
3104	50000.0
3105	50000.0
3106	50000.0
3107	50000.0
3108	50000.0
3109	50000.0
3110	50000.0
3111	50000.0
3112	50000.0
3113	50000.0
3114	50000.0
3115	50000.0
3116	50000.0
3117	50000.0
3118	50000.0
3119	50000.0
3120	50000.0
3121	50000.0
3122	50000.0
3123	50000.0
3124	50000.0
3125	50000.0
3126	50000.0
3127	50000.0
3128	50000.0
3129	50000.0
3130	50000.0
3131	50000.0
3132	50000.0
3133	50000.0
3134	50000.0
3135	50000.0
3136	50000.0
3137	50000.0
3138	50000.0
3139	50000.0
3140	50000.0
3141	50000.0
3142	50000.0
3143	50000.0
3144	50000.0
3145	50000.0
3146	50000.0
3147	50000.0
3148	50000.0
3149	50000.0
3150	50000.0
3151	50000.0
3152	50000.0
3153	50000.0
3154	50000.0
3155	50000.0
3156	50000.0
3157	50000.0
3158	50000.0
3159	50000.0
3160	50000.0
3161	50000.0
3162	50000.0
3163	50000.0
3164	50000.0
3165	50000.0
3166	50000.0
3167	50000.0
3168	50000.0
3169	50000.0
3170	50000.0
3171	50000.0
3172	50000.0
3173	50000.0
3174	50000.0
3175	50000.0
3176	50000.0
3177	50000.0
3178	50000.0
3179	50000.0
3180	50000.0
3181	50000.0
3182	50000.0
3183	50000.0
3184	50000.0
3185	50000.0
3186	50000.0
3187	50000.0
3188	50000.0
3189	50000.0
3190	50000.0
3191	50000.0
3192	50000.0
3193	50000.0
3194	50000.0
3195	50000.0
3196	50000.0
3197	50000.0
3198	50000.0
3199	50000.0
3200	50000.0
3201	50000.0
3202	50000.0
3203	50000.0
3204	50000.0
3205	50000.0
3206	50000.0
3207	50000.0
3208	50000.0
3209	50000.0
3210	50000.0
3211	50000.0
3212	50000.0
3213	50000.0
3214	50000.0
3215	50000.0
3216	50000.0
3217	50000.0
3218	50000.0
3219	50000.0
3220	50000.0
3221	50000.0
3222	50000.0
3223	50000.0
3224	50000.0
3225	50000.0
3226	50000.0
3227	50000.0
3228	50000.0
3229	50000.0
3230	50000.0
3231	50000.0
3232	50000.0
3233	50000.0
3234	50000.0
3235	50000.0
3236	50000.0
3237	50000.0
3238	50000.0
3239	50000.0
3240	50000.0
3241	50000.0
3242	50000.0
3243	50000.0
3244	50000.0
3245	50000.0
3246	50000.0
3247	50000.0
3248	50000.0
3249	50000.0
3250	50000.0
3251	50000.0
3252	50000.0
3253	50000.0
3254	50000.0
3255	50000.0
3256	50000.0
3257	50000.0
3258	50000.0
3259	50000.0
3260	50000.0
3261	50000.0
3262	50000.0
3263	50000.0
3264	50000.0
3265	50000.0
3266	50000.0
3267	50000.0
3268	50000.0
3269	50000.0
3270	50000.0
3271	50000.0
3272	50000.0
3273	50000.0
3274	50000.0
3275	50000.0
3276	50000.0
3277	50000.0
3278	50000.0
3279	50000.0
3280	50000.0
3281	50000.0
3282	50000.0
3283	50000.0
3284	50000.0
3285	50000.0
3286	50000.0
3287	50000.0
3288	50000.0
3289	50000.0
3290	50000.0
3291	50000.0
3292	50000.0
3293	50000.0
3294	50000.0
3295	50000.0
3296	50000.0
3297	50000.0
3298	50000.0
3299	50000.0
3300	50000.0
3301	50000.0
3302	50000.0
3303	50000.0
3304	50000.0
3305	50000.0
3306	50000.0
3307	50000.0
3308	50000.0
3309	50000.0
3310	50000.0
3311	50000.0
3312	50000.0
3313	50000.0
3314	50000.0
3315	50000.0
3316	50000.0
3317	50000.0
3318	50000.0
3319	50000.0
3320	50000.0
3321	50000.0
3322	50000.0
3323	50000.0
3324	50000.0
3325	50000.0
3326	50000.0
3327	50000.0
3328	50000.0
3329	50000.0
3330	50000.0
3331	50000.0
3332	50000.0
3333	50000.0
3334	50000.0
3335	50000.0
3336	50000.0
3337	50000.0
3338	50000.0
3339	50000.0
3340	50000.0
3341	50000.0
3342	50000.0
3343	50000.0
3344	50000.0
3345	50000.0
3346	50000.0
3347	50000.0
3348	50000.0
3349	50000.0
3350	50000.0
3351	50000.0
3352	50000.0
3353	50000.0
3354	50000.0
3355	50000.0
3356	50000.0
3357	50000.0
3358	50000.0
3359	50000.0
3360	50000.0
3361	50000.0
3362	50000.0
3363	50000.0
3364	50000.0
3365	50000.0
3366	50000.0
3367	50000.0
3368	50000.0
3369	50000.0
3370	50000.0
3371	50000.0
3372	50000.0
3373	50000.0
3374	50000.0
3375	50000.0
3376	50000.0
3377	50000.0
3378	50000.0
3379	50000.0
3380	50000.0
3381	50000.0
3382	50000.0
3383	50000.0
3384	50000.0
3385	50000.0
3386	50000.0
3387	50000.0
3388	50000.0
3389	50000.0
3390	50000.0
3391	50000.0
3392	50000.0
3393	50000.0
3394	50000.0
3395	50000.0
3396	50000.0
3397	50000.0
3398	50000.0
3399	50000.0
3400	50000.0
3401	50000.0
3402	50000.0
3403	50000.0
3404	50000.0
3405	50000.0
3406	50000.0
3407	50000.0
3408	50000.0
3409	50000.0
3410	50000.0
3411	50000.0
3412	50000.0
3413	50000.0
3414	50000.0
3415	50000.0
3416	50000.0
3417	50000.0
3418	50000.0
3419	50000.0
3420	50000.0
3421	50000.0
3422	50000.0
3423	50000.0
3424	50000.0
3425	50000.0
3426	50000.0
3427	50000.0
3428	50000.0
3429	50000.0
3430	50000.0
3431	50000.0
3432	50000.0
3433	50000.0
3434	50000.0
3435	50000.0
3436	50000.0
3437	50000.0
3438	50000.0
3439	50000.0
3440	50000.0
3441	50000.0
3442	50000.0
3443	50000.0
3444	50000.0
3445	50000.0
3446	50000.0
3447	50000.0
3448	50000.0
3449	50000.0
3450	50000.0
3451	50000.0
3452	50000.0
3453	50000.0
3454	50000.0
3455	50000.0
3456	50000.0
3457	50000.0
3458	50000.0
3459	50000.0
3460	50000.0
3461	50000.0
3462	50000.0
3463	50000.0
3464	50000.0
3465	50000.0
3466	50000.0
3467	50000.0
3468	50000.0
3469	50000.0
3470	50000.0
3471	50000.0
3472	50000.0
3473	50000.0
3474	50000.0
3475	50000.0
3476	50000.0
3477	50000.0
3478	50000.0
3479	50000.0
3480	50000.0
3481	50000.0
3482	50000.0
3483	50000.0
3484	50000.0
3485	50000.0
3486	50000.0
3487	50000.0
3488	50000.0
3489	50000.0
3490	50000.0
3491	50000.0
3492	50000.0
3493	50000.0
3494	50000.0
3495	50000.0
3496	50000.0
3497	50000.0
3498	50000.0
3499	50000.0
3500	50000.0
3501	50000.0
3502	50000.0
3503	50000.0
3504	50000.0
3505	50000.0
3506	50000.0
3507	50000.0
3508	50000.0
3509	50000.0
3510	50000.0
3511	50000.0
3512	50000.0
3513	50000.0
3514	50000.0
3515	50000.0
3516	50000.0
3517	50000.0
3518	50000.0
3519	50000.0
3520	50000.0
3521	50000.0
3522	50000.0
3523	50000.0
3524	50000.0
3525	50000.0
3526	50000.0
3527	50000.0
3528	50000.0
3529	50000.0
3530	50000.0
3531	50000.0
3532	50000.0
3533	50000.0
3534	50000.0
3535	50000.0
3536	50000.0
3537	50000.0
3538	50000.0
3539	50000.0
3540	50000.0
3541	50000.0
3542	50000.0
3543	50000.0
3544	50000.0
3545	50000.0
3546	50000.0
3547	50000.0
3548	50000.0
3549	50000.0
3550	50000.0
3551	50000.0
3552	50000.0
3553	50000.0
3554	50000.0
3555	50000.0
3556	50000.0
3557	50000.0
3558	50000.0
3559	50000.0
3560	50000.0
3561	50000.0
3562	50000.0
3563	50000.0
3564	50000.0
3565	50000.0
3566	50000.0
3567	50000.0
3568	50000.0
3569	50000.0
3570	50000.0
3571	50000.0
3572	50000.0
3573	50000.0
3574	50000.0
3575	50000.0
3576	50000.0
3577	50000.0
3578	50000.0
3579	50000.0
3580	50000.0
3581	50000.0
3582	50000.0
3583	50000.0
3584	50000.0
3585	50000.0
3586	50000.0
3587	50000.0
3588	50000.0
3589	50000.0
3590	50000.0
3591	50000.0
3592	50000.0
3593	50000.0
3594	50000.0
3595	50000.0
3596	50000.0
3597	50000.0
3598	50000.0
3599	50000.0
3600	50000.0
3601	50000.0
3602	50000.0
3603	50000.0
3604	50000.0
3605	50000.0
3606	50000.0
3607	50000.0
3608	50000.0
3609	50000.0
3610	50000.0
3611	50000.0
3612	50000.0
3613	50000.0
3614	50000.0
3615	50000.0
3616	50000.0
3617	50000.0
3618	50000.0
3619	50000.0
3620	50000.0
3621	50000.0
3622	50000.0
3623	50000.0
3624	50000.0
3625	50000.0
3626	50000.0
3627	50000.0
3628	50000.0
3629	50000.0
3630	50000.0
3631	50000.0
3632	50000.0
3633	50000.0
3634	50000.0
3635	50000.0
3636	50000.0
3637	50000.0
3638	50000.0
3639	50000.0
3640	50000.0
3641	50000.0
3642	50000.0
3643	50000.0
3644	50000.0
3645	50000.0
3646	50000.0
3647	50000.0
3648	50000.0
3649	50000.0
3650	50000.0
3651	50000.0
3652	50000.0
3653	50000.0
3654	50000.0
3655	50000.0
3656	50000.0
3657	50000.0
3658	50000.0
3659	50000.0
3660	50000.0
3661	50000.0
3662	50000.0
3663	50000.0
3664	50000.0
3665	50000.0
3666	50000.0
3667	50000.0
3668	50000.0
3669	50000.0
3670	50000.0
3671	50000.0
3672	50000.0
3673	50000.0
3674	50000.0
3675	50000.0
3676	50000.0
3677	50000.0
3678	50000.0
3679	50000.0
3680	50000.0
3681	50000.0
3682	50000.0
3683	50000.0
3684	50000.0
3685	50000.0
3686	50000.0
3687	50000.0
3688	50000.0
3689	50000.0
3690	50000.0
3691	50000.0
3692	50000.0
3693	50000.0
3694	50000.0
3695	50000.0
3696	50000.0
3697	50000.0
3698	50000.0
3699	50000.0
3700	50000.0
3701	50000.0
3702	50000.0
3703	50000.0
3704	50000.0
3705	50000.0
3706	50000.0
3707	50000.0
3708	50000.0
3709	50000.0
3710	50000.0
3711	50000.0
3712	50000.0
3713	50000.0
3714	50000.0
3715	50000.0
3716	50000.0
3717	50000.0
3718	50000.0
3719	50000.0
3720	50000.0
3721	50000.0
3722	50000.0
3723	50000.0
3724	50000.0
3725	50000.0
3726	50000.0
3727	50000.0
3728	50000.0
3729	50000.0
3730	50000.0
3731	50000.0
3732	50000.0
3733	50000.0
3734	50000.0
3735	50000.0
3736	50000.0
3737	50000.0
3738	50000.0
3739	50000.0
3740	50000.0
3741	50000.0
3742	50000.0
3743	50000.0
3744	50000.0
3745	50000.0
3746	50000.0
3747	50000.0
3748	50000.0
3749	50000.0
3750	50000.0
3751	50000.0
3752	50000.0
3753	50000.0
3754	50000.0
3755	50000.0
3756	50000.0
3757	50000.0
3758	50000.0
3759	50000.0
3760	50000.0
3761	50000.0
3762	50000.0
3763	50000.0
3764	50000.0
3765	50000.0
3766	50000.0
3767	50000.0
3768	50000.0
3769	50000.0
3770	50000.0
3771	50000.0
3772	50000.0
3773	50000.0
3774	50000.0
3775	50000.0
3776	50000.0
3777	50000.0
3778	50000.0
3779	50000.0
3780	50000.0
3781	50000.0
3782	50000.0
3783	50000.0
3784	50000.0
3785	50000.0
3786	50000.0
3787	50000.0
3788	50000.0
3789	50000.0
3790	50000.0
3791	50000.0
3792	50000.0
3793	50000.0
3794	50000.0
3795	50000.0
3796	50000.0
3797	50000.0
3798	50000.0
3799	50000.0
3800	50000.0
3801	50000.0
3802	50000.0
3803	50000.0
3804	50000.0
3805	50000.0
3806	50000.0
3807	50000.0
3808	50000.0
3809	50000.0
3810	50000.0
3811	50000.0
3812	50000.0
3813	50000.0
3814	50000.0
3815	50000.0
3816	50000.0
3817	50000.0
3818	50000.0
3819	50000.0
3820	50000.0
3821	50000.0
3822	50000.0
3823	50000.0
3824	50000.0
3825	50000.0
3826	50000.0
3827	50000.0
3828	50000.0
3829	50000.0
3830	50000.0
3831	50000.0
3832	50000.0
3833	50000.0
3834	50000.0
3835	50000.0
3836	50000.0
3837	50000.0
3838	50000.0
3839	50000.0
3840	50000.0
3841	50000.0
3842	50000.0
3843	50000.0
3844	50000.0
3845	50000.0
3846	50000.0
3847	50000.0
3848	50000.0
3849	50000.0
3850	50000.0
3851	50000.0
3852	50000.0
3853	50000.0
3854	50000.0
3855	50000.0
3856	50000.0
3857	50000.0
3858	50000.0
3859	50000.0
3860	50000.0
3861	50000.0
3862	50000.0
3863	50000.0
3864	50000.0
3865	50000.0
3866	50000.0
3867	50000.0
3868	50000.0
3869	50000.0
3870	50000.0
3871	50000.0
3872	50000.0
3873	50000.0
3874	50000.0
3875	50000.0
3876	50000.0
3877	50000.0
3878	50000.0
3879	50000.0
3880	50000.0
3881	50000.0
3882	50000.0
3883	50000.0
3884	50000.0
3885	50000.0
3886	50000.0
3887	50000.0
3888	50000.0
3889	50000.0
3890	50000.0
3891	50000.0
3892	50000.0
3893	50000.0
3894	50000.0
3895	50000.0
3896	50000.0
3897	50000.0
3898	50000.0
3899	50000.0
3900	50000.0
3901	50000.0
3902	50000.0
3903	50000.0
3904	50000.0
3905	50000.0
3906	50000.0
3907	50000.0
3908	50000.0
3909	50000.0
3910	50000.0
3911	50000.0
3912	50000.0
3913	50000.0
3914	50000.0
3915	50000.0
3916	50000.0
3917	50000.0
3918	50000.0
3919	50000.0
3920	50000.0
3921	50000.0
3922	50000.0
3923	50000.0
3924	50000.0
3925	50000.0
3926	50000.0
3927	50000.0
3928	50000.0
3929	50000.0
3930	50000.0
3931	50000.0
3932	50000.0
3933	50000.0
3934	50000.0
3935	50000.0
3936	50000.0
3937	50000.0
3938	50000.0
3939	50000.0
3940	50000.0
3941	50000.0
3942	50000.0
3943	50000.0
3944	50000.0
3945	50000.0
3946	50000.0
3947	50000.0
3948	50000.0
3949	50000.0
3950	50000.0
3951	50000.0
3952	50000.0
3953	50000.0
3954	50000.0
3955	50000.0
3956	50000.0
3957	50000.0
3958	50000.0
3959	50000.0
3960	50000.0
3961	50000.0
3962	50000.0
3963	50000.0
3964	50000.0
3965	50000.0
3966	50000.0
3967	50000.0
3968	50000.0
3969	50000.0
3970	50000.0
3971	50000.0
3972	50000.0
3973	50000.0
3974	50000.0
3975	50000.0
3976	50000.0
3977	50000.0
3978	50000.0
3979	50000.0
3980	50000.0
3981	50000.0
3982	50000.0
3983	50000.0
3984	50000.0
3985	50000.0
3986	50000.0
3987	50000.0
3988	50000.0
3989	50000.0
3990	50000.0
3991	50000.0
3992	50000.0
3993	50000.0
3994	50000.0
3995	50000.0
3996	50000.0
3997	50000.0
3998	50000.0
3999	50000.0
4000	50000.0
4001	50000.0
4002	50000.0
4003	50000.0
4004	50000.0
4005	50000.0
4006	50000.0
4007	50000.0
4008	50000.0
4009	50000.0
4010	50000.0
4011	50000.0
4012	50000.0
4013	50000.0
4014	50000.0
4015	50000.0
4016	50000.0
4017	50000.0
4018	50000.0
4019	50000.0
4020	50000.0
4021	50000.0
4022	50000.0
4023	50000.0
4024	50000.0
4025	50000.0
4026	50000.0
4027	50000.0
4028	50000.0
4029	50000.0
4030	50000.0
4031	50000.0
4032	50000.0
4033	50000.0
4034	50000.0
4035	50000.0
4036	50000.0
4037	50000.0
4038	50000.0
4039	50000.0
4040	50000.0
4041	50000.0
4042	50000.0
4043	50000.0
4044	50000.0
4045	50000.0
4046	50000.0
4047	50000.0
4048	50000.0
4049	50000.0
4050	50000.0
4051	50000.0
4052	50000.0
4053	50000.0
4054	50000.0
4055	50000.0
4056	50000.0
4057	50000.0
4058	50000.0
4059	50000.0
4060	50000.0
4061	50000.0
4062	50000.0
4063	50000.0
4064	50000.0
4065	50000.0
4066	50000.0
4067	50000.0
4068	50000.0
4069	50000.0
4070	50000.0
4071	50000.0
4072	50000.0
4073	50000.0
4074	50000.0
4075	50000.0
4076	50000.0
4077	50000.0
4078	50000.0
4079	50000.0
4080	50000.0
4081	50000.0
4082	50000.0
4083	50000.0
4084	50000.0
4085	50000.0
4086	50000.0
4087	50000.0
4088	50000.0
4089	50000.0
4090	50000.0
4091	50000.0
4092	50000.0
4093	50000.0
4094	50000.0
4095	50000.0
