#FMS random 3-SAT
#N=1024  nIter=1024000  alpha=420   NSamples=3059
#av(nit)	185466.39771186202
#std(nit)	6773.738803512968
#av(e)	3.701209545603138
#std(e)	0.1677680931540502
#av(runtime)	46.49957502451782
#std(runtime)	1.6989298698348418
0.0	258.0380859375	0.06	1
29.0	1024000.0	254.26	2
0.0	237.8427734375	0.06	3
0.0	973.759765625	0.26	4
29.0	1024000.0	253.39	5
0.0	10507.7744140625	2.66	6
0.0	367.2080078125	0.09	7
0.0	198.0419921875	0.05	8
0.0	8953.8974609375	2.23	9
0.0	687.3232421875	0.17	10
0.0	6314.7939453125	1.55	11
0.0	3265.185546875	0.82	12
0.0	854.5380859375	0.22	13
0.0	2086.8662109375	0.53	14
0.0	150.3583984375	0.04	15
18.0	1024000.0	255.02	16
0.0	5448.7353515625	1.37	17
0.0	13961.4140625	3.51	18
0.0	83246.162109375	20.23	19
0.0	80.654296875	0.02	20
0.0	33162.10546875	8.32	21
0.0	3658.44921875	0.91	22
17.0	1024000.0	255.82	23
16.0	1024000.0	258.1	24
0.0	50.984375	0.02	25
0.0	976.625	0.25	26
0.0	23931.3125	5.98	27
0.0	1378.9931640625	0.34	28
0.0	776.412109375	0.19	29
0.0	5162.9130859375	1.3	30
0.0	1395.685546875	0.35	31
21.0	1024000.0	260.73	32
0.0	108.896484375	0.03	33
0.0	258.3212890625	0.07	34
41.0	1024000.0	256.68	35
0.0	130.7802734375	0.03	36
0.0	42154.0771484375	10.52	37
0.0	162.8759765625	0.04	38
0.0	704.181640625	0.18	39
0.0	6904.787109375	1.74	40
0.0	3914.30859375	0.95	41
0.0	3247.3740234375	0.82	42
0.0	158.48828125	0.04	43
0.0	1327.1083984375	0.33	44
0.0	2985.91796875	0.75	45
0.0	447.578125	0.1	46
0.0	213.986328125	0.05	47
0.0	2613.671875	0.65	48
0.0	3747.9658203125	0.93	49
0.0	1498.7939453125	0.39	50
0.0	1246.6181640625	0.31	51
0.0	4908.7734375	1.24	52
0.0	104.1884765625	0.03	53
0.0	650.5615234375	0.15	54
0.0	2868.01953125	0.73	55
0.0	2498.109375	0.62	56
0.0	2032.2197265625	0.51	57
0.0	3881.3427734375	0.96	58
45.0	1024000.0	256.43	59
0.0	17028.2978515625	4.25	60
0.0	15408.1318359375	3.82	61
0.0	56.7587890625	0.01	62
0.0	1425.5869140625	0.35	63
0.0	1178.798828125	0.29	64
0.0	1588.3662109375	0.38	65
0.0	633702.5107421875	157.64	66
21.0	1024000.0	261.16	67
26.0	1024000.0	256.09	68
0.0	1206.1982421875	0.3	69
16.0	1024000.0	260.54	70
0.0	71.5771484375	0.02	71
0.0	182.1650390625	0.04	72
18.0	1024000.0	253.8	73
18.0	1024000.0	256.1	74
0.0	105.3671875	0.03	75
0.0	337.7548828125	0.08	76
0.0	897.142578125	0.23	77
32.0	1024000.0	258.76	78
0.0	1885.0234375	0.47	79
0.0	6344.3447265625	1.59	80
0.0	14323.50390625	3.58	81
0.0	1778.7919921875	0.44	82
0.0	276.2138671875	0.07	83
0.0	4631.365234375	1.14	84
0.0	5426.19921875	1.36	85
0.0	27096.4990234375	6.7	86
0.0	1776.06640625	0.44	87
0.0	141.88671875	0.04	88
0.0	13845.787109375	3.45	89
12.0	1024000.0	257.5	90
0.0	585393.4697265625	142.15	91
0.0	324.3955078125	0.08	92
0.0	36193.9287109375	9.01	93
0.0	340.7958984375	0.09	94
0.0	248003.2060546875	62.03	95
0.0	381.521484375	0.1	96
0.0	875.2373046875	0.22	97
0.0	82.2861328125	0.02	98
0.0	861.0390625	0.22	99
39.0	1024000.0	259.72	100
0.0	92233.5478515625	22.62	101
0.0	1098.1416015625	0.28	102
0.0	2813.361328125	0.71	103
15.0	1024000.0	254.86	104
30.0	1024000.0	253.7	105
0.0	506.486328125	0.13	106
0.0	911.2236328125	0.23	107
9.0	1024000.0	255.57	108
0.0	2217.6572265625	0.55	109
0.0	1164.2998046875	0.29	110
0.0	72.2265625	0.02	111
32.0	1024000.0	257.57	112
0.0	6723.82421875	1.68	113
0.0	82.849609375	0.02	114
0.0	672.427734375	0.17	115
0.0	174.3271484375	0.04	116
0.0	823.0869140625	0.21	117
0.0	144.193359375	0.04	118
0.0	1202.0224609375	0.3	119
0.0	2640.1279296875	0.67	120
0.0	653.1083984375	0.18	121
0.0	983858.115234375	250.54	122
0.0	12571.41015625	3.14	123
0.0	6894.8310546875	1.73	124
0.0	9869.3623046875	2.43	125
14.0	1024000.0	257.84	126
0.0	745244.169921875	183.99	127
0.0	1254.03515625	0.31	128
0.0	599.896484375	0.15	129
0.0	648.15625	0.17	130
14.0	1024000.0	254.39	131
0.0	197905.90625	49.26	132
0.0	1182.2373046875	0.3	133
15.0	1024000.0	261.91	134
0.0	600.7666015625	0.15	135
19.0	1024000.0	257.56	136
0.0	227.9716796875	0.06	137
0.0	3967.7646484375	0.99	138
0.0	43618.2490234375	10.87	139
0.0	1081.56640625	0.27	140
0.0	2702.2001953125	0.67	141
0.0	66.5146484375	0.02	142
0.0	2008.318359375	0.51	143
0.0	264.5283203125	0.07	144
0.0	9388.3642578125	2.35	145
0.0	209.89453125	0.05	146
0.0	45156.294921875	11.31	147
0.0	1416.23046875	0.36	148
0.0	2245.5888671875	0.57	149
0.0	1392.07421875	0.35	150
0.0	831.9375	0.21	151
23.0	1024000.0	256.44	152
23.0	1024000.0	256.68	153
0.0	282.587890625	0.07	154
0.0	451.6708984375	0.11	155
0.0	242.8359375	0.06	156
0.0	571.34765625	0.14	157
0.0	338.421875	0.09	158
0.0	1078.7822265625	0.27	159
32.0	1024000.0	253.77	160
0.0	133.287109375	0.03	161
0.0	5182.041015625	1.3	162
0.0	596.1494140625	0.15	163
0.0	3161.58984375	0.81	164
0.0	2852.4677734375	0.71	165
0.0	602.876953125	0.15	166
0.0	4513.251953125	1.13	167
0.0	226.708984375	0.06	168
0.0	4677.951171875	1.19	169
0.0	24909.576171875	5.99	170
0.0	1264.26953125	0.32	171
0.0	77625.4658203125	19.37	172
0.0	5943.1298828125	1.51	173
0.0	3410.005859375	0.86	174
17.0	1024000.0	259.62	175
0.0	1251.326171875	0.31	176
13.0	1024000.0	258.02	177
39.0	1024000.0	259.01	178
0.0	329.091796875	0.08	179
0.0	8087.95703125	2.04	180
0.0	75672.962890625	18.63	181
0.0	32043.2392578125	7.94	182
38.0	1024000.0	256.41	183
0.0	5195.865234375	1.29	184
43.0	1024000.0	257.94	185
16.0	1024000.0	255.99	186
0.0	2131.7861328125	0.54	187
0.0	5706.583984375	1.43	188
0.0	51.3427734375	0.02	189
0.0	345.0439453125	0.09	190
19.0	1024000.0	258.1	191
0.0	1965.208984375	0.5	192
0.0	1185.193359375	0.3	193
0.0	44345.21484375	11.09	194
23.0	1024000.0	254.78	195
0.0	541653.4990234375	135.86	196
0.0	427.619140625	0.11	197
0.0	2521.890625	0.63	198
0.0	623.3974609375	0.16	199
33.0	1024000.0	260.76	200
0.0	14026.7705078125	3.5	201
0.0	3867.4990234375	0.96	202
0.0	3207.9169921875	0.81	203
0.0	175.2421875	0.05	204
0.0	898.00390625	0.23	205
17.0	1024000.0	254.4	206
0.0	89.8681640625	0.02	207
0.0	25911.5869140625	6.54	208
0.0	20454.68359375	5.1	209
0.0	365.9755859375	0.1	210
0.0	14935.5078125	3.75	211
0.0	1768.958984375	0.45	212
0.0	251.5224609375	0.07	213
0.0	837.9970703125	0.22	214
0.0	12235.8232421875	3.05	215
0.0	3250.72265625	0.83	216
0.0	42.4765625	0.01	217
0.0	12422.7099609375	3.11	218
0.0	46463.708984375	11.92	219
24.0	1024000.0	256.66	220
0.0	904.0009765625	0.24	221
0.0	63.8544921875	0.02	222
0.0	91.650390625	0.03	223
0.0	1956.2255859375	0.5	224
0.0	143438.525390625	35.2	225
0.0	716.802734375	0.19	226
0.0	147.703125	0.04	227
14.0	1024000.0	255.12	228
0.0	1902.5361328125	0.47	229
0.0	503.1201171875	0.13	230
0.0	7907.9052734375	1.99	231
0.0	965.189453125	0.25	232
0.0	73.7626953125	0.02	233
0.0	4563.9541015625	1.15	234
0.0	80.8017578125	0.02	235
0.0	411.072265625	0.11	236
0.0	2477.8125	0.58	237
0.0	4345.2705078125	1.1	238
0.0	1534.123046875	0.37	239
0.0	376.6357421875	0.1	240
36.0	1024000.0	257.64	241
0.0	1072.6103515625	0.27	242
0.0	1333.974609375	0.34	243
0.0	127.2490234375	0.03	244
0.0	214.13671875	0.06	245
0.0	78397.412109375	19.69	246
0.0	637.0478515625	0.16	247
0.0	435.7744140625	0.11	248
0.0	3896.3564453125	0.95	249
0.0	117347.8212890625	29.57	250
0.0	1781.193359375	0.44	251
0.0	1334.310546875	0.34	252
0.0	139.77734375	0.04	253
26.0	1024000.0	257.66	254
0.0	3276.5498046875	0.81	255
0.0	357.478515625	0.09	256
0.0	1602.083984375	0.39	257
0.0	396863.4150390625	99.67	258
0.0	6620.4609375	1.64	259
0.0	1490.357421875	0.36	260
36.0	1024000.0	259.25	261
0.0	823.2734375	0.21	262
0.0	468149.587890625	116.36	263
0.0	166.287109375	0.04	264
0.0	606.4609375	0.15	265
19.0	1024000.0	251.74	266
0.0	108.9140625	0.03	267
0.0	396.3017578125	0.1	268
0.0	169298.33984375	41.8	269
0.0	979.5595703125	0.25	270
0.0	27382.2509765625	6.84	271
0.0	278.650390625	0.07	272
0.0	158.7080078125	0.04	273
0.0	1317.5791015625	0.34	274
0.0	16384.26171875	4.2	275
0.0	1924.4619140625	0.49	276
16.0	1024000.0	253.75	277
23.0	1024000.0	257.33	278
0.0	1214.873046875	0.3	279
25.0	1024000.0	251.7	280
19.0	1024000.0	260.28	281
16.0	1024000.0	259.39	282
0.0	25161.4814453125	6.26	283
0.0	256.5126953125	0.07	284
0.0	27510.5869140625	6.88	285
0.0	66.318359375	0.02	286
0.0	208.0234375	0.06	287
0.0	123394.2060546875	31.15	288
0.0	2149.2158203125	0.54	289
0.0	773417.7216796875	194.22	290
0.0	3786.7021484375	0.97	291
0.0	371.072265625	0.1	292
0.0	4739.517578125	1.21	293
0.0	4461.4873046875	1.12	294
0.0	13239.423828125	3.3	295
0.0	91010.8095703125	22.4	296
0.0	4416.8740234375	1.11	297
0.0	177.837890625	0.05	298
0.0	30976.4169921875	7.73	299
0.0	12164.9052734375	2.98	300
0.0	225.4150390625	0.06	301
0.0	230180.1669921875	57.81	302
0.0	6179.72265625	1.56	303
0.0	2341.6005859375	0.6	304
0.0	263.1220703125	0.07	305
0.0	718.0048828125	0.18	306
0.0	523695.9736328125	131.92	307
0.0	2540.2822265625	0.65	308
0.0	129.421875	0.03	309
0.0	82300.8896484375	20.51	310
25.0	1024000.0	256.95	311
0.0	2207.677734375	0.54	312
0.0	9322.0703125	2.37	313
0.0	719.7763671875	0.19	314
0.0	2829.0302734375	0.72	315
0.0	1664.3544921875	0.41	316
0.0	776.2998046875	0.2	317
0.0	536.3076171875	0.14	318
0.0	16466.65234375	4.15	319
0.0	726.8046875	0.19	320
0.0	1804.3798828125	0.46	321
0.0	5561.998046875	1.38	322
0.0	141.0537109375	0.04	323
23.0	1024000.0	259.42	324
0.0	347.1376953125	0.09	325
0.0	4188.71875	1.06	326
0.0	431.4814453125	0.11	327
0.0	219.9072265625	0.05	328
0.0	2369.490234375	0.61	329
0.0	238.6513671875	0.06	330
8.0	1024000.0	248.37	331
30.0	1024000.0	258.97	332
0.0	260.9912109375	0.07	333
0.0	5906.99609375	1.49	334
29.0	1024000.0	254.6	335
0.0	20000.53515625	4.94	336
0.0	180.708984375	0.05	337
0.0	4785.955078125	1.22	338
0.0	829.45703125	0.21	339
0.0	157.4384765625	0.04	340
0.0	284.6806640625	0.07	341
0.0	23334.1953125	5.72	342
0.0	3466.3203125	0.89	343
0.0	2724.580078125	0.7	344
0.0	148.158203125	0.04	345
0.0	10298.642578125	2.59	346
0.0	21545.9912109375	5.36	347
30.0	1024000.0	256.78	348
0.0	905.8427734375	0.24	349
0.0	2147.91015625	0.54	350
0.0	58.654296875	0.01	351
0.0	12152.7021484375	3.04	352
0.0	10835.6494140625	2.73	353
24.0	1024000.0	256.99	354
0.0	49112.4052734375	12.35	355
0.0	9821.34375	2.46	356
0.0	8590.1572265625	2.18	357
0.0	963.396484375	0.25	358
20.0	1024000.0	258.33	359
27.0	1024000.0	254.11	360
0.0	406.876953125	0.11	361
0.0	3084.0322265625	0.79	362
0.0	2276.6044921875	0.58	363
0.0	188053.7587890625	47.37	364
22.0	1024000.0	252.19	365
0.0	378.9482421875	0.1	366
0.0	21014.6982421875	5.26	367
0.0	457.318359375	0.11	368
0.0	487.6044921875	0.13	369
25.0	1024000.0	250.49	370
0.0	2710.9130859375	0.7	371
0.0	8264.44140625	2.06	372
0.0	41204.44921875	10.39	373
0.0	2951.7255859375	0.75	374
0.0	1078.005859375	0.27	375
0.0	103.3505859375	0.03	376
24.0	1024000.0	259.45	377
0.0	1657.234375	0.43	378
0.0	9131.486328125	2.27	379
0.0	1236.974609375	0.31	380
0.0	586.2890625	0.15	381
0.0	198.46484375	0.05	382
0.0	5808.978515625	1.46	383
33.0	1024000.0	255.53	384
0.0	1048.1943359375	0.27	385
0.0	4020.8046875	1.02	386
0.0	744.2119140625	0.19	387
0.0	2169.5400390625	0.54	388
0.0	173.302734375	0.05	389
0.0	226.041015625	0.06	390
0.0	9885.623046875	2.53	391
0.0	1951.64453125	0.48	392
0.0	780.8955078125	0.2	393
0.0	2428.53515625	0.61	394
0.0	16417.88671875	4.07	395
42.0	1024000.0	254.14	396
0.0	69206.1845703125	17.46	397
21.0	1024000.0	257.67	398
0.0	397.2783203125	0.1	399
0.0	2785.322265625	0.69	400
0.0	1797.455078125	0.46	401
0.0	1416.5771484375	0.36	402
0.0	83885.787109375	20.97	403
0.0	22858.5810546875	5.73	404
15.0	1024000.0	254.2	405
0.0	3490.0107421875	0.89	406
0.0	5325.8134765625	1.34	407
28.0	1024000.0	258.31	408
0.0	13612.4462890625	3.4	409
25.0	1024000.0	254.99	410
0.0	6790.08984375	1.73	411
0.0	122.5986328125	0.03	412
0.0	233.9150390625	0.06	413
0.0	1706.8642578125	0.44	414
0.0	2132.9033203125	0.52	981
0.0	225.4619140625	0.05	982
0.0	542809.0576171875	136.31	983
0.0	191.8701171875	0.05	984
0.0	1577.0576171875	0.38	985
0.0	3056.12890625	0.75	986
0.0	23244.0986328125	5.78	987
0.0	49.7373046875	0.01	988
29.0	1024000.0	255.95	989
0.0	45932.98828125	11.35	990
26.0	1024000.0	261.81	991
0.0	366.6298828125	0.09	992
0.0	806054.2841796875	202.57	993
0.0	3347.5595703125	0.84	994
0.0	708.640625	0.18	995
0.0	648.4990234375	0.17	996
0.0	1722.1650390625	0.43	997
0.0	127.9443359375	0.03	998
0.0	1528.39453125	0.39	999
0.0	509.8759765625	0.13	1000
31.0	1024000.0	256.24	1001
0.0	370.068359375	0.09	1002
0.0	3842.1796875	0.97	1003
0.0	7335.7998046875	1.83	1004
0.0	1950.5927734375	0.48	1005
0.0	80196.9833984375	19.85	1006
0.0	109.3359375	0.03	1007
0.0	298.0361328125	0.07	1008
0.0	6680.2392578125	1.65	1009
0.0	86651.0908203125	21.33	1010
0.0	35657.310546875	8.98	1011
0.0	361.6142578125	0.09	1012
0.0	5746.5146484375	1.44	1013
0.0	214912.9765625	53.56	1014
0.0	2099.1337890625	0.52	1015
24.0	1024000.0	259.36	1016
19.0	1024000.0	254.41	1017
0.0	665.2900390625	0.17	1018
0.0	60.8955078125	0.02	1019
0.0	1174.474609375	0.29	1020
0.0	3494.3564453125	0.87	1021
0.0	3657.080078125	0.91	1022
0.0	10152.4990234375	2.53	1023
0.0	987886.3212890625	242.53	1024
10.0	1024000.0	255.49	1025
28.0	1024000.0	256.17	1026
31.0	1024000.0	257.29	1027
0.0	1583.111328125	0.4	1028
0.0	37418.1591796875	9.13	1029
0.0	3451.76171875	0.88	1030
0.0	709.6533203125	0.18	1031
0.0	594.9306640625	0.15	1032
0.0	474.6083984375	0.12	1033
14.0	1024000.0	248.91	1034
0.0	2463.19140625	0.62	1035
0.0	21137.390625	5.24	1036
0.0	1560.7900390625	0.39	1037
0.0	2605.2265625	0.64	1038
13.0	1024000.0	261.55	1039
0.0	86.2685546875	0.02	1040
0.0	144.3291015625	0.04	1041
0.0	178931.7744140625	44.37	1042
0.0	2082.623046875	0.53	1043
0.0	737.9140625	0.19	1044
0.0	3442.1787109375	0.86	1045
14.0	1024000.0	256.79	1046
0.0	44.677734375	0.01	1047
28.0	1024000.0	258.17	1048
0.0	85401.671875	21.44	1049
0.0	106.4765625	0.03	1050
0.0	46402.2431640625	11.68	1051
36.0	1024000.0	258.64	1052
0.0	1385.3515625	0.34	1053
0.0	6319.8037109375	1.55	1054
0.0	109477.2587890625	27.39	1055
0.0	2947.779296875	0.75	1056
0.0	2530.1806640625	0.63	1057
12.0	1024000.0	253.23	1058
0.0	2922.724609375	0.74	1059
0.0	9189.9609375	2.28	1060
0.0	2657.2783203125	0.67	1061
0.0	12631.1630859375	3.18	1062
0.0	1180.3173828125	0.29	1063
0.0	188.8154296875	0.05	1064
0.0	214.9013671875	0.05	1065
0.0	4741.25390625	1.19	1066
0.0	411.6962890625	0.1	1067
0.0	33895.8984375	8.55	1068
32.0	1024000.0	257.67	1069
0.0	667.3330078125	0.17	1070
0.0	1860.0703125	0.47	1071
20.0	1024000.0	259.55	1072
17.0	1024000.0	258.86	1073
0.0	15304.203125	3.82	1074
0.0	614.57421875	0.16	1075
0.0	3975.61328125	1.01	1076
0.0	1294.923828125	0.32	1077
0.0	1123.6953125	0.29	1078
0.0	781.97265625	0.2	1079
0.0	15593.0693359375	3.94	1080
0.0	122.515625	0.03	1081
0.0	2370.2890625	0.59	1082
0.0	17124.572265625	4.31	1083
0.0	42725.046875	10.72	1084
0.0	344.578125	0.09	1085
0.0	606.2744140625	0.15	1086
0.0	1755.9189453125	0.44	1087
0.0	10997.9306640625	2.75	1088
0.0	1992.37890625	0.5	1089
16.0	1024000.0	255.19	1090
16.0	1024000.0	257.48	1091
29.0	1024000.0	255.54	1092
0.0	5504.4951171875	1.4	1093
0.0	34.4326171875	0.01	1094
0.0	401500.85546875	101.83	1095
0.0	509.51171875	0.12	1096
0.0	309.35546875	0.08	1097
0.0	8660.62109375	2.18	1098
0.0	193.6259765625	0.05	1099
0.0	6398.8330078125	1.62	1100
0.0	32171.3515625	8.05	1101
0.0	111.2158203125	0.03	1102
0.0	31630.6865234375	7.96	1103
0.0	6095.1650390625	1.56	1104
0.0	5211.21484375	1.31	1105
0.0	1425.4814453125	0.36	1106
0.0	1801.7080078125	0.45	1107
0.0	997783.6025390625	248.8	1108
14.0	1024000.0	256.5	1109
0.0	429.8876953125	0.11	1110
0.0	1740.986328125	0.43	1111
0.0	250.7265625	0.07	1112
0.0	1560.3984375	0.4	1113
0.0	3676.8408203125	0.93	1114
0.0	331.0322265625	0.09	1115
31.0	1024000.0	259.53	1116
24.0	1024000.0	258.09	1117
34.0	1024000.0	257.68	1118
0.0	702.873046875	0.18	1119
27.0	1024000.0	259.94	1120
28.0	1024000.0	256.98	1121
0.0	191.50390625	0.05	1122
0.0	28346.6943359375	7.13	1123
0.0	1107.6005859375	0.28	1124
0.0	3089.9931640625	0.75	1125
0.0	205.8544921875	0.06	1126
0.0	377.5703125	0.09	1127
0.0	116.5263671875	0.03	1128
0.0	481.328125	0.12	1129
0.0	8383.3212890625	2.08	1130
0.0	621.5009765625	0.16	1131
0.0	1238.05078125	0.31	1132
0.0	1978.0693359375	0.5	1133
0.0	8300.9658203125	2.11	1134
0.0	5963.35546875	1.47	1135
0.0	227.3671875	0.06	1136
0.0	1066.7099609375	0.28	1137
0.0	722.0263671875	0.18	1138
0.0	600.951171875	0.16	1139
0.0	2760.689453125	0.71	1140
0.0	5638.994140625	1.42	1141
0.0	105974.0224609375	26.06	1142
0.0	13385.453125	3.35	1143
0.0	119146.744140625	30.11	1144
28.0	1024000.0	254.75	1145
0.0	302.9814453125	0.08	1146
0.0	106931.26171875	25.56	1147
0.0	4676.34375	1.18	1148
0.0	685.0810546875	0.17	1149
0.0	603.384765625	0.16	1150
0.0	1171.548828125	0.29	1151
0.0	2869.4404296875	0.72	1152
0.0	671.6845703125	0.17	1153
0.0	400.912109375	0.1	1154
0.0	456.8154296875	0.12	1155
0.0	716.3486328125	0.18	1156
0.0	1593.77734375	0.41	1157
0.0	260.1416015625	0.07	1158
0.0	3389.5380859375	0.85	1159
0.0	382.2666015625	0.1	1160
0.0	118724.078125	29.76	1161
0.0	192.501953125	0.05	1162
24.0	1024000.0	256.85	1163
0.0	774.2890625	0.2	1164
0.0	122.451171875	0.03	1165
20.0	1024000.0	251.83	1166
0.0	281.72265625	0.07	1167
0.0	359.0791015625	0.09	1168
0.0	340.6875	0.09	1169
0.0	70351.5322265625	17.65	1170
0.0	1495.25	0.38	1171
0.0	10232.556640625	2.58	1172
0.0	1605.333984375	0.41	1173
0.0	232977.0322265625	58.42	1174
0.0	983409.8603515625	246.39	1175
0.0	238.8740234375	0.06	1176
0.0	26399.1767578125	6.68	1177
0.0	5773.6005859375	1.47	1178
0.0	1099.5947265625	0.28	1179
23.0	1024000.0	257.63	1180
0.0	1069.0458984375	0.27	1181
0.0	1269.8603515625	0.32	1182
0.0	130.1953125	0.03	1183
0.0	9974.658203125	2.5	1184
0.0	102.87890625	0.03	1185
0.0	178.232421875	0.05	1186
0.0	282.734375	0.07	1187
0.0	16875.646484375	4.25	1188
0.0	1891.04296875	0.48	1189
30.0	1024000.0	259.79	1190
0.0	163.1962890625	0.05	1191
0.0	13632.64453125	3.33	1192
0.0	624.6865234375	0.16	1193
0.0	8571.1142578125	2.15	1194
37.0	1024000.0	257.0	1195
17.0	1024000.0	257.24	1196
0.0	12643.802734375	3.19	1197
0.0	367.6064453125	0.1	1198
0.0	378103.51953125	94.92	1199
0.0	5981.447265625	1.5	1200
0.0	1556.021484375	0.39	1201
0.0	315015.2626953125	77.84	1202
0.0	2955.376953125	0.75	1203
0.0	32340.47265625	8.16	1204
18.0	1024000.0	260.01	1205
25.0	1024000.0	254.23	1206
0.0	118.00390625	0.03	1207
0.0	468.158203125	0.12	1208
0.0	390.041015625	0.1	1209
0.0	722.2314453125	0.18	1210
4.0	1024000.0	254.74	1211
0.0	840.724609375	0.21	1212
0.0	317.537109375	0.09	1213
0.0	2326.1865234375	0.57	1214
0.0	2004.41796875	0.5	1215
0.0	176.46484375	0.05	1216
0.0	476469.28125	119.11	1217
0.0	445.6982421875	0.11	1218
0.0	90801.849609375	23.16	1219
0.0	1595.494140625	0.41	1220
29.0	1024000.0	258.02	1221
0.0	2119.0478515625	0.53	1222
0.0	1020690.150390625	255.8	1223
0.0	1527.2548828125	0.38	1224
21.0	1024000.0	260.12	1225
0.0	3722.205078125	0.91	1226
0.0	49767.908203125	12.48	1227
0.0	15356.583984375	3.77	1228
0.0	4268.6884765625	1.08	1229
0.0	1197.0146484375	0.3	1230
0.0	11949.685546875	2.99	1231
0.0	2777.8134765625	0.69	1232
0.0	65858.099609375	16.85	1233
13.0	1024000.0	250.53	1234
0.0	295.384765625	0.08	1235
0.0	339053.3291015625	81.88	1236
0.0	3374.30078125	0.85	1237
0.0	5219.2265625	1.32	1238
0.0	186315.1845703125	47.27	1239
0.0	8003.7373046875	2.02	1240
0.0	150.84375	0.04	1241
0.0	73.404296875	0.02	1242
0.0	543.53515625	0.14	1243
0.0	4749.59375	1.2	1244
0.0	2238.9912109375	0.57	1245
9.0	1024000.0	254.66	1246
18.0	1024000.0	259.1	1247
0.0	1176.6845703125	0.3	1248
0.0	1857.2431640625	0.46	1249
0.0	294.98046875	0.08	1250
0.0	1310.341796875	0.33	1251
0.0	283.3603515625	0.07	1252
0.0	185.7119140625	0.05	1253
0.0	8694.919921875	2.15	1254
0.0	367.28125	0.1	1255
0.0	4817.02734375	1.23	1256
0.0	1301.6083984375	0.33	1257
0.0	1391.0859375	0.35	1258
0.0	7936.2958984375	1.97	1259
0.0	2082.12109375	0.52	1260
0.0	243.0087890625	0.06	1261
0.0	440.83984375	0.11	1262
0.0	2293.318359375	0.58	1263
27.0	1024000.0	261.48	1264
0.0	3589.0615234375	0.89	1265
17.0	1024000.0	258.18	1266
33.0	1024000.0	257.75	1267
0.0	300.435546875	0.08	1268
0.0	1071.5029296875	0.26	1269
0.0	8691.9111328125	2.11	1270
0.0	255.0146484375	0.07	1271
0.0	3365.4111328125	0.86	1272
23.0	1024000.0	256.47	1273
0.0	21612.6845703125	5.39	1274
0.0	7151.20703125	1.81	1275
0.0	928.30859375	0.23	1276
0.0	23609.685546875	5.96	1277
0.0	934.3486328125	0.23	1278
0.0	127984.9033203125	31.97	1279
0.0	1046.28515625	0.27	1280
0.0	2032.474609375	0.5	1281
0.0	657.9130859375	0.17	1282
14.0	1024000.0	255.22	1283
0.0	27226.8154296875	6.81	1284
0.0	753401.1396484375	187.88	1285
0.0	24438.3984375	6.19	1286
32.0	1024000.0	260.96	1287
0.0	138266.943359375	35.03	1288
0.0	36229.6884765625	8.97	1289
0.0	2606.2783203125	0.67	1290
0.0	392.72265625	0.11	1291
0.0	229.5439453125	0.06	1292
12.0	1024000.0	256.74	1293
0.0	1065.546875	0.27	1294
19.0	1024000.0	255.35	1295
0.0	27503.4326171875	6.88	1296
0.0	469.404296875	0.12	1297
0.0	1517.869140625	0.38	1298
0.0	1304.7919921875	0.33	1299
0.0	708.833984375	0.18	1300
0.0	11543.537109375	2.87	1301
0.0	414.6767578125	0.11	1302
0.0	16029.462890625	3.95	1303
0.0	470.03125	0.12	1304
0.0	274.7685546875	0.07	1305
0.0	315.3671875	0.08	1306
0.0	2438.4580078125	0.61	1307
0.0	630.880859375	0.17	1308
0.0	612.453125	0.16	1309
0.0	743.2001953125	0.19	1310
0.0	329.5322265625	0.09	1311
0.0	822.791015625	0.21	1312
0.0	372.3271484375	0.1	1313
0.0	79520.8251953125	20.06	1314
27.0	1024000.0	257.88	1315
22.0	1024000.0	259.19	1316
0.0	5534.68359375	1.38	1317
0.0	14217.9794921875	3.56	1318
0.0	349.875	0.09	1319
0.0	9738.0478515625	2.39	1320
0.0	5052.5068359375	1.26	1321
0.0	249.5126953125	0.06	1322
0.0	2562.7734375	0.64	1323
12.0	1024000.0	254.28	1324
12.0	1024000.0	258.13	1325
0.0	778.6474609375	0.2	1326
22.0	1024000.0	256.99	1327
0.0	2607.361328125	0.66	1328
25.0	1024000.0	257.9	1329
15.0	1024000.0	258.89	1330
0.0	374.447265625	0.1	1331
0.0	8479.6826171875	2.19	1332
0.0	280.4228515625	0.07	1333
0.0	611.1650390625	0.16	1334
0.0	1503.759765625	0.38	1335
0.0	7717.6279296875	1.92	1336
0.0	688.1064453125	0.18	1337
0.0	32415.1640625	8.18	1338
0.0	2564.5673828125	0.63	1339
0.0	604.7802734375	0.16	1340
0.0	912.2578125	0.23	1341
0.0	1535.3271484375	0.38	1342
0.0	139.814453125	0.04	1343
0.0	8596.2705078125	2.09	1344
0.0	725.962890625	0.18	1345
0.0	2210.5556640625	0.57	1346
0.0	274566.7958984375	69.22	1347
0.0	20316.1240234375	5.1	1348
0.0	441750.25390625	110.1	1349
32.0	1024000.0	256.53	1350
0.0	2120.6513671875	0.54	1351
0.0	7923.9384765625	1.91	1352
0.0	605.4375	0.16	1353
19.0	1024000.0	256.53	1354
0.0	739.943359375	0.18	1355
0.0	1535.2197265625	0.38	1356
42.0	1024000.0	261.17	1357
0.0	196.8505859375	0.05	1358
28.0	1024000.0	256.97	1359
19.0	1024000.0	257.29	1360
0.0	2626.189453125	0.67	1361
0.0	334.1474609375	0.09	1362
0.0	103176.1962890625	25.8	1363
0.0	12329.8916015625	3.12	1364
0.0	16356.3515625	4.05	1365
0.0	4466.1025390625	1.13	1366
0.0	214878.0048828125	53.11	1367
0.0	95.9384765625	0.03	1368
0.0	7621.0322265625	1.9	1369
0.0	948.62109375	0.25	1370
0.0	453.31640625	0.11	1371
0.0	22.486328125	0.01	1372
0.0	3999.6123046875	1.02	1373
0.0	1059.318359375	0.28	1374
0.0	48.861328125	0.01	1375
0.0	443252.341796875	111.96	1376
0.0	28109.6953125	7.06	1377
0.0	614.638671875	0.16	1378
0.0	464.6982421875	0.12	1379
19.0	1024000.0	256.46	1380
0.0	4578.1865234375	1.12	1961
0.0	79.6591796875	0.02	1962
0.0	100.0849609375	0.02	1963
0.0	553.1943359375	0.14	1964
0.0	25795.8798828125	6.35	1965
0.0	3876.2138671875	0.96	1966
35.0	1024000.0	260.51	1967
0.0	35627.744140625	8.92	1968
21.0	1024000.0	258.17	1969
24.0	1024000.0	256.26	1970
0.0	8930.3154296875	2.22	1971
0.0	11808.0498046875	2.93	1972
5.0	1024000.0	251.38	1973
0.0	159.8876953125	0.04	1974
0.0	54.2158203125	0.01	1975
0.0	15167.837890625	3.83	1976
0.0	254.7890625	0.07	1977
0.0	508.2734375	0.13	1978
0.0	571.4794921875	0.14	1979
0.0	1958.603515625	0.51	1980
0.0	1468.79296875	0.37	1981
0.0	1452.7158203125	0.36	1982
26.0	1024000.0	258.84	1983
20.0	1024000.0	257.39	1984
0.0	605.4375	0.15	1985
0.0	4078.3291015625	1.02	1986
0.0	1127.841796875	0.28	1987
0.0	1255.8603515625	0.32	1988
0.0	3238.4365234375	0.8	1989
0.0	143954.404296875	35.81	1990
0.0	4703.11328125	1.17	1991
0.0	3575.2998046875	0.9	1992
0.0	1249.6474609375	0.31	1993
0.0	187.6328125	0.05	1994
29.0	1024000.0	258.72	1995
0.0	2168.876953125	0.55	1996
0.0	143.322265625	0.04	1997
13.0	1024000.0	254.51	1998
0.0	538.4833984375	0.14	1999
0.0	1128.791015625	0.27	2000
19.0	1024000.0	254.47	2001
17.0	1024000.0	256.83	2002
0.0	265.1142578125	0.06	2003
0.0	878.9853515625	0.22	2004
0.0	508.7568359375	0.13	2005
0.0	251623.4013671875	63.35	2006
22.0	1024000.0	250.72	2007
0.0	4432.8193359375	1.12	2008
0.0	1592.193359375	0.4	2009
0.0	65672.6982421875	16.41	2010
0.0	116531.85546875	29.44	2011
0.0	4684.6845703125	1.19	2012
0.0	188.51171875	0.05	2013
0.0	24067.8212890625	5.97	2014
23.0	1024000.0	255.22	2015
0.0	142.365234375	0.04	2016
0.0	22479.3466796875	5.67	2017
0.0	114.6298828125	0.03	2018
13.0	1024000.0	253.55	2019
0.0	2172.466796875	0.53	2020
0.0	380.513671875	0.1	2021
51.0	1024000.0	258.7	2022
0.0	202.712890625	0.05	2023
0.0	14236.123046875	3.54	2024
0.0	120.2373046875	0.03	2025
0.0	5411.244140625	1.37	2026
0.0	2102.111328125	0.53	2027
0.0	26120.419921875	6.51	2028
0.0	4207.138671875	1.07	2029
0.0	2153.2587890625	0.55	2030
0.0	218.4462890625	0.06	2031
0.0	656.5419921875	0.16	2032
0.0	6311.0185546875	1.6	2033
0.0	29204.9462890625	7.32	2034
0.0	2280.6083984375	0.58	2035
0.0	270.6396484375	0.07	2036
0.0	4779.3388671875	1.19	2037
0.0	212.943359375	0.06	2038
0.0	363.8505859375	0.09	2039
20.0	1024000.0	257.35	2040
0.0	3355.8525390625	0.84	2041
0.0	198.392578125	0.05	2042
19.0	1024000.0	256.27	2043
0.0	98.1787109375	0.02	2044
0.0	646.875	0.17	2045
0.0	384.9677734375	0.1	2046
0.0	854.1240234375	0.21	2047
0.0	316.763671875	0.08	2048
0.0	377.9091796875	0.09	2049
0.0	270958.2451171875	67.55	2050
0.0	237.2587890625	0.06	2051
37.0	1024000.0	261.63	2052
0.0	603.0498046875	0.15	2053
0.0	309341.7099609375	77.39	2054
0.0	752.43359375	0.18	2055
0.0	7731.6875	1.94	2056
0.0	195.6396484375	0.05	2057
0.0	505863.716796875	126.06	2058
0.0	36224.17578125	8.98	2059
0.0	75795.212890625	18.77	2060
0.0	4445.173828125	1.12	2061
0.0	8869.3115234375	2.19	2062
29.0	1024000.0	255.83	2063
0.0	576.88671875	0.15	2064
0.0	46582.09375	11.68	2065
0.0	30.4775390625	0.01	2066
0.0	13290.4833984375	3.31	2067
0.0	1115.4365234375	0.28	2068
0.0	1937.4013671875	0.49	2069
0.0	13311.69140625	3.23	2070
0.0	252.8642578125	0.06	2071
20.0	1024000.0	255.25	2072
0.0	153253.7109375	38.45	2073
0.0	127.365234375	0.03	2074
0.0	5663.94921875	1.43	2075
0.0	197.6572265625	0.05	2076
0.0	739.7294921875	0.19	2077
0.0	924.3330078125	0.23	2078
0.0	396.35546875	0.1	2079
0.0	715.751953125	0.18	2080
0.0	691.890625	0.17	2081
16.0	1024000.0	255.11	2082
0.0	2793.6650390625	0.72	2083
0.0	484.115234375	0.13	2084
46.0	1024000.0	258.83	2085
0.0	256.1025390625	0.07	2086
0.0	372.95703125	0.1	2087
25.0	1024000.0	254.52	2088
11.0	1024000.0	258.57	2089
27.0	1024000.0	259.07	2090
0.0	5312.42578125	1.31	2091
0.0	15926.7861328125	4.02	2092
0.0	68787.8662109375	17.13	2093
0.0	70.3203125	0.02	2094
0.0	1219.8427734375	0.31	2095
0.0	213.775390625	0.06	2096
0.0	1578.8046875	0.4	2097
23.0	1024000.0	255.97	2098
0.0	271.4970703125	0.07	2099
0.0	1922.7607421875	0.49	2100
0.0	193.3212890625	0.05	2101
9.0	1024000.0	258.5	2102
0.0	1248.578125	0.32	2103
34.0	1024000.0	260.86	2104
0.0	755.6923828125	0.2	2105
0.0	849.0712890625	0.21	2106
0.0	402.7451171875	0.1	2107
0.0	280.818359375	0.08	2108
0.0	211835.953125	52.83	2109
0.0	6735.080078125	1.68	2110
0.0	112.1513671875	0.03	2111
17.0	1024000.0	255.31	2112
20.0	1024000.0	259.54	2113
0.0	6170.74609375	1.54	2114
0.0	2980.0927734375	0.75	2115
0.0	1269.48046875	0.32	2116
0.0	651.306640625	0.17	2117
0.0	317.306640625	0.08	2118
0.0	650.8916015625	0.16	2119
0.0	127.416015625	0.03	2120
16.0	1024000.0	257.45	2121
29.0	1024000.0	256.86	2122
0.0	4264.30859375	1.07	2123
0.0	2219.91015625	0.55	2124
0.0	94.556640625	0.02	2125
0.0	1238.265625	0.31	2126
0.0	48729.080078125	11.69	2127
0.0	4384.5234375	1.11	2128
0.0	373826.2373046875	93.49	2129
0.0	1502.6103515625	0.38	2130
0.0	859.3623046875	0.22	2131
16.0	1024000.0	258.67	2132
0.0	4172.0537109375	1.03	2133
0.0	77.44140625	0.02	2134
0.0	12803.4482421875	3.23	2135
0.0	1045.6826171875	0.27	2136
0.0	35945.541015625	8.93	2137
0.0	3041.9296875	0.75	2138
0.0	5016.8388671875	1.25	2139
0.0	575.8876953125	0.15	2140
11.0	1024000.0	250.47	2141
21.0	1024000.0	255.02	2142
0.0	121.072265625	0.03	2143
5.0	1024000.0	257.67	2144
0.0	10157.697265625	2.54	2145
0.0	102.46484375	0.03	2146
0.0	641067.3955078125	158.54	2147
0.0	726.4755859375	0.19	2148
0.0	8682.8349609375	2.19	2149
0.0	798.01953125	0.2	2150
0.0	931.4140625	0.23	2151
0.0	296.5439453125	0.08	2152
17.0	1024000.0	256.18	2153
0.0	788.4033203125	0.19	2154
11.0	1024000.0	255.45	2155
0.0	1318.228515625	0.33	2156
0.0	32195.5380859375	8.09	2157
0.0	176.283203125	0.04	2158
0.0	1057.51171875	0.27	2159
0.0	896.10546875	0.22	2160
0.0	84.5517578125	0.02	2161
29.0	1024000.0	256.32	2162
5.0	1024000.0	250.97	2163
0.0	41616.9384765625	10.43	2164
0.0	359.990234375	0.09	2165
0.0	1039.5693359375	0.26	2166
0.0	35116.0546875	8.85	2167
0.0	2172.0859375	0.54	2168
0.0	16543.9931640625	4.14	2169
0.0	4035.333984375	1.02	2170
24.0	1024000.0	257.04	2171
0.0	6153.4404296875	1.56	2172
38.0	1024000.0	257.84	2173
0.0	2458.1962890625	0.63	2174
0.0	1175.126953125	0.3	2175
0.0	3353.3115234375	0.85	2176
0.0	1572.1669921875	0.4	2177
0.0	69571.3095703125	17.61	2178
18.0	1024000.0	257.21	2179
0.0	605.2744140625	0.16	2180
0.0	412093.8525390625	103.95	2181
24.0	1024000.0	259.24	2182
0.0	568.404296875	0.15	2183
15.0	1024000.0	251.54	2184
0.0	2563.2646484375	0.66	2185
0.0	1856.6181640625	0.47	2186
0.0	478.359375	0.12	2187
0.0	2318.75	0.58	2188
25.0	1024000.0	256.93	2189
0.0	949.9306640625	0.25	2190
0.0	430.0556640625	0.11	2191
0.0	10292.705078125	2.56	2192
0.0	2258.447265625	0.58	2193
0.0	5072.3896484375	1.28	2194
0.0	317.10546875	0.09	2195
0.0	2987.388671875	0.75	2196
51.0	1024000.0	260.85	2197
0.0	1532.7265625	0.38	2198
0.0	8403.451171875	2.09	2199
24.0	1024000.0	249.4	2200
0.0	17424.99609375	4.23	2201
0.0	2335.3828125	0.59	2202
0.0	210.125	0.06	2203
0.0	2341.6064453125	0.6	2204
0.0	64276.3349609375	16.02	2205
0.0	122.501953125	0.03	2206
0.0	1227.54296875	0.31	2207
0.0	25326.1591796875	6.4	2208
0.0	98.42578125	0.03	2209
0.0	112.552734375	0.03	2210
0.0	8278.5703125	2.11	2211
0.0	100.537109375	0.03	2212
0.0	148.0849609375	0.04	2213
0.0	12604.953125	3.15	2214
0.0	177.3818359375	0.05	2215
0.0	1679.0751953125	0.43	2216
0.0	1903.5947265625	0.49	2217
7.0	1024000.0	248.8	2218
0.0	173739.576171875	42.79	2219
0.0	141.6806640625	0.04	2220
0.0	1487.9560546875	0.37	2221
0.0	3928.0771484375	0.99	2222
0.0	6719.6640625	1.7	2223
0.0	2464.2412109375	0.62	2224
0.0	86.322265625	0.03	2225
0.0	10840.8203125	2.7	2226
0.0	244.6484375	0.06	2227
0.0	441737.4111328125	108.1	2228
12.0	1024000.0	253.31	2229
34.0	1024000.0	257.72	2230
25.0	1024000.0	257.18	2231
0.0	1339.671875	0.35	2232
0.0	431.6376953125	0.12	2233
0.0	4591.658203125	1.17	2234
0.0	63828.62890625	16.12	2235
12.0	1024000.0	255.14	2236
0.0	2123.8662109375	0.54	2237
0.0	395249.36328125	98.59	2238
0.0	1249.412109375	0.32	2239
0.0	106701.1513671875	26.95	2240
0.0	524.2373046875	0.13	2241
0.0	2314.931640625	0.6	2242
0.0	748.5546875	0.2	2243
0.0	20583.0859375	5.14	2244
0.0	88.7490234375	0.03	2245
14.0	1024000.0	260.06	2246
0.0	811.205078125	0.21	2247
0.0	99849.0791015625	25.29	2248
0.0	1099.21875	0.28	2249
0.0	1487.53515625	0.37	2250
25.0	1024000.0	257.5	2251
0.0	44865.6611328125	11.3	2252
0.0	1747.548828125	0.45	2253
0.0	732.7666015625	0.19	2254
17.0	1024000.0	256.99	2255
0.0	103.765625	0.03	2256
0.0	424.3056640625	0.11	2257
0.0	7746.578125	1.92	2258
0.0	1834.623046875	0.47	2259
0.0	2495.2021484375	0.61	2260
10.0	1024000.0	256.69	2261
0.0	2674.259765625	0.68	2262
32.0	1024000.0	261.43	2263
0.0	13842.0322265625	3.43	2264
0.0	496.0908203125	0.13	2265
0.0	974.9853515625	0.24	2266
0.0	548.5400390625	0.14	2267
0.0	865.1787109375	0.22	2268
0.0	3194.3349609375	0.8	2269
0.0	12947.162109375	3.24	2270
30.0	1024000.0	257.63	2271
0.0	792672.294921875	199.37	2272
0.0	260.87109375	0.07	2273
0.0	108.58203125	0.03	2274
20.0	1024000.0	254.57	2275
0.0	200.966796875	0.05	2276
0.0	174.61328125	0.05	2277
0.0	66882.62890625	16.7	2278
0.0	1755.595703125	0.45	2279
0.0	1379.333984375	0.34	2280
0.0	2723.9833984375	0.69	2281
0.0	44909.8017578125	11.39	2282
0.0	35230.716796875	8.74	2283
0.0	1081.26171875	0.28	2284
0.0	3032.7353515625	0.77	2285
0.0	115.5869140625	0.03	2286
0.0	3586.7978515625	0.9	2287
0.0	5299.876953125	1.25	2288
0.0	201.6318359375	0.05	2289
31.0	1024000.0	260.28	2290
0.0	399.9970703125	0.11	2291
0.0	5849.26953125	1.45	2292
0.0	210.32421875	0.05	2293
0.0	10973.521484375	2.75	2294
0.0	765.3134765625	0.2	2295
0.0	288.7626953125	0.08	2296
22.0	1024000.0	261.83	2297
0.0	787.0732421875	0.19	2298
27.0	1024000.0	257.34	2299
0.0	1334.1162109375	0.34	2300
0.0	217.7158203125	0.06	2301
0.0	884.61328125	0.23	2302
27.0	1024000.0	256.38	2303
0.0	20646.7275390625	5.03	2304
0.0	261.88671875	0.07	2305
0.0	334.181640625	0.09	2306
0.0	126767.599609375	31.61	2307
0.0	206.3212890625	0.05	2308
0.0	511.2119140625	0.13	2309
0.0	3130.228515625	0.8	2310
0.0	573.814453125	0.14	2311
0.0	137.1298828125	0.04	2312
0.0	50.4072265625	0.02	2313
41.0	1024000.0	258.14	2314
21.0	1024000.0	256.69	2315
0.0	555.5322265625	0.15	2316
0.0	98518.60546875	24.65	2317
0.0	27998.126953125	7.06	2318
0.0	52210.0537109375	12.94	2319
0.0	1389.9482421875	0.36	2320
0.0	282841.208984375	70.96	2321
0.0	15844.6796875	3.95	2322
8.0	1024000.0	254.58	2323
22.0	1024000.0	258.35	2324
0.0	46553.443359375	11.59	2325
0.0	1501.1806640625	0.37	2326
0.0	10469.556640625	2.64	2327
0.0	422.9052734375	0.11	2328
0.0	4946.216796875	1.23	2329
0.0	322.17578125	0.08	2330
0.0	270.5498046875	0.07	2331
0.0	185.1123046875	0.05	2332
28.0	1024000.0	258.57	2333
0.0	35476.0810546875	8.89	2334
0.0	3443.470703125	0.87	2335
0.0	52.5458984375	0.02	2336
11.0	1024000.0	258.24	2941
29.0	1024000.0	258.59	2942
31.0	1024000.0	258.3	2943
0.0	2772.9814453125	0.7	2944
0.0	7134.890625	1.78	2945
0.0	241438.0546875	60.34	2946
0.0	56489.2451171875	14.05	2947
0.0	38730.2607421875	9.57	2948
0.0	6195.630859375	1.54	2949
0.0	383.53515625	0.1	2950
0.0	166.1240234375	0.04	2951
0.0	45653.806640625	11.4	2952
7.0	1024000.0	261.11	2953
29.0	1024000.0	258.29	2954
25.0	1024000.0	257.39	2955
33.0	1024000.0	262.52	2956
0.0	4594.75	1.13	2957
0.0	12682.390625	3.18	2958
37.0	1024000.0	252.83	2959
0.0	7796.8837890625	1.98	2960
21.0	1024000.0	257.05	2961
0.0	1483.3544921875	0.37	2962
0.0	1167.6015625	0.3	2963
15.0	1024000.0	255.53	2964
14.0	1024000.0	259.2	2965
0.0	340.630859375	0.09	2966
15.0	1024000.0	259.21	2967
39.0	1024000.0	258.09	2968
0.0	6176.017578125	1.56	2969
0.0	1868.0966796875	0.48	2970
0.0	371.830078125	0.1	2971
0.0	809.21484375	0.2	2972
0.0	111551.7509765625	27.97	2973
0.0	4372.7587890625	1.1	2974
0.0	5769.34375	1.45	2975
0.0	492.3974609375	0.12	2976
0.0	628.759765625	0.16	2977
0.0	1040.3037109375	0.26	2978
0.0	6250.4423828125	1.56	2979
0.0	470.2744140625	0.12	2980
0.0	1878.091796875	0.48	2981
3.0	1024000.0	255.9	2982
0.0	200.3515625	0.05	2983
0.0	71876.10546875	17.85	2984
26.0	1024000.0	253.78	2985
0.0	400.8935546875	0.1	2986
0.0	744.580078125	0.19	2987
0.0	704.8017578125	0.18	2988
0.0	746.5419921875	0.19	2989
0.0	265.1376953125	0.07	2990
31.0	1024000.0	257.72	2991
0.0	679.541015625	0.17	2992
0.0	185.8427734375	0.04	2993
10.0	1024000.0	258.65	2994
0.0	1497.2275390625	0.38	2995
0.0	1053.298828125	0.26	2996
0.0	11770.98046875	2.96	2997
0.0	8439.3203125	2.1	2998
0.0	7102.298828125	1.77	2999
10.0	1024000.0	250.1	3000
0.0	14288.240234375	3.48	3001
0.0	379.1630859375	0.09	3002
0.0	1765.2216796875	0.44	3003
0.0	360.447265625	0.09	3004
0.0	121.1865234375	0.03	3005
0.0	847.7734375	0.21	3006
0.0	362.0166015625	0.09	3007
0.0	86.4609375	0.02	3008
0.0	236.140625	0.06	3009
0.0	512.673828125	0.13	3010
0.0	2607.6884765625	0.65	3011
0.0	208.814453125	0.06	3012
0.0	891.90625	0.23	3013
0.0	119399.3759765625	29.45	3014
0.0	4303.138671875	1.1	3015
0.0	193.6806640625	0.05	3016
1.0	1024000.0	247.57	3017
0.0	25616.6259765625	6.36	3018
0.0	1648.4052734375	0.41	3019
14.0	1024000.0	256.63	3020
0.0	117.5244140625	0.03	3021
21.0	1024000.0	254.85	3022
0.0	249.40234375	0.07	3023
0.0	705.1806640625	0.18	3024
0.0	11364.0458984375	2.81	3025
0.0	156548.759765625	38.98	3026
0.0	222.373046875	0.06	3027
0.0	5675.615234375	1.4	3028
0.0	168.685546875	0.04	3029
0.0	6335.21875	1.58	3030
0.0	602.216796875	0.16	3031
0.0	22888.3291015625	5.61	3032
0.0	355.3837890625	0.1	3033
0.0	657.146484375	0.17	3034
0.0	38787.7666015625	9.83	3035
0.0	129910.45703125	32.64	3036
0.0	44.333984375	0.01	3037
0.0	2295.076171875	0.58	3038
0.0	1132.13671875	0.29	3039
0.0	343.2490234375	0.09	3040
0.0	246357.962890625	61.42	3041
0.0	415673.0185546875	104.45	3042
0.0	7514.111328125	1.92	3043
0.0	67205.7626953125	16.7	3044
0.0	9650.580078125	2.41	3045
0.0	1062.2900390625	0.28	3046
0.0	355.8515625	0.09	3047
0.0	216.767578125	0.06	3048
0.0	391.7353515625	0.1	3049
0.0	345.462890625	0.09	3050
0.0	51419.861328125	12.94	3051
0.0	1328.8408203125	0.34	3052
0.0	1581.82421875	0.4	3053
0.0	236.697265625	0.06	3054
0.0	9399.974609375	2.38	3055
0.0	7867.4326171875	1.99	3056
0.0	3466.7998046875	0.88	3057
0.0	34927.1650390625	8.9	3058
0.0	1026.6337890625	0.27	3059
32.0	1024000.0	259.06	3060
0.0	17524.8017578125	4.43	3061
0.0	420.65234375	0.11	3062
0.0	1326.1328125	0.34	3063
0.0	305.8486328125	0.08	3064
0.0	13258.953125	3.36	3065
0.0	4135.8056640625	1.05	3066
0.0	630.8671875	0.16	3067
0.0	386.767578125	0.1	3068
0.0	185.615234375	0.05	3069
0.0	3572.9267578125	0.89	3070
0.0	1173.79296875	0.29	3071
0.0	6961.5810546875	1.74	3072
0.0	72.68359375	0.02	3073
5.0	1024000.0	254.56	3074
0.0	162.4091796875	0.04	3075
11.0	1024000.0	258.23	3076
0.0	1512.4404296875	0.38	3077
0.0	2316.2783203125	0.59	3078
0.0	310.318359375	0.08	3079
37.0	1024000.0	261.26	3080
0.0	246.421875	0.06	3081
0.0	1301.7138671875	0.33	3082
0.0	5804.65625	1.47	3083
0.0	937.6728515625	0.24	3084
0.0	103.8564453125	0.03	3085
0.0	2491.6865234375	0.62	3086
0.0	2250.5869140625	0.57	3087
0.0	1170.0927734375	0.3	3088
0.0	203.9833984375	0.05	3089
0.0	2359.177734375	0.59	3090
36.0	1024000.0	259.54	3091
0.0	189.52734375	0.05	3092
0.0	1302.3515625	0.33	3093
0.0	568.1689453125	0.15	3094
30.0	1024000.0	253.25	3095
0.0	13244.37890625	3.31	3096
0.0	219.572265625	0.06	3097
0.0	698.7138671875	0.18	3098
0.0	360.2666015625	0.09	3099
0.0	21364.0029296875	5.27	3100
0.0	279826.2177734375	70.48	3101
3.0	1024000.0	255.99	3102
0.0	2418.552734375	0.61	3103
0.0	58064.6474609375	14.09	3104
0.0	45362.3603515625	11.06	3105
0.0	13742.4404296875	3.44	3106
0.0	1339.0537109375	0.34	3107
24.0	1024000.0	258.06	3108
0.0	721.1064453125	0.18	3109
0.0	4852.5048828125	1.2	3110
15.0	1024000.0	252.37	3111
0.0	10134.0771484375	2.57	3112
0.0	1381.4404296875	0.35	3113
0.0	229.9375	0.06	3114
0.0	233.5732421875	0.06	3115
17.0	1024000.0	259.24	3116
0.0	1072.478515625	0.28	3117
0.0	1142.3076171875	0.29	3118
0.0	118.2099609375	0.03	3119
0.0	2275.6689453125	0.56	3120
29.0	1024000.0	257.66	3121
0.0	206.7275390625	0.06	3122
0.0	932.3154296875	0.24	3123
0.0	413.39453125	0.11	3124
0.0	14270.3076171875	3.55	3125
0.0	296.3984375	0.08	3126
0.0	37908.123046875	9.42	3127
36.0	1024000.0	257.79	3128
0.0	314.2412109375	0.08	3129
0.0	2348.552734375	0.58	3130
0.0	506.20703125	0.13	3131
0.0	96686.4541015625	23.76	3132
0.0	2540.26171875	0.62	3133
0.0	1314.0576171875	0.34	3134
0.0	1439.4013671875	0.36	3135
0.0	284952.4140625	72.28	3136
0.0	31128.146484375	7.77	3137
21.0	1024000.0	234.13	3138
18.0	1024000.0	255.57	3139
0.0	618.9921875	0.16	3140
0.0	7447.3916015625	1.87	3141
0.0	3769.2060546875	0.94	3142
0.0	4443.2763671875	1.11	3143
0.0	93.3056640625	0.03	3144
0.0	1705.6494140625	0.43	3145
0.0	1771.3203125	0.45	3146
0.0	893.7939453125	0.22	3147
0.0	310.359375	0.08	3148
11.0	1024000.0	250.79	3149
0.0	311.083984375	0.08	3150
0.0	20098.287109375	4.93	3151
0.0	1078.4150390625	0.27	3152
0.0	175.0546875	0.05	3153
0.0	127558.384765625	31.48	3154
0.0	48016.6259765625	11.98	3155
0.0	1012.4375	0.25	3156
0.0	1092.2412109375	0.27	3157
19.0	1024000.0	257.47	3158
11.0	1024000.0	258.3	3159
0.0	8488.3466796875	2.11	3160
0.0	51.0615234375	0.02	3161
0.0	956.6328125	0.24	3162
0.0	3114.1943359375	0.8	3163
19.0	1024000.0	258.39	3164
0.0	88011.1845703125	22.21	3165
0.0	886.892578125	0.22	3166
0.0	23500.091796875	5.83	3167
0.0	199.68359375	0.05	3168
0.0	774.244140625	0.19	3169
0.0	476.392578125	0.12	3170
0.0	3189.15625	0.79	3171
0.0	8666.3857421875	2.17	3172
0.0	4860.822265625	1.21	3173
0.0	919.111328125	0.23	3174
0.0	20837.2109375	5.3	3175
0.0	1829.9140625	0.46	3176
0.0	6803.3134765625	1.69	3177
0.0	1161.5859375	0.3	3178
0.0	748.744140625	0.19	3179
0.0	121.0625	0.03	3180
31.0	1024000.0	258.64	3181
0.0	109.4072265625	0.03	3182
0.0	512.2333984375	0.13	3183
34.0	1024000.0	254.37	3184
0.0	52.7744140625	0.01	3185
0.0	179.62890625	0.05	3186
0.0	17860.595703125	4.5	3187
0.0	5173.8720703125	1.3	3188
0.0	985.5625	0.26	3189
0.0	5683.7099609375	1.41	3190
0.0	1079.40234375	0.27	3191
0.0	2382.3369140625	0.61	3192
0.0	103809.8330078125	25.91	3193
0.0	631.1044921875	0.16	3194
24.0	1024000.0	262.02	3195
0.0	273.064453125	0.07	3196
0.0	1630.7568359375	0.41	3197
0.0	2504.8408203125	0.64	3198
0.0	1515.7470703125	0.39	3199
0.0	3290.3408203125	0.83	3200
0.0	823.169921875	0.21	3201
0.0	29747.62109375	7.45	3202
0.0	462.0498046875	0.12	3203
0.0	2395.7587890625	0.6	3204
0.0	141.4853515625	0.04	3205
0.0	44618.1044921875	11.16	3206
0.0	963.5478515625	0.25	3207
0.0	1126.9921875	0.29	3208
24.0	1024000.0	257.28	3209
0.0	1834.72265625	0.45	3210
0.0	368.572265625	0.09	3211
0.0	14114.6474609375	3.57	3212
0.0	364.58984375	0.1	3213
0.0	837.833984375	0.22	3214
0.0	146691.7548828125	36.58	3215
0.0	121519.625	30.01	3216
0.0	6977.4541015625	1.77	3217
0.0	267.7978515625	0.07	3218
0.0	10848.685546875	2.77	3219
0.0	9477.7197265625	2.43	3220
42.0	1024000.0	255.76	3221
28.0	1024000.0	254.94	3222
0.0	2339.986328125	0.6	3223
0.0	1298.19921875	0.33	3224
47.0	1024000.0	257.85	3225
27.0	1024000.0	260.25	3226
13.0	1024000.0	257.35	3227
0.0	22295.189453125	5.59	3228
0.0	20981.4072265625	5.25	3229
33.0	1024000.0	255.8	3230
23.0	1024000.0	256.38	3231
0.0	68.8359375	0.02	3232
0.0	444132.02734375	111.91	3233
0.0	1285.7001953125	0.32	3234
0.0	149.5126953125	0.04	3235
0.0	16960.162109375	4.22	3236
0.0	89766.9150390625	22.78	3237
0.0	2488.1982421875	0.63	3238
0.0	7016.478515625	1.75	3239
18.0	1024000.0	259.35	3240
0.0	339.474609375	0.09	3241
23.0	1024000.0	256.48	3242
0.0	40751.48828125	10.02	3243
37.0	1024000.0	259.4	3244
0.0	1802.0244140625	0.45	3245
0.0	224.59765625	0.06	3246
0.0	1354.8564453125	0.35	3247
0.0	388.572265625	0.1	3248
0.0	3146.537109375	0.8	3249
0.0	350.859375	0.1	3250
0.0	4161.4951171875	1.06	3251
0.0	30662.0693359375	7.68	3252
0.0	735.861328125	0.19	3253
0.0	10744.9111328125	2.63	3254
0.0	5489.3583984375	1.38	3255
0.0	221.583984375	0.06	3256
0.0	129402.9111328125	31.94	3257
0.0	66334.142578125	16.79	3258
16.0	1024000.0	254.4	3259
0.0	577.919921875	0.15	3260
0.0	604.7294921875	0.16	3261
0.0	511.1767578125	0.13	3262
0.0	1498.146484375	0.37	3263
0.0	5533.177734375	1.37	3264
0.0	3777.6435546875	0.95	3265
26.0	1024000.0	256.21	3266
0.0	478.3212890625	0.12	3267
0.0	1769.859375	0.45	3268
0.0	95183.0048828125	23.73	3269
0.0	5867.5791015625	1.46	3270
0.0	6109.275390625	1.57	3271
21.0	1024000.0	259.0	3272
0.0	62.060546875	0.02	3273
0.0	217.4052734375	0.05	3274
0.0	142.3681640625	0.04	3275
0.0	156.1689453125	0.04	3276
0.0	1205.9609375	0.3	3277
0.0	783.7255859375	0.2	3278
0.0	26951.4765625	6.78	3279
0.0	788.3896484375	0.19	3280
0.0	914.2158203125	0.23	3281
0.0	382537.35546875	96.39	3282
0.0	6922.8583984375	1.74	3283
0.0	411.8671875	0.1	3284
0.0	466.951171875	0.12	3285
0.0	142061.5830078125	34.69	3286
0.0	17869.642578125	4.51	3287
0.0	4099.98828125	1.01	3288
0.0	2506.408203125	0.63	3289
0.0	723.0673828125	0.18	3290
0.0	123.9248046875	0.03	3291
0.0	204.4052734375	0.05	3292
0.0	7228.0244140625	1.84	3293
0.0	111.2451171875	0.03	3294
28.0	1024000.0	257.81	3295
0.0	1258.216796875	0.31	3296
0.0	1254.6015625	0.33	3297
26.0	1024000.0	254.03	3298
0.0	96.6123046875	0.03	3299
0.0	1772.7734375	0.44	3300
0.0	2323.4091796875	0.57	3301
0.0	23569.908203125	5.88	3302
0.0	255.7216796875	0.07	3303
0.0	5640.5908203125	1.4	3304
0.0	2832.0625	0.7	3305
0.0	1577.5205078125	0.39	3306
0.0	147616.5625	37.17	3307
0.0	147.1181640625	0.04	3308
27.0	1024000.0	257.52	3309
0.0	8444.248046875	2.12	3310
0.0	225.333984375	0.06	3311
0.0	1291.0078125	0.33	3312
0.0	10755.6943359375	2.69	3313
0.0	1656.310546875	0.42	3314
0.0	7552.197265625	1.91	3315
0.0	507.748046875	0.13	3316
0.0	80.9775390625	0.02	3317
0.0	734.7412109375	0.19	3318
0.0	869.681640625	0.22	3319
15.0	1024000.0	251.79	3320
0.0	11435.453125	2.87	3321
0.0	159.66796875	0.04	3322
0.0	473206.78125	118.97	3323
0.0	78.6025390625	0.02	3324
0.0	250.166015625	0.06	3325
22.0	1024000.0	252.95	3326
0.0	40166.408203125	10.16	3327
0.0	1072.2001953125	0.28	3328
0.0	21574.1552734375	5.41	3329
0.0	1362.5830078125	0.34	3330
0.0	1336.1875	0.33	3331
0.0	2121.048828125	0.54	3332
16.0	1024000.0	252.03	3333
0.0	179641.1416015625	45.5	3334
0.0	962.689453125	0.25	3335
18.0	1024000.0	254.26	3336
0.0	6999.63671875	1.72	3337
0.0	116720.60546875	29.33	3338
0.0	2314.205078125	0.59	3339
0.0	200.8466796875	0.06	3340
0.0	607.673828125	0.16	3341
0.0	1047.2998046875	0.26	3342
0.0	8616.5439453125	2.15	3343
0.0	547.4208984375	0.14	3344
0.0	201.716796875	0.05	3345
17.0	1024000.0	254.34	3346
0.0	877.0693359375	0.22	3347
0.0	1499.2578125	0.39	3348
0.0	576.5712890625	0.15	3349
0.0	1229.3818359375	0.32	3350
0.0	3724.30859375	0.94	3351
13.0	1024000.0	261.25	3352
0.0	19467.1865234375	4.91	3353
38.0	1024000.0	256.89	3354
0.0	250.8818359375	0.07	3355
0.0	5364.359375	1.37	3356
0.0	7939.482421875	1.97	3357
46.0	1024000.0	258.43	3358
0.0	1210.1337890625	0.3	3359
0.0	1661.01953125	0.43	3360
37.0	1024000.0	259.67	3361
0.0	6534.9462890625	1.67	3362
0.0	1131.5263671875	0.29	3363
0.0	779.837890625	0.2	3364
0.0	152.7822265625	0.04	3365
0.0	3347.4951171875	0.85	3366
0.0	401729.34765625	101.28	3367
0.0	61.5927734375	0.02	3368
0.0	29457.9755859375	7.46	3369
0.0	46486.7099609375	11.69	3370
0.0	241.00390625	0.07	3371
0.0	572.279296875	0.14	3921
0.0	323.3740234375	0.08	3922
0.0	255.751953125	0.06	3923
0.0	6834.9130859375	1.68	3924
11.0	1024000.0	252.68	3925
38.0	1024000.0	253.65	3926
0.0	6139.41015625	1.52	3927
0.0	682.5546875	0.17	3928
0.0	1061.2646484375	0.26	3929
0.0	681.4873046875	0.17	3930
0.0	826.14453125	0.2	3931
0.0	148.39453125	0.04	3932
0.0	974.4814453125	0.24	3933
0.0	146.1796875	0.04	3934
0.0	14331.7158203125	3.61	3935
0.0	6353.5712890625	1.56	3936
0.0	1848.60546875	0.47	3937
0.0	213.671875	0.05	3938
0.0	2069.423828125	0.53	3939
0.0	396.99609375	0.1	3940
0.0	20532.1015625	4.96	3941
0.0	1293.0673828125	0.32	3942
0.0	130.9296875	0.03	3943
0.0	22815.26171875	5.74	3944
0.0	1069.8759765625	0.27	3945
0.0	602.3046875	0.15	3946
0.0	143460.310546875	35.46	3947
0.0	3058.5625	0.76	3948
0.0	266.69140625	0.06	3949
17.0	1024000.0	257.25	3950
0.0	11788.1025390625	2.86	3951
0.0	3031.060546875	0.76	3952
0.0	28485.6572265625	7.09	3953
31.0	1024000.0	251.4	3954
0.0	462.87890625	0.12	3955
0.0	13547.060546875	3.38	3956
0.0	138618.13671875	34.46	3957
24.0	1024000.0	256.02	3958
0.0	28469.0908203125	7.08	3959
0.0	1183.48046875	0.29	3960
0.0	12216.759765625	3.05	3961
0.0	189.7890625	0.05	3962
0.0	1273.935546875	0.32	3963
0.0	653.7734375	0.16	3964
0.0	1330.7802734375	0.34	3965
0.0	5089.4296875	1.28	3966
0.0	307.1982421875	0.07	3967
0.0	77719.021484375	19.58	3968
0.0	1769.1220703125	0.45	3969
0.0	389.9501953125	0.1	3970
0.0	27181.98046875	6.82	3971
0.0	1461.697265625	0.36	3972
0.0	414659.447265625	103.22	3973
0.0	1185.01171875	0.3	3974
0.0	2287.984375	0.56	3975
35.0	1024000.0	257.3	3976
0.0	1987.1650390625	0.49	3977
0.0	1657.533203125	0.43	3978
0.0	620.744140625	0.16	3979
0.0	1173.060546875	0.29	3980
0.0	6681.4560546875	1.66	3981
0.0	161.091796875	0.04	3982
0.0	9057.53125	2.23	3983
21.0	1024000.0	258.15	3984
0.0	5208.306640625	1.31	3985
0.0	732.8701171875	0.18	3986
21.0	1024000.0	254.55	3987
0.0	1747.330078125	0.44	3988
0.0	303.4072265625	0.07	3989
0.0	16552.5419921875	4.09	3990
29.0	1024000.0	257.84	3991
0.0	628.220703125	0.16	3992
0.0	120.478515625	0.03	3993
0.0	4297.7919921875	1.08	3994
15.0	1024000.0	258.74	3995
0.0	380680.2138671875	95.99	3996
0.0	7729.087890625	1.94	3997
0.0	423.2890625	0.11	3998
0.0	439935.62109375	109.3	3999
0.0	1493.6318359375	0.38	4000
0.0	2294.0458984375	0.58	4001
0.0	4617.9599609375	1.16	4002
0.0	728.8154296875	0.19	4003
0.0	140.076171875	0.03	4004
36.0	1024000.0	257.6	4005
0.0	996.546875	0.25	4006
0.0	275.4833984375	0.07	4007
0.0	1593.0810546875	0.4	4008
22.0	1024000.0	256.44	4009
0.0	323578.779296875	80.38	4010
0.0	462.9384765625	0.12	4011
0.0	749.2900390625	0.19	4012
0.0	662.0087890625	0.17	4013
0.0	344.923828125	0.09	4014
0.0	1891.3935546875	0.47	4015
0.0	191.7216796875	0.05	4016
0.0	92.0927734375	0.02	4017
0.0	1408.0703125	0.35	4018
0.0	203.138671875	0.06	4019
19.0	1024000.0	257.13	4020
0.0	471.9599609375	0.12	4021
0.0	281.62890625	0.07	4022
0.0	276.810546875	0.07	4023
0.0	5369.0068359375	1.36	4024
0.0	12871.5556640625	3.2	4025
0.0	59718.5810546875	15.17	4026
0.0	2053.5693359375	0.52	4027
0.0	26167.390625	6.65	4028
0.0	2778.5654296875	0.68	4029
0.0	19575.291015625	4.9	4030
0.0	609.677734375	0.15	4031
0.0	81341.474609375	20.5	4032
0.0	5534.2216796875	1.36	4033
27.0	1024000.0	257.54	4034
0.0	27771.294921875	7.0	4035
0.0	551.2451171875	0.14	4036
0.0	8493.8701171875	2.17	4037
0.0	8672.14453125	2.17	4038
22.0	1024000.0	260.31	4039
17.0	1024000.0	259.79	4040
0.0	537.46484375	0.13	4041
0.0	3436.3212890625	0.84	4042
0.0	218.96484375	0.05	4043
28.0	1024000.0	258.23	4044
0.0	6075.521484375	1.53	4045
0.0	969.34375	0.24	4046
0.0	1249.9541015625	0.31	4047
0.0	139.2421875	0.04	4048
0.0	40.666015625	0.01	4049
21.0	1024000.0	256.62	4050
0.0	5037.7666015625	1.25	4051
0.0	11475.7841796875	2.85	4052
0.0	148.5419921875	0.04	4053
0.0	246184.2802734375	61.26	4054
0.0	20871.6240234375	5.15	4055
0.0	1093.23828125	0.28	4056
0.0	2021.314453125	0.5	4057
0.0	521.5859375	0.13	4058
0.0	501.1806640625	0.13	4059
0.0	85581.4658203125	21.32	4060
0.0	11717.9521484375	2.84	4061
0.0	2079.2578125	0.52	4062
0.0	1355.4228515625	0.34	4063
32.0	1024000.0	259.49	4064
0.0	137.60546875	0.03	4065
0.0	713.19921875	0.19	4066
0.0	200.650390625	0.05	4067
0.0	454.8359375	0.12	4068
0.0	724.6884765625	0.18	4069
0.0	114.99609375	0.03	4070
0.0	2961.2158203125	0.75	4071
0.0	126.025390625	0.03	4072
0.0	70958.59375	17.7	4073
0.0	155.2265625	0.04	4074
0.0	103.7451171875	0.03	4075
0.0	1685.4091796875	0.43	4076
0.0	244.158203125	0.06	4077
0.0	11039.349609375	2.75	4078
0.0	1663.7109375	0.42	4079
0.0	1790.3408203125	0.44	4080
23.0	1024000.0	252.86	4081
0.0	141.63671875	0.03	4082
0.0	2378.337890625	0.59	4083
0.0	631.615234375	0.16	4084
0.0	225.5927734375	0.06	4085
0.0	1093.775390625	0.27	4086
0.0	18544.8681640625	4.69	4087
0.0	160.2509765625	0.04	4088
0.0	2464.0458984375	0.64	4089
0.0	6326.7216796875	1.58	4090
0.0	2299.3798828125	0.58	4091
0.0	1876.283203125	0.48	4092
23.0	1024000.0	259.47	4093
23.0	1024000.0	258.13	4094
0.0	7781.0947265625	1.97	4095
0.0	36142.98046875	9.11	4096
0.0	107362.947265625	26.91	4097
0.0	483.984375	0.13	4098
0.0	497.8291015625	0.13	4099
0.0	1939.3154296875	0.5	4100
0.0	117.47265625	0.03	4101
0.0	353.0283203125	0.09	4102
0.0	195.45703125	0.05	4103
0.0	1847.8349609375	0.45	4104
0.0	92863.9921875	23.57	4105
0.0	949.544921875	0.23	4106
0.0	798.8701171875	0.2	4107
0.0	480.5634765625	0.12	4108
0.0	3095.6640625	0.79	4109
0.0	77998.767578125	19.62	4110
30.0	1024000.0	258.45	4111
0.0	1232.9150390625	0.31	4112
0.0	4981.9326171875	1.26	4113
0.0	1326.953125	0.33	4114
0.0	912712.6494140625	228.04	4115
0.0	1693.7421875	0.42	4116
0.0	1971.857421875	0.49	4117
0.0	63019.61328125	15.92	4118
0.0	769033.2890625	195.2	4119
0.0	3664.794921875	0.93	4120
7.0	1024000.0	254.48	4121
0.0	1356.1591796875	0.33	4122
0.0	750.1396484375	0.19	4123
0.0	272.8037109375	0.07	4124
0.0	10142.2255859375	2.55	4125
0.0	425.09765625	0.11	4126
0.0	4577.201171875	1.12	4127
0.0	89479.3974609375	22.63	4128
0.0	594.4072265625	0.15	4129
0.0	2012.4619140625	0.48	4130
0.0	662931.0634765625	167.11	4131
0.0	1238.26171875	0.31	4132
0.0	2521.671875	0.63	4133
32.0	1024000.0	257.67	4134
0.0	964.2470703125	0.25	4135
10.0	1024000.0	257.23	4136
0.0	412.0556640625	0.1	4137
0.0	1001.666015625	0.25	4138
0.0	106.279296875	0.03	4139
0.0	3246.7158203125	0.82	4140
0.0	433.2060546875	0.11	4141
0.0	17726.431640625	4.5	4142
17.0	1024000.0	257.03	4143
0.0	592.5322265625	0.15	4144
0.0	2235.3544921875	0.55	4145
0.0	3087.021484375	0.76	4146
0.0	976.765625	0.24	4147
0.0	733913.478515625	186.65	4148
0.0	329284.248046875	85.71	4149
0.0	568.607421875	0.15	4150
0.0	120.4365234375	0.03	4151
0.0	57743.892578125	14.31	4152
0.0	496.52734375	0.13	4153
0.0	241.5087890625	0.06	4154
0.0	1628.7236328125	0.41	4155
0.0	73.2509765625	0.02	4156
0.0	83940.2529296875	20.84	4157
42.0	1024000.0	259.76	4158
0.0	231.365234375	0.06	4159
0.0	265166.310546875	63.33	4160
0.0	37153.384765625	9.14	4161
0.0	10409.03125	2.6	4162
0.0	99.345703125	0.03	4163
0.0	15966.41015625	3.96	4164
0.0	1304.20703125	0.33	4165
0.0	207.408203125	0.05	4166
0.0	433.5703125	0.11	4167
0.0	39.037109375	0.01	4168
0.0	482.4140625	0.13	4169
0.0	1610.1748046875	0.4	4170
0.0	12112.119140625	3.01	4171
0.0	248.9736328125	0.06	4172
32.0	1024000.0	259.62	4173
0.0	550.4365234375	0.14	4174
0.0	190.9462890625	0.05	4175
0.0	3001.9638671875	0.74	4176
0.0	3977.3486328125	1.01	4177
0.0	526.9482421875	0.14	4178
0.0	227.9111328125	0.06	4179
0.0	138.7001953125	0.03	4180
0.0	170.185546875	0.05	4181
18.0	1024000.0	251.99	4182
0.0	2136.6005859375	0.54	4183
0.0	161.6318359375	0.04	4184
26.0	1024000.0	258.61	4185
12.0	1024000.0	256.4	4186
0.0	1122.29296875	0.29	4187
0.0	487.5625	0.13	4188
0.0	4370.57421875	1.07	4189
0.0	18715.349609375	4.71	4190
0.0	195.3818359375	0.05	4191
10.0	1024000.0	246.41	4192
0.0	1643.9423828125	0.42	4193
0.0	574.9716796875	0.15	4194
0.0	3230.802734375	0.79	4195
0.0	303.1708984375	0.08	4196
33.0	1024000.0	254.89	4197
0.0	53964.0576171875	13.37	4198
0.0	652021.3798828125	163.72	4199
0.0	459.6904296875	0.12	4200
0.0	1005.6259765625	0.24	4201
0.0	7675.482421875	1.93	4202
0.0	775.0888671875	0.2	4203
0.0	267.8955078125	0.07	4204
0.0	387.087890625	0.1	4205
0.0	7979.4072265625	1.97	4206
17.0	1024000.0	262.52	4207
0.0	463.6953125	0.12	4208
0.0	3588.9111328125	0.9	4209
0.0	113.95703125	0.03	4210
0.0	1990.978515625	0.5	4211
0.0	138.931640625	0.04	4212
0.0	1433.7490234375	0.36	4213
0.0	47452.8359375	11.96	4214
24.0	1024000.0	252.46	4215
0.0	719.0654296875	0.18	4216
0.0	9736.6884765625	2.42	4217
0.0	147.8759765625	0.04	4218
0.0	115.62890625	0.03	4219
0.0	5051.8564453125	1.23	4220
0.0	8132.2939453125	2.06	4221
0.0	3440.90625	0.87	4222
0.0	1226.77734375	0.32	4223
0.0	485784.333984375	120.82	4224
26.0	1024000.0	260.88	4225
0.0	78.142578125	0.02	4226
0.0	948.5390625	0.24	4227
0.0	5663.3125	1.43	4228
0.0	13002.3564453125	3.25	4229
0.0	336.64453125	0.09	4230
0.0	132.3134765625	0.03	4231
0.0	5844.3212890625	1.47	4232
0.0	9989.1982421875	2.49	4233
35.0	1024000.0	255.46	4234
0.0	4409.302734375	1.1	4235
0.0	391.19140625	0.1	4236
0.0	1136.2470703125	0.28	4237
0.0	188.763671875	0.05	4238
31.0	1024000.0	257.21	4239
0.0	58.8837890625	0.02	4240
0.0	5745.251953125	1.45	4241
0.0	254.267578125	0.07	4242
24.0	1024000.0	257.95	4243
0.0	99.470703125	0.03	4244
15.0	1024000.0	255.46	4245
0.0	10613.26953125	2.67	4246
0.0	12915.6435546875	3.26	4247
0.0	103.7412109375	0.03	4248
0.0	229.3525390625	0.06	4249
0.0	12895.61328125	3.23	4250
0.0	284.61328125	0.07	4251
0.0	909.046875	0.23	4252
0.0	1708.130859375	0.42	4253
23.0	1024000.0	256.73	4254
0.0	169.0703125	0.04	4255
0.0	407.8173828125	0.11	4256
0.0	11710.8955078125	2.92	4257
0.0	971873.7001953125	245.74	4258
0.0	8526.0498046875	2.15	4259
0.0	14119.4423828125	3.53	4260
0.0	216229.3251953125	53.48	4261
0.0	225.6025390625	0.06	4262
0.0	10435.7509765625	2.64	4263
0.0	9417.8154296875	2.39	4264
0.0	42619.8017578125	10.67	4265
0.0	2489.845703125	0.64	4266
19.0	1024000.0	258.27	4267
0.0	14375.6640625	3.6	4268
0.0	61398.58203125	15.09	4269
0.0	694.1328125	0.18	4270
0.0	3626.806640625	0.91	4271
17.0	1024000.0	255.74	4272
0.0	202.4794921875	0.05	4273
0.0	12680.9111328125	3.11	4274
18.0	1024000.0	256.52	4275
0.0	92431.7216796875	23.22	4276
0.0	145193.759765625	36.07	4277
0.0	9028.7109375	2.23	4278
0.0	188.8671875	0.05	4279
0.0	128294.1513671875	31.99	4280
0.0	523481.1435546875	131.14	4281
0.0	20677.529296875	5.18	4282
0.0	17995.2705078125	4.56	4283
0.0	235747.4638671875	58.71	4284
0.0	411.23046875	0.11	4285
0.0	265.21875	0.07	4286
12.0	1024000.0	259.2	4287
0.0	8502.35546875	2.16	4288
19.0	1024000.0	254.7	4289
0.0	28271.33203125	7.06	4290
0.0	919.2333984375	0.23	4291
0.0	283.013671875	0.07	4292
0.0	5725.1875	1.43	4293
26.0	1024000.0	260.89	4294
0.0	26039.03515625	6.53	4295
24.0	1024000.0	256.62	4296
0.0	2383.81640625	0.59	4297
0.0	1568.9208984375	0.4	4298
0.0	677.2080078125	0.18	4299
0.0	873.4970703125	0.22	4300
0.0	91.6396484375	0.03	4301
0.0	249.505859375	0.07	4302
0.0	14867.560546875	3.73	4303
0.0	5799.5087890625	1.43	4304
0.0	6731.2275390625	1.73	4305
0.0	17347.6416015625	4.33	4306
0.0	630.138671875	0.16	4307
0.0	391676.75	98.9	4308
0.0	484.6767578125	0.13	4309
0.0	181473.087890625	45.84	4310
25.0	1024000.0	258.44	4311
0.0	526.2294921875	0.14	4312
0.0	947.5322265625	0.24	4313
28.0	1024000.0	259.04	4314
0.0	1362.1298828125	0.35	4315
0.0	244.095703125	0.07	4316
0.0	7645.5341796875	1.93	4317
0.0	112.4560546875	0.03	4318
0.0	149146.939453125	37.44	4319
0.0	2198.6689453125	0.56	4320
0.0	1541.9150390625	0.4	4321
0.0	570.3818359375	0.14	4322
0.0	953.189453125	0.24	4323
0.0	7825.6005859375	1.93	4324
0.0	4994.83984375	1.28	4325
0.0	333.8017578125	0.09	4326
0.0	1436.2470703125	0.37	4327
0.0	27850.5576171875	7.01	4328
0.0	273.7802734375	0.07	4329
0.0	1654.3818359375	0.42	4330
0.0	631.84375	0.16	4331
36.0	1024000.0	256.11	4332
0.0	676.103515625	0.17	4333
0.0	22928.6376953125	5.7	4334
0.0	1801.1455078125	0.45	4335
0.0	156.4111328125	0.04	4336
17.0	1024000.0	257.48	4337
0.0	1564.4501953125	0.39	4338
0.0	77659.5361328125	19.34	4339
0.0	208.4111328125	0.06	4340
16.0	1024000.0	258.99	4341
0.0	1731.791015625	0.45	4342
29.0	1024000.0	259.36	4343
0.0	82811.28125	20.84	4344
0.0	1009.369140625	0.26	4345
0.0	129.1103515625	0.03	4346
0.0	653.669921875	0.17	4347
0.0	1047.8857421875	0.27	4348
0.0	8258.578125	2.09	4349
0.0	5544.37109375	1.4	4350
0.0	7073.166015625	1.76	4351
0.0	193.6611328125	0.05	4352
0.0	454231.4140625	113.0	4353
0.0	39384.001953125	9.75	4354
0.0	997.623046875	0.25	4355
0.0	1700.7919921875	0.43	4356
0.0	846.9833984375	0.22	4357
0.0	1292.513671875	0.33	4358
0.0	1164.5751953125	0.3	4359
0.0	1942.375	0.49	4360
0.0	688.4765625	0.18	4361
0.0	738.78125	0.18	4362
0.0	6832.68359375	1.72	4363
37.0	1024000.0	252.6	4364
0.0	2986.404296875	0.75	4365
0.0	35959.1181640625	9.12	4366
0.0	740.052734375	0.19	4367
0.0	3778.189453125	0.96	4368
0.0	627.1748046875	0.16	4369
0.0	1223.9306640625	0.31	4370
0.0	278.544921875	0.07	4371
9.0	1024000.0	257.66	4372
0.0	1955.5791015625	0.5	4373
0.0	37.0830078125	0.01	4374
0.0	371806.9697265625	92.74	4375
0.0	175.1484375	0.05	4376
29.0	1024000.0	258.19	4377
0.0	31030.001953125	7.8	4378
39.0	1024000.0	257.64	4379
0.0	150.359375	0.04	4380
0.0	14678.025390625	3.72	4381
0.0	677.4912109375	0.17	4382
0.0	132242.5458984375	32.53	4383
0.0	915.140625	0.22	4384
0.0	602.27734375	0.16	4385
15.0	1024000.0	253.82	4386
0.0	1471.5693359375	0.37	4387
0.0	717.796875	0.19	4388
26.0	1024000.0	259.12	4389
41.0	1024000.0	258.94	4390
0.0	98037.3779296875	24.53	4391
0.0	103.916015625	0.03	4392
0.0	6624.8837890625	1.66	4393
0.0	625.3994140625	0.16	4394
19.0	1024000.0	257.89	4901
0.0	57273.416015625	14.27	4902
0.0	531.76171875	0.14	4903
0.0	508.1728515625	0.12	4904
0.0	441.9892578125	0.11	4905
0.0	4164.076171875	1.04	4906
0.0	361.86328125	0.09	4907
0.0	3152.6953125	0.78	4908
16.0	1024000.0	260.55	4909
13.0	1024000.0	249.59	4910
0.0	734.3681640625	0.18	4911
18.0	1024000.0	259.3	4912
0.0	5387.9833984375	1.36	4913
0.0	327.3310546875	0.08	4914
0.0	509.650390625	0.13	4915
0.0	791.01953125	0.19	4916
0.0	441.890625	0.12	4917
0.0	2708.5576171875	0.68	4918
0.0	1469.4814453125	0.38	4919
0.0	222.4951171875	0.06	4920
0.0	110.8994140625	0.03	4921
0.0	107356.060546875	26.66	4922
0.0	232257.111328125	57.61	4923
0.0	1945.6748046875	0.49	4924
21.0	1024000.0	254.81	4925
0.0	1794.1337890625	0.46	4926
0.0	31483.5849609375	7.76	4927
0.0	1774.5322265625	0.45	4928
0.0	2089.8681640625	0.51	4929
0.0	416.0517578125	0.11	4930
0.0	831340.00390625	205.46	4931
29.0	1024000.0	255.28	4932
0.0	170.8603515625	0.04	4933
0.0	45238.84765625	11.31	4934
0.0	4153.5	1.04	4935
0.0	220004.572265625	54.52	4936
0.0	209.64453125	0.05	4937
0.0	2502.9462890625	0.64	4938
46.0	1024000.0	257.11	4939
0.0	40571.3779296875	10.01	4940
0.0	425.1318359375	0.11	4941
0.0	795.1923828125	0.2	4942
27.0	1024000.0	258.13	4943
0.0	71.451171875	0.02	4944
0.0	88.7216796875	0.02	4945
29.0	1024000.0	256.1	4946
0.0	536.201171875	0.14	4947
0.0	560.85546875	0.14	4948
0.0	9807.2685546875	2.51	4949
0.0	390233.8701171875	98.39	4950
0.0	1895.0302734375	0.47	4951
0.0	1511.13671875	0.37	4952
0.0	26630.7451171875	6.77	4953
0.0	441833.0419921875	111.26	4954
0.0	1384.63671875	0.34	4955
0.0	5260.162109375	1.33	4956
0.0	119.416015625	0.03	4957
0.0	50.9287109375	0.01	4958
17.0	1024000.0	252.67	4959
12.0	1024000.0	257.03	4960
0.0	3387.474609375	0.86	4961
24.0	1024000.0	257.73	4962
0.0	293289.755859375	73.36	4963
0.0	1085.7578125	0.28	4964
0.0	324188.314453125	81.55	4965
0.0	12150.3984375	3.0	4966
0.0	6048.6796875	1.52	4967
23.0	1024000.0	257.13	4968
0.0	7527.576171875	1.88	4969
0.0	893.033203125	0.22	4970
0.0	575.798828125	0.15	4971
0.0	1531.671875	0.39	4972
0.0	2774.4482421875	0.7	4973
24.0	1024000.0	255.75	4974
0.0	21232.1953125	5.34	4975
0.0	4636.482421875	1.17	4976
0.0	26068.291015625	6.57	4977
0.0	1183.359375	0.3	4978
18.0	1024000.0	256.5	4979
0.0	9375.27734375	2.37	4980
0.0	306.271484375	0.08	4981
0.0	22975.2314453125	5.75	4982
0.0	33961.6962890625	8.43	4983
0.0	1537.478515625	0.39	4984
31.0	1024000.0	252.73	4985
0.0	2183.716796875	0.54	4986
0.0	1670.5771484375	0.42	4987
0.0	61.7998046875	0.02	4988
0.0	18241.759765625	4.59	4989
28.0	1024000.0	257.06	4990
0.0	240.619140625	0.06	4991
23.0	1024000.0	257.37	4992
0.0	291.9130859375	0.07	4993
0.0	4400.6923828125	1.11	4994
0.0	344.521484375	0.09	4995
0.0	128.7265625	0.03	4996
0.0	3777.7822265625	0.94	4997
0.0	271.2626953125	0.07	4998
0.0	1258.26171875	0.31	4999
0.0	98869.154296875	24.64	5000
0.0	126.544921875	0.03	5001
0.0	5362.8876953125	1.35	5002
0.0	95251.4013671875	23.73	5003
0.0	8185.7470703125	2.06	5004
0.0	869.37890625	0.22	5005
0.0	7217.9150390625	1.82	5006
0.0	182.802734375	0.05	5007
0.0	11167.982421875	2.82	5008
0.0	673.8828125	0.17	5009
0.0	574.8408203125	0.15	5010
0.0	564.84765625	0.14	5011
0.0	8744.0771484375	2.19	5012
33.0	1024000.0	258.85	5013
17.0	1024000.0	257.27	5014
0.0	2640.7646484375	0.68	5015
0.0	744.439453125	0.19	5016
0.0	2401.5224609375	0.6	5017
0.0	122350.01953125	30.93	5018
0.0	79970.4580078125	20.06	5019
43.0	1024000.0	257.58	5020
0.0	585.4267578125	0.15	5021
0.0	3051.8896484375	0.78	5022
0.0	658.85546875	0.17	5023
0.0	1016.3798828125	0.26	5024
0.0	176.1064453125	0.05	5025
0.0	619.9013671875	0.16	5026
0.0	1016.25390625	0.26	5027
30.0	1024000.0	261.12	5028
0.0	292013.896484375	72.87	5029
0.0	51699.5380859375	12.83	5030
0.0	58163.5693359375	14.53	5031
0.0	2391.931640625	0.61	5032
0.0	69117.5009765625	17.36	5033
0.0	170272.4541015625	42.82	5034
0.0	850.966796875	0.22	5035
0.0	3661.7734375	0.92	5036
0.0	2979.0986328125	0.76	5037
0.0	5279.59765625	1.32	5038
0.0	681.2958984375	0.17	5039
0.0	298.0947265625	0.08	5040
0.0	638.7177734375	0.17	5041
0.0	24257.92578125	6.07	5042
0.0	154.6806640625	0.04	5043
15.0	1024000.0	252.53	5044
19.0	1024000.0	258.76	5045
0.0	8006.369140625	2.01	5046
0.0	1060.9814453125	0.27	5047
0.0	50.7783203125	0.01	5048
0.0	384.482421875	0.1	5049
0.0	5194.1171875	1.31	5050
0.0	448.064453125	0.11	5051
0.0	1052.970703125	0.27	5052
0.0	62709.4609375	15.51	5053
0.0	9029.65234375	2.28	5054
0.0	553.849609375	0.14	5055
0.0	20912.5595703125	5.14	5056
0.0	50940.7275390625	12.72	5057
0.0	1119.427734375	0.28	5058
0.0	161399.3193359375	40.33	5059
0.0	208.1259765625	0.06	5060
14.0	1024000.0	257.25	5061
0.0	1259.96484375	0.32	5062
0.0	618.0595703125	0.15	5063
0.0	2621.4951171875	0.66	5064
0.0	7232.8564453125	1.81	5065
0.0	2654.1015625	0.67	5066
0.0	223.787109375	0.06	5067
0.0	6410.8798828125	1.59	5068
0.0	2718.9501953125	0.69	5069
0.0	160.9912109375	0.04	5070
0.0	2956.904296875	0.74	5071
0.0	25094.1162109375	6.34	5072
0.0	3448.5263671875	0.86	5073
0.0	420.8544921875	0.11	5074
23.0	1024000.0	257.11	5075
0.0	46663.8642578125	11.74	5076
0.0	50.9482421875	0.01	5077
0.0	696.890625	0.17	5078
0.0	2203.939453125	0.55	5079
0.0	61791.11328125	15.55	5080
0.0	149222.2197265625	36.1	5081
0.0	8534.9521484375	2.14	5082
0.0	13065.19140625	3.28	5083
0.0	7218.1748046875	1.82	5084
0.0	252.0224609375	0.07	5085
14.0	1024000.0	260.61	5086
19.0	1024000.0	257.84	5087
31.0	1024000.0	261.94	5088
0.0	122.572265625	0.04	5089
0.0	28332.251953125	7.17	5090
0.0	145.1220703125	0.04	5091
0.0	62.1845703125	0.02	5092
0.0	2154.3857421875	0.55	5093
0.0	4935.400390625	1.22	5094
0.0	1164.8037109375	0.3	5095
0.0	1936.2119140625	0.48	5096
0.0	1688.0078125	0.42	5097
0.0	217287.466796875	54.17	5098
0.0	225.2724609375	0.06	5099
0.0	1081.419921875	0.27	5100
0.0	277.310546875	0.07	5101
0.0	171.650390625	0.05	5102
0.0	2612.9326171875	0.66	5103
17.0	1024000.0	257.72	5104
0.0	8353.87890625	2.12	5105
0.0	741858.71484375	185.24	5106
0.0	623.787109375	0.16	5107
0.0	2461.8818359375	0.63	5108
0.0	16844.126953125	4.26	5109
0.0	3667.6298828125	0.91	5110
15.0	1024000.0	252.43	5111
0.0	801.169921875	0.2	5112
0.0	413.623046875	0.11	5113
0.0	572.861328125	0.14	5114
0.0	2386.3037109375	0.6	5115
0.0	131653.349609375	32.83	5116
0.0	62.0263671875	0.02	5117
0.0	20331.91015625	5.08	5118
0.0	2231.98046875	0.56	5119
0.0	5212.55859375	1.33	5120
0.0	7810.2578125	1.95	5121
0.0	837065.2373046875	210.91	5122
0.0	1590.013671875	0.4	5123
45.0	1024000.0	260.37	5124
0.0	230.158203125	0.06	5125
0.0	480.3232421875	0.12	5126
0.0	1826.0830078125	0.46	5127
17.0	1024000.0	252.24	5128
0.0	1400.1455078125	0.35	5129
0.0	1398.8505859375	0.35	5130
20.0	1024000.0	256.93	5131
0.0	50176.47265625	12.63	5132
0.0	324.5087890625	0.08	5133
33.0	1024000.0	255.08	5134
0.0	184.33203125	0.05	5135
0.0	784.306640625	0.2	5136
36.0	1024000.0	258.28	5137
0.0	1056.2939453125	0.27	5138
31.0	1024000.0	262.09	5139
0.0	26543.798828125	6.65	5140
0.0	209.6943359375	0.06	5141
0.0	2506.12890625	0.63	5142
0.0	249.568359375	0.07	5143
0.0	4350.0859375	1.11	5144
0.0	6975.884765625	1.6	5145
0.0	2315.1552734375	0.58	5146
0.0	1799.775390625	0.46	5147
0.0	123.90625	0.03	5148
0.0	360.3203125	0.09	5149
0.0	29976.2783203125	7.4	5150
0.0	577.58203125	0.15	5151
0.0	19957.166015625	5.02	5152
0.0	24108.0361328125	6.05	5153
0.0	256.5322265625	0.07	5154
36.0	1024000.0	257.66	5155
0.0	3930.8916015625	0.99	5156
0.0	273.912109375	0.07	5157
0.0	11018.7216796875	2.77	5158
0.0	376.3466796875	0.1	5159
0.0	3374.908203125	0.82	5160
0.0	2836.74609375	0.73	5161
0.0	205315.2666015625	50.78	5162
16.0	1024000.0	258.82	5163
0.0	8248.4814453125	2.08	5164
0.0	83.626953125	0.03	5165
0.0	12641.1953125	3.12	5166
0.0	272.9765625	0.07	5167
0.0	2129.4130859375	0.53	5168
22.0	1024000.0	256.9	5169
0.0	1352.3525390625	0.35	5170
0.0	19292.4892578125	4.91	5171
31.0	1024000.0	257.22	5172
0.0	57414.73828125	14.41	5173
0.0	2411.849609375	0.62	5174
0.0	4224.57421875	1.04	5175
0.0	498.462890625	0.13	5176
32.0	1024000.0	259.47	5177
0.0	2774.060546875	0.69	5178
0.0	310.162109375	0.08	5179
0.0	27338.1962890625	6.76	5180
0.0	8844.623046875	2.18	5181
0.0	207071.4775390625	51.89	5182
26.0	1024000.0	254.31	5183
0.0	11211.3955078125	2.81	5184
0.0	1492.978515625	0.38	5185
0.0	524.38671875	0.14	5186
0.0	99.0390625	0.03	5187
0.0	283572.53515625	71.43	5188
23.0	1024000.0	261.09	5189
0.0	172.8095703125	0.04	5190
0.0	3179.916015625	0.8	5191
0.0	472946.7421875	119.11	5192
0.0	541.4619140625	0.14	5193
0.0	1349.7861328125	0.35	5194
0.0	103.0458984375	0.03	5195
0.0	73769.974609375	18.71	5196
23.0	1024000.0	259.15	5197
0.0	32788.6103515625	8.29	5198
0.0	7863.1435546875	1.98	5199
0.0	703.7626953125	0.18	5200
0.0	4894.927734375	1.22	5201
0.0	248292.9833984375	62.57	5202
0.0	671.3486328125	0.18	5203
0.0	24245.3427734375	6.06	5204
0.0	189564.9912109375	47.49	5205
0.0	3971.9111328125	1.01	5206
0.0	258.5537109375	0.06	5207
0.0	407.6904296875	0.11	5208
0.0	91.5361328125	0.02	5209
0.0	1134.23828125	0.29	5210
0.0	348756.3896484375	88.01	5211
31.0	1024000.0	261.73	5212
0.0	26499.5205078125	6.59	5213
29.0	1024000.0	258.95	5214
0.0	552.2724609375	0.14	5215
0.0	7887.7392578125	1.97	5216
0.0	231.5615234375	0.06	5217
0.0	1441.37109375	0.36	5218
0.0	3524.5322265625	0.89	5219
0.0	1100.3505859375	0.28	5220
0.0	1091.05859375	0.28	5221
0.0	317.28515625	0.08	5222
0.0	79775.4111328125	19.89	5223
0.0	5226.7041015625	1.33	5224
0.0	247.546875	0.07	5225
0.0	4395.2216796875	1.11	5226
0.0	15333.66796875	3.88	5227
0.0	2100.259765625	0.52	5228
0.0	4068.3837890625	1.03	5229
28.0	1024000.0	258.26	5230
0.0	2200.4423828125	0.57	5231
0.0	170465.1298828125	42.25	5232
30.0	1024000.0	257.63	5233
0.0	541.6396484375	0.14	5234
21.0	1024000.0	256.4	5235
0.0	143906.0927734375	36.02	5236
0.0	4537.85546875	1.14	5237
0.0	5473.6787109375	1.36	5238
0.0	6140.49609375	1.52	5239
0.0	498.8896484375	0.13	5240
0.0	4129.015625	1.07	5241
15.0	1024000.0	259.17	5242
0.0	231.47265625	0.06	5243
0.0	76.7529296875	0.02	5244
0.0	727.6826171875	0.19	5245
0.0	485.744140625	0.12	5246
0.0	10748.3193359375	2.7	5247
0.0	109.779296875	0.03	5248
23.0	1024000.0	260.63	5249
0.0	609.7412109375	0.16	5250
0.0	2725.83984375	0.69	5251
0.0	244.0908203125	0.07	5252
20.0	1024000.0	256.45	5253
0.0	129.6240234375	0.04	5254
0.0	6860.4736328125	1.74	5255
0.0	196.5224609375	0.05	5256
0.0	423.1572265625	0.11	5257
14.0	1024000.0	259.07	5258
0.0	325.32421875	0.09	5259
0.0	438.6630859375	0.11	5260
0.0	24340.2001953125	5.93	5261
0.0	136.697265625	0.04	5262
0.0	10356.6298828125	2.61	5263
31.0	1024000.0	256.09	5264
0.0	971.7587890625	0.25	5265
0.0	13227.384765625	3.32	5266
0.0	224.296875	0.06	5267
0.0	8187.978515625	2.05	5268
0.0	13661.9892578125	3.46	5269
0.0	3046.017578125	0.73	5270
0.0	16385.3369140625	4.08	5271
0.0	1297.6064453125	0.33	5272
0.0	1193.455078125	0.3	5273
37.0	1024000.0	258.88	5274
33.0	1024000.0	252.32	5275
0.0	3537.78515625	0.88	5276
0.0	2868.26953125	0.73	5277
0.0	2654.5185546875	0.67	5278
0.0	226.72265625	0.06	5279
21.0	1024000.0	255.96	5280
0.0	5678.3837890625	1.43	5281
0.0	3213.9853515625	0.81	5282
0.0	374.0556640625	0.1	5283
0.0	4398.2939453125	1.09	5284
0.0	329.8505859375	0.09	5285
0.0	279.5693359375	0.08	5286
0.0	5673.484375	1.43	5287
0.0	25615.9013671875	6.35	5288
0.0	498.01171875	0.12	5289
0.0	294.81640625	0.08	5290
0.0	82.59375	0.02	5291
0.0	29081.1416015625	7.39	5292
0.0	2403.66015625	0.59	5293
0.0	613.0703125	0.16	5294
0.0	63240.8955078125	15.86	5295
0.0	89.953125	0.03	5296
0.0	245.2451171875	0.07	5297
0.0	15495.65625	3.89	5298
0.0	641526.396484375	161.93	5299
0.0	2405.7216796875	0.62	5300
0.0	7124.1015625	1.79	5301
0.0	2091.2890625	0.53	5302
0.0	340.908203125	0.09	5303
0.0	17763.8310546875	4.51	5304
0.0	1466.26171875	0.37	5305
35.0	1024000.0	256.02	5306
0.0	270.1796875	0.07	5307
0.0	120.0341796875	0.03	5308
0.0	623.8466796875	0.16	5309
28.0	1024000.0	257.41	5310
0.0	44.4541015625	0.01	5311
0.0	685.2685546875	0.17	5312
0.0	71.9638671875	0.02	5313
0.0	735.5595703125	0.19	5314
0.0	103997.9267578125	25.46	5315
17.0	1024000.0	259.64	5316
0.0	1215.7548828125	0.31	5317
0.0	5934.7041015625	1.46	5318
0.0	1961.9443359375	0.5	5319
0.0	419.6357421875	0.11	5320
0.0	3751.6435546875	0.93	5321
31.0	1024000.0	255.18	5322
0.0	296.0009765625	0.07	5323
0.0	107.3408203125	0.03	5324
0.0	317.1787109375	0.08	5325
0.0	226.51953125	0.06	5326
0.0	105.412109375	0.03	5327
0.0	150866.98828125	37.18	5328
0.0	49732.3720703125	12.25	5329
0.0	971.939453125	0.25	5330
0.0	3940.5087890625	0.98	5331
0.0	7596.80859375	1.9	5332
0.0	748.5986328125	0.19	5333
0.0	1214.392578125	0.31	5334
16.0	1024000.0	253.7	5335
0.0	96497.42578125	23.97	5336
40.0	1024000.0	261.64	5337
0.0	445.1611328125	0.12	5338
0.0	7801.978515625	1.95	5339
0.0	205.25	0.05	5340
0.0	242.109375	0.06	5341
0.0	483.1826171875	0.12	5881
0.0	580.2373046875	0.14	5882
0.0	4744.7138671875	1.17	5883
0.0	7350.2041015625	1.82	5884
0.0	1107.64453125	0.27	5885
13.0	1024000.0	255.65	5886
18.0	1024000.0	257.07	5887
17.0	1024000.0	254.92	5888
0.0	17970.4619140625	4.47	5889
32.0	1024000.0	258.35	5890
0.0	342.7626953125	0.09	5891
0.0	7563.7783203125	1.88	5892
7.0	1024000.0	256.54	5893
0.0	29532.9296875	7.4	5894
0.0	5024.2958984375	1.26	5895
37.0	1024000.0	256.22	5896
0.0	213.046875	0.05	5897
41.0	1024000.0	256.88	5898
0.0	10556.3955078125	2.59	5899
0.0	271.5849609375	0.07	5900
0.0	2180.1357421875	0.53	5901
0.0	246.4931640625	0.06	5902
0.0	44578.6630859375	11.22	5903
0.0	65.4091796875	0.01	5904
0.0	224392.73828125	55.46	5905
0.0	281.5771484375	0.07	5906
22.0	1024000.0	255.97	5907
0.0	176.1513671875	0.05	5908
0.0	159.9091796875	0.04	5909
0.0	763.427734375	0.19	5910
0.0	480.4189453125	0.12	5911
0.0	186.9775390625	0.05	5912
0.0	220.1875	0.06	5913
0.0	621.216796875	0.15	5914
0.0	1527.8720703125	0.38	5915
0.0	2762.4443359375	0.69	5916
0.0	1457.576171875	0.37	5917
0.0	2331.134765625	0.59	5918
23.0	1024000.0	259.0	5919
0.0	881.087890625	0.22	5920
0.0	6194.6416015625	1.53	5921
0.0	1446.1181640625	0.36	5922
0.0	290715.123046875	72.87	5923
28.0	1024000.0	256.39	5924
41.0	1024000.0	257.92	5925
26.0	1024000.0	256.6	5926
0.0	392.3896484375	0.1	5927
26.0	1024000.0	257.42	5928
0.0	7663.859375	1.91	5929
32.0	1024000.0	259.6	5930
0.0	3293.1201171875	0.83	5931
0.0	12569.62890625	3.15	5932
21.0	1024000.0	256.79	5933
0.0	53.6357421875	0.01	5934
15.0	1024000.0	259.64	5935
0.0	17798.5380859375	4.46	5936
0.0	1346.0498046875	0.33	5937
0.0	258.1142578125	0.07	5938
0.0	525.4541015625	0.14	5939
26.0	1024000.0	255.75	5940
36.0	1024000.0	260.14	5941
0.0	5815.7568359375	1.45	5942
0.0	327.58203125	0.09	5943
0.0	1117.6767578125	0.29	5944
0.0	181.10546875	0.05	5945
0.0	129.419921875	0.03	5946
0.0	651.630859375	0.16	5947
0.0	594.439453125	0.15	5948
0.0	1774.576171875	0.45	5949
0.0	700.6357421875	0.18	5950
0.0	7315.27734375	1.83	5951
0.0	63.2470703125	0.02	5952
25.0	1024000.0	259.99	5953
19.0	1024000.0	257.94	5954
15.0	1024000.0	258.28	5955
0.0	3605.9287109375	0.91	5956
0.0	2699.8076171875	0.65	5957
0.0	567.5478515625	0.14	5958
0.0	689.61328125	0.17	5959
0.0	741.208984375	0.19	5960
0.0	948.89453125	0.23	5961
0.0	992.59375	0.25	5962
26.0	1024000.0	256.54	5963
20.0	1024000.0	258.28	5964
0.0	22019.5322265625	5.54	5965
0.0	78052.0986328125	19.72	5966
0.0	347.65625	0.09	5967
0.0	8398.5712890625	2.11	5968
0.0	7516.80078125	1.89	5969
0.0	444.857421875	0.11	5970
0.0	193.80859375	0.05	5971
25.0	1024000.0	258.87	5972
0.0	11563.916015625	2.91	5973
0.0	50804.541015625	12.81	5974
0.0	135.173828125	0.03	5975
0.0	863.826171875	0.22	5976
0.0	491.1455078125	0.13	5977
0.0	2213.5029296875	0.56	5978
0.0	188920.0234375	47.43	5979
0.0	259031.275390625	64.92	5980
0.0	170.732421875	0.04	5981
31.0	1024000.0	259.8	5982
0.0	215546.708984375	54.11	5983
25.0	1024000.0	256.44	5984
0.0	1287.400390625	0.32	5985
25.0	1024000.0	249.0	5986
0.0	296.267578125	0.08	5987
0.0	2997.7568359375	0.75	5988
0.0	603.0751953125	0.16	5989
0.0	563.341796875	0.15	5990
0.0	1152.5791015625	0.29	5991
0.0	39440.70703125	9.88	5992
0.0	459.5126953125	0.11	5993
0.0	657.0966796875	0.16	5994
17.0	1024000.0	251.67	5995
23.0	1024000.0	256.58	5996
0.0	1537.8701171875	0.4	5997
0.0	167.8212890625	0.04	5998
0.0	2570.0302734375	0.64	5999
20.0	1024000.0	256.96	6000
0.0	228.0244140625	0.06	6001
0.0	17832.4248046875	4.48	6002
0.0	3071.4248046875	0.77	6003
0.0	127.1611328125	0.03	6004
0.0	786.8935546875	0.2	6005
0.0	433.4287109375	0.11	6006
20.0	1024000.0	255.22	6007
0.0	9175.0615234375	2.29	6008
0.0	165.5703125	0.04	6009
0.0	287.083984375	0.08	6010
0.0	2077.8203125	0.5	6011
0.0	1205.751953125	0.31	6012
0.0	4320.216796875	1.08	6013
0.0	726.20703125	0.18	6014
0.0	105928.525390625	26.59	6015
0.0	624.8076171875	0.16	6016
0.0	49310.3994140625	12.5	6017
0.0	3536.55078125	0.89	6018
0.0	4382.142578125	1.12	6019
0.0	369.32421875	0.09	6020
0.0	656.8193359375	0.16	6021
30.0	1024000.0	255.31	6022
0.0	276.708984375	0.07	6023
0.0	272.2626953125	0.07	6024
25.0	1024000.0	256.71	6025
26.0	1024000.0	255.02	6026
20.0	1024000.0	256.42	6027
0.0	335.259765625	0.09	6028
0.0	1625.6533203125	0.42	6029
0.0	553.3193359375	0.14	6030
0.0	291.3896484375	0.07	6031
0.0	515.1943359375	0.13	6032
22.0	1024000.0	258.82	6033
0.0	30920.5244140625	7.68	6034
0.0	2256.09765625	0.57	6035
0.0	2661.509765625	0.68	6036
0.0	1292.046875	0.31	6037
16.0	1024000.0	256.56	6038
0.0	1078.37890625	0.27	6039
0.0	1894.369140625	0.47	6040
0.0	1545.24609375	0.39	6041
0.0	14061.232421875	3.5	6042
0.0	2225.6943359375	0.57	6043
0.0	303.9443359375	0.08	6044
0.0	2265.4208984375	0.57	6045
0.0	325.1748046875	0.09	6046
0.0	269.4033203125	0.07	6047
0.0	298.666015625	0.08	6048
0.0	317.6103515625	0.08	6049
0.0	930.888671875	0.23	6050
0.0	340.5107421875	0.08	6051
0.0	1928.169921875	0.49	6052
0.0	445.2626953125	0.12	6053
0.0	267113.08203125	65.86	6054
0.0	727.490234375	0.18	6055
0.0	33181.78125	8.34	6056
28.0	1024000.0	254.68	6057
0.0	3967.591796875	1.0	6058
0.0	22028.6396484375	5.46	6059
0.0	1250.6630859375	0.31	6060
0.0	25943.5595703125	6.49	6061
20.0	1024000.0	258.6	6062
0.0	768317.93359375	190.95	6063
0.0	173.888671875	0.05	6064
0.0	96.76953125	0.03	6065
0.0	71817.89453125	18.38	6066
0.0	227.984375	0.06	6067
0.0	44261.3818359375	10.89	6068
0.0	7040.1171875	1.75	6069
9.0	1024000.0	251.95	6070
0.0	172.544921875	0.05	6071
0.0	507.6240234375	0.13	6072
0.0	21422.6044921875	5.33	6073
0.0	31765.2744140625	7.96	6074
4.0	1024000.0	250.22	6075
0.0	8019.0498046875	1.99	6076
0.0	169.47265625	0.04	6077
15.0	1024000.0	251.87	6078
0.0	120.65625	0.03	6079
0.0	237.40625	0.06	6080
0.0	775.306640625	0.2	6081
0.0	821.111328125	0.22	6082
0.0	14991.5546875	3.78	6083
0.0	1203.30078125	0.3	6084
0.0	7753.912109375	1.94	6085
0.0	401.115234375	0.1	6086
0.0	71793.86328125	17.96	6087
17.0	1024000.0	260.29	6088
0.0	105.4482421875	0.03	6089
0.0	2029.0634765625	0.51	6090
0.0	110.0087890625	0.03	6091
0.0	161.986328125	0.04	6092
0.0	4548.98046875	1.12	6093
0.0	409.140625	0.1	6094
0.0	14452.09375	3.58	6095
0.0	1154.1923828125	0.29	6096
0.0	162014.6630859375	40.75	6097
0.0	767.251953125	0.2	6098
34.0	1024000.0	259.95	6099
0.0	78.44921875	0.02	6100
0.0	277.9306640625	0.08	6101
0.0	20766.826171875	5.21	6102
0.0	1064.8974609375	0.27	6103
0.0	2102.5712890625	0.52	6104
0.0	69.5146484375	0.02	6105
0.0	3367.59765625	0.85	6106
0.0	344.490234375	0.09	6107
0.0	4280.966796875	1.07	6108
0.0	822.888671875	0.21	6109
20.0	1024000.0	255.84	6110
10.0	1024000.0	259.07	6111
0.0	949.2666015625	0.23	6112
0.0	4068.08984375	1.01	6113
0.0	2699.578125	0.68	6114
0.0	185.5810546875	0.05	6115
0.0	108.921875	0.03	6116
0.0	2170.380859375	0.55	6117
0.0	221.97265625	0.06	6118
0.0	927.54296875	0.24	6119
0.0	3613.640625	0.89	6120
0.0	7663.3369140625	1.94	6121
0.0	3390.966796875	0.85	6122
0.0	6985.248046875	1.77	6123
0.0	509.7236328125	0.13	6124
0.0	59.9482421875	0.02	6125
0.0	16718.2880859375	4.2	6126
0.0	360.0830078125	0.1	6127
0.0	17726.8955078125	4.47	6128
0.0	6185.619140625	1.56	6129
0.0	1451.8515625	0.37	6130
10.0	1024000.0	258.25	6131
0.0	1479.1826171875	0.38	6132
0.0	1694.3662109375	0.42	6133
0.0	262.66015625	0.07	6134
0.0	157.216796875	0.04	6135
0.0	8031.3359375	1.97	6136
0.0	4365.982421875	1.12	6137
25.0	1024000.0	260.3	6138
0.0	154.0361328125	0.04	6139
0.0	642043.3642578125	160.66	6140
0.0	259.8818359375	0.07	6141
0.0	247.4462890625	0.07	6142
20.0	1024000.0	256.91	6143
0.0	376.220703125	0.1	6144
0.0	18932.96875	4.76	6145
0.0	33913.7939453125	8.53	6146
0.0	162.974609375	0.04	6147
0.0	87472.435546875	21.26	6148
36.0	1024000.0	259.7	6149
0.0	1287.48046875	0.33	6150
0.0	586.53125	0.15	6151
0.0	3503.701171875	0.88	6152
0.0	254.6220703125	0.07	6153
0.0	12965.84375	3.19	6154
0.0	19102.9921875	4.76	6155
26.0	1024000.0	260.33	6156
0.0	283.375	0.07	6157
0.0	153886.951171875	38.92	6158
0.0	11234.0947265625	2.86	6159
0.0	194.5146484375	0.05	6160
0.0	27863.3759765625	6.9	6161
0.0	101.900390625	0.03	6162
0.0	258.2939453125	0.07	6163
0.0	1810.0400390625	0.46	6164
0.0	2101.544921875	0.5	6165
0.0	335.146484375	0.08	6166
0.0	2163.7783203125	0.56	6167
0.0	122.0908203125	0.03	6168
26.0	1024000.0	255.43	6169
0.0	5079.869140625	1.28	6170
0.0	288.2900390625	0.08	6171
0.0	30704.3271484375	7.73	6172
0.0	870.6396484375	0.22	6173
0.0	12265.435546875	3.09	6174
0.0	122.0791015625	0.04	6175
0.0	149.1064453125	0.03	6176
0.0	685.337890625	0.17	6177
0.0	6146.0869140625	1.53	6178
0.0	1913.984375	0.49	6179
0.0	2318.1298828125	0.58	6180
0.0	9981.4970703125	2.49	6181
0.0	529.3193359375	0.14	6182
0.0	2170.55859375	0.55	6183
0.0	150103.4501953125	37.99	6184
35.0	1024000.0	256.25	6185
0.0	1542.1845703125	0.39	6186
0.0	2993.69140625	0.77	6187
0.0	11591.6787109375	2.85	6188
0.0	504935.806640625	126.66	6189
0.0	497.34765625	0.13	6190
0.0	1512.07421875	0.38	6191
0.0	667.3037109375	0.17	6192
0.0	105201.2080078125	26.52	6193
34.0	1024000.0	254.72	6194
0.0	1474.0595703125	0.38	6195
0.0	16267.2421875	4.11	6196
23.0	1024000.0	257.94	6197
31.0	1024000.0	257.42	6198
19.0	1024000.0	256.74	6199
0.0	605.517578125	0.16	6200
0.0	26404.4228515625	6.57	6201
0.0	785.9150390625	0.2	6202
0.0	23778.384765625	6.01	6203
0.0	3870.544921875	0.98	6204
0.0	310.3466796875	0.08	6205
24.0	1024000.0	257.88	6206
0.0	2226.400390625	0.58	6207
0.0	126.0	0.03	6208
0.0	2392.3837890625	0.6	6209
0.0	984.3662109375	0.25	6210
0.0	332.1943359375	0.09	6211
0.0	5860.212890625	1.49	6212
0.0	60387.625	14.99	6213
0.0	1290.021484375	0.32	6214
0.0	1123.22265625	0.28	6215
0.0	15313.04296875	3.8	6216
0.0	60652.1005859375	15.27	6217
39.0	1024000.0	258.95	6218
13.0	1024000.0	255.42	6219
0.0	467624.11328125	115.4	6220
0.0	137214.73828125	34.13	6221
0.0	462.3779296875	0.11	6222
0.0	1234.7880859375	0.31	6223
0.0	29243.59765625	7.24	6224
0.0	1518.634765625	0.38	6225
0.0	869.455078125	0.22	6226
0.0	15179.5673828125	3.72	6227
0.0	1510.5947265625	0.38	6228
19.0	1024000.0	260.04	6229
0.0	475.318359375	0.12	6230
0.0	353.3798828125	0.09	6231
0.0	25801.310546875	6.4	6232
0.0	21315.556640625	5.41	6233
0.0	11177.5498046875	2.82	6234
0.0	11297.6083984375	2.79	6235
0.0	25430.6201171875	6.26	6236
34.0	1024000.0	256.04	6237
0.0	2823.7529296875	0.71	6238
0.0	4808.0576171875	1.22	6239
32.0	1024000.0	255.04	6240
0.0	2758.625	0.69	6241
0.0	202.50390625	0.05	6242
0.0	13058.4384765625	3.28	6243
0.0	865.2060546875	0.22	6244
28.0	1024000.0	257.98	6245
0.0	68635.5888671875	17.09	6246
19.0	1024000.0	255.48	6247
0.0	78.9052734375	0.02	6248
0.0	90476.4541015625	22.7	6249
19.0	1024000.0	256.89	6250
32.0	1024000.0	260.3	6251
0.0	117.486328125	0.03	6252
19.0	1024000.0	253.69	6253
0.0	111.443359375	0.03	6254
0.0	614.2802734375	0.16	6255
0.0	1064.5517578125	0.27	6256
0.0	985.10546875	0.26	6257
19.0	1024000.0	259.68	6258
0.0	10939.6865234375	2.76	6259
0.0	129.7177734375	0.04	6260
0.0	52.4482421875	0.02	6261
0.0	1581.498046875	0.4	6262
0.0	466.7568359375	0.12	6263
0.0	44657.630859375	11.33	6264
12.0	1024000.0	249.63	6861
0.0	118.1328125	0.03	6862
0.0	1430.333984375	0.35	6863
34.0	1024000.0	260.03	6864
0.0	1449.671875	0.36	6865
0.0	233.3369140625	0.06	6866
0.0	422.888671875	0.11	6867
0.0	316.7666015625	0.08	6868
0.0	6077.3994140625	1.54	6869
0.0	439.6005859375	0.11	6870
0.0	5519.56640625	1.38	6871
0.0	37.5146484375	0.01	6872
0.0	288.5625	0.07	6873
0.0	144.091796875	0.04	6874
0.0	1531.6689453125	0.39	6875
19.0	1024000.0	259.47	6876
0.0	4492.87890625	1.1	6877
22.0	1024000.0	258.29	6878
23.0	1024000.0	255.07	6879
0.0	6111.8115234375	1.54	6880
0.0	286334.7841796875	71.97	6881
0.0	12318.533203125	3.05	6882
0.0	2525.337890625	0.63	6883
16.0	1024000.0	254.5	6884
0.0	289780.3525390625	71.9	6885
0.0	10857.7978515625	2.72	6886
0.0	74771.572265625	18.52	6887
26.0	1024000.0	257.04	6888
0.0	2629.857421875	0.65	6889
0.0	897.134765625	0.23	6890
0.0	12161.1689453125	3.08	6891
0.0	4914.3876953125	1.23	6892
0.0	29660.490234375	7.43	6893
0.0	413271.0107421875	99.82	6894
0.0	471.79296875	0.12	6895
0.0	41320.544921875	10.19	6896
0.0	741.669921875	0.18	6897
0.0	2274.3642578125	0.56	6898
0.0	1047.8125	0.27	6899
0.0	11297.6083984375	2.76	6900
0.0	43219.8828125	10.22	6901
0.0	172.46484375	0.04	6902
0.0	394.21484375	0.1	6903
0.0	4803.98046875	1.18	6904
0.0	1731.431640625	0.43	6905
0.0	7579.1328125	1.87	6906
0.0	85.154296875	0.02	6907
0.0	218.99609375	0.06	6908
0.0	600.931640625	0.15	6909
0.0	337.7958984375	0.08	6910
17.0	1024000.0	257.13	6911
0.0	135.7431640625	0.03	6912
0.0	272.61328125	0.07	6913
0.0	1500.48046875	0.37	6914
26.0	1024000.0	255.62	6915
0.0	6587.8837890625	1.66	6916
0.0	2737.6455078125	0.69	6917
0.0	5185.9853515625	1.3	6918
0.0	324.7685546875	0.08	6919
0.0	1926.6259765625	0.48	6920
0.0	417.5517578125	0.1	6921
46.0	1024000.0	259.7	6922
0.0	402.2451171875	0.1	6923
0.0	1319.6728515625	0.34	6924
0.0	51.9169921875	0.02	6925
0.0	855274.5830078125	212.7	6926
0.0	1970.3388671875	0.5	6927
0.0	853.6064453125	0.21	6928
39.0	1024000.0	259.72	6929
0.0	555.2216796875	0.14	6930
0.0	15181.693359375	3.78	6931
0.0	733.5224609375	0.19	6932
0.0	18740.2578125	4.68	6933
0.0	80.978515625	0.02	6934
0.0	62757.630859375	15.46	6935
0.0	3313.77734375	0.84	6936
0.0	2243.23828125	0.56	6937
0.0	138.45703125	0.04	6938
19.0	1024000.0	257.7	6939
0.0	7331.2724609375	1.83	6940
13.0	1024000.0	248.92	6941
18.0	1024000.0	249.68	6942
0.0	158457.236328125	39.32	6943
0.0	14009.2802734375	3.47	6944
0.0	345.4072265625	0.09	6945
0.0	733.978515625	0.18	6946
0.0	1123.263671875	0.27	6947
0.0	17151.841796875	4.23	6948
0.0	916.947265625	0.23	6949
5.0	1024000.0	249.55	6950
37.0	1024000.0	258.58	6951
0.0	306.837890625	0.08	6952
0.0	114270.68359375	28.9	6953
43.0	1024000.0	258.89	6954
0.0	41014.8466796875	10.11	6955
0.0	21764.73828125	5.45	6956
0.0	2402.56640625	0.61	6957
0.0	10337.330078125	2.6	6958
0.0	420.6396484375	0.11	6959
0.0	6544.2470703125	1.66	6960
0.0	329.61328125	0.09	6961
0.0	18254.3662109375	4.57	6962
0.0	1644.0283203125	0.4	6963
0.0	3271.2265625	0.83	6964
0.0	582.544921875	0.15	6965
0.0	592.17578125	0.15	6966
0.0	2465.025390625	0.61	6967
0.0	371.7939453125	0.1	6968
24.0	1024000.0	257.17	6969
0.0	698.56640625	0.18	6970
0.0	2015.3232421875	0.51	6971
0.0	6819.5087890625	1.68	6972
0.0	632944.189453125	158.85	6973
0.0	164.701171875	0.04	6974
0.0	223.5908203125	0.06	6975
30.0	1024000.0	260.66	6976
0.0	35739.6630859375	9.0	6977
0.0	16024.9765625	4.07	6978
0.0	2715.4541015625	0.67	6979
0.0	105.294921875	0.03	6980
0.0	16589.205078125	4.14	6981
0.0	3487.841796875	0.87	6982
0.0	1527.318359375	0.39	6983
0.0	198819.6328125	49.61	6984
0.0	3460.720703125	0.88	6985
0.0	81838.078125	20.65	6986
25.0	1024000.0	257.15	6987
0.0	63.6552734375	0.02	6988
0.0	228.4501953125	0.06	6989
0.0	320.2587890625	0.08	6990
28.0	1024000.0	257.86	6991
0.0	2491.775390625	0.63	6992
0.0	187.5283203125	0.05	6993
14.0	1024000.0	257.89	6994
0.0	1860.9560546875	0.47	6995
0.0	437453.2548828125	110.9	6996
0.0	312.908203125	0.08	6997
18.0	1024000.0	255.44	6998
0.0	4234.662109375	1.06	6999
