#FMS random 3-SAT
#N=32768  nIter=50000  alpha=416   NSamples=2532
#av(nit)	2785.556842641243
#std(nit)	34.87207746271025
#av(e)	0.0
#std(e)	0.0
#av(runtime)	56.36688388625593
#std(runtime)	0.6895865024844938
0.0	1588.8214111328125	30.07	1
0.0	1657.9746704101562	31.53	2
0.0	5676.464508056641	105.2	3
0.0	1269.2475891113281	24.48	4
0.0	3222.3953857421875	62.37	5
0.0	4939.094787597656	93.73	6
0.0	5638.315643310547	107.8	7
0.0	4872.231231689453	95.13	8
0.0	2505.1324768066406	48.71	9
0.0	2130.2308044433594	42.73	10
0.0	2448.945770263672	46.67	11
0.0	1732.9084777832031	33.6	12
0.0	1479.1692199707031	29.88	13
0.0	1064.0596313476562	22.03	14
0.0	3458.270050048828	69.72	15
0.0	3759.3872985839844	75.08	16
0.0	1191.18994140625	23.34	17
0.0	1583.1105651855469	30.73	18
0.0	1549.6159057617188	29.89	19
0.0	2497.871826171875	49.69	20
0.0	3695.2015075683594	72.42	21
0.0	1025.1695251464844	21.28	22
0.0	5522.2581787109375	109.48	23
0.0	3549.16064453125	69.04	24
0.0	2974.0389709472656	59.74	25
0.0	718.2487182617188	14.68	26
0.0	2428.637176513672	47.32	27
0.0	857.9308166503906	17.92	28
0.0	3085.253631591797	62.7	29
0.0	2204.467071533203	44.59	30
0.0	4139.621368408203	79.6	31
0.0	1629.3132629394531	31.35	32
0.0	4907.2957763671875	94.65	33
0.0	1156.1046142578125	22.68	34
0.0	1207.9694213867188	24.16	35
0.0	1775.8443298339844	35.09	36
0.0	5131.605529785156	100.7	37
0.0	2066.2814331054688	41.03	38
0.0	2118.1341857910156	42.7	39
0.0	1680.8975524902344	33.95	40
0.0	1496.74853515625	31.59	41
0.0	2733.1473388671875	52.01	42
0.0	1828.0782775878906	37.63	43
0.0	2217.3626403808594	45.01	44
0.0	5203.731628417969	106.73	45
0.0	3195.5361328125	65.34	46
0.0	2869.9071044921875	55.58	47
0.0	6679.521636962891	132.13	48
0.0	5283.809753417969	105.93	49
0.0	1582.8770446777344	31.27	50
0.0	2767.9610900878906	53.79	51
0.0	1915.7816467285156	38.5	52
0.0	14070.173461914062	284.43	53
0.0	4609.451232910156	88.59	54
0.0	6396.304290771484	126.59	55
0.0	4352.287200927734	89.22	56
0.0	1996.8607788085938	41.52	57
0.0	1481.8154907226562	31.12	58
0.0	1908.7396545410156	39.36	59
0.0	2424.379119873047	48.8	60
0.0	1073.7071838378906	22.3	61
0.0	3214.6778869628906	64.77	62
0.0	1329.6000671386719	27.56	63
0.0	4133.976257324219	81.56	64
0.0	1621.7047424316406	33.77	65
0.0	3728.4547119140625	76.8	66
0.0	2455.200408935547	50.16	67
0.0	1884.9811401367188	39.04	68
0.0	1204.0813293457031	24.97	69
0.0	2346.8271484375	47.1	70
0.0	1377.0267333984375	25.83	71
0.0	3582.818359375	72.97	72
0.0	1328.2199401855469	26.52	73
0.0	3099.542999267578	63.92	74
0.0	4994.851623535156	101.86	75
0.0	1191.3765869140625	24.44	76
0.0	4714.425231933594	97.4	77
0.0	2601.120086669922	50.45	78
0.0	1254.8038330078125	25.83	79
0.0	1525.2354125976562	31.68	80
0.0	1759.4476928710938	35.7	81
0.0	2447.1622619628906	46.53	82
0.0	5409.3822021484375	110.7	83
0.0	1278.7063598632812	27.62	84
0.0	1887.5348815917969	38.84	85
0.0	2211.3414306640625	44.39	86
0.0	1044.6080322265625	21.36	87
0.0	785.1171875	17.28	88
0.0	1910.6062622070312	39.43	89
0.0	2187.261444091797	44.96	90
0.0	1779.1075439453125	35.64	91
0.0	4365.595794677734	88.03	92
0.0	2622.789276123047	54.03	93
0.0	3010.766387939453	59.95	94
0.0	2426.918701171875	51.91	95
0.0	2197.8650512695312	46.46	96
0.0	3738.7835388183594	74.34	97
0.0	4711.95068359375	95.46	98
0.0	1457.8058776855469	30.03	99
0.0	3194.117218017578	59.76	100
0.0	2304.1089782714844	44.51	101
0.0	5674.574310302734	113.81	102
0.0	2067.250762939453	42.59	103
0.0	1027.1401672363281	21.09	104
0.0	1695.7080688476562	35.78	105
0.0	1420.7326965332031	29.09	106
0.0	1044.6591491699219	21.91	107
0.0	1310.4298095703125	27.21	108
0.0	5775.480743408203	116.3	109
0.0	1481.2301940917969	29.35	110
0.0	5435.364105224609	111.61	111
0.0	2794.9656982421875	59.26	112
0.0	5262.481781005859	108.21	113
0.0	2626.3453063964844	53.26	114
0.0	3929.1964721679688	77.23	115
0.0	3473.710205078125	67.65	116
0.0	1969.4799194335938	39.72	117
0.0	3235.0217895507812	64.11	118
0.0	1709.3192138671875	34.95	119
0.0	4833.041198730469	99.71	120
0.0	1046.3522338867188	21.4	121
0.0	1717.9296264648438	34.75	122
0.0	2240.453582763672	48.24	123
0.0	4662.3997802734375	96.51	124
0.0	2316.104248046875	48.2	125
0.0	2064.4208984375	40.24	126
0.0	2976.249481201172	60.35	127
0.0	1289.9127807617188	26.26	128
0.0	2379.679443359375	47.94	129
0.0	2016.3318481445312	41.92	130
0.0	3018.2586059570312	63.31	131
0.0	1156.5716552734375	24.37	132
0.0	3298.9767456054688	67.04	133
0.0	1729.0636291503906	35.2	134
0.0	1375.4283447265625	28.57	135
0.0	2006.7788391113281	40.36	136
0.0	2040.9593200683594	42.95	137
0.0	1761.161376953125	37.46	138
0.0	2831.68408203125	57.51	139
0.0	3924.2236328125	81.65	140
0.0	1349.2641296386719	29.16	141
0.0	3412.1683959960938	70.1	142
0.0	2664.4134826660156	54.1	143
0.0	1708.7767028808594	36.26	144
0.0	1279.1216735839844	28.05	145
0.0	2585.6753540039062	53.58	146
0.0	1161.9004211425781	23.98	147
0.0	4930.646301269531	100.5	148
0.0	3677.167236328125	75.12	149
0.0	3473.2687377929688	71.54	150
0.0	2506.285369873047	52.78	151
0.0	14686.927795410156	304.22	152
0.0	2206.9268493652344	44.96	153
0.0	2028.7749938964844	40.24	154
0.0	1990.01318359375	41.17	155
0.0	1402.9466247558594	28.93	156
0.0	3052.94189453125	61.55	157
0.0	2314.037811279297	46.19	158
0.0	3850.4061889648438	76.35	159
0.0	1092.9139099121094	21.88	160
0.0	1939.8373718261719	39.69	161
0.0	1734.0871887207031	35.63	162
0.0	3752.3795166015625	72.19	163
0.0	4349.085754394531	84.82	164
0.0	2321.531951904297	46.83	165
0.0	6365.924072265625	124.04	166
0.0	2075.3385620117188	44.44	167
0.0	1423.2300415039062	29.35	168
0.0	1103.9482421875	23.46	169
0.0	2207.8164672851562	44.5	170
0.0	1337.9050903320312	25.43	171
0.0	1002.3257141113281	21.98	172
0.0	2452.801239013672	45.63	173
0.0	2871.843994140625	58.98	174
0.0	2279.194793701172	47.74	175
0.0	5611.238037109375	116.34	176
0.0	2474.582061767578	52.92	177
0.0	3383.2466430664062	71.91	178
0.0	5230.021057128906	105.84	179
0.0	2024.1118469238281	43.56	180
0.0	3127.9031982421875	64.37	181
0.0	2194.3307189941406	45.64	182
0.0	3986.033935546875	82.22	183
0.0	2538.5033569335938	55.32	184
0.0	1700.0354919433594	37.42	185
0.0	3761.397705078125	73.66	186
0.0	1027.6054077148438	21.42	187
0.0	1941.1641235351562	39.03	188
0.0	3032.0174560546875	63.5	189
0.0	4401.59130859375	90.44	190
0.0	1233.6805725097656	24.64	191
0.0	2627.446014404297	53.96	192
0.0	3172.504150390625	65.39	193
0.0	2606.1754760742188	56.62	194
0.0	1123.6401672363281	23.16	195
0.0	1590.974853515625	32.68	196
0.0	2616.014404296875	51.16	197
0.0	2814.3555908203125	57.18	198
0.0	2076.5154418945312	44.79	199
0.0	2625.245086669922	54.56	200
0.0	2959.9517211914062	55.95	201
0.0	2605.763458251953	53.87	202
0.0	1794.379638671875	37.07	203
0.0	3408.93798828125	68.9	204
0.0	7706.484466552734	153.43	205
0.0	3138.1139526367188	66.83	206
0.0	2436.3624877929688	47.87	207
0.0	2540.6742248535156	50.14	208
0.0	2571.3089599609375	52.92	209
0.0	2225.93896484375	45.8	210
0.0	4791.497009277344	98.81	211
0.0	1130.2943420410156	24.1	212
0.0	3498.490203857422	69.6	213
0.0	1661.6031799316406	34.27	214
0.0	2355.7813110351562	49.89	215
0.0	3646.768798828125	76.42	216
0.0	2948.9296875	60.93	217
0.0	3919.6004333496094	78.72	218
0.0	3532.985626220703	71.54	219
0.0	1955.3327941894531	39.83	220
0.0	1951.154296875	40.75	221
0.0	1789.302001953125	38.02	222
0.0	3082.155303955078	65.54	223
0.0	2771.5281677246094	56.0	224
0.0	2948.767608642578	54.11	225
0.0	5425.616455078125	116.08	226
0.0	6692.737243652344	139.33	227
0.0	4451.575531005859	89.33	228
0.0	3313.1041259765625	68.86	229
0.0	2314.4967041015625	48.22	230
0.0	2775.2288818359375	57.54	231
0.0	1311.1611022949219	27.04	232
0.0	879.9078369140625	19.2	233
0.0	1025.3229064941406	22.12	234
0.0	2638.6800842285156	53.85	235
0.0	2953.159881591797	62.33	236
0.0	1245.9809265136719	24.66	237
0.0	1902.4331359863281	40.67	238
0.0	3573.944793701172	74.3	239
0.0	2258.8699340820312	47.65	240
0.0	7399.667907714844	150.32	241
0.0	3697.1038208007812	76.62	242
0.0	2971.9764709472656	61.7	243
0.0	1952.4288330078125	37.87	244
0.0	1677.995849609375	35.24	245
0.0	1364.0681762695312	27.84	246
0.0	5105.049530029297	98.82	247
0.0	1572.7633056640625	30.01	248
0.0	2640.651336669922	56.29	249
0.0	3746.5149841308594	77.91	250
0.0	1635.3499755859375	35.8	251
0.0	4682.069854736328	95.48	252
0.0	1185.9688415527344	25.78	253
0.0	1770.354248046875	38.46	254
0.0	2633.1992797851562	56.12	255
0.0	5784.243438720703	119.57	256
0.0	2724.1576232910156	53.78	257
0.0	3326.8282470703125	69.42	258
0.0	1751.9376220703125	36.55	259
0.0	1122.7892761230469	23.58	260
0.0	3378.470672607422	67.74	261
0.0	4377.284820556641	87.96	262
0.0	2199.6776428222656	41.86	263
0.0	2935.688507080078	60.5	264
0.0	2851.6585998535156	57.83	265
0.0	1947.577392578125	37.03	266
0.0	1669.40966796875	35.09	267
0.0	2709.2806091308594	57.41	268
0.0	1263.4764709472656	28.14	269
0.0	920.2301635742188	20.27	270
0.0	3393.7865600585938	68.19	271
0.0	1174.408935546875	24.46	272
0.0	1226.4776000976562	25.57	273
0.0	1403.6833190917969	30.31	274
0.0	1095.238525390625	23.27	275
0.0	853.7529907226562	18.03	276
0.0	3105.6979370117188	65.3	277
0.0	1463.7256469726562	30.65	278
0.0	5579.626159667969	116.27	279
0.0	3095.696075439453	66.37	280
0.0	10741.155212402344	226.41	281
0.0	3340.700714111328	69.74	282
0.0	1509.9404602050781	31.34	283
0.0	3919.2900390625	83.23	284
0.0	3215.302734375	68.61	285
0.0	1978.8615417480469	41.03	286
0.0	2625.3477172851562	56.1	287
0.0	1672.0374145507812	33.62	288
0.0	2904.3607482910156	61.84	289
0.0	3886.0148010253906	77.65	290
0.0	3688.5191040039062	74.47	291
0.0	5202.380798339844	110.92	292
0.0	4312.019866943359	83.08	293
0.0	1185.011474609375	26.13	294
0.0	3254.003875732422	66.21	295
0.0	2310.403350830078	49.14	296
0.0	5068.053955078125	97.54	297
0.0	1620.8929748535156	34.57	298
0.0	2869.883544921875	54.31	299
0.0	3103.7393493652344	63.4	300
0.0	1499.7956237792969	30.46	301
0.0	2025.2291870117188	42.63	302
0.0	2453.8748779296875	51.87	303
0.0	3248.308349609375	70.45	304
0.0	991.8966979980469	21.66	305
0.0	1570.2256774902344	33.24	306
0.0	3062.79736328125	64.41	307
0.0	2336.8449096679688	47.46	308
0.0	2335.609405517578	49.59	309
0.0	1712.3992919921875	36.73	310
0.0	3434.6114807128906	70.07	311
0.0	2239.84130859375	46.13	312
0.0	3803.3106994628906	74.24	313
0.0	2615.6887817382812	47.64	314
0.0	1575.6925048828125	32.29	315
0.0	2177.0386962890625	46.16	316
0.0	820.5567932128906	18.38	317
0.0	3290.197479248047	64.57	318
0.0	6710.492004394531	134.09	319
0.0	2010.1681213378906	41.77	320
0.0	2101.1122436523438	44.97	321
0.0	2359.6924438476562	49.03	322
0.0	2857.8189392089844	59.23	323
0.0	2474.3029174804688	53.06	324
0.0	3082.1533203125	63.86	325
0.0	2824.234100341797	62.11	326
0.0	1979.21875	36.52	327
0.0	2707.6961975097656	56.58	328
0.0	4088.3882751464844	82.25	329
0.0	1199.3424377441406	25.34	330
0.0	6796.500244140625	137.67	331
0.0	2602.899169921875	55.54	332
0.0	2522.3976135253906	51.93	333
0.0	4284.827575683594	90.31	334
0.0	2322.838409423828	46.39	335
0.0	3613.374725341797	76.45	336
0.0	3631.3334045410156	67.07	337
0.0	1938.3299255371094	42.63	338
0.0	2033.1977844238281	42.5	339
0.0	1347.4009704589844	28.74	340
0.0	3728.4029235839844	75.52	341
0.0	1579.0639343261719	30.47	981
0.0	1445.1621398925781	25.24	982
0.0	1366.81494140625	25.22	983
0.0	1660.4436950683594	32.34	984
0.0	4161.622283935547	78.9	985
0.0	15166.853729248047	282.49	986
0.0	3687.8499450683594	69.98	987
0.0	4656.886260986328	89.46	988
0.0	1323.5453186035156	25.39	989
0.0	4546.191497802734	89.47	990
0.0	2323.6942443847656	45.06	991
0.0	1773.7389526367188	35.22	992
0.0	2464.5785217285156	49.15	993
0.0	4437.176300048828	87.71	994
0.0	3918.7608642578125	74.11	995
0.0	866.7721252441406	18.28	996
0.0	1848.2505798339844	37.82	997
0.0	8000.56201171875	153.21	998
0.0	1481.1929016113281	27.61	999
0.0	5736.3328857421875	113.29	1000
0.0	4717.082366943359	87.88	1001
0.0	5672.6173095703125	110.78	1002
0.0	2990.409393310547	59.71	1003
0.0	3305.6630859375	63.47	1004
0.0	2400.9043579101562	47.73	1005
0.0	1945.6817932128906	38.99	1006
0.0	2061.2460021972656	40.96	1007
0.0	3116.7457885742188	62.27	1008
0.0	1641.256103515625	31.36	1009
0.0	2384.591766357422	48.41	1010
0.0	3619.5362243652344	69.81	1011
0.0	5928.592559814453	116.57	1012
0.0	2298.2916564941406	45.11	1013
0.0	1264.2265014648438	27.72	1014
0.0	3251.1836547851562	62.71	1015
0.0	3693.5376892089844	75.13	1016
0.0	3714.833770751953	70.57	1017
0.0	1437.2031860351562	29.63	1018
0.0	1364.6863403320312	28.36	1019
0.0	2708.698211669922	54.65	1020
0.0	2074.1578063964844	42.44	1021
0.0	7651.231750488281	148.93	1022
0.0	1692.1826477050781	35.79	1023
0.0	1455.8534851074219	30.18	1024
0.0	1670.5775756835938	35.49	1025
0.0	3923.248504638672	76.02	1026
0.0	3577.916534423828	73.02	1027
0.0	3482.2572326660156	69.87	1028
0.0	3968.0138549804688	78.67	1029
0.0	1096.5451354980469	23.07	1030
0.0	1742.2540588378906	35.91	1031
0.0	2175.3389282226562	43.58	1032
0.0	2898.1488647460938	58.3	1033
0.0	1789.3146362304688	34.39	1034
0.0	1536.6861572265625	30.73	1035
0.0	3010.5913696289062	58.97	1036
0.0	7002.856384277344	137.65	1037
0.0	1081.1495971679688	22.53	1038
0.0	2331.658721923828	46.99	1039
0.0	1653.7789916992188	34.01	1040
0.0	2230.3753967285156	47.7	1041
0.0	3834.2068786621094	78.29	1042
0.0	1918.0924377441406	39.82	1043
0.0	2954.4636840820312	60.56	1044
0.0	1213.4355773925781	26.29	1045
0.0	940.587158203125	19.73	1046
0.0	1572.1600036621094	31.8	1047
0.0	1763.3467407226562	35.85	1048
0.0	4193.450775146484	82.16	1049
0.0	2174.3946838378906	44.0	1050
0.0	2192.7254638671875	42.33	1051
0.0	1472.9070129394531	28.18	1052
0.0	1452.7539672851562	28.36	1053
0.0	1634.0060729980469	33.7	1054
0.0	1272.8940124511719	26.48	1055
0.0	4605.289794921875	91.73	1056
0.0	1181.8825378417969	23.73	1057
0.0	2751.4588012695312	57.47	1058
0.0	7402.429931640625	146.07	1059
0.0	2504.817626953125	51.45	1060
0.0	2292.9707641601562	43.96	1061
0.0	2807.490509033203	58.87	1062
0.0	7232.444549560547	145.92	1063
0.0	3016.8236389160156	61.25	1064
0.0	2650.0326232910156	55.77	1065
0.0	1666.3223571777344	35.15	1066
0.0	1171.6715698242188	24.26	1067
0.0	4528.7862548828125	90.91	1068
0.0	2404.1328735351562	46.8	1069
0.0	4749.658447265625	93.05	1070
0.0	3216.129608154297	65.75	1071
0.0	3098.781707763672	64.06	1072
0.0	3246.816192626953	64.23	1073
0.0	931.7406921386719	20.01	1074
0.0	1750.3043212890625	36.4	1075
0.0	2345.467010498047	47.84	1076
0.0	5707.651611328125	111.73	1077
0.0	1243.7467651367188	26.02	1078
0.0	1302.1177368164062	26.23	1079
0.0	3481.6563415527344	67.48	1080
0.0	2397.351593017578	49.5	1081
0.0	4201.429473876953	83.26	1082
0.0	2184.519744873047	41.54	1083
0.0	1185.6861572265625	25.74	1084
0.0	1492.9273071289062	30.49	1085
0.0	2060.8706665039062	43.94	1086
0.0	4076.83154296875	85.1	1087
0.0	1127.8526611328125	23.43	1088
0.0	1094.6585693359375	23.0	1089
0.0	2248.9295043945312	47.23	1090
0.0	3530.7428588867188	70.25	1091
0.0	2707.85546875	56.49	1092
0.0	1276.8821105957031	25.9	1093
0.0	3696.431610107422	75.9	1094
0.0	3016.3876037597656	61.91	1095
0.0	1891.4739685058594	38.92	1096
0.0	2738.8894958496094	55.06	1097
0.0	1993.2631225585938	38.55	1098
0.0	5027.211669921875	103.93	1099
0.0	5752.365692138672	120.18	1100
0.0	2798.2417907714844	57.05	1101
0.0	1884.927978515625	39.13	1102
0.0	3708.3159790039062	75.87	1103
0.0	1501.079345703125	31.65	1104
0.0	2452.666961669922	51.21	1105
0.0	1934.9517822265625	40.37	1106
0.0	1864.7860107421875	37.86	1107
0.0	1374.2329406738281	28.52	1108
0.0	2612.7236938476562	53.05	1109
0.0	1636.32568359375	34.95	1110
0.0	2852.2091064453125	57.36	1111
0.0	3352.0822143554688	60.95	1112
0.0	2724.049102783203	57.11	1113
0.0	2007.1749267578125	42.26	1114
0.0	1713.7038269042969	35.47	1115
0.0	2638.251007080078	51.24	1116
0.0	1709.388916015625	34.48	1117
0.0	905.3327941894531	18.55	1118
0.0	1712.4769897460938	35.71	1119
0.0	1280.6868286132812	27.33	1120
0.0	3150.914520263672	63.02	1121
0.0	1196.4730224609375	23.47	1122
0.0	3036.642303466797	62.24	1123
0.0	2222.7824096679688	44.27	1124
0.0	4399.161315917969	85.72	1125
0.0	1808.7981262207031	35.79	1126
0.0	1848.7782592773438	38.83	1127
0.0	1454.7759094238281	30.28	1128
0.0	1857.7174682617188	38.41	1129
0.0	1654.7833557128906	34.25	1130
0.0	3579.4544677734375	73.82	1131
0.0	1221.761962890625	26.14	1132
0.0	1308.1994934082031	27.39	1133
0.0	11872.770599365234	214.26	1134
0.0	882.8492736816406	18.23	1135
0.0	2105.010467529297	41.2	1136
0.0	3671.7867431640625	77.23	1137
0.0	1657.3419494628906	34.3	1138
0.0	1433.4627380371094	30.36	1139
0.0	5080.9415283203125	105.56	1140
0.0	5486.187652587891	112.19	1141
0.0	2228.884063720703	47.35	1142
0.0	1950.8189392089844	39.52	1143
0.0	1324.0267639160156	28.85	1144
0.0	4939.404083251953	99.5	1145
0.0	1654.069091796875	33.68	1146
0.0	3239.9185485839844	66.4	1147
0.0	2981.360809326172	60.26	1148
0.0	1821.5455017089844	38.75	1149
0.0	1514.6769409179688	31.36	1150
0.0	1868.8658142089844	39.32	1151
0.0	1737.2152404785156	35.07	1152
0.0	1767.0533142089844	37.29	1153
0.0	2035.010498046875	41.2	1154
0.0	1775.3137512207031	37.4	1155
0.0	2070.6239013671875	43.7	1156
0.0	1027.0893859863281	21.64	1157
0.0	6067.724670410156	125.54	1158
0.0	2799.802276611328	56.41	1159
0.0	4093.423583984375	84.04	1160
0.0	4529.859954833984	88.92	1161
0.0	750.8179626464844	14.41	1162
0.0	5466.860748291016	113.51	1163
0.0	1212.9599304199219	25.56	1164
0.0	2079.2928466796875	42.18	1165
0.0	2231.5076599121094	47.41	1166
0.0	1568.74609375	33.59	1167
0.0	1830.089599609375	37.6	1168
0.0	2268.3167114257812	45.58	1169
0.0	11820.780364990234	247.11	1170
0.0	1689.5688781738281	36.03	1171
0.0	1837.866943359375	37.1	1172
0.0	841.4568481445312	18.29	1173
0.0	3252.5484313964844	68.24	1174
0.0	2245.7139892578125	46.91	1175
0.0	777.0220031738281	17.36	1176
0.0	8081.267669677734	161.5	1177
0.0	2601.160888671875	52.24	1178
0.0	1607.1185913085938	35.36	1179
0.0	1607.2973022460938	34.48	1180
0.0	6041.244659423828	114.37	1181
0.0	5380.5794677734375	107.78	1182
0.0	4463.539123535156	92.12	1183
0.0	3671.924285888672	75.91	1184
0.0	1905.2734985351562	38.21	1185
0.0	1456.2660522460938	31.41	1186
0.0	2677.610321044922	55.52	1187
0.0	3510.591766357422	68.7	1188
0.0	2183.038848876953	43.25	1189
0.0	2698.5338439941406	51.91	1190
0.0	1906.4323120117188	35.9	1191
0.0	3789.4013671875	79.46	1192
0.0	1602.0484619140625	32.93	1193
0.0	2734.5799560546875	57.15	1194
0.0	1267.6719055175781	26.08	1195
0.0	648.3872985839844	13.75	1196
0.0	2747.27001953125	55.63	1197
0.0	2934.4630126953125	56.76	1198
0.0	4179.4683837890625	83.17	1199
0.0	2188.9613342285156	43.73	1200
0.0	1539.062744140625	30.77	1201
0.0	1989.7312622070312	38.3	1202
0.0	3641.5052795410156	73.09	1203
0.0	4115.55078125	84.14	1204
0.0	1171.5298767089844	24.17	1205
0.0	1776.3262023925781	34.82	1206
0.0	2668.82421875	55.11	1207
0.0	3445.6664428710938	67.97	1208
0.0	3140.5723266601562	66.72	1209
0.0	5378.864440917969	112.17	1210
0.0	1360.2679748535156	29.61	1211
0.0	4765.060028076172	92.93	1212
0.0	1959.0276794433594	39.53	1213
0.0	1967.93408203125	41.68	1214
0.0	5359.025207519531	109.35	1215
0.0	2221.25634765625	46.42	1216
0.0	3021.2999267578125	61.28	1217
0.0	2377.3860473632812	50.05	1218
0.0	2646.9534606933594	53.69	1219
0.0	2762.1474609375	56.63	1220
0.0	2689.6502380371094	56.6	1221
0.0	1064.4195556640625	23.49	1222
0.0	3843.824981689453	77.41	1223
0.0	3211.6317443847656	65.81	1224
0.0	2115.6940002441406	38.7	1225
0.0	7205.024505615234	140.6	1226
0.0	4499.196594238281	83.64	1227
0.0	2482.8053588867188	46.68	1228
0.0	2817.7334899902344	59.17	1229
0.0	2551.305633544922	54.86	1230
0.0	2376.9017944335938	50.54	1231
0.0	2043.4818725585938	38.37	1232
0.0	1587.1567077636719	33.67	1233
0.0	3075.5037231445312	64.22	1234
0.0	7185.0465087890625	144.68	1235
0.0	2098.9396362304688	42.29	1236
0.0	2244.5552978515625	47.53	1237
0.0	2953.5492553710938	59.22	1238
0.0	3116.2911682128906	67.43	1239
0.0	1660.7533874511719	34.88	1240
0.0	1701.2705078125	36.15	1241
0.0	864.773681640625	19.05	1242
0.0	1398.3393859863281	28.17	1243
0.0	1707.5656433105469	36.51	1244
0.0	2881.1936645507812	59.98	1245
0.0	1713.2570495605469	36.33	1246
0.0	2071.3216552734375	44.45	1247
0.0	2123.3565673828125	42.69	1248
0.0	2339.343017578125	46.1	1249
0.0	2653.8253479003906	49.42	1250
0.0	2184.9059448242188	46.63	1251
0.0	3405.672882080078	64.68	1252
0.0	1394.0047607421875	26.05	1253
0.0	2208.2850646972656	47.15	1254
0.0	2088.8629455566406	42.57	1255
0.0	2027.967529296875	42.97	1256
0.0	1064.9200744628906	23.56	1257
0.0	2545.0360107421875	51.78	1258
0.0	4251.389068603516	86.46	1259
0.0	3885.586700439453	70.63	1260
0.0	1251.3532104492188	27.25	1261
0.0	3170.765411376953	64.34	1262
0.0	1025.9994506835938	21.4	1263
0.0	2920.6121215820312	56.55	1264
0.0	3148.267852783203	61.36	1265
0.0	1474.657958984375	30.19	1266
0.0	2553.016571044922	51.51	1267
0.0	1440.99365234375	30.38	1268
0.0	2544.9392700195312	53.16	1269
0.0	3189.7767028808594	63.01	1270
0.0	1320.4487915039062	27.61	1271
0.0	3130.3192138671875	63.58	1272
0.0	1694.9695434570312	35.22	1273
0.0	1557.2256469726562	33.11	1274
0.0	1205.8669128417969	25.31	1275
0.0	5417.595489501953	109.48	1276
0.0	3197.390167236328	66.09	1277
0.0	3093.655242919922	63.58	1278
0.0	3660.889617919922	75.75	1279
0.0	1218.3473815917969	24.17	1280
0.0	2205.656982421875	45.42	1281
0.0	2601.0953979492188	53.95	1282
0.0	3811.7779235839844	76.29	1283
0.0	3090.102752685547	63.08	1284
0.0	3011.6378479003906	54.85	1285
0.0	3280.465545654297	70.4	1286
0.0	3227.1766357421875	66.72	1287
0.0	1393.2886962890625	28.91	1288
0.0	1939.4837951660156	39.96	1289
0.0	3933.0263671875	80.62	1290
0.0	1462.7599792480469	31.75	1291
0.0	1170.9679870605469	27.11	1292
0.0	4749.6007080078125	99.9	1293
0.0	3439.5365295410156	71.13	1294
0.0	2533.3345947265625	51.35	1295
0.0	4598.001983642578	96.4	1296
0.0	1960.3834228515625	40.41	1297
0.0	1044.38330078125	20.94	1298
0.0	2498.958526611328	51.3	1299
0.0	2548.438995361328	49.76	1300
0.0	2342.8803100585938	46.0	1301
0.0	2153.401611328125	45.99	1302
0.0	2975.6472778320312	60.74	1303
0.0	1766.6846008300781	37.01	1304
0.0	2520.453643798828	53.28	1305
0.0	1184.6701049804688	23.6	1306
0.0	2742.651641845703	51.56	1307
0.0	2025.953857421875	42.25	1308
0.0	3213.813232421875	67.54	1309
0.0	1389.9419860839844	28.58	1310
0.0	1379.609130859375	29.64	1311
0.0	4146.637145996094	85.38	1312
0.0	1340.2866516113281	26.66	1313
0.0	2907.5294189453125	53.19	1314
0.0	2950.7218017578125	63.85	1315
0.0	5653.584320068359	118.78	1316
0.0	1721.5831909179688	36.16	1317
0.0	1584.0576171875	32.88	1318
0.0	1791.9244995117188	37.46	1319
0.0	2286.242218017578	47.07	1320
0.0	1087.2191467285156	22.61	1321
0.0	3633.154510498047	74.93	1322
0.0	2330.3831481933594	48.89	1323
0.0	1870.9405212402344	40.19	1324
0.0	2748.0818786621094	59.12	1325
0.0	2487.2723388671875	51.76	1326
0.0	2233.0128784179688	45.1	1327
0.0	1942.2710266113281	42.02	1328
0.0	1801.4530029296875	32.69	1329
0.0	6825.755310058594	125.17	1330
0.0	2564.3675537109375	55.08	1331
0.0	3781.6973266601562	68.7	1961
0.0	1937.3567199707031	36.05	1962
0.0	1066.7436218261719	20.6	1963
0.0	1868.2575988769531	35.46	1964
0.0	2600.7661743164062	51.41	1965
0.0	3376.189971923828	64.34	1966
0.0	3049.3609008789062	59.6	1967
0.0	3289.0938720703125	62.68	1968
0.0	3149.381591796875	59.08	1969
0.0	1306.4838256835938	25.79	1970
0.0	1176.4003601074219	23.94	1971
0.0	2810.9559936523438	54.18	1972
0.0	4711.726867675781	88.75	1973
0.0	1522.44287109375	30.26	1974
0.0	2192.4154663085938	41.63	1975
0.0	1870.7861938476562	37.35	1976
0.0	3679.450408935547	72.95	1977
0.0	2232.9052734375	44.59	1978
0.0	1679.9196166992188	34.52	1979
0.0	3002.519805908203	58.39	1980
0.0	1907.9029541015625	38.54	1981
0.0	1520.2610168457031	30.23	1982
0.0	1785.88916015625	35.78	1983
0.0	2138.035430908203	41.74	1984
0.0	4723.403167724609	93.39	1985
0.0	1732.396728515625	34.5	1986
0.0	2128.092498779297	39.52	1987
0.0	3281.8302307128906	68.08	1988
0.0	3852.5330200195312	73.93	1989
0.0	1365.3621215820312	27.76	1990
0.0	2495.4263305664062	48.0	1991
0.0	3126.6122131347656	60.87	1992
0.0	1069.8146057128906	22.96	1993
0.0	2049.269561767578	42.37	1994
0.0	3762.750518798828	72.91	1995
0.0	3344.0531005859375	67.34	1996
0.0	1829.5728149414062	37.3	1997
0.0	2089.1316833496094	38.68	1998
0.0	2779.2079467773438	56.11	1999
0.0	2332.6239318847656	45.57	2000
0.0	1258.2938232421875	26.67	2001
0.0	3490.04296875	67.7	2002
0.0	3268.0653381347656	64.24	2003
0.0	1809.9076232910156	37.04	2004
0.0	1489.0708312988281	30.81	2005
0.0	7211.122650146484	146.65	2006
0.0	1668.0797729492188	33.47	2007
0.0	2577.869110107422	52.0	2008
0.0	3471.4126586914062	68.37	2009
0.0	2869.41552734375	57.41	2010
0.0	2172.9398803710938	43.6	2011
0.0	7259.010986328125	146.68	2012
0.0	1027.0031433105469	21.21	2013
0.0	1251.2530822753906	26.99	2014
0.0	2761.864501953125	55.56	2015
0.0	2194.702850341797	45.23	2016
0.0	1688.8597412109375	34.44	2017
0.0	2178.5122985839844	42.66	2018
0.0	1834.4316101074219	37.68	2019
0.0	1350.5433654785156	25.65	2020
0.0	1813.8606567382812	38.48	2021
0.0	4240.8087158203125	83.61	2022
0.0	3567.982452392578	70.62	2023
0.0	1718.2118835449219	35.61	2024
0.0	6007.992279052734	120.47	2025
0.0	1150.7150268554688	23.46	2026
0.0	2841.89453125	56.74	2027
0.0	2574.866668701172	51.55	2028
0.0	894.0064697265625	18.73	2029
0.0	8681.908782958984	180.98	2030
0.0	1747.4949035644531	35.17	2031
0.0	4527.221862792969	90.84	2032
0.0	2121.13037109375	43.71	2033
0.0	3742.018035888672	74.52	2034
0.0	3578.730499267578	68.98	2035
0.0	1377.2866821289062	28.66	2036
0.0	3516.2198486328125	72.35	2037
0.0	1173.5959777832031	23.54	2038
0.0	2960.2540283203125	58.72	2039
0.0	2082.2320251464844	45.01	2040
0.0	1803.4479675292969	36.49	2041
0.0	897.90576171875	19.43	2042
0.0	1648.6838684082031	33.82	2043
0.0	4115.250823974609	78.01	2044
0.0	2472.8108520507812	49.99	2045
0.0	3807.1201782226562	75.6	2046
0.0	1619.2424621582031	33.86	2047
0.0	1983.9222717285156	40.26	2048
0.0	3134.3875122070312	64.79	2049
0.0	1780.6044921875	36.49	2050
0.0	1459.7460327148438	27.06	2051
0.0	3002.9183959960938	61.06	2052
0.0	1338.4620971679688	29.59	2053
0.0	2541.285919189453	51.56	2054
0.0	1235.1524047851562	24.98	2055
0.0	2044.1279296875	39.53	2056
0.0	3588.2805786132812	73.45	2057
0.0	5679.027069091797	106.55	2058
0.0	1303.4122314453125	26.16	2059
0.0	2027.1675720214844	41.18	2060
0.0	1867.2205505371094	34.98	2061
0.0	1538.7219848632812	31.64	2062
0.0	1904.7218933105469	38.6	2063
0.0	2033.3040466308594	43.2	2064
0.0	3230.728485107422	64.03	2065
0.0	4120.134368896484	80.31	2066
0.0	1964.5627746582031	38.86	2067
0.0	1104.2904968261719	23.14	2068
0.0	2883.9093322753906	60.55	2069
0.0	10944.39535522461	216.95	2070
0.0	3041.733917236328	62.14	2071
0.0	2462.855010986328	49.41	2072
0.0	3074.2894897460938	62.5	2073
0.0	3090.5767822265625	63.98	2074
0.0	1553.0922241210938	32.34	2075
0.0	3709.580596923828	74.11	2076
0.0	1991.6708984375	41.91	2077
0.0	1784.4255676269531	37.51	2078
0.0	2856.4981689453125	56.09	2079
0.0	3120.1017456054688	62.56	2080
0.0	3744.404296875	76.49	2081
0.0	4848.808288574219	96.63	2082
0.0	4967.743469238281	100.27	2083
0.0	4854.912109375	99.22	2084
0.0	1383.5924987792969	28.41	2085
0.0	1317.9698791503906	26.12	2086
0.0	4753.589111328125	101.65	2087
0.0	2040.2408142089844	43.29	2088
0.0	1110.8711547851562	23.67	2089
0.0	1723.3920288085938	36.49	2090
0.0	1991.5709228515625	41.45	2091
0.0	2090.7960510253906	44.41	2092
0.0	8296.097900390625	168.85	2093
0.0	2393.9703063964844	50.66	2094
0.0	3648.5309143066406	76.8	2095
0.0	2841.27685546875	59.11	2096
0.0	3232.0939331054688	68.66	2097
0.0	2345.5956115722656	47.76	2098
0.0	1032.8236694335938	21.97	2099
0.0	2767.2766723632812	56.54	2100
0.0	1573.8443603515625	32.01	2101
0.0	4821.8623046875	98.57	2102
0.0	1014.390380859375	20.44	2103
0.0	2592.220458984375	55.6	2104
0.0	1224.3797302246094	25.21	2105
0.0	4426.148773193359	92.27	2106
0.0	3127.1912841796875	66.42	2107
0.0	6393.180938720703	133.98	2108
0.0	1828.2822265625	39.14	2109
0.0	2170.6534729003906	45.79	2110
0.0	1179.8671569824219	25.51	2111
0.0	953.7570190429688	19.7	2112
0.0	1910.7730712890625	40.9	2113
0.0	2219.5772094726562	46.19	2114
0.0	1380.9964599609375	27.57	2115
0.0	1760.249755859375	36.44	2116
0.0	3730.5062561035156	77.22	2117
0.0	2467.5367126464844	47.71	2118
0.0	1034.3270263671875	21.52	2119
0.0	3424.3702392578125	70.05	2120
0.0	3248.6024475097656	59.12	2121
0.0	2699.0595092773438	55.84	2122
0.0	3165.2015686035156	58.07	2123
0.0	3938.0445861816406	82.26	2124
0.0	3289.8258666992188	65.15	2125
0.0	2653.94384765625	56.09	2126
0.0	2215.3468322753906	42.09	2127
0.0	1364.854736328125	28.76	2128
0.0	1090.0306396484375	20.89	2129
0.0	1998.9527282714844	41.8	2130
0.0	1821.0355834960938	37.88	2131
0.0	1386.0928039550781	28.79	2132
0.0	9368.047393798828	177.99	2133
0.0	1780.7156372070312	34.64	2134
0.0	2783.3624877929688	58.64	2135
0.0	4453.231018066406	88.44	2136
0.0	1261.1989135742188	26.16	2137
0.0	1964.7155456542969	42.36	2138
0.0	2159.6039428710938	43.4	2139
0.0	2625.520721435547	53.47	2140
0.0	2593.2359313964844	55.54	2141
0.0	1154.7852478027344	24.64	2142
0.0	4726.802093505859	93.41	2143
0.0	2769.521514892578	53.28	2144
0.0	2873.8104553222656	61.83	2145
0.0	3682.591094970703	72.14	2146
0.0	1761.4478149414062	37.3	2147
0.0	7430.5748291015625	149.88	2148
0.0	1783.4410705566406	36.91	2149
0.0	1600.2166442871094	31.59	2150
0.0	2718.6893920898438	54.79	2151
0.0	2862.180145263672	58.95	2152
0.0	1957.4057922363281	39.37	2153
0.0	2567.0233764648438	50.66	2154
0.0	1294.540283203125	26.57	2155
0.0	3322.7679138183594	68.85	2156
0.0	1892.6585693359375	38.89	2157
0.0	4090.04443359375	84.38	2158
0.0	3232.092254638672	70.06	2159
0.0	2422.163787841797	49.45	2160
0.0	984.5558776855469	20.94	2161
0.0	1093.8764953613281	22.18	2162
0.0	2625.31396484375	55.12	2163
0.0	1246.7996520996094	25.68	2164
0.0	3778.2527465820312	78.26	2165
0.0	2050.2694702148438	39.73	2166
0.0	1569.8644714355469	31.15	2167
0.0	3059.7890625	65.18	2168
0.0	1618.0511474609375	32.1	2169
0.0	1607.6814270019531	33.6	2170
0.0	5331.519439697266	102.51	2171
0.0	1822.4869689941406	35.72	2172
0.0	1102.8237915039062	23.22	2173
0.0	1194.9023742675781	25.54	2174
0.0	1041.1648864746094	21.17	2175
0.0	2117.96337890625	43.45	2176
0.0	4959.679931640625	98.26	2177
0.0	2374.1105346679688	48.19	2178
0.0	3851.52685546875	80.44	2179
0.0	4760.3525390625	94.22	2180
0.0	3090.598602294922	61.7	2181
0.0	1256.8847045898438	25.44	2182
0.0	1590.8768310546875	32.86	2183
0.0	2223.1942749023438	47.03	2184
0.0	1661.6123962402344	35.73	2185
0.0	3167.5625610351562	60.81	2186
0.0	12085.918426513672	232.37	2187
0.0	3092.5494079589844	64.02	2188
0.0	1719.4990844726562	35.16	2189
0.0	2599.0661010742188	54.91	2190
0.0	1578.3938903808594	33.54	2191
0.0	1369.1187744140625	28.07	2192
0.0	3522.6302490234375	71.18	2193
0.0	909.6378479003906	19.95	2194
0.0	2318.1190490722656	51.21	2195
0.0	688.3526916503906	14.93	2196
0.0	2028.5903625488281	43.95	2197
0.0	2365.155303955078	50.58	2198
0.0	2017.6998901367188	41.72	2199
0.0	4241.450042724609	86.81	2200
0.0	1097.0444641113281	21.92	2201
0.0	1801.3377685546875	38.23	2202
0.0	6782.669921875	128.48	2203
0.0	4353.980682373047	80.36	2204
0.0	2881.442413330078	58.39	2205
0.0	2478.0408630371094	50.69	2206
0.0	1333.7286987304688	26.11	2207
0.0	1186.4891052246094	25.76	2208
0.0	4440.649322509766	86.04	2209
0.0	2132.7708740234375	42.18	2210
0.0	2771.6307067871094	57.81	2211
0.0	2537.462615966797	51.92	2212
0.0	3516.286102294922	72.52	2213
0.0	1313.122314453125	28.75	2214
0.0	2205.2106323242188	44.47	2215
0.0	1449.4688415527344	30.35	2216
0.0	2885.649383544922	58.84	2217
0.0	4717.025329589844	93.89	2218
0.0	3040.1507873535156	64.62	2219
0.0	2890.09375	60.72	2220
0.0	1599.3540954589844	34.99	2221
0.0	5670.977844238281	114.79	2222
0.0	1918.6548767089844	40.72	2223
0.0	1426.4352722167969	29.06	2224
0.0	1910.4846496582031	40.3	2225
0.0	3889.8731384277344	77.92	2226
0.0	6839.8486328125	137.53	2227
0.0	2250.4457397460938	46.25	2228
0.0	3352.3563537597656	69.64	2229
0.0	2177.405487060547	44.34	2230
0.0	5471.202392578125	116.5	2231
0.0	3835.8387451171875	76.83	2232
0.0	3045.7892150878906	62.13	2233
0.0	5193.8048095703125	105.02	2234
0.0	2775.635955810547	56.54	2235
0.0	1627.5369567871094	31.15	2236
0.0	2559.6718139648438	53.18	2237
0.0	1507.63525390625	30.82	2238
0.0	14780.109436035156	283.81	2239
0.0	1929.2513732910156	40.25	2240
0.0	1213.2414245605469	25.02	2241
0.0	3713.573516845703	75.71	2242
0.0	2276.037567138672	44.28	2243
0.0	3160.4302368164062	64.94	2244
0.0	2867.7239990234375	52.47	2245
0.0	1049.2691955566406	21.88	2246
0.0	2336.9559631347656	48.54	2247
0.0	1210.2352600097656	27.14	2248
0.0	2572.485595703125	52.03	2249
0.0	3055.2850646972656	61.28	2250
0.0	2897.8137817382812	61.23	2251
0.0	2761.8847045898438	55.72	2252
0.0	1892.1521911621094	39.88	2253
0.0	1346.4495849609375	28.31	2254
0.0	1074.2138366699219	24.15	2255
0.0	2278.0303649902344	48.4	2256
0.0	6890.514678955078	141.92	2257
0.0	2354.4930725097656	49.83	2258
0.0	1604.5206604003906	33.11	2259
0.0	4025.600128173828	79.43	2260
0.0	3961.3556213378906	82.3	2261
0.0	724.0442810058594	14.96	2262
0.0	2429.7750549316406	51.2	2263
0.0	9423.94775390625	175.62	2264
0.0	2168.1774291992188	44.91	2265
0.0	1919.6281433105469	39.1	2266
0.0	3162.2444763183594	65.16	2267
0.0	1776.4055480957031	33.54	2268
0.0	1099.759765625	23.31	2269
0.0	3519.2652282714844	70.28	2270
0.0	2770.8243713378906	58.14	2271
0.0	1560.462646484375	32.37	2272
0.0	2432.9881286621094	48.93	2273
0.0	1463.6484069824219	32.03	2274
0.0	2932.784454345703	60.13	2275
0.0	1704.9483642578125	35.86	2276
0.0	7285.899932861328	143.19	2277
0.0	2642.1344299316406	56.14	2278
0.0	3645.4957885742188	72.39	2279
0.0	3955.3904418945312	82.36	2280
0.0	2913.5595703125	56.89	2281
0.0	2143.4738159179688	42.7	2282
0.0	2755.533172607422	57.15	2283
0.0	2361.4613647460938	49.25	2284
0.0	1586.4612426757812	34.05	2285
0.0	2242.9920959472656	43.45	2286
0.0	2687.6685485839844	56.3	2287
0.0	10114.725494384766	211.22	2288
0.0	2653.9564208984375	52.82	2289
0.0	2441.591064453125	51.17	2290
0.0	6510.848693847656	136.01	2291
0.0	4802.678375244141	87.19	2292
0.0	1838.2884216308594	36.35	2293
0.0	2209.1859741210938	44.95	2294
0.0	4198.271453857422	82.86	2295
0.0	1160.316162109375	24.34	2296
0.0	1445.5127868652344	29.89	2297
0.0	3536.4669189453125	74.73	2298
0.0	2184.132354736328	46.67	2299
0.0	2047.7378540039062	43.63	2300
0.0	3858.2037963867188	76.86	2301
0.0	2881.864501953125	61.68	2302
0.0	2746.8655395507812	57.27	2303
0.0	1616.373291015625	31.0	2304
0.0	1328.7660217285156	27.7	2305
0.0	1913.6109619140625	40.32	2306
0.0	1828.3240051269531	34.01	2941
0.0	4340.662414550781	80.46	2942
0.0	5599.212890625	106.15	2943
0.0	1063.9941711425781	20.38	2944
0.0	5723.306182861328	111.3	2945
0.0	2160.827117919922	42.88	2946
0.0	3035.0108642578125	58.01	2947
0.0	3143.58642578125	57.19	2948
0.0	2519.7775268554688	46.67	2949
0.0	4123.331634521484	80.04	2950
0.0	5077.968994140625	95.3	2951
0.0	3145.30078125	60.94	2952
0.0	4515.8612060546875	92.26	2953
0.0	2196.71875	43.92	2954
0.0	2756.53076171875	54.03	2955
0.0	3978.2767333984375	77.98	2956
0.0	2312.291778564453	45.12	2957
0.0	3569.7515563964844	65.83	2958
0.0	1989.4448547363281	39.62	2959
0.0	2686.5092163085938	53.47	2960
0.0	4337.4000244140625	85.47	2961
0.0	2055.8941040039062	43.38	2962
0.0	4701.554260253906	93.86	2963
0.0	1758.8235168457031	34.36	2964
0.0	1836.9980163574219	37.6	2965
0.0	4986.9434814453125	98.7	2966
0.0	1206.749267578125	24.05	2967
0.0	1749.2466125488281	33.2	2968
0.0	885.4013061523438	17.82	2969
0.0	971.048828125	19.46	2970
0.0	2702.5296630859375	52.24	2971
0.0	3191.6478881835938	63.17	2972
0.0	1654.9279174804688	32.9	2973
0.0	1524.8772277832031	30.19	2974
0.0	2487.747283935547	47.1	2975
0.0	962.3719787597656	19.83	2976
0.0	1240.6065063476562	25.11	2977
0.0	3604.861846923828	70.22	2978
0.0	3334.6890869140625	68.4	2979
0.0	1644.6197814941406	34.6	2980
0.0	2899.6377868652344	61.71	2981
0.0	2330.849334716797	45.39	2982
0.0	2507.076690673828	52.44	2983
0.0	1604.5564575195312	32.61	2984
0.0	7418.944244384766	147.9	2985
0.0	1495.8850708007812	31.8	2986
0.0	3170.6849670410156	61.45	2987
0.0	2140.53857421875	41.61	2988
0.0	1145.8420715332031	23.75	2989
0.0	1472.8614807128906	29.48	2990
0.0	5804.177886962891	115.02	2991
0.0	3510.46533203125	69.89	2992
0.0	4085.167724609375	78.69	2993
0.0	1791.0189819335938	36.96	2994
0.0	3129.702911376953	65.8	2995
0.0	2832.1474609375	55.46	2996
0.0	1467.2986450195312	29.88	2997
0.0	1348.6468505859375	27.16	2998
0.0	3078.198272705078	59.94	2999
0.0	1254.2847290039062	27.04	3000
0.0	2746.5121459960938	53.95	3001
0.0	4983.9427490234375	102.25	3002
0.0	1465.9308166503906	30.3	3003
0.0	1526.9618835449219	31.81	3004
0.0	1004.2677001953125	20.73	3005
0.0	3910.0882568359375	77.67	3006
0.0	2309.3543395996094	49.14	3007
0.0	2595.8749084472656	52.56	3008
0.0	4257.931732177734	81.81	3009
0.0	2679.0280151367188	52.16	3010
0.0	3063.5348510742188	63.29	3011
0.0	2691.404815673828	54.4	3012
0.0	2936.119110107422	60.17	3013
0.0	3648.736114501953	73.71	3014
0.0	2736.7042846679688	55.83	3015
0.0	6819.667907714844	131.61	3016
0.0	5612.5826416015625	111.7	3017
0.0	3455.4048767089844	70.36	3018
0.0	2669.0262451171875	54.76	3019
0.0	1692.3167419433594	33.12	3020
0.0	3246.309356689453	66.84	3021
0.0	3611.7349548339844	72.12	3022
0.0	3261.468048095703	65.8	3023
0.0	1167.0966186523438	24.49	3024
0.0	1536.6468200683594	31.09	3025
0.0	704.0357971191406	15.38	3026
0.0	2685.540771484375	54.41	3027
0.0	2128.588409423828	43.23	3028
0.0	2964.919647216797	60.41	3029
0.0	3579.6610107421875	73.17	3030
0.0	1413.7478942871094	29.63	3031
0.0	2597.669403076172	55.91	3032
0.0	1054.1606750488281	21.71	3033
0.0	4852.403594970703	97.38	3034
0.0	1135.7320251464844	23.31	3035
0.0	2214.101837158203	45.72	3036
0.0	4142.514617919922	81.1	3037
0.0	1497.1219177246094	30.27	3038
0.0	2617.685821533203	54.86	3039
0.0	966.5524597167969	20.1	3040
0.0	1477.0398254394531	30.73	3041
0.0	2594.2356567382812	49.57	3042
0.0	1609.6221313476562	32.97	3043
0.0	4642.197967529297	92.16	3044
0.0	1904.0372924804688	40.78	3045
0.0	857.0869445800781	17.91	3046
0.0	1673.0947570800781	33.77	3047
0.0	4379.594085693359	83.41	3048
0.0	2114.3462524414062	44.84	3049
0.0	1600.6589660644531	31.83	3050
0.0	3660.193084716797	73.06	3051
0.0	2074.9177856445312	43.1	3052
0.0	4378.359375	89.42	3053
0.0	2552.401123046875	51.92	3054
0.0	1381.0376892089844	28.39	3055
0.0	3231.470703125	64.31	3056
0.0	1472.0077209472656	29.48	3057
0.0	8441.873413085938	171.79	3058
0.0	3790.548553466797	79.98	3059
0.0	2273.1277770996094	47.6	3060
0.0	3360.8386840820312	68.64	3061
0.0	2319.3162841796875	47.38	3062
0.0	1350.7850036621094	27.36	3063
0.0	2931.0159606933594	62.22	3064
0.0	3391.1177978515625	70.62	3065
0.0	1631.8072509765625	33.07	3066
0.0	2647.636260986328	53.97	3067
0.0	1067.6364135742188	22.98	3068
0.0	1838.9035339355469	37.46	3069
0.0	2047.26220703125	43.15	3070
0.0	1026.7806396484375	21.83	3071
0.0	1202.4102783203125	26.06	3072
0.0	2092.6583862304688	44.9	3073
0.0	5429.894775390625	109.39	3074
0.0	1496.1219787597656	30.76	3075
0.0	2414.4781188964844	49.74	3076
0.0	2183.7655334472656	45.85	3077
0.0	7345.850616455078	148.15	3078
0.0	2385.9593811035156	49.15	3079
0.0	1862.1701354980469	39.18	3080
0.0	3116.803497314453	62.58	3081
0.0	2105.1685180664062	43.61	3082
0.0	2278.8966064453125	45.86	3083
0.0	2446.169464111328	49.64	3084
0.0	2512.9995727539062	51.19	3085
0.0	2218.261962890625	42.41	3086
0.0	1847.9877624511719	40.3	3087
0.0	1666.4674682617188	35.52	3088
0.0	3291.7437438964844	63.38	3089
0.0	1963.7911376953125	41.85	3090
0.0	5080.824035644531	103.25	3091
0.0	2445.0999145507812	49.02	3092
0.0	4070.9451599121094	79.57	3093
0.0	2296.600555419922	46.94	3094
0.0	2147.926239013672	44.24	3095
0.0	4461.879180908203	93.36	3096
0.0	3938.8711547851562	81.4	3097
0.0	1900.9927062988281	38.19	3098
0.0	2890.995391845703	57.5	3099
0.0	8120.597106933594	152.88	3100
0.0	2193.5914916992188	44.44	3101
0.0	2351.851776123047	46.95	3102
0.0	1477.4384155273438	31.27	3103
0.0	5099.625274658203	103.08	3104
0.0	4073.1845703125	81.97	3105
0.0	890.8248596191406	17.74	3106
0.0	6466.952941894531	127.12	3107
0.0	2031.8108520507812	42.64	3108
0.0	1601.3076477050781	30.86	3109
0.0	3226.383087158203	68.49	3110
0.0	1139.3746032714844	23.54	3111
0.0	3434.365753173828	71.66	3112
0.0	1964.1283569335938	38.07	3113
0.0	4841.330230712891	93.07	3114
0.0	3435.062957763672	72.65	3115
0.0	5867.512237548828	125.53	3116
0.0	2183.9739685058594	44.42	3117
0.0	1213.8717041015625	24.69	3118
0.0	1362.3105163574219	26.93	3119
0.0	1689.9497375488281	33.89	3120
0.0	2515.994598388672	50.77	3121
0.0	1945.6934204101562	41.46	3122
0.0	4177.569122314453	84.39	3123
0.0	2091.530548095703	43.68	3124
0.0	3282.80908203125	70.19	3125
0.0	1871.1503295898438	39.73	3126
0.0	2536.5323486328125	51.15	3127
0.0	2036.9851989746094	42.49	3128
0.0	1567.6007080078125	32.08	3129
0.0	2043.5115356445312	41.49	3130
0.0	1653.3011474609375	34.16	3131
0.0	3168.9308471679688	62.15	3132
0.0	4569.0306396484375	94.97	3133
0.0	5939.8741455078125	120.92	3134
0.0	2936.412872314453	58.72	3135
0.0	1675.3029174804688	35.97	3136
0.0	2406.9037475585938	48.62	3137
0.0	2903.4155883789062	57.6	3138
0.0	1717.0706176757812	36.89	3139
0.0	5453.436218261719	109.21	3140
0.0	3609.9273681640625	72.49	3141
0.0	3325.541778564453	68.67	3142
0.0	3531.4209594726562	67.95	3143
0.0	3864.1434020996094	77.1	3144
0.0	2448.7133178710938	50.36	3145
0.0	2047.287353515625	42.61	3146
0.0	1962.4774475097656	41.77	3147
0.0	1260.8476867675781	26.36	3148
0.0	1529.7786560058594	31.95	3149
0.0	1826.013427734375	39.34	3150
0.0	2348.464324951172	48.95	3151
0.0	2808.436065673828	57.99	3152
0.0	2162.9458923339844	44.58	3153
0.0	3840.1268310546875	76.95	3154
0.0	1605.6932678222656	34.05	3155
0.0	3591.8948669433594	72.26	3156
0.0	7295.0084228515625	146.55	3157
0.0	1418.0606384277344	29.8	3158
0.0	2128.4900817871094	43.33	3159
0.0	8148.432037353516	157.75	3160
0.0	1110.9820861816406	24.3	3161
0.0	1747.6416320800781	34.12	3162
0.0	1401.0442810058594	30.52	3163
0.0	2869.2096557617188	58.1	3164
0.0	2787.676727294922	57.68	3165
0.0	4579.496978759766	93.39	3166
0.0	2751.9520568847656	57.13	3167
0.0	2211.4566345214844	47.89	3168
0.0	3221.7876892089844	63.38	3169
0.0	1362.2077026367188	28.49	3170
0.0	2879.594512939453	59.26	3171
0.0	2756.955780029297	57.55	3172
0.0	2827.5466918945312	58.68	3173
0.0	2603.1846618652344	53.29	3174
0.0	2446.283905029297	52.22	3175
0.0	3263.489532470703	66.48	3176
0.0	2514.89306640625	53.25	3177
0.0	1790.8338623046875	36.7	3178
0.0	1274.90625	26.79	3179
0.0	7723.103454589844	149.51	3180
0.0	3449.6309509277344	69.25	3181
0.0	2675.2662048339844	55.61	3182
0.0	3065.503387451172	62.18	3183
0.0	1790.6434020996094	37.09	3184
0.0	1711.0467529296875	33.97	3185
0.0	2188.0460815429688	45.22	3186
0.0	1992.4391174316406	40.1	3187
0.0	2518.4352416992188	50.68	3188
0.0	3013.0595092773438	61.54	3189
0.0	2653.8436584472656	55.13	3190
0.0	900.1145629882812	19.34	3191
0.0	1995.8780212402344	42.06	3192
0.0	6183.167938232422	123.77	3193
0.0	3811.321746826172	77.3	3194
0.0	1426.6629638671875	30.44	3195
0.0	2441.7427978515625	52.86	3196
0.0	5660.380340576172	113.63	3197
0.0	2402.0999450683594	50.92	3198
0.0	2534.8626708984375	53.7	3199
0.0	1697.9812316894531	35.52	3200
0.0	8211.206481933594	163.74	3201
0.0	1980.4120788574219	41.08	3202
0.0	2152.4242553710938	43.21	3203
0.0	1649.5359497070312	32.77	3204
0.0	2156.7984313964844	45.03	3205
0.0	2567.1304626464844	52.34	3206
0.0	1336.6617126464844	29.14	3207
0.0	978.92333984375	21.75	3208
0.0	2339.7646484375	51.08	3209
0.0	1038.7928161621094	21.83	3210
0.0	1761.9880981445312	33.38	3211
0.0	4833.420104980469	102.88	3212
0.0	801.3872375488281	17.69	3213
0.0	1861.4955749511719	37.01	3214
0.0	2870.2875061035156	60.79	3215
0.0	1935.3628845214844	35.01	3216
0.0	2986.2273559570312	61.69	3217
0.0	1872.75537109375	39.05	3218
0.0	2095.605010986328	42.94	3219
0.0	895.7665100097656	18.39	3220
0.0	5313.874053955078	99.16	3221
0.0	968.7642517089844	20.14	3222
0.0	2168.4151916503906	46.35	3223
0.0	2398.472930908203	50.81	3224
0.0	2443.0650024414062	51.49	3225
0.0	1717.7334899902344	33.24	3226
0.0	4309.511474609375	86.71	3227
0.0	2357.218505859375	48.05	3228
0.0	1790.504638671875	34.85	3229
0.0	1995.3894348144531	42.59	3230
0.0	3820.2259216308594	75.95	3231
0.0	936.2627563476562	20.98	3232
0.0	1720.8734741210938	38.08	3233
0.0	1948.5464172363281	38.75	3234
0.0	1551.1949157714844	31.85	3235
0.0	4559.925476074219	95.47	3236
0.0	1720.7481384277344	37.42	3237
0.0	2536.7838134765625	52.27	3238
0.0	2601.326690673828	56.22	3239
0.0	1665.3450927734375	33.62	3240
0.0	8083.3826904296875	163.26	3241
0.0	5585.231842041016	111.67	3242
0.0	6560.579284667969	139.68	3243
0.0	2411.448272705078	51.68	3244
0.0	1916.577880859375	40.69	3245
0.0	912.4898376464844	19.21	3246
0.0	1410.8379516601562	30.67	3247
0.0	7586.950958251953	152.03	3248
0.0	1360.0480041503906	29.74	3249
0.0	6263.937957763672	127.68	3250
0.0	5166.287414550781	107.29	3251
0.0	6716.292633056641	124.67	3252
0.0	6649.505310058594	132.11	3253
0.0	2569.046142578125	51.98	3254
0.0	5482.098846435547	106.67	3255
0.0	1269.4733581542969	27.62	3256
0.0	1167.0731811523438	23.38	3257
0.0	1548.167724609375	32.63	3258
0.0	2276.8257446289062	49.01	3259
0.0	2878.2932739257812	58.57	3260
0.0	1471.3391418457031	32.17	3261
0.0	6417.668182373047	127.57	3262
0.0	3234.774200439453	69.8	3263
0.0	3980.5267333984375	71.87	3264
0.0	1326.7669372558594	26.27	3265
0.0	2754.4800415039062	56.46	3266
0.0	2955.4940490722656	59.0	3267
0.0	1493.79443359375	28.85	3268
0.0	3417.441619873047	69.9	3269
0.0	1043.9368591308594	21.5	3270
0.0	3730.2796325683594	78.82	3271
0.0	1257.7202453613281	27.33	3272
0.0	1495.7389526367188	31.71	3273
0.0	1873.4101867675781	39.73	3274
0.0	7184.453338623047	147.94	3275
0.0	1555.9771728515625	33.73	3276
0.0	1529.5764465332031	31.03	3277
0.0	2243.0474548339844	44.59	3278
0.0	2291.5430297851562	49.75	3279
0.0	1700.33251953125	33.52	3280
0.0	3423.899200439453	68.78	3281
0.0	1812.5419006347656	38.44	3282
0.0	962.1152038574219	18.26	3921
0.0	4496.787445068359	83.49	3922
0.0	2682.857177734375	52.45	3923
0.0	1190.696533203125	23.04	3924
0.0	2817.3779296875	54.18	3925
0.0	2149.634735107422	41.25	3926
0.0	1396.5237426757812	26.49	3927
0.0	3231.9529418945312	59.96	3928
0.0	3590.6792602539062	67.31	3929
0.0	3250.4849853515625	61.07	3930
0.0	7566.2083740234375	144.28	3931
0.0	1473.0546264648438	28.69	3932
0.0	2764.705047607422	54.41	3933
0.0	1346.4794921875	26.35	3934
0.0	2178.9602661132812	42.37	3935
0.0	1100.9547119140625	22.54	3936
0.0	7781.442413330078	148.15	3937
0.0	2487.5242614746094	47.02	3938
0.0	2515.7921752929688	50.88	3939
0.0	1873.0456237792969	38.4	3940
0.0	2061.6727600097656	41.93	3941
0.0	1067.8868713378906	21.71	3942
0.0	2431.2548217773438	48.59	3943
0.0	1577.953369140625	32.42	3944
0.0	14486.13427734375	274.42	3945
0.0	3011.2689208984375	62.12	3946
0.0	2527.2694396972656	51.99	3947
0.0	8643.839630126953	163.44	3948
0.0	2435.1287231445312	49.47	3949
0.0	2399.931365966797	47.89	3950
0.0	4512.593048095703	88.68	3951
0.0	6898.625030517578	138.34	3952
0.0	2680.7199096679688	52.76	3953
0.0	1851.7285766601562	37.88	3954
0.0	2971.857940673828	56.82	3955
0.0	1318.3350524902344	27.22	3956
0.0	2262.8561401367188	45.21	3957
0.0	1348.0409545898438	28.1	3958
0.0	2767.3578491210938	53.91	3959
0.0	2011.5010986328125	41.48	3960
0.0	3818.7086486816406	76.47	3961
0.0	3688.2900390625	71.6	3962
0.0	1585.180908203125	32.74	3963
0.0	2273.900604248047	47.62	3964
0.0	2511.985321044922	50.61	3965
0.0	5636.448547363281	116.18	3966
0.0	1806.7702941894531	36.92	3967
0.0	2095.1076049804688	42.77	3968
0.0	1508.8406982421875	30.41	3969
0.0	4214.368804931641	81.44	3970
0.0	4399.383636474609	87.95	3971
0.0	1916.2932739257812	37.06	3972
0.0	9694.693115234375	188.8	3973
0.0	2082.331817626953	43.1	3974
0.0	3619.5521240234375	74.58	3975
0.0	2675.8328552246094	55.28	3976
0.0	2137.222625732422	45.7	3977
0.0	1787.6408386230469	33.53	3978
0.0	1427.5029907226562	29.48	3979
0.0	4282.034240722656	85.6	3980
0.0	2741.0962524414062	53.78	3981
0.0	3438.4085998535156	66.71	3982
0.0	1435.2716064453125	29.34	3983
0.0	1916.5649108886719	40.46	3984
0.0	3645.7138061523438	74.58	3985
0.0	3395.688690185547	68.63	3986
0.0	2916.770782470703	57.11	3987
0.0	1965.9903869628906	40.02	3988
0.0	3224.1881103515625	63.58	3989
0.0	3967.7681884765625	79.3	3990
0.0	1817.876220703125	38.11	3991
0.0	4025.9894104003906	80.33	3992
0.0	1548.4527282714844	31.59	3993
0.0	5195.270965576172	102.94	3994
0.0	1171.7585144042969	24.14	3995
0.0	2149.437225341797	45.89	3996
0.0	963.8606872558594	18.13	3997
0.0	3053.8025817871094	57.62	3998
0.0	3084.744354248047	61.99	3999
0.0	1810.3739318847656	36.46	4000
0.0	1720.0025024414062	37.3	4001
0.0	2897.104278564453	59.44	4002
0.0	1180.83056640625	24.03	4003
0.0	3570.357208251953	73.61	4004
0.0	985.4356994628906	19.81	4005
0.0	7521.564514160156	152.06	4006
0.0	2719.6663208007812	56.94	4007
0.0	7806.874053955078	156.37	4008
0.0	2149.472869873047	42.36	4009
0.0	6197.709869384766	130.41	4010
0.0	2037.0046081542969	41.88	4011
0.0	3674.0433044433594	74.36	4012
0.0	2122.4617919921875	44.37	4013
0.0	1862.2798156738281	37.04	4014
0.0	1173.9737548828125	24.64	4015
0.0	9939.227172851562	200.52	4016
0.0	8569.684265136719	172.61	4017
0.0	2648.4461059570312	55.82	4018
0.0	2116.6152954101562	43.95	4019
0.0	2390.586395263672	51.63	4020
0.0	1990.8366088867188	39.14	4021
0.0	4807.390045166016	99.93	4022
0.0	918.1133728027344	18.04	4023
0.0	3021.550537109375	61.87	4024
0.0	2695.341766357422	54.13	4025
0.0	1585.1697998046875	32.54	4026
0.0	2298.7293090820312	45.78	4027
0.0	2838.5440368652344	54.34	4028
0.0	3087.2427978515625	61.57	4029
0.0	2484.3323974609375	53.63	4030
0.0	2526.695831298828	51.27	4031
0.0	2227.565887451172	45.1	4032
0.0	6233.341491699219	132.68	4033
0.0	2617.0809631347656	50.37	4034
0.0	3815.510223388672	76.12	4035
0.0	1116.8302307128906	23.34	4036
0.0	1927.1047668457031	36.17	4037
0.0	574.3137817382812	12.57	4038
0.0	1995.8904724121094	40.72	4039
0.0	10018.681335449219	199.45	4040
0.0	2366.0257568359375	45.98	4041
0.0	3824.522247314453	77.68	4042
0.0	4211.578704833984	86.92	4043
0.0	1034.6858825683594	22.32	4044
0.0	1459.8730163574219	30.13	4045
0.0	1504.4627990722656	31.22	4046
0.0	4244.990081787109	88.33	4047
0.0	1379.486083984375	26.22	4048
0.0	914.3023986816406	18.94	4049
0.0	3700.6873779296875	73.86	4050
0.0	3220.1083068847656	67.48	4051
0.0	6505.453186035156	136.44	4052
0.0	3794.267791748047	68.92	4053
0.0	2533.7144165039062	51.39	4054
0.0	1301.8640441894531	27.74	4055
0.0	2789.3179626464844	56.72	4056
0.0	1993.4602355957031	39.96	4057
0.0	1686.6219482421875	35.16	4058
0.0	4956.375885009766	94.94	4059
0.0	3107.9923706054688	64.25	4060
0.0	1138.6477661132812	23.74	4061
0.0	2638.3689575195312	52.21	4062
0.0	3543.0108032226562	70.34	4063
0.0	5831.016662597656	119.11	4064
0.0	3370.771270751953	67.75	4065
0.0	1517.03515625	30.04	4066
0.0	2681.093963623047	54.31	4067
0.0	1399.2811279296875	29.42	4068
0.0	2778.8614196777344	55.56	4069
0.0	2217.1484375	46.1	4070
0.0	1105.387939453125	23.39	4071
0.0	2263.584991455078	47.97	4072
0.0	4065.4718627929688	84.11	4073
0.0	1881.5314331054688	38.93	4074
0.0	2087.071319580078	42.29	4075
0.0	7025.5113525390625	140.61	4076
0.0	5145.332489013672	107.05	4077
0.0	1807.5681762695312	37.34	4078
0.0	1384.4747619628906	29.13	4079
0.0	1286.6116638183594	28.53	4080
0.0	1878.0265197753906	38.53	4081
0.0	3074.8519897460938	58.31	4082
0.0	3476.1070861816406	69.06	4083
0.0	3835.3034057617188	81.02	4084
0.0	4323.014434814453	85.48	4085
0.0	5988.301849365234	120.56	4086
0.0	2877.7500610351562	57.47	4087
0.0	2750.3250427246094	55.51	4088
0.0	1760.8310241699219	38.11	4089
0.0	3247.968780517578	60.77	4090
0.0	2543.5286865234375	51.57	4091
0.0	1908.7064819335938	39.68	4092
0.0	1800.781494140625	38.7	4093
0.0	2327.8033142089844	47.85	4094
0.0	7694.914031982422	146.93	4095
0.0	1627.1168518066406	33.99	4096
0.0	3924.5084228515625	78.56	4097
0.0	2031.874267578125	43.81	4098
0.0	1992.1376953125	38.03	4099
0.0	2439.8909912109375	52.78	4100
0.0	1949.7385864257812	40.56	4101
0.0	1091.0044250488281	24.66	4102
0.0	1042.6449279785156	22.72	4103
0.0	1364.9203491210938	27.08	4104
0.0	1944.1943664550781	39.61	4105
0.0	1461.0615539550781	31.49	4106
0.0	1646.8908996582031	32.22	4107
0.0	3444.4332885742188	72.61	4108
0.0	2324.41259765625	47.61	4109
0.0	1100.7848205566406	23.8	4110
0.0	1053.682373046875	22.2	4111
0.0	2479.6297302246094	45.71	4112
0.0	4579.267242431641	96.09	4113
0.0	4400.3927001953125	92.03	4114
0.0	3935.4141845703125	84.19	4115
0.0	4452.9659423828125	94.87	4116
0.0	4559.194152832031	93.78	4117
0.0	4960.366180419922	96.08	4118
0.0	801.4831237792969	17.82	4119
0.0	3140.142852783203	63.09	4120
0.0	4164.281158447266	87.08	4121
0.0	4495.902069091797	94.49	4122
0.0	2923.4090576171875	59.74	4123
0.0	2352.3557739257812	49.26	4124
0.0	3134.020538330078	64.29	4125
0.0	2902.287078857422	56.27	4126
0.0	4076.9391479492188	83.56	4127
0.0	1579.8765869140625	33.03	4128
0.0	1997.9842224121094	40.93	4129
0.0	1697.9459838867188	34.93	4130
0.0	2418.4774475097656	50.61	4131
0.0	1246.3074340820312	26.83	4132
0.0	3240.4369201660156	66.3	4133
0.0	4165.551513671875	82.45	4134
0.0	3138.8474731445312	66.77	4135
0.0	2631.182342529297	53.71	4136
0.0	4259.8909912109375	86.02	4137
0.0	3280.985137939453	65.39	4138
0.0	6990.783966064453	142.57	4139
0.0	6408.392395019531	129.32	4140
0.0	4018.0260314941406	84.86	4141
0.0	3023.029815673828	62.33	4142
0.0	3289.2612915039062	66.05	4143
0.0	3309.6026916503906	61.8	4144
0.0	1887.2615661621094	39.67	4145
0.0	2683.485382080078	52.55	4146
0.0	1696.4974670410156	35.29	4147
0.0	3204.481719970703	61.06	4148
0.0	1596.0215759277344	33.78	4149
0.0	1802.65185546875	39.32	4150
0.0	2702.259979248047	55.17	4151
0.0	1422.0964050292969	30.73	4152
0.0	3405.3204956054688	69.9	4153
0.0	1921.017578125	38.04	4154
0.0	2627.754180908203	53.73	4155
0.0	2076.8506469726562	44.99	4156
0.0	1955.4879760742188	42.12	4157
0.0	2401.779510498047	47.93	4158
0.0	1794.0369262695312	38.11	4159
0.0	1756.6940002441406	35.0	4160
0.0	4035.3206176757812	80.12	4161
0.0	4510.737823486328	88.87	4162
0.0	1499.7169799804688	28.95	4163
0.0	1377.4424133300781	29.33	4164
0.0	2098.7340698242188	44.63	4165
0.0	2524.2303466796875	51.25	4166
0.0	1572.8104553222656	33.21	4167
0.0	4108.562957763672	80.07	4168
0.0	3852.9012756347656	79.3	4169
0.0	927.3394165039062	19.68	4170
0.0	1218.9114685058594	24.45	4171
0.0	2843.9895935058594	54.59	4172
0.0	3663.3583984375	77.86	4173
0.0	3820.132049560547	80.14	4174
0.0	3434.5962829589844	74.25	4175
0.0	1384.217529296875	26.99	4176
0.0	1879.5962524414062	38.95	4177
0.0	2315.2342224121094	45.99	4178
0.0	1399.9439086914062	28.27	4179
0.0	2288.3738403320312	48.14	4180
0.0	2248.295623779297	47.36	4181
0.0	3351.5574340820312	66.08	4182
0.0	4293.352966308594	90.34	4183
0.0	1431.6753845214844	30.69	4184
0.0	1573.4177551269531	33.62	4185
0.0	2284.4571838378906	43.35	4186
0.0	3803.74609375	78.83	4187
0.0	2016.4114074707031	43.73	4188
0.0	2045.87353515625	43.34	4189
0.0	1414.1401062011719	29.24	4190
0.0	2245.9974975585938	47.28	4191
0.0	1722.4498291015625	35.42	4192
0.0	2080.2659301757812	42.27	4193
0.0	1765.7481384277344	37.01	4194
0.0	2206.60302734375	44.56	4195
0.0	1810.2641296386719	34.98	4196
0.0	3799.5541076660156	79.86	4197
0.0	2992.3935546875	61.31	4198
0.0	2009.0431823730469	43.69	4199
0.0	2626.536834716797	52.34	4200
0.0	4527.521057128906	92.35	4201
0.0	2033.32080078125	43.55	4202
0.0	2199.862335205078	45.45	4203
0.0	1590.8946838378906	34.4	4204
0.0	2544.383087158203	56.5	4205
0.0	2293.320556640625	45.19	4206
0.0	2521.9265747070312	53.82	4207
0.0	3721.8070678710938	71.63	4208
0.0	2310.2645263671875	49.14	4209
0.0	1549.6587829589844	33.19	4210
0.0	1840.5349731445312	38.32	4211
0.0	3134.923858642578	67.41	4212
0.0	2090.6705017089844	44.47	4213
0.0	6535.828826904297	128.49	4214
0.0	2173.5926208496094	43.84	4215
0.0	1584.3928527832031	30.64	4216
0.0	3679.2293701171875	73.62	4217
0.0	3336.1239013671875	69.08	4218
0.0	2185.1295166015625	43.42	4219
0.0	1012.3278503417969	22.66	4220
0.0	1286.9955749511719	27.31	4221
0.0	2804.2379455566406	58.44	4222
0.0	3946.311309814453	79.45	4223
0.0	2249.6023559570312	42.83	4224
0.0	3813.3922119140625	79.0	4225
0.0	3410.071044921875	72.06	4226
0.0	1596.8074951171875	33.66	4227
0.0	2174.2154541015625	43.46	4228
0.0	8353.765594482422	172.66	4229
0.0	1128.133544921875	24.31	4230
0.0	2125.82666015625	38.0	4231
0.0	1437.8134765625	31.25	4232
0.0	1653.7228698730469	33.41	4233
0.0	2310.813018798828	49.51	4234
0.0	2525.5084533691406	51.48	4235
0.0	2874.1082763671875	60.76	4236
0.0	1878.8267517089844	38.62	4237
0.0	2197.9918518066406	41.74	4238
0.0	1942.2188110351562	41.77	4239
0.0	1046.7643127441406	23.49	4240
0.0	2601.764617919922	53.77	4241
0.0	3642.4492797851562	72.63	4242
0.0	3099.0613403320312	67.44	4243
0.0	4050.3665771484375	81.15	4244
0.0	2514.9681396484375	51.99	4245
0.0	1489.1846008300781	32.59	4246
0.0	9722.272521972656	182.02	4247
0.0	1705.9747009277344	36.2	4248
0.0	3421.6192321777344	62.82	4249
0.0	2852.9972229003906	58.7	4250
0.0	5848.125274658203	110.96	4901
0.0	4929.1171875	96.02	4902
0.0	1640.2177734375	31.25	4903
0.0	1543.670166015625	30.05	4904
0.0	1280.1884765625	24.46	4905
0.0	7232.512054443359	132.68	4906
0.0	6541.041076660156	124.77	4907
0.0	880.03173828125	17.71	4908
0.0	1503.1330261230469	29.48	4909
0.0	3038.4388732910156	58.43	4910
0.0	1890.2245483398438	37.47	4911
0.0	1705.8987121582031	31.68	4912
0.0	3044.1456298828125	59.86	4913
0.0	1640.5846252441406	31.68	4914
0.0	1592.1953125	31.41	4915
0.0	1100.2120361328125	20.49	4916
0.0	2242.1022033691406	45.75	4917
0.0	1703.739013671875	34.72	4918
0.0	2426.1065673828125	46.7	4919
0.0	2288.381622314453	43.92	4920
0.0	2587.85498046875	49.64	4921
0.0	1044.292724609375	21.19	4922
0.0	1612.6833190917969	32.0	4923
0.0	2190.7832641601562	45.13	4924
0.0	2398.18408203125	46.19	4925
0.0	4065.257293701172	80.26	4926
0.0	2449.938262939453	48.39	4927
0.0	4497.536926269531	87.68	4928
0.0	7496.683319091797	139.86	4929
0.0	4668.425231933594	92.68	4930
0.0	3625.1576538085938	73.31	4931
0.0	2670.4745483398438	52.7	4932
0.0	1857.6361083984375	38.1	4933
0.0	6779.903381347656	130.98	4934
0.0	3189.7232971191406	63.18	4935
0.0	1910.1116638183594	36.35	4936
0.0	6140.314117431641	118.51	4937
0.0	2437.3662719726562	48.08	4938
0.0	2207.1350708007812	43.84	4939
0.0	2028.0169982910156	41.04	4940
0.0	1772.0297546386719	33.78	4941
0.0	3332.4718017578125	66.97	4942
0.0	2963.9652099609375	57.89	4943
0.0	2082.2617797851562	41.7	4944
0.0	1987.4692993164062	38.42	4945
0.0	4364.866363525391	86.95	4946
0.0	3091.050537109375	60.57	4947
0.0	2071.721954345703	43.62	4948
0.0	3453.6927490234375	69.13	4949
0.0	1373.2142333984375	28.41	4950
0.0	1324.3309020996094	26.16	4951
0.0	2047.2769165039062	40.55	4952
0.0	1466.9234924316406	29.84	4953
0.0	1631.1792297363281	33.27	4954
0.0	2104.5225830078125	44.91	4955
0.0	2417.800048828125	50.02	4956
0.0	1744.3781433105469	35.68	4957
0.0	2779.3695373535156	56.98	4958
0.0	1247.5967407226562	24.67	4959
0.0	5122.07177734375	92.21	4960
0.0	2880.871337890625	57.4	4961
0.0	1264.6942749023438	25.96	4962
0.0	4251.543273925781	84.61	4963
0.0	1161.51708984375	23.93	4964
0.0	853.2632446289062	18.41	4965
0.0	2255.3439331054688	45.25	4966
0.0	1552.5901184082031	31.5	4967
0.0	2866.3357543945312	57.31	4968
0.0	1808.0059204101562	36.08	4969
0.0	2226.8247680664062	44.96	4970
0.0	1639.3871154785156	30.72	4971
0.0	1446.1321716308594	27.87	4972
0.0	2033.5307922363281	41.39	4973
0.0	2221.3492736816406	44.59	4974
0.0	2751.1099548339844	55.18	4975
0.0	1338.0497131347656	27.89	4976
0.0	3321.8016967773438	66.66	4977
0.0	2041.2417297363281	39.33	4978
0.0	4780.921295166016	96.26	4979
0.0	2131.237762451172	40.61	4980
0.0	1357.1605224609375	27.77	4981
0.0	2758.272705078125	57.7	4982
0.0	1791.6602172851562	37.27	4983
0.0	1808.6832275390625	35.31	4984
0.0	1614.6645202636719	33.51	4985
0.0	1573.3536376953125	33.3	4986
0.0	2178.9705810546875	46.43	4987
0.0	3234.101104736328	65.96	4988
0.0	4339.870056152344	85.62	4989
0.0	2535.77734375	50.76	4990
0.0	7962.342803955078	155.87	4991
0.0	2931.838104248047	60.89	4992
0.0	1832.026611328125	38.24	4993
0.0	3304.8305053710938	66.33	4994
0.0	2167.8587341308594	43.92	4995
0.0	2652.341552734375	51.47	4996
0.0	10503.173156738281	206.25	4997
0.0	1700.2010803222656	35.81	4998
0.0	4514.057647705078	88.92	4999
0.0	2538.1168212890625	46.88	5000
0.0	3050.2613830566406	61.71	5001
0.0	897.1597290039062	19.0	5002
0.0	1595.7302856445312	32.53	5003
0.0	19175.289581298828	390.99	5004
0.0	6334.6895751953125	120.3	5005
0.0	2767.3848876953125	57.61	5006
0.0	4004.0122985839844	80.82	5007
0.0	2588.163818359375	52.06	5008
0.0	2192.0780334472656	45.9	5009
0.0	1843.1176147460938	37.43	5010
0.0	2255.7774353027344	47.04	5011
0.0	2664.5210571289062	53.84	5012
0.0	1056.3038024902344	22.35	5013
0.0	3301.7508850097656	69.57	5014
0.0	4067.5531005859375	83.34	5015
0.0	1770.8895263671875	34.94	5016
0.0	876.9511108398438	18.53	5017
0.0	1514.1125183105469	31.07	5018
0.0	2636.4999084472656	54.86	5019
0.0	5471.983856201172	110.24	5020
0.0	5494.509857177734	116.73	5021
0.0	2042.4324645996094	40.25	5022
0.0	2810.286651611328	55.78	5023
0.0	1030.8014831542969	21.73	5024
0.0	1175.7920837402344	24.17	5025
0.0	2971.5518798828125	58.99	5026
0.0	1327.9625549316406	25.94	5027
0.0	2228.7612915039062	44.25	5028
0.0	1424.3390197753906	29.71	5029
0.0	1986.0569152832031	43.29	5030
0.0	2780.9827575683594	55.27	5031
0.0	1837.6883850097656	39.05	5032
0.0	2311.3460083007812	45.39	5033
0.0	2766.1997985839844	55.0	5034
0.0	1581.92822265625	33.09	5035
0.0	1216.2878112792969	27.6	5036
0.0	1879.0483703613281	39.91	5037
0.0	6673.572235107422	129.76	5038
0.0	1404.3365478515625	29.12	5039
0.0	907.9134521484375	17.11	5040
0.0	957.17724609375	20.74	5041
0.0	1307.0001525878906	27.64	5042
0.0	2267.5505981445312	45.19	5043
0.0	1843.7480773925781	35.83	5044
0.0	3450.8494262695312	66.76	5045
0.0	1642.2510986328125	33.0	5046
0.0	1115.196044921875	23.57	5047
0.0	3053.5621948242188	63.99	5048
0.0	2543.2198791503906	52.7	5049
0.0	5331.277679443359	111.3	5050
0.0	2073.9488830566406	41.34	5051
0.0	1557.204345703125	30.13	5052
0.0	4564.242950439453	91.72	5053
0.0	992.9998474121094	20.12	5054
0.0	1645.3864135742188	34.33	5055
0.0	6520.668212890625	127.37	5056
0.0	1796.2982482910156	38.19	5057
0.0	1936.4345092773438	39.45	5058
0.0	1788.9830017089844	37.08	5059
0.0	1937.5740356445312	40.74	5060
0.0	6232.493072509766	118.68	5061
0.0	1279.3020935058594	26.8	5062
0.0	1551.3132019042969	32.46	5063
0.0	1304.6748352050781	27.28	5064
0.0	2318.8112182617188	48.28	5065
0.0	3828.1913146972656	79.61	5066
0.0	11743.179626464844	234.01	5067
0.0	1711.55517578125	36.09	5068
0.0	2603.590606689453	52.98	5069
0.0	3714.2852172851562	74.61	5070
0.0	2015.8424072265625	41.33	5071
0.0	1948.9593505859375	39.43	5072
0.0	2065.233642578125	40.81	5073
0.0	3239.7503662109375	64.52	5074
0.0	3710.887237548828	75.36	5075
0.0	6622.518768310547	132.34	5076
0.0	2298.5243530273438	47.01	5077
0.0	1466.0466003417969	31.66	5078
0.0	2358.8023986816406	46.25	5079
0.0	1669.2496337890625	34.46	5080
0.0	1374.0217895507812	29.21	5081
0.0	5274.871887207031	109.49	5082
0.0	2829.1285400390625	60.65	5083
0.0	1401.8299560546875	29.73	5084
0.0	1047.4966735839844	22.23	5085
0.0	2050.491455078125	41.72	5086
0.0	1058.9091186523438	22.48	5087
0.0	4394.9429931640625	87.6	5088
0.0	3776.116973876953	79.19	5089
0.0	1596.2814331054688	34.32	5090
0.0	5119.6505126953125	97.27	5091
0.0	6817.835906982422	139.99	5092
0.0	1403.7336120605469	29.23	5093
0.0	7814.618225097656	149.7	5094
0.0	2964.7801513671875	61.39	5095
0.0	3334.6807861328125	67.56	5096
0.0	4190.659332275391	86.0	5097
0.0	1266.5376281738281	26.23	5098
0.0	2855.5508728027344	56.7	5099
0.0	1438.0298767089844	30.19	5100
0.0	1820.5521850585938	38.97	5101
0.0	2112.7783203125	43.45	5102
0.0	1904.594482421875	38.8	5103
0.0	1625.2960815429688	35.29	5104
0.0	1812.9932250976562	39.36	5105
0.0	2582.3863830566406	51.89	5106
0.0	896.3993530273438	18.81	5107
0.0	938.6069641113281	20.58	5108
0.0	4480.926300048828	90.01	5109
0.0	1112.1187133789062	25.19	5110
0.0	1501.10546875	30.17	5111
0.0	3846.51708984375	79.77	5112
0.0	2264.6439819335938	47.06	5113
0.0	5531.565643310547	111.57	5114
0.0	4999.146240234375	103.8	5115
0.0	1553.4898376464844	30.22	5116
0.0	1509.0933837890625	31.15	5117
0.0	2906.6461181640625	59.73	5118
0.0	1827.6942138671875	38.71	5119
0.0	4730.058166503906	91.7	5120
0.0	3565.9108276367188	73.51	5121
0.0	1242.5303039550781	25.42	5122
0.0	3765.9098510742188	76.53	5123
0.0	1870.9690856933594	39.7	5124
0.0	3206.551025390625	63.49	5125
0.0	2160.5873413085938	44.44	5126
0.0	1844.8184204101562	36.29	5127
0.0	4350.345550537109	90.01	5128
0.0	2163.191650390625	44.86	5129
0.0	1989.5303649902344	43.16	5130
0.0	1494.6852722167969	30.93	5131
0.0	1368.8276977539062	29.59	5132
0.0	1686.0823059082031	37.0	5133
0.0	4125.929626464844	86.92	5134
0.0	1577.6731872558594	31.53	5135
0.0	7107.591278076172	145.12	5136
0.0	3180.9493103027344	66.92	5137
0.0	3688.031768798828	74.44	5138
0.0	1568.4509887695312	35.0	5139
0.0	1845.4487915039062	38.53	5140
0.0	3084.6175537109375	64.57	5141
0.0	4009.1004028320312	81.83	5142
0.0	8775.990264892578	182.77	5143
0.0	2990.7312622070312	62.72	5144
0.0	4388.631927490234	84.67	5145
0.0	2162.6050720214844	44.3	5146
0.0	3164.8409118652344	60.21	5147
0.0	1853.7129821777344	38.48	5148
0.0	989.5292358398438	22.4	5149
0.0	5328.357635498047	110.58	5150
0.0	2692.8925170898438	56.83	5151
0.0	3820.3189086914062	76.11	5152
0.0	1487.9187316894531	31.55	5153
0.0	1091.4728393554688	24.1	5154
0.0	6645.771942138672	133.29	5155
0.0	1024.8847961425781	21.47	5156
0.0	6224.837951660156	134.54	5157
0.0	2771.6945190429688	57.01	5158
0.0	1559.5086364746094	34.14	5159
0.0	1918.5149841308594	39.78	5160
0.0	1672.1513366699219	32.77	5161
0.0	1920.400634765625	43.13	5162
0.0	2482.2997131347656	51.55	5163
0.0	699.5384216308594	14.46	5164
0.0	1347.7653503417969	29.86	5165
0.0	2419.2743530273438	51.39	5166
0.0	1650.4268798828125	32.93	5167
0.0	3148.3126525878906	67.86	5168
0.0	2161.5379943847656	43.74	5169
0.0	2322.9849243164062	50.27	5170
0.0	2072.268280029297	46.04	5171
0.0	3754.6717834472656	74.77	5172
0.0	3103.409423828125	64.5	5173
0.0	7606.9422607421875	153.46	5174
0.0	982.5318298339844	20.86	5175
0.0	3065.4738159179688	62.91	5176
0.0	941.5865478515625	21.07	5177
0.0	2050.1522521972656	42.35	5178
0.0	1922.5379333496094	40.87	5179
0.0	1468.6971435546875	30.77	5180
0.0	2852.7696533203125	57.58	5181
0.0	1636.8021545410156	34.29	5182
0.0	2150.688262939453	44.68	5183
0.0	2638.1058349609375	54.63	5184
0.0	1710.4322509765625	36.35	5185
0.0	2524.344970703125	52.7	5186
0.0	1147.2037963867188	24.67	5187
0.0	4437.931549072266	87.93	5188
0.0	1466.3335876464844	31.73	5189
0.0	1131.9592895507812	24.45	5190
0.0	1985.6224975585938	39.63	5191
0.0	2181.285858154297	46.47	5192
0.0	3195.2730407714844	68.14	5193
0.0	2396.67431640625	49.03	5194
0.0	2795.3243408203125	58.68	5195
0.0	1749.2947387695312	38.34	5196
0.0	2473.35205078125	50.32	5197
0.0	1274.2747192382812	27.03	5198
0.0	2961.337860107422	62.53	5199
0.0	2508.2369079589844	53.29	5200
0.0	1848.1520385742188	36.82	5201
0.0	1659.3473205566406	32.78	5202
0.0	3055.4988708496094	64.64	5203
0.0	5159.1126708984375	106.76	5204
0.0	1557.9375	32.11	5205
0.0	1541.8788146972656	31.86	5206
0.0	1399.2386474609375	29.72	5207
0.0	4702.798736572266	94.34	5208
0.0	2899.382568359375	57.09	5209
0.0	2056.4171752929688	42.17	5210
0.0	6071.144958496094	124.64	5211
0.0	1736.6457214355469	36.28	5212
0.0	4385.407531738281	88.82	5213
0.0	1908.2727661132812	39.2	5214
0.0	2865.1659545898438	60.01	5215
0.0	2343.5208740234375	48.33	5216
0.0	1418.2198486328125	31.33	5217
0.0	4112.921112060547	75.82	5218
0.0	1901.7501831054688	40.03	5219
0.0	4069.00341796875	87.8	5220
0.0	2196.6126708984375	47.17	5221
0.0	3669.2708129882812	72.48	5222
0.0	6730.754211425781	138.22	5223
0.0	2193.694549560547	44.75	5224
0.0	1233.5218811035156	26.32	5225
0.0	2967.378662109375	59.56	5226
0.0	5448.6571044921875	112.02	5227
0.0	644.751953125	14.42	5228
0.0	770.0034484863281	16.03	5229
0.0	2377.6858520507812	47.26	5230
0.0	1878.0375061035156	37.67	5231
0.0	2031.0447998046875	42.75	5232
0.0	1313.7744750976562	29.54	5233
0.0	2936.9581909179688	62.75	5234
0.0	3700.0721435546875	75.5	5235
0.0	1532.2511291503906	32.53	5236
0.0	1331.9207458496094	28.27	5237
0.0	2032.7938842773438	39.54	5238
0.0	2310.2364501953125	46.82	5239
0.0	2218.4995727539062	45.14	5240
0.0	1112.4541015625	23.78	5241
0.0	1501.988525390625	29.94	5242
0.0	2146.5260009765625	45.37	5243
0.0	1212.3789672851562	26.62	5244
0.0	7389.525817871094	155.99	5245
0.0	1701.1058349609375	36.32	5246
0.0	2392.244598388672	49.18	5247
0.0	1908.2126770019531	37.69	5248
0.0	2468.822296142578	44.82	5881
0.0	1062.6449584960938	19.83	5882
0.0	3079.615936279297	57.39	5883
0.0	2635.0201416015625	48.57	5884
0.0	2616.0646362304688	50.2	5885
0.0	4400.902862548828	81.3	5886
0.0	1504.8782348632812	29.02	5887
0.0	1488.1126708984375	29.01	5888
0.0	3732.1117248535156	70.78	5889
0.0	3132.611053466797	62.53	5890
0.0	2038.1471252441406	36.86	5891
0.0	3758.1279907226562	73.53	5892
0.0	1879.8062133789062	37.11	5893
0.0	4213.349700927734	74.37	5894
0.0	1625.8026123046875	31.57	5895
0.0	3263.757354736328	62.73	5896
0.0	2173.7144775390625	40.79	5897
0.0	1188.2845153808594	23.4	5898
0.0	2982.0947265625	61.08	5899
0.0	1204.3230590820312	24.4	5900
0.0	2695.2154846191406	52.7	5901
0.0	1854.7100219726562	36.09	5902
0.0	2028.8335571289062	39.89	5903
0.0	2203.9178161621094	42.45	5904
0.0	4070.0966796875	79.85	5905
0.0	3558.2828369140625	68.94	5906
0.0	1701.966064453125	34.44	5907
0.0	2001.1543273925781	39.15	5908
0.0	3844.8472290039062	74.54	5909
0.0	1288.8768615722656	25.39	5910
0.0	5708.423675537109	114.14	5911
0.0	3664.3482055664062	76.65	5912
0.0	1291.1448059082031	26.41	5913
0.0	1246.4226989746094	25.37	5914
0.0	3976.3936157226562	77.82	5915
0.0	1407.7612609863281	28.51	5916
0.0	3035.8934936523438	60.73	5917
0.0	5129.661468505859	102.64	5918
0.0	1080.12255859375	22.56	5919
0.0	1656.2905883789062	34.36	5920
0.0	2053.4229431152344	40.36	5921
0.0	1594.0159606933594	32.51	5922
0.0	3990.599639892578	77.39	5923
0.0	738.451904296875	15.33	5924
0.0	2015.9389038085938	40.63	5925
0.0	821.9802856445312	17.28	5926
0.0	935.1046752929688	19.23	5927
0.0	1137.8718872070312	24.03	5928
0.0	3104.481414794922	61.86	5929
0.0	2719.1027221679688	56.25	5930
0.0	2641.0523986816406	50.07	5931
0.0	2751.5322875976562	57.05	5932
0.0	741.3543090820312	15.25	5933
0.0	3231.064666748047	63.84	5934
0.0	1577.1781616210938	32.88	5935
0.0	2021.0484313964844	41.89	5936
0.0	2602.615997314453	50.79	5937
0.0	2440.7865600585938	48.63	5938
0.0	1628.8027648925781	34.22	5939
0.0	1624.3262329101562	32.34	5940
0.0	4777.807220458984	92.73	5941
0.0	2606.4946899414062	53.48	5942
0.0	1300.7488098144531	27.46	5943
0.0	2736.412811279297	51.82	5944
0.0	1280.3353576660156	26.77	5945
0.0	2198.480499267578	44.06	5946
0.0	1125.0531921386719	23.26	5947
0.0	8749.386138916016	171.13	5948
0.0	2803.4334716796875	56.72	5949
0.0	3650.0672302246094	72.41	5950
0.0	2309.968963623047	45.88	5951
0.0	1533.3411560058594	31.89	5952
0.0	3936.614227294922	75.28	5953
0.0	2412.023681640625	47.68	5954
0.0	4140.839538574219	82.96	5955
0.0	2398.94091796875	46.59	5956
0.0	2676.1676025390625	53.67	5957
0.0	6446.131774902344	130.97	5958
0.0	2554.73095703125	53.13	5959
0.0	2486.660675048828	52.6	5960
0.0	5624.570068359375	112.11	5961
0.0	3348.993865966797	62.91	5962
0.0	5183.97216796875	107.17	5963
0.0	6523.136810302734	136.07	5964
0.0	3269.387176513672	64.51	5965
0.0	7891.352996826172	155.86	5966
0.0	1639.7994079589844	35.38	5967
0.0	2450.5252075195312	49.38	5968
0.0	1369.7292785644531	28.57	5969
0.0	3087.6900024414062	59.94	5970
0.0	4093.1436767578125	80.44	5971
0.0	1126.4411926269531	23.28	5972
0.0	1567.7542724609375	31.51	5973
0.0	1880.3155517578125	39.23	5974
0.0	8995.135009765625	174.12	5975
0.0	3863.646240234375	79.56	5976
0.0	6853.3076171875	136.9	5977
0.0	2665.06787109375	53.35	5978
0.0	3052.84521484375	64.13	5979
0.0	1509.8102416992188	31.52	5980
0.0	1555.7883605957031	30.73	5981
0.0	1686.46337890625	36.01	5982
0.0	3557.3687133789062	74.12	5983
0.0	2545.3170776367188	52.61	5984
0.0	2048.4203186035156	41.03	5985
0.0	3346.397491455078	71.09	5986
0.0	676.7984313964844	14.52	5987
0.0	10998.195556640625	224.54	5988
0.0	1034.347412109375	22.45	5989
0.0	3472.7025451660156	70.59	5990
0.0	2069.8702697753906	43.0	5991
0.0	1377.2369384765625	28.25	5992
0.0	2054.2335815429688	42.27	5993
0.0	5660.009674072266	114.52	5994
0.0	2447.504150390625	49.29	5995
0.0	2031.0469970703125	42.13	5996
0.0	14312.238494873047	281.84	5997
0.0	2433.7979431152344	46.64	5998
0.0	3713.9116821289062	74.0	5999
0.0	1448.4981079101562	30.26	6000
0.0	2517.6365966796875	50.83	6001
0.0	1635.8099975585938	33.18	6002
0.0	1594.2935791015625	33.23	6003
0.0	1547.3018798828125	30.67	6004
0.0	2084.738800048828	40.65	6005
0.0	2583.2931213378906	51.19	6006
0.0	923.6963806152344	20.53	6007
0.0	2614.829132080078	52.39	6008
0.0	5100.105621337891	106.82	6009
0.0	9539.997833251953	194.6	6010
0.0	2389.6611938476562	49.41	6011
0.0	1743.8451843261719	36.57	6012
0.0	3912.0198364257812	80.27	6013
0.0	2795.5533752441406	58.78	6014
0.0	4027.4349975585938	81.33	6015
0.0	1611.8868103027344	32.91	6016
0.0	2878.3212890625	59.71	6017
0.0	1983.935546875	41.6	6018
0.0	12819.437072753906	255.48	6019
0.0	2044.3296508789062	40.79	6020
0.0	7050.922332763672	141.01	6021
0.0	3115.6589965820312	63.89	6022
0.0	1999.1494445800781	42.03	6023
0.0	2069.494842529297	42.84	6024
0.0	1812.8843078613281	36.48	6025
0.0	3112.8853149414062	66.25	6026
0.0	1805.1133117675781	37.19	6027
0.0	1808.4919128417969	37.79	6028
0.0	2058.7547607421875	42.43	6029
0.0	2038.5450439453125	41.17	6030
0.0	1570.6202697753906	34.12	6031
0.0	9180.233581542969	179.34	6032
0.0	5772.087799072266	116.54	6033
0.0	4250.029022216797	92.04	6034
0.0	3430.3160400390625	64.57	6035
0.0	1934.6445617675781	38.96	6036
0.0	4391.374176025391	91.81	6037
0.0	2825.61083984375	59.95	6038
0.0	2910.3552856445312	58.19	6039
0.0	2320.5125427246094	45.02	6040
0.0	2258.8942260742188	46.8	6041
0.0	1411.9457702636719	28.95	6042
0.0	6457.331695556641	135.75	6043
0.0	2250.273712158203	46.13	6044
0.0	2508.089111328125	48.44	6045
0.0	4085.529052734375	81.96	6046
0.0	3776.5362243652344	82.43	6047
0.0	3046.115478515625	64.17	6048
0.0	1857.8067932128906	36.16	6049
0.0	1836.236328125	37.73	6050
0.0	1283.1202392578125	28.62	6051
0.0	2737.4026794433594	56.07	6052
0.0	4136.102355957031	87.46	6053
0.0	9650.078063964844	198.22	6054
0.0	1513.3185424804688	29.36	6055
0.0	1789.9923706054688	36.14	6056
0.0	1059.34912109375	22.91	6057
0.0	1175.27978515625	23.99	6058
0.0	1511.5139770507812	31.34	6059
0.0	1799.9722900390625	34.2	6060
0.0	1579.4384460449219	34.09	6061
0.0	1776.5102844238281	36.85	6062
0.0	1925.7695617675781	39.93	6063
0.0	2471.7183532714844	52.24	6064
0.0	936.5244750976562	19.9	6065
0.0	4083.590301513672	82.94	6066
0.0	833.6786499023438	17.12	6067
0.0	2139.0450744628906	44.09	6068
0.0	2402.7890014648438	45.76	6069
0.0	1898.1813659667969	39.6	6070
0.0	2193.404022216797	43.14	6071
0.0	1729.3814697265625	34.55	6072
0.0	2802.097381591797	61.34	6073
0.0	1727.2261962890625	36.18	6074
0.0	1328.991943359375	28.23	6075
0.0	1629.3951110839844	33.46	6076
0.0	2311.9645385742188	47.07	6077
0.0	3000.55859375	58.24	6078
0.0	1809.2543334960938	38.9	6079
0.0	10072.298614501953	176.36	6080
0.0	1772.533447265625	35.54	6081
0.0	2724.9300231933594	56.77	6082
0.0	6071.855285644531	121.27	6083
0.0	1745.8685607910156	34.19	6084
0.0	1688.6570739746094	35.65	6085
0.0	3356.474334716797	71.45	6086
0.0	4407.243743896484	92.67	6087
0.0	2147.8348388671875	41.65	6088
0.0	2157.602264404297	44.61	6089
0.0	3064.965087890625	62.56	6090
0.0	2544.652130126953	53.18	6091
0.0	1641.2686767578125	34.95	6092
0.0	4101.466400146484	79.99	6093
0.0	4924.889587402344	100.2	6094
0.0	3270.1281127929688	70.09	6095
0.0	1814.6360778808594	33.82	6096
0.0	2508.4412536621094	50.72	6097
0.0	4235.011566162109	86.0	6098
0.0	1335.1519775390625	27.82	6099
0.0	2737.9376220703125	55.06	6100
0.0	1304.7777404785156	27.72	6101
0.0	1994.9859619140625	43.55	6102
0.0	1406.1907043457031	29.67	6103
0.0	2819.921417236328	58.87	6104
0.0	2165.0287475585938	45.03	6105
0.0	3606.2428283691406	67.76	6106
0.0	3907.8661193847656	80.56	6107
0.0	14008.928527832031	281.65	6108
0.0	1169.2187194824219	24.67	6109
0.0	1933.709228515625	39.05	6110
0.0	3007.830535888672	61.44	6111
0.0	969.8824157714844	20.51	6112
0.0	2562.7816772460938	53.22	6113
0.0	1247.0620422363281	25.7	6114
0.0	1289.9893493652344	24.75	6115
0.0	4685.310272216797	100.26	6116
0.0	1241.1094055175781	27.25	6117
0.0	2242.783966064453	44.57	6118
0.0	3232.9298400878906	66.51	6119
0.0	1946.1725158691406	39.9	6120
0.0	1514.0432434082031	32.22	6121
0.0	2847.2965087890625	59.38	6122
0.0	2466.980224609375	52.85	6123
0.0	4730.110321044922	94.82	6124
0.0	1252.3120422363281	26.55	6125
0.0	3574.100830078125	76.19	6126
0.0	1893.7116088867188	40.05	6127
0.0	3377.7058715820312	61.5	6128
0.0	8355.12484741211	166.65	6129
0.0	1262.5662231445312	26.55	6130
0.0	2595.4876708984375	52.97	6131
0.0	1688.7859191894531	33.5	6132
0.0	3351.252166748047	69.31	6133
0.0	2328.2841796875	47.08	6134
0.0	2502.629669189453	50.43	6135
0.0	1389.6031188964844	29.36	6136
0.0	1362.9899291992188	26.01	6137
0.0	1470.1981811523438	31.25	6138
0.0	8517.918212890625	179.36	6139
0.0	8606.048156738281	167.89	6140
0.0	1689.192138671875	35.68	6141
0.0	2399.9595642089844	51.04	6142
0.0	1294.3784790039062	27.31	6143
0.0	3738.6644287109375	75.57	6144
0.0	1311.1019287109375	27.87	6145
0.0	1140.8946838378906	23.25	6146
0.0	739.0315551757812	15.49	6147
0.0	5434.13427734375	109.31	6148
0.0	1232.3709716796875	26.39	6149
0.0	2176.3804931640625	45.73	6150
0.0	3587.1317749023438	72.62	6151
0.0	3690.97607421875	79.78	6152
0.0	8625.069519042969	178.01	6153
0.0	1243.2410583496094	25.28	6154
0.0	1150.8309936523438	24.94	6155
0.0	1547.1757202148438	33.36	6156
0.0	3371.1144409179688	61.32	6157
0.0	3962.718963623047	83.62	6158
0.0	2111.3230895996094	45.18	6159
0.0	1127.6300048828125	21.95	6160
0.0	2779.4795837402344	62.75	6161
0.0	2040.9549865722656	45.29	6162
0.0	4513.096710205078	92.82	6163
0.0	1619.3092041015625	34.42	6164
0.0	2040.7742614746094	41.78	6165
0.0	3140.2860412597656	62.06	6166
0.0	2030.8218688964844	41.72	6167
0.0	1890.4248046875	40.06	6168
0.0	2990.5374450683594	61.97	6169
0.0	1583.00634765625	30.22	6170
0.0	2626.2267150878906	54.14	6171
0.0	1652.0670166015625	35.35	6172
0.0	5920.837219238281	116.71	6173
0.0	1634.9712219238281	31.6	6174
0.0	5344.825592041016	95.52	6175
0.0	1501.9988098144531	30.52	6176
0.0	5217.716644287109	103.0	6177
0.0	3046.0266723632812	60.39	6178
0.0	1713.9928894042969	32.86	6179
0.0	1415.236328125	30.23	6180
0.0	3189.453887939453	64.55	6181
0.0	1362.6730651855469	29.5	6182
0.0	3812.4573974609375	78.8	6183
0.0	3212.0128173828125	66.31	6184
0.0	2309.482666015625	46.25	6185
0.0	4517.7276611328125	90.17	6186
0.0	1651.2654724121094	30.34	6187
0.0	2697.00732421875	52.82	6188
0.0	1831.6732788085938	38.06	6189
0.0	7281.541748046875	136.52	6190
0.0	1101.2639465332031	23.28	6191
0.0	3345.0276794433594	65.21	6192
0.0	1740.4661560058594	33.49	6193
0.0	1119.5710144042969	24.48	6194
0.0	1365.49072265625	25.55	6195
0.0	2820.8318481445312	55.68	6196
0.0	1780.0365600585938	38.93	6197
0.0	1984.7025756835938	42.1	6198
0.0	1361.7001647949219	26.95	6199
0.0	1078.9159240722656	22.01	6200
0.0	4057.032470703125	85.48	6201
0.0	2908.8365478515625	57.83	6202
0.0	2251.559051513672	45.19	6203
0.0	2700.442108154297	54.51	6204
0.0	4685.1513671875	93.17	6205
0.0	1715.8260803222656	35.67	6206
0.0	2169.731201171875	42.99	6207
0.0	1015.7650146484375	22.42	6208
0.0	2017.1550903320312	41.8	6209
0.0	2062.65234375	43.96	6210
0.0	3791.14794921875	79.89	6211
0.0	1812.5604553222656	38.79	6212
0.0	1379.8873596191406	29.82	6213
0.0	2000.2534484863281	41.32	6214
0.0	2521.5841369628906	44.91	6215
0.0	3060.505889892578	57.26	6861
0.0	1606.2022399902344	28.89	6862
0.0	5740.960418701172	111.61	6863
0.0	2378.997039794922	47.41	6864
0.0	4187.299530029297	78.49	6865
0.0	5292.628509521484	101.27	6866
0.0	1501.52685546875	30.32	6867
0.0	2261.0699462890625	45.31	6868
0.0	1753.9899597167969	35.26	6869
0.0	2573.4006958007812	49.26	6870
0.0	2196.3966064453125	41.02	6871
0.0	3453.8846740722656	66.33	6872
0.0	1382.878662109375	26.16	6873
0.0	1334.7669067382812	26.28	6874
0.0	1342.479248046875	27.01	6875
0.0	2566.6000366210938	51.95	6876
0.0	4173.818328857422	83.51	6877
0.0	2347.8878173828125	46.24	6878
0.0	1689.8597412109375	34.12	6879
0.0	1672.8468933105469	32.75	6880
0.0	2664.3816833496094	48.48	6881
0.0	1238.4130859375	24.67	6882
0.0	911.0229187011719	17.73	6883
0.0	1863.4349975585938	38.41	6884
0.0	1189.8748168945312	24.45	6885
0.0	2886.494598388672	57.15	6886
0.0	2544.3619689941406	50.65	6887
0.0	2341.0298767089844	46.29	6888
0.0	3406.4024047851562	67.19	6889
0.0	2407.5324096679688	45.67	6890
0.0	3484.4122009277344	68.67	6891
0.0	6576.582214355469	128.65	6892
0.0	3051.752716064453	61.37	6893
0.0	881.37353515625	18.79	6894
0.0	2579.7581481933594	51.83	6895
0.0	2584.3706970214844	52.94	6896
0.0	1888.8814697265625	36.19	6897
0.0	3426.115966796875	65.86	6898
0.0	2113.5140991210938	42.62	6899
0.0	4898.04150390625	93.79	6900
0.0	2073.2171936035156	40.9	6901
0.0	1397.1720886230469	26.32	6902
0.0	1659.1570434570312	34.77	6903
0.0	1822.5436706542969	38.35	6904
0.0	5171.717132568359	103.05	6905
0.0	3649.158905029297	72.25	6906
0.0	3201.9703063964844	62.66	6907
0.0	2508.769073486328	50.73	6908
0.0	1283.4020080566406	26.71	6909
0.0	2345.4585876464844	45.55	6910
0.0	1975.2704467773438	41.15	6911
0.0	1949.7353820800781	39.63	6912
0.0	985.9464416503906	19.38	6913
0.0	1308.3553161621094	27.32	6914
0.0	6012.086120605469	123.31	6915
0.0	2346.76025390625	46.65	6916
0.0	11254.05062866211	221.67	6917
0.0	1133.4656982421875	23.95	6918
0.0	4994.443756103516	96.53	6919
0.0	2968.6992797851562	57.14	6920
0.0	2373.8031311035156	46.04	6921
0.0	2130.200714111328	42.41	6922
0.0	1658.9651489257812	33.41	6923
0.0	2979.867431640625	61.18	6924
0.0	1274.5628051757812	26.55	6925
0.0	2118.9163818359375	42.55	6926
0.0	1650.3546447753906	33.26	6927
0.0	1914.5485534667969	36.07	6928
0.0	3183.816162109375	65.06	6929
0.0	4538.970367431641	88.2	6930
0.0	3370.8607788085938	69.26	6931
0.0	1638.6199645996094	33.59	6932
0.0	2755.6661071777344	53.89	6933
0.0	1213.3358764648438	25.98	6934
0.0	2362.72900390625	47.52	6935
0.0	2195.7162170410156	44.84	6936
0.0	2666.545654296875	53.92	6937
0.0	2141.8995056152344	44.4	6938
0.0	2216.4109802246094	45.26	6939
0.0	1426.1213073730469	28.86	6940
0.0	2138.003631591797	44.66	6941
0.0	1429.8198547363281	30.46	6942
0.0	1136.4931030273438	21.67	6943
0.0	1406.8963317871094	28.49	6944
0.0	1100.8831481933594	22.71	6945
0.0	1228.1305236816406	25.4	6946
0.0	2202.5494689941406	44.23	6947
0.0	4603.0567626953125	96.36	6948
0.0	3952.6227416992188	82.26	6949
0.0	3329.9020080566406	69.54	6950
0.0	1975.079833984375	38.46	6951
0.0	1381.4570617675781	29.89	6952
0.0	5294.5528564453125	107.37	6953
0.0	2629.085906982422	53.88	6954
0.0	1389.5043640136719	29.23	6955
0.0	2334.8926391601562	45.91	6956
0.0	5736.898712158203	115.37	6957
0.0	1546.1889038085938	30.53	6958
0.0	2256.7525634765625	47.0	6959
0.0	2579.1122131347656	48.46	6960
0.0	1753.7679138183594	36.6	6961
0.0	576.3255310058594	12.31	6962
0.0	2162.7725524902344	41.7	6963
0.0	1405.3065795898438	28.56	6964
0.0	2803.8534545898438	55.5	6965
0.0	3065.97705078125	62.15	6966
0.0	2462.9295959472656	48.88	6967
0.0	2952.5374755859375	59.38	6968
0.0	1136.8622436523438	24.15	6969
0.0	5193.3157958984375	107.68	6970
0.0	1664.5617370605469	35.23	6971
0.0	1407.8706970214844	26.82	6972
0.0	1058.8691101074219	20.1	6973
0.0	1799.211669921875	38.07	6974
0.0	6070.970916748047	124.46	6975
0.0	1427.660400390625	30.88	6976
0.0	2580.1919555664062	51.09	6977
0.0	2272.90185546875	47.42	6978
0.0	4083.1058044433594	83.81	6979
0.0	2391.0562744140625	50.09	6980
0.0	2932.6890258789062	60.25	6981
0.0	2401.4564819335938	47.0	6982
0.0	1714.5621337890625	36.35	6983
0.0	3226.496063232422	65.17	6984
0.0	1945.0743408203125	41.33	6985
0.0	4018.4033203125	83.77	6986
0.0	1312.0659790039062	27.39	6987
0.0	1625.3817138671875	32.44	6988
0.0	5763.274963378906	117.2	6989
0.0	2641.223602294922	54.78	6990
0.0	719.961669921875	15.53	6991
0.0	2411.7922973632812	49.08	6992
0.0	2268.811737060547	48.56	6993
0.0	1049.2466125488281	22.33	6994
0.0	4052.720977783203	82.67	6995
0.0	1413.61376953125	28.7	6996
0.0	1803.9299621582031	36.21	6997
0.0	3076.9937133789062	62.57	6998
0.0	3387.2279357910156	70.65	6999
