#FMS random 4-SAT
#N=8192  nIter=50000  alpha=962   NSamples=1585
#av(nit)	25321.884971950785
#std(nit)	400.4607532942591
#av(e)	22.742586750788643
#std(e)	1.387163057382638
#av(runtime)	137.91146372239746
#std(runtime)	2.2154649340146526
0.0	4714.58740234375	23.93	1
0.0	22764.377807617188	120.73	2
0.0	11215.401489257812	55.84	3
0.0	18807.73388671875	100.12	4
0.0	35619.366943359375	178.98	5
196.0	50000.0	268.54	6
0.0	24824.494018554688	125.31	7
0.0	28861.762084960938	133.03	8
149.0	50000.0	266.69	9
0.0	29459.575317382812	156.5	10
0.0	9620.800659179688	51.48	11
0.0	7811.34912109375	39.84	12
0.0	28305.064208984375	152.08	13
0.0	13417.126098632812	71.02	14
0.0	24010.561401367188	125.19	15
0.0	17794.398193359375	76.99	16
0.0	8621.553100585938	46.2	17
109.0	50000.0	276.89	18
0.0	19645.293701171875	97.2	19
0.0	9914.74365234375	52.82	20
140.0	50000.0	263.73	21
70.0	50000.0	271.45	22
129.0	50000.0	276.64	23
0.0	32908.392822265625	185.82	24
0.0	7154.0618896484375	40.03	25
0.0	23701.503173828125	132.85	26
0.0	25221.8974609375	136.2	27
0.0	43845.334228515625	220.89	28
0.0	11375.615600585938	60.78	29
0.0	14415.187622070312	78.34	30
0.0	15294.503540039062	85.51	31
15.0	50000.0	270.45	32
0.0	10769.492309570312	56.1	33
0.0	36972.1767578125	201.31	34
194.0	50000.0	244.75	35
0.0	31020.6171875	161.63	36
0.0	32697.74560546875	176.98	37
0.0	8430.778442382812	42.91	38
0.0	4009.678955078125	22.1	39
0.0	49317.68566894531	255.08	40
0.0	25606.903198242188	137.37	41
0.0	12311.76025390625	64.5	42
0.0	3403.721923828125	18.01	43
0.0	28206.1494140625	151.1	44
61.0	50000.0	282.7	45
187.0	50000.0	269.94	46
0.0	11730.68505859375	64.4	47
0.0	49637.52392578125	273.6	48
0.0	20987.25341796875	117.33	49
126.0	50000.0	281.86	50
0.0	15481.806762695312	80.0	51
0.0	13627.882690429688	73.51	52
0.0	10907.82763671875	55.8	53
0.0	6089.63623046875	33.57	54
200.0	50000.0	290.13	55
0.0	27067.179077148438	147.7	56
0.0	14731.098510742188	84.06	57
0.0	10588.02294921875	53.34	58
0.0	28115.517578125	160.45	59
0.0	28615.656494140625	155.74	60
0.0	10214.47998046875	56.9	61
0.0	11095.570922851562	60.3	62
103.0	50000.0	274.76	63
0.0	17515.181640625	86.84	64
0.0	10201.648071289062	56.11	65
0.0	29240.43310546875	156.25	66
0.0	7799.982177734375	40.08	67
0.0	37552.61962890625	208.71	68
0.0	18804.899658203125	99.03	69
87.0	50000.0	256.04	70
0.0	12526.078002929688	64.25	71
14.0	50000.0	272.52	72
77.0	50000.0	267.66	73
0.0	15884.884399414062	84.3	74
0.0	11045.768188476562	57.63	75
0.0	27560.042236328125	159.48	76
122.0	50000.0	286.11	77
0.0	30190.00244140625	167.34	78
145.0	50000.0	284.61	79
0.0	16335.471557617188	89.35	80
272.0	50000.0	272.2	81
0.0	15067.003173828125	77.9	82
0.0	29008.61572265625	161.13	83
194.0	50000.0	287.97	84
124.0	50000.0	281.18	85
0.0	7583.522705078125	43.15	86
0.0	8696.008544921875	47.5	87
0.0	7639.77880859375	39.2	88
0.0	23033.977905273438	112.47	89
0.0	10286.431396484375	59.13	90
0.0	11297.28857421875	64.09	91
0.0	15152.931640625	87.51	92
0.0	39425.31506347656	223.29	93
0.0	17157.222900390625	89.39	94
0.0	22238.453857421875	128.83	95
0.0	47116.98547363281	262.12	96
0.0	15371.705200195312	86.17	97
0.0	10130.161376953125	57.19	98
0.0	10488.984130859375	58.5	99
138.0	50000.0	292.16	100
0.0	18380.001342773438	107.77	101
191.0	50000.0	291.44	102
0.0	6576.8321533203125	35.67	103
0.0	18069.843627929688	100.0	104
0.0	14023.692626953125	78.1	105
106.0	50000.0	276.96	106
0.0	28198.630981445312	147.23	107
0.0	16619.610961914062	89.15	108
0.0	20612.702758789062	116.52	109
0.0	16481.321899414062	92.71	110
156.0	50000.0	263.36	501
0.0	39029.98669433594	199.36	502
0.0	5144.74560546875	25.83	503
180.0	50000.0	271.94	504
12.0	50000.0	259.35	505
0.0	11285.686645507812	59.15	506
0.0	7197.081787109375	38.87	507
205.0	50000.0	273.93	508
0.0	16169.901123046875	83.35	509
200.0	50000.0	272.31	510
41.0	50000.0	254.69	511
0.0	17842.48095703125	93.01	512
0.0	12513.492065429688	67.7	513
0.0	13347.964599609375	72.36	514
0.0	39860.458984375	204.44	515
0.0	37520.90026855469	202.9	516
0.0	3929.70361328125	20.0	517
0.0	37181.59338378906	174.74	518
30.0	50000.0	261.11	519
0.0	9751.773193359375	51.09	520
0.0	35086.79602050781	193.51	521
0.0	4765.619873046875	25.61	522
0.0	15053.982055664062	81.85	523
0.0	6999.145263671875	35.63	524
0.0	12237.520263671875	65.07	525
0.0	34713.49890136719	178.1	526
0.0	12694.768920898438	67.08	527
151.0	50000.0	280.96	528
0.0	28240.377563476562	150.15	529
0.0	14459.827270507812	76.76	530
0.0	12506.5908203125	67.88	531
0.0	37742.790771484375	207.61	532
0.0	4698.573486328125	23.12	533
17.0	50000.0	275.86	534
0.0	45260.20227050781	246.86	535
0.0	13721.790405273438	70.14	536
0.0	6845.1368408203125	38.22	537
0.0	15510.66796875	82.56	538
0.0	8054.839599609375	40.26	539
38.0	50000.0	217.26	540
170.0	50000.0	280.8	541
127.0	50000.0	291.6	542
0.0	12916.146362304688	67.06	543
114.0	50000.0	290.87	544
203.0	50000.0	288.69	545
0.0	23963.843017578125	138.55	546
0.0	11864.24609375	65.96	547
0.0	11671.51513671875	59.69	548
0.0	28366.52197265625	149.21	549
0.0	43504.026611328125	247.58	550
0.0	33870.87268066406	188.4	551
0.0	23695.279296875	117.11	552
0.0	15366.943481445312	84.75	553
0.0	13457.623413085938	74.25	554
0.0	28746.109741210938	150.48	555
0.0	21260.452026367188	122.51	556
0.0	15681.762451171875	85.0	557
0.0	18608.501098632812	104.04	558
0.0	19853.87158203125	100.78	559
46.0	50000.0	284.9	560
0.0	21637.972045898438	119.67	561
0.0	22892.042236328125	121.94	562
0.0	15753.6552734375	90.76	563
0.0	34321.834716796875	192.55	564
0.0	33701.577392578125	186.17	565
0.0	40239.414306640625	180.13	566
58.0	50000.0	288.72	567
0.0	26098.608642578125	142.63	568
0.0	26583.831420898438	144.81	569
0.0	17990.37939453125	92.69	570
0.0	8263.279541015625	44.91	571
0.0	16850.360229492188	87.08	572
0.0	6888.5526123046875	37.0	573
0.0	7216.828369140625	39.23	574
0.0	11240.4287109375	66.48	575
0.0	32598.14013671875	180.0	576
199.0	50000.0	285.88	577
0.0	7303.8028564453125	38.81	578
194.0	50000.0	289.19	579
0.0	35266.0234375	186.56	580
152.0	50000.0	299.65	581
0.0	4622.396728515625	25.57	582
199.0	50000.0	290.97	583
0.0	37046.48937988281	209.39	584
0.0	5873.13671875	30.97	585
0.0	10168.779418945312	57.35	586
0.0	11536.571411132812	61.42	587
0.0	9888.51025390625	45.47	588
162.0	50000.0	288.61	589
221.0	50000.0	289.0	590
127.0	50000.0	289.36	591
0.0	28747.005493164062	142.76	592
0.0	36854.656005859375	212.84	593
0.0	32647.308715820312	178.33	594
0.0	44507.70520019531	241.7	595
0.0	10525.280639648438	56.05	596
0.0	21610.259399414062	118.75	597
0.0	6126.5216064453125	36.45	598
0.0	12891.657104492188	73.73	599
0.0	38711.31982421875	226.49	600
0.0	9811.291625976562	52.03	601
0.0	23255.04345703125	129.73	602
0.0	33803.41271972656	194.88	603
0.0	8885.095581054688	48.6	604
62.0	50000.0	285.58	605
0.0	21630.84716796875	122.18	606
0.0	8742.443603515625	44.7	1001
0.0	31332.1455078125	158.71	1002
0.0	21533.519287109375	115.85	1003
0.0	11251.017333984375	55.92	1004
44.0	50000.0	253.04	1005
0.0	14023.675537109375	72.85	1006
166.0	50000.0	268.75	1007
211.0	50000.0	279.96	1008
0.0	46001.20068359375	231.67	1009
221.0	50000.0	272.86	1010
166.0	50000.0	284.15	1011
0.0	49518.62158203125	262.14	1012
0.0	8108.5653076171875	42.77	1013
0.0	19574.486694335938	105.28	1014
0.0	9910.213256835938	49.1	1015
0.0	8245.274658203125	43.21	1016
0.0	40314.31994628906	198.05	1017
0.0	45961.60681152344	248.3	1018
0.0	32392.192749023438	170.64	1019
0.0	15690.59912109375	81.44	1020
0.0	8518.882690429688	41.36	1021
0.0	29489.3623046875	158.31	1022
0.0	5941.6033935546875	31.59	1023
0.0	17994.945922851562	95.97	1024
0.0	17865.051147460938	88.36	1025
130.0	50000.0	286.83	1026
0.0	3247.5474853515625	16.09	1027
0.0	5726.226806640625	31.02	1028
0.0	21984.018676757812	117.67	1029
0.0	6586.36572265625	33.88	1030
0.0	13999.337158203125	76.27	1031
0.0	19861.054931640625	106.98	1032
0.0	18438.034912109375	101.79	1033
0.0	5006.7921142578125	27.89	1034
0.0	19230.9453125	101.64	1035
0.0	7560.5213623046875	41.99	1036
219.0	50000.0	281.21	1037
0.0	14824.912231445312	82.87	1038
38.0	50000.0	283.31	1039
0.0	6704.3365478515625	35.77	1040
115.0	50000.0	257.32	1041
0.0	16426.095703125	84.72	1042
0.0	23303.830810546875	126.27	1043
52.0	50000.0	277.95	1044
0.0	7685.4345703125	39.9	1045
0.0	11830.970947265625	64.7	1046
0.0	13116.213256835938	70.51	1047
0.0	20946.082397460938	105.49	1048
0.0	12386.703735351562	66.8	1049
0.0	27525.690795898438	146.57	1050
0.0	21446.522705078125	110.55	1051
0.0	27524.172973632812	143.79	1052
0.0	18392.5185546875	91.76	1053
0.0	27271.11181640625	155.51	1054
130.0	50000.0	291.55	1055
32.0	50000.0	262.95	1056
142.0	50000.0	269.43	1057
169.0	50000.0	285.48	1058
0.0	47892.53942871094	278.45	1059
0.0	8765.193969726562	45.51	1060
149.0	50000.0	284.74	1061
0.0	21081.6904296875	123.38	1062
0.0	33065.87390136719	181.77	1063
0.0	24759.238891601562	131.67	1064
0.0	34243.7216796875	197.28	1065
0.0	17179.674194335938	98.65	1066
0.0	9312.444213867188	51.52	1067
0.0	18516.375	102.82	1068
0.0	19099.795288085938	105.65	1069
0.0	7328.2669677734375	40.67	1070
0.0	26726.934692382812	145.3	1071
0.0	26760.847778320312	150.03	1072
0.0	16800.543579101562	94.46	1073
0.0	32648.660400390625	180.45	1074
20.0	50000.0	253.94	1075
0.0	12637.578369140625	66.98	1076
0.0	49661.181884765625	277.37	1077
0.0	42316.546630859375	206.7	1078
178.0	50000.0	287.78	1079
0.0	5165.9825439453125	26.68	1080
0.0	31256.424072265625	182.13	1081
0.0	10443.36083984375	58.4	1082
212.0	50000.0	285.82	1083
185.0	50000.0	282.93	1084
0.0	20757.963623046875	112.47	1085
0.0	30108.59521484375	156.42	1086
0.0	16941.048461914062	93.95	1087
0.0	42065.88708496094	246.14	1088
0.0	45792.06640625	210.85	1089
0.0	12008.464233398438	63.8	1090
0.0	5178.8201904296875	29.33	1091
0.0	9539.984497070312	47.66	1092
0.0	48943.220947265625	270.73	1093
42.0	50000.0	278.28	1094
0.0	15263.515625	90.54	1095
0.0	6037.4080810546875	33.31	1096
0.0	15331.136596679688	86.35	1097
0.0	24206.743041992188	133.0	1098
0.0	31807.466186523438	185.79	1099
0.0	20282.888549804688	113.01	1100
0.0	29059.097778320312	159.59	1101
0.0	12616.932495117188	73.08	1102
214.0	50000.0	304.4	1103
0.0	12034.62939453125	68.32	1104
205.0	50000.0	283.86	1105
0.0	19997.014038085938	111.05	1106
0.0	13061.219360351562	75.99	1107
0.0	15435.994873046875	86.34	1108
0.0	4168.8629150390625	21.51	1501
0.0	23375.478271484375	122.71	1502
0.0	22361.52490234375	120.2	1503
69.0	50000.0	256.34	1504
0.0	7562.721435546875	38.01	1505
0.0	29235.131713867188	147.47	1506
0.0	19378.813110351562	98.81	1507
0.0	23681.1318359375	127.34	1508
0.0	34440.73547363281	183.97	1509
0.0	18410.369018554688	98.78	1510
95.0	50000.0	253.61	1511
0.0	11363.912719726562	56.52	1512
0.0	3218.3150634765625	16.6	1513
0.0	31000.047485351562	166.91	1514
0.0	32317.948608398438	178.0	1515
0.0	25627.5322265625	131.51	1516
0.0	16112.7734375	84.52	1517
137.0	50000.0	268.1	1518
0.0	40034.88818359375	204.57	1519
0.0	20003.625366210938	107.18	1520
0.0	6596.0465087890625	35.56	1521
61.0	50000.0	257.39	1522
0.0	33516.345703125	181.83	1523
13.0	50000.0	253.4	1524
0.0	17940.4033203125	97.93	1525
0.0	6503.586181640625	34.81	1526
0.0	7979.300048828125	40.29	1527
0.0	41364.935546875	228.13	1528
184.0	50000.0	286.88	1529
37.0	50000.0	282.22	1530
0.0	30515.858642578125	167.83	1531
0.0	14209.047485351562	79.73	1532
0.0	23324.25830078125	126.02	1533
0.0	10555.511352539062	59.62	1534
0.0	19813.232055664062	104.99	1535
0.0	15784.832275390625	72.84	1536
0.0	31009.71044921875	174.57	1537
0.0	15919.223999023438	84.24	1538
138.0	50000.0	277.54	1539
0.0	11367.125244140625	63.03	1540
258.0	50000.0	290.0	1541
0.0	36356.19250488281	176.4	1542
0.0	26438.550170898438	133.82	1543
105.0	50000.0	276.32	1544
179.0	50000.0	294.56	1545
52.0	50000.0	262.39	1546
0.0	13828.91162109375	74.79	1547
0.0	21840.82177734375	108.72	1548
0.0	17745.9169921875	98.04	1549
0.0	23619.22998046875	113.66	1550
0.0	9183.308837890625	46.39	1551
64.0	50000.0	273.75	1552
0.0	14796.685180664062	83.54	1553
0.0	33600.09069824219	182.72	1554
0.0	8275.860107421875	44.4	1555
0.0	16496.857421875	91.55	1556
26.0	50000.0	259.62	1557
0.0	25638.057250976562	133.96	1558
0.0	17586.4931640625	100.93	1559
166.0	50000.0	280.99	1560
254.0	50000.0	283.23	1561
0.0	17078.090087890625	93.17	1562
0.0	5875.5345458984375	32.16	1563
0.0	22070.778930664062	120.04	1564
6.0	50000.0	285.32	1565
19.0	50000.0	276.88	1566
0.0	9167.974609375	53.55	1567
0.0	35071.38928222656	193.85	1568
109.0	50000.0	281.23	1569
0.0	37759.40734863281	205.64	1570
0.0	10562.8271484375	57.28	1571
0.0	13947.846801757812	80.28	1572
0.0	16067.973266601562	83.18	1573
0.0	10389.078247070312	57.61	1574
138.0	50000.0	291.13	1575
0.0	5481.3240966796875	31.74	1576
0.0	24942.904907226562	139.81	1577
0.0	20653.29052734375	114.46	1578
0.0	18641.6953125	104.83	1579
0.0	36364.1494140625	208.46	1580
0.0	18696.121337890625	101.21	1581
0.0	18223.373779296875	94.94	1582
0.0	18173.554321289062	105.47	1583
0.0	27460.602172851562	155.75	1584
0.0	41718.79736328125	214.44	1585
0.0	43892.30993652344	249.03	1586
0.0	40405.35095214844	231.82	1587
0.0	9516.737426757812	55.93	1588
0.0	7931.9339599609375	42.99	1589
0.0	10225.296508789062	59.26	1590
73.0	50000.0	289.9	1591
0.0	19382.755859375	105.28	1592
0.0	25185.810913085938	136.81	1593
0.0	11104.334716796875	65.2	1594
0.0	13642.208862304688	65.56	1595
0.0	25752.376098632812	149.49	1596
0.0	31129.156127929688	175.6	1597
0.0	26474.520141601562	150.37	1598
0.0	12827.02734375	69.13	1599
0.0	9063.562377929688	49.49	1600
0.0	24311.7216796875	136.54	1601
0.0	22036.545532226562	127.32	1602
0.0	6883.767333984375	40.73	1603
0.0	9207.482788085938	52.43	1604
0.0	13118.84033203125	70.09	1605
0.0	4902.164794921875	22.59	1606
136.0	50000.0	292.84	1607
0.0	36167.06652832031	208.24	1608
0.0	18250.730834960938	103.49	1609
0.0	19204.314453125	106.91	1610
0.0	12171.7734375	62.66	2001
0.0	3691.6849365234375	19.1	2002
163.0	50000.0	271.98	2003
0.0	12224.87060546875	65.61	2004
0.0	13443.625732421875	66.36	2005
0.0	22345.935791015625	115.25	2006
0.0	23756.68212890625	127.6	2007
0.0	9822.712646484375	52.96	2008
0.0	27824.452514648438	142.6	2009
186.0	50000.0	265.21	2010
0.0	19468.443359375	98.28	2011
183.0	50000.0	267.15	2012
0.0	26537.6669921875	128.5	2013
186.0	50000.0	275.99	2014
0.0	12369.958740234375	67.04	2015
0.0	20121.184936523438	103.58	2016
0.0	31960.608642578125	170.4	2017
0.0	32725.668090820312	164.76	2018
0.0	16716.45654296875	87.91	2019
0.0	9160.643798828125	48.96	2020
0.0	38644.488525390625	211.32	2021
0.0	31094.57421875	165.43	2022
0.0	34252.72009277344	185.95	2023
0.0	27319.120849609375	147.64	2024
0.0	41668.10729980469	216.46	2025
26.0	50000.0	269.01	2026
0.0	16108.649780273438	80.92	2027
20.0	50000.0	252.03	2028
0.0	18695.555297851562	107.51	2029
0.0	46490.714111328125	253.81	2030
0.0	14222.709838867188	82.82	2031
0.0	17883.2158203125	103.25	2032
0.0	11526.039428710938	61.44	2033
0.0	16670.200561523438	95.94	2034
0.0	18768.349853515625	92.73	2035
0.0	15953.621215820312	83.04	2036
0.0	28095.983032226562	153.94	2037
25.0	50000.0	277.84	2038
0.0	40226.93591308594	227.51	2039
0.0	10302.298095703125	53.41	2040
0.0	23394.219116210938	132.88	2041
0.0	8518.686157226562	45.12	2042
0.0	11438.155517578125	56.46	2043
0.0	12094.042724609375	61.69	2044
0.0	15130.692993164062	79.93	2045
0.0	25968.827026367188	127.81	2046
0.0	18894.137084960938	104.92	2047
0.0	19488.695190429688	102.4	2048
0.0	40931.79748535156	224.77	2049
0.0	43554.55310058594	234.52	2050
0.0	21120.9990234375	115.73	2051
0.0	20542.791748046875	112.15	2052
0.0	17514.062866210938	98.51	2053
34.0	50000.0	267.07	2054
0.0	14064.298095703125	77.19	2055
197.0	50000.0	267.15	2056
0.0	23502.332275390625	127.85	2057
0.0	30543.0791015625	170.32	2058
193.0	50000.0	289.24	2059
0.0	42616.06652832031	236.17	2060
0.0	42421.94519042969	226.05	2061
0.0	41365.517822265625	229.01	2062
0.0	11104.639892578125	59.03	2063
220.0	50000.0	274.2	2064
0.0	28888.183715820312	153.96	2065
0.0	26592.585815429688	143.91	2066
0.0	8930.004150390625	46.43	2067
9.0	50000.0	265.23	2068
227.0	50000.0	288.96	2069
0.0	19870.922241210938	112.04	2070
0.0	36920.91809082031	194.77	2071
0.0	5301.469970703125	29.06	2072
85.0	50000.0	270.59	2073
0.0	4368.1046142578125	25.65	2074
0.0	21251.124267578125	111.77	2075
0.0	9138.312133789062	50.89	2076
202.0	50000.0	291.93	2077
0.0	45340.45593261719	244.29	2078
0.0	43295.08483886719	240.45	2079
13.0	50000.0	282.76	2080
0.0	11366.631958007812	67.13	2081
0.0	12319.382446289062	66.95	2082
0.0	28174.398193359375	166.04	2083
0.0	8025.7425537109375	43.66	2084
0.0	7748.853271484375	44.76	2085
0.0	7935.9307861328125	45.36	2086
0.0	9969.304809570312	57.7	2087
0.0	23612.99658203125	137.74	2088
0.0	32630.660522460938	176.81	2089
0.0	27455.992797851562	158.37	2090
0.0	7498.0101318359375	43.44	2091
0.0	23123.916015625	123.85	2092
0.0	9946.258056640625	56.76	2093
0.0	5583.55322265625	30.51	2094
0.0	10248.68505859375	56.98	2095
0.0	6822.8931884765625	38.92	2096
0.0	7902.1453857421875	44.79	2097
0.0	8017.1826171875	45.45	2098
0.0	42867.41015625	238.35	2099
0.0	7833.851318359375	43.62	2100
0.0	14632.635375976562	83.65	2101
0.0	8257.318603515625	44.61	2102
0.0	10573.795654296875	58.37	2103
0.0	19169.307739257812	105.73	2104
84.0	50000.0	256.34	2105
0.0	34095.20739746094	195.71	2106
0.0	25359.049438476562	138.88	2107
221.0	50000.0	291.52	2108
0.0	29849.780151367188	171.0	2109
75.0	50000.0	286.44	2110
0.0	19777.134033203125	106.87	2111
0.0	7711.0159912109375	39.18	2112
195.0	50000.0	260.5	2501
0.0	27803.095092773438	151.25	2502
0.0	12631.278076171875	64.67	2503
0.0	8820.882080078125	47.96	2504
0.0	18676.266235351562	94.14	2505
0.0	33411.48400878906	155.79	2506
0.0	3472.1436767578125	19.33	2507
0.0	13700.884887695312	68.08	2508
0.0	18286.287475585938	95.32	2509
0.0	4905.015380859375	26.16	2510
0.0	11054.423583984375	56.96	2511
0.0	43958.609130859375	221.4	2512
0.0	23043.0693359375	121.53	2513
0.0	13220.132446289062	66.93	2514
0.0	6981.7064208984375	36.72	2515
0.0	22079.745239257812	113.2	2516
0.0	9981.470336914062	49.57	2517
38.0	50000.0	269.16	2518
0.0	13768.279174804688	69.88	2519
0.0	14193.357055664062	76.24	2520
0.0	7173.9715576171875	37.51	2521
0.0	19378.073974609375	100.07	2522
0.0	12289.988403320312	65.59	2523
0.0	17756.068115234375	98.73	2524
0.0	23858.847900390625	131.88	2525
0.0	7003.9693603515625	39.04	2526
0.0	6006.412353515625	31.83	2527
0.0	45425.96838378906	245.59	2528
0.0	28063.673095703125	147.06	2529
15.0	50000.0	230.62	2530
0.0	24940.1337890625	135.07	2531
0.0	24977.275268554688	132.67	2532
0.0	8345.72705078125	44.72	2533
0.0	6852.1055908203125	36.58	2534
0.0	14203.905639648438	73.71	2535
0.0	10725.875732421875	57.05	2536
74.0	50000.0	270.32	2537
0.0	5826.8160400390625	34.15	2538
0.0	20852.409790039062	112.78	2539
0.0	12253.637084960938	67.59	2540
0.0	33039.068115234375	173.55	2541
0.0	38005.494384765625	212.15	2542
0.0	41493.66162109375	219.41	2543
0.0	39847.19189453125	205.52	2544
0.0	25654.989624023438	139.89	2545
129.0	50000.0	262.85	2546
0.0	7067.248779296875	34.35	2547
0.0	12809.72021484375	62.73	2548
162.0	50000.0	280.86	2549
0.0	5583.4984130859375	31.63	2550
0.0	15458.77490234375	85.4	2551
0.0	9794.38037109375	50.36	2552
0.0	12246.956298828125	63.61	2553
0.0	27856.342041015625	147.69	2554
0.0	21022.644287109375	108.13	2555
0.0	24893.935668945312	127.91	2556
0.0	4364.494384765625	23.43	2557
0.0	5077.6737060546875	28.34	2558
0.0	9864.12890625	54.84	2559
0.0	8205.456298828125	45.96	2560
0.0	15093.596435546875	83.14	2561
0.0	39862.158935546875	227.74	2562
0.0	36610.47937011719	190.33	2563
0.0	32610.402221679688	172.26	2564
0.0	12411.06591796875	71.83	2565
0.0	30260.835083007812	157.0	2566
0.0	11080.6220703125	63.79	2567
0.0	7078.760498046875	39.39	2568
0.0	13611.97021484375	73.28	2569
0.0	5440.0093994140625	28.68	2570
0.0	41682.35546875	226.77	2571
146.0	50000.0	290.37	2572
0.0	12800.094604492188	72.63	2573
0.0	7478.4501953125	42.94	2574
0.0	14065.150756835938	70.01	2575
0.0	12024.310302734375	65.54	2576
0.0	6217.2840576171875	34.9	2577
184.0	50000.0	285.82	2578
0.0	12197.979248046875	69.93	2579
126.0	50000.0	281.17	2580
0.0	13974.052734375	78.46	2581
0.0	20936.107788085938	115.59	2582
3.0	50000.0	253.7	2583
0.0	7134.4974365234375	41.04	2584
0.0	29922.600341796875	167.16	2585
0.0	27061.491455078125	139.73	2586
0.0	14805.46240234375	84.08	2587
0.0	32174.959106445312	170.76	2588
97.0	50000.0	281.8	2589
0.0	8440.147827148438	43.31	2590
0.0	23342.6923828125	125.52	2591
0.0	14424.254516601562	76.35	2592
0.0	42450.047119140625	240.43	2593
0.0	33760.541015625	189.19	2594
0.0	17113.892578125	93.69	2595
0.0	42311.87902832031	238.62	2596
0.0	4869.391845703125	28.95	2597
0.0	8115.4873046875	45.74	2598
0.0	43241.45837402344	242.05	2599
0.0	13412.30859375	74.15	2600
0.0	16618.87158203125	94.08	2601
0.0	5735.4796142578125	32.84	2602
0.0	8565.045288085938	46.63	2603
0.0	23092.859130859375	126.35	2604
0.0	26031.106567382812	145.56	2605
0.0	11401.80712890625	60.76	2606
0.0	21396.0439453125	120.52	2607
0.0	43090.699951171875	237.74	2608
0.0	19411.1455078125	113.52	2609
0.0	29279.570922851562	159.75	2610
0.0	26099.478759765625	147.01	2611
0.0	4762.1307373046875	26.89	2612
0.0	30307.271850585938	177.24	2613
0.0	14604.751098632812	77.46	2614
0.0	6231.6910400390625	32.33	2615
0.0	33994.50537109375	188.24	2616
0.0	45271.51647949219	257.03	2617
0.0	18458.966796875	98.37	2618
0.0	8993.130615234375	51.56	2619
0.0	8737.264282226562	48.11	2620
0.0	8182.0023193359375	44.73	2621
0.0	24551.448852539062	139.68	2622
0.0	15498.465942382812	92.55	2623
0.0	6877.9345703125	38.71	2624
0.0	8764.743530273438	50.35	2625
0.0	39791.39831542969	218.82	2626
199.0	50000.0	268.12	2627
0.0	7786.4547119140625	45.69	2628
0.0	26732.862915039062	156.9	2629
65.0	50000.0	284.36	2630
0.0	47113.5927734375	266.14	2631
0.0	9515.955322265625	48.87	3001
0.0	3445.59375	18.26	3002
0.0	15542.962158203125	82.98	3003
0.0	7916.8609619140625	41.12	3004
0.0	4760.7401123046875	23.83	3005
0.0	38495.278564453125	201.42	3006
21.0	50000.0	231.82	3007
0.0	23301.889038085938	121.96	3008
132.0	50000.0	276.79	3009
0.0	8883.710327148438	45.05	3010
0.0	12416.657958984375	61.9	3011
0.0	15187.121337890625	80.36	3012
0.0	8384.254516601562	44.5	3013
98.0	50000.0	273.3	3014
0.0	15999.958374023438	80.91	3015
0.0	26696.484985351562	136.81	3016
0.0	6396.9534912109375	34.53	3017
0.0	31692.212158203125	173.98	3018
0.0	9906.894409179688	54.62	3019
0.0	9921.015991210938	51.74	3020
0.0	45319.086181640625	247.63	3021
0.0	12527.109497070312	63.23	3022
0.0	22424.004516601562	122.94	3023
0.0	14873.363647460938	80.79	3024
0.0	14912.50048828125	77.6	3025
0.0	12282.006591796875	67.34	3026
0.0	12131.481567382812	63.16	3027
0.0	16491.249145507812	89.29	3028
0.0	7127.91748046875	38.6	3029
0.0	11798.793334960938	64.21	3030
0.0	23136.967895507812	123.11	3031
0.0	30921.076904296875	167.99	3032
0.0	38025.26037597656	192.85	3033
0.0	10514.114135742188	56.25	3034
23.0	50000.0	276.52	3035
0.0	18260.1064453125	94.75	3036
0.0	15352.095092773438	84.02	3037
0.0	26994.050537109375	151.51	3038
56.0	50000.0	265.87	3039
0.0	26725.828735351562	149.56	3040
0.0	19620.353515625	107.13	3041
0.0	39241.0419921875	210.03	3042
176.0	50000.0	277.98	3043
0.0	18947.857788085938	101.02	3044
0.0	12878.95751953125	66.27	3045
41.0	50000.0	282.51	3046
0.0	6824.4613037109375	36.76	3047
0.0	32595.110717773438	171.42	3048
0.0	34471.66906738281	186.02	3049
0.0	31817.439331054688	160.89	3050
0.0	11428.442138671875	63.84	3051
0.0	2730.5029296875	15.48	3052
131.0	50000.0	269.79	3053
0.0	6849.056396484375	36.73	3054
0.0	3434.46435546875	17.63	3055
0.0	28949.923706054688	143.44	3056
0.0	3645.318359375	20.23	3057
144.0	50000.0	290.73	3058
0.0	10068.371215820312	53.95	3059
0.0	44090.70739746094	234.55	3060
186.0	50000.0	281.53	3061
61.0	50000.0	281.42	3062
0.0	11082.92724609375	60.86	3063
0.0	9622.317138671875	48.46	3064
0.0	5339.3101806640625	28.75	3065
0.0	13549.015258789062	77.82	3066
0.0	15423.967407226562	79.91	3067
0.0	9107.471801757812	50.64	3068
0.0	13053.48974609375	74.09	3069
0.0	7066.7889404296875	35.53	3070
114.0	50000.0	278.3	3071
0.0	6795.7633056640625	37.93	3072
0.0	19180.338745117188	105.54	3073
242.0	50000.0	289.92	3074
0.0	16058.936889648438	85.59	3075
17.0	50000.0	269.49	3076
0.0	32063.376708984375	168.06	3077
0.0	49553.75964355469	266.64	3078
0.0	8517.801391601562	46.95	3079
0.0	15377.654052734375	83.81	3080
0.0	18824.910766601562	96.3	3081
0.0	33467.14794921875	194.07	3082
173.0	50000.0	275.59	3083
0.0	7131.2513427734375	38.47	3084
0.0	32149.829223632812	169.98	3085
0.0	12419.423217773438	63.61	3086
105.0	50000.0	287.48	3087
143.0	50000.0	278.74	3088
0.0	32903.504150390625	179.07	3089
0.0	39336.90637207031	221.2	3090
0.0	8905.533325195312	49.66	3091
0.0	7315.0028076171875	41.29	3092
13.0	50000.0	261.84	3093
0.0	11782.30322265625	64.24	3094
0.0	36040.48388671875	197.96	3095
0.0	6797.2716064453125	36.83	3096
0.0	13820.94189453125	75.8	3097
32.0	50000.0	275.35	3098
0.0	16059.928344726562	89.35	3099
0.0	6051.1396484375	35.13	3100
0.0	12410.19775390625	70.89	3101
0.0	28487.678466796875	160.03	3102
26.0	50000.0	268.08	3103
4.0	50000.0	206.17	3104
0.0	18034.03271484375	100.72	3105
0.0	33948.21154785156	189.5	3106
0.0	15251.13623046875	85.06	3107
0.0	40661.083984375	214.3	3108
0.0	5564.6473388671875	31.41	3109
0.0	10210.20654296875	54.68	3110
0.0	10518.669921875	57.93	3111
0.0	32758.284057617188	195.0	3112
0.0	21262.10107421875	113.05	3113
0.0	27803.650756835938	146.33	3114
0.0	6393.3177490234375	31.31	3115
0.0	17132.35302734375	93.08	3116
0.0	13812.444580078125	78.1	3117
0.0	12438.637817382812	59.59	3118
0.0	6961.9774169921875	40.72	3119
0.0	20248.1708984375	119.17	3120
0.0	45275.9287109375	229.36	3121
0.0	7693.9715576171875	43.53	3122
0.0	6310.8104248046875	38.07	3123
0.0	8636.701171875	43.59	3124
0.0	2432.3779296875	11.77	3125
36.0	50000.0	254.91	3501
0.0	8210.290161132812	43.83	3502
0.0	21019.46923828125	105.66	3503
0.0	26928.552612304688	138.81	3504
0.0	8769.424072265625	45.72	3505
0.0	5381.43115234375	27.16	3506
0.0	13121.788208007812	66.91	3507
201.0	50000.0	262.47	3508
0.0	16276.877075195312	86.54	3509
0.0	42986.68688964844	219.61	3510
0.0	8188.27490234375	44.09	3511
0.0	3581.0023193359375	18.07	3512
0.0	6889.6318359375	34.19	3513
0.0	30655.652099609375	161.6	3514
0.0	9958.462768554688	53.61	3515
0.0	21112.730224609375	114.35	3516
0.0	8831.6103515625	41.87	3517
0.0	25468.750122070312	133.88	3518
136.0	50000.0	273.14	3519
0.0	26466.733276367188	135.65	3520
0.0	28453.09521484375	150.04	3521
0.0	4895.2186279296875	24.74	3522
212.0	50000.0	244.52	3523
93.0	50000.0	260.22	3524
221.0	50000.0	269.68	3525
0.0	5843.00830078125	32.64	3526
0.0	33851.386474609375	190.69	3527
0.0	9488.827514648438	52.2	3528
0.0	46441.32775878906	252.83	3529
0.0	39913.2255859375	188.38	3530
0.0	47709.03771972656	250.49	3531
174.0	50000.0	275.76	3532
0.0	8094.422119140625	44.28	3533
0.0	34348.955078125	161.62	3534
76.0	50000.0	275.25	3535
118.0	50000.0	247.21	3536
0.0	17315.719604492188	92.1	3537
0.0	3901.2762451171875	19.74	3538
0.0	26346.660522460938	139.98	3539
0.0	6707.3121337890625	36.5	3540
66.0	50000.0	275.76	3541
0.0	7338.2845458984375	42.0	3542
0.0	12916.633666992188	71.95	3543
0.0	19209.910766601562	102.72	3544
0.0	37043.445068359375	205.62	3545
0.0	25804.8935546875	141.14	3546
201.0	50000.0	289.76	3547
63.0	50000.0	276.01	3548
0.0	23111.435791015625	132.67	3549
0.0	29664.483520507812	162.36	3550
0.0	4852.2408447265625	26.49	3551
0.0	12205.01611328125	63.27	3552
0.0	12569.16455078125	65.11	3553
0.0	22889.232421875	117.36	3554
0.0	38936.58349609375	200.01	3555
0.0	7806.589111328125	41.47	3556
61.0	50000.0	272.64	3557
0.0	24624.762573242188	138.27	3558
0.0	5780.9271240234375	34.43	3559
0.0	29917.824096679688	164.7	3560
0.0	21868.678466796875	117.87	3561
66.0	50000.0	262.68	3562
0.0	18062.244506835938	101.03	3563
0.0	3983.014892578125	22.72	3564
0.0	13694.336547851562	75.41	3565
0.0	21361.718017578125	113.42	3566
0.0	14663.985229492188	81.55	3567
0.0	34333.248046875	184.97	3568
165.0	50000.0	288.67	3569
0.0	14346.07666015625	80.53	3570
0.0	22272.40087890625	123.36	3571
0.0	8032.7294921875	43.96	3572
0.0	8578.638549804688	47.36	3573
0.0	23219.494750976562	124.17	3574
30.0	50000.0	273.99	3575
0.0	19151.520874023438	99.54	3576
0.0	20265.596923828125	98.79	3577
0.0	9304.229736328125	50.82	3578
0.0	23097.059692382812	131.98	3579
0.0	14671.708129882812	77.77	3580
0.0	23209.249633789062	105.42	3581
0.0	5474.607421875	31.51	3582
0.0	16800.856201171875	92.99	3583
0.0	7913.0765380859375	44.58	3584
0.0	20787.286499023438	120.68	3585
0.0	12119.500366210938	67.35	3586
0.0	32727.059936523438	184.16	3587
0.0	9962.873413085938	53.39	3588
0.0	15375.855224609375	84.44	3589
0.0	41708.63366699219	188.64	3590
0.0	16711.654418945312	89.69	3591
0.0	13401.3046875	75.55	3592
0.0	8553.739990234375	46.71	3593
0.0	13868.876708984375	75.46	3594
177.0	50000.0	288.26	3595
173.0	50000.0	272.41	3596
0.0	41072.17443847656	222.77	3597
0.0	6359.5765380859375	34.34	3598
0.0	16860.805053710938	90.11	3599
0.0	5998.6094970703125	33.72	3600
0.0	26533.274536132812	134.81	3601
0.0	5869.9014892578125	31.08	3602
0.0	19283.955322265625	110.86	3603
0.0	38005.27392578125	210.04	3604
0.0	37479.929931640625	219.58	3605
0.0	23701.063110351562	132.98	3606
0.0	7174.146240234375	41.77	3607
0.0	13975.0771484375	78.43	3608
0.0	26773.918212890625	155.04	3609
148.0	50000.0	290.72	3610
0.0	25418.990112304688	139.38	3611
0.0	31561.167602539062	185.63	3612
0.0	10111.521850585938	55.16	3613
0.0	31501.3857421875	180.19	3614
0.0	18340.011474609375	104.84	3615
0.0	32876.62548828125	190.4	3616
64.0	50000.0	300.9	3617
0.0	28025.000366210938	159.31	3618
0.0	7282.67626953125	40.98	3619
0.0	32792.37060546875	172.49	4001
177.0	50000.0	264.28	4002
0.0	23458.301147460938	120.67	4003
0.0	18511.071533203125	87.48	4004
0.0	29731.813232421875	145.8	4005
0.0	13534.328002929688	66.1	4006
206.0	50000.0	263.99	4007
0.0	21321.986206054688	111.56	4008
0.0	46495.619384765625	234.88	4009
0.0	21008.378662109375	109.99	4010
0.0	5676.8074951171875	30.54	4011
0.0	27883.324462890625	146.21	4012
0.0	17313.291259765625	94.04	4013
0.0	4180.38427734375	22.65	4014
136.0	50000.0	259.66	4015
0.0	20296.444458007812	109.58	4016
0.0	12871.552368164062	66.73	4017
141.0	50000.0	280.31	4018
0.0	7162.37939453125	36.61	4019
0.0	44576.32312011719	227.27	4020
0.0	12337.410522460938	66.59	4021
0.0	33364.71923828125	176.95	4022
0.0	44342.36267089844	244.82	4023
0.0	8729.9541015625	46.25	4024
0.0	47013.888671875	248.48	4025
208.0	50000.0	281.64	4026
145.0	50000.0	286.72	4027
0.0	36446.828857421875	170.27	4028
0.0	14811.957885742188	80.26	4029
221.0	50000.0	279.61	4030
0.0	12125.231567382812	64.49	4031
71.0	50000.0	264.74	4032
0.0	38259.1298828125	213.97	4033
147.0	50000.0	272.59	4034
0.0	30754.6123046875	165.53	4035
0.0	18486.93359375	102.34	4036
0.0	6694.0316162109375	35.4	4037
206.0	50000.0	282.16	4038
112.0	50000.0	277.09	4039
0.0	39200.238525390625	217.4	4040
83.0	50000.0	289.65	4041
0.0	21699.8076171875	124.39	4042
0.0	6780.3013916015625	37.5	4043
0.0	13500.33056640625	65.3	4044
0.0	8569.172119140625	47.5	4045
0.0	33000.06555175781	163.13	4046
0.0	8773.554321289062	48.7	4047
0.0	8042.8775634765625	42.63	4048
0.0	5044.994140625	26.13	4049
0.0	12360.861694335938	65.89	4050
0.0	5914.02197265625	31.8	4051
0.0	14669.859985351562	77.03	4052
0.0	8070.90673828125	44.22	4053
0.0	23900.91796875	133.57	4054
0.0	12044.448120117188	63.19	4055
0.0	30800.912353515625	172.64	4056
0.0	9997.853149414062	56.4	4057
0.0	31174.248046875	173.59	4058
0.0	5689.8187255859375	33.04	4059
0.0	18633.143676757812	102.97	4060
0.0	34326.35705566406	181.82	4061
149.0	50000.0	289.4	4062
0.0	41667.861083984375	237.47	4063
0.0	24795.689819335938	127.87	4064
153.0	50000.0	277.25	4065
229.0	50000.0	290.33	4066
0.0	20243.34375	103.09	4067
0.0	8395.573486328125	43.67	4068
0.0	6124.986328125	33.0	4069
0.0	7368.047119140625	39.61	4070
0.0	33253.768310546875	190.6	4071
0.0	13495.348510742188	73.97	4072
164.0	50000.0	282.99	4073
0.0	3342.7593994140625	18.31	4074
0.0	45769.46875	249.29	4075
0.0	48246.23937988281	265.34	4076
0.0	2310.726318359375	13.27	4077
0.0	17963.366577148438	100.85	4078
0.0	17115.100219726562	96.03	4079
0.0	15883.7841796875	80.55	4080
0.0	5468.989501953125	31.04	4081
60.0	50000.0	285.68	4082
0.0	14263.1103515625	77.16	4083
0.0	20057.352416992188	111.56	4084
0.0	23859.378295898438	136.38	4085
0.0	14545.385986328125	81.29	4086
0.0	6387.2706298828125	35.62	4087
0.0	38328.744384765625	193.85	4088
0.0	25104.054321289062	134.52	4089
0.0	16173.552368164062	90.5	4090
0.0	34738.57897949219	197.08	4091
0.0	16842.217529296875	92.33	4092
0.0	5009.283203125	29.13	4093
0.0	11669.7978515625	64.66	4094
136.0	50000.0	295.69	4095
0.0	15589.673217773438	83.95	4096
0.0	13651.584228515625	78.24	4097
0.0	4225.2607421875	22.44	4098
0.0	22106.50537109375	104.54	4099
0.0	7094.7972412109375	38.8	4100
169.0	50000.0	291.28	4101
0.0	13063.8095703125	75.72	4102
0.0	12904.97412109375	74.51	4103
0.0	4638.0809326171875	26.13	4104
65.0	50000.0	278.49	4105
0.0	16042.702514648438	90.79	4106
85.0	50000.0	293.39	4107
0.0	41051.19482421875	233.78	4108
0.0	35441.89404296875	214.57	4109
0.0	9850.30224609375	55.7	4110
0.0	18273.157104492188	104.23	4111
16.0	50000.0	230.81	4112
0.0	8734.150756835938	50.12	4113
0.0	6681.2283935546875	35.56	4501
0.0	36400.79455566406	181.8	4502
61.0	50000.0	262.66	4503
0.0	4639.1337890625	24.2	4504
132.0	50000.0	254.2	4505
0.0	14990.298583984375	83.12	4506
0.0	41929.984130859375	225.28	4507
0.0	30985.016479492188	161.23	4508
0.0	31336.98193359375	167.53	4509
0.0	7980.6876220703125	41.16	4510
0.0	14780.186157226562	78.22	4511
20.0	50000.0	258.35	4512
27.0	50000.0	268.96	4513
0.0	25708.328979492188	128.59	4514
0.0	24169.725952148438	130.75	4515
0.0	29481.982543945312	129.12	4516
0.0	38110.55725097656	211.38	4517
0.0	28286.701782226562	145.4	4518
21.0	50000.0	270.78	4519
153.0	50000.0	268.99	4520
220.0	50000.0	283.99	4521
18.0	50000.0	270.57	4522
167.0	50000.0	270.94	4523
16.0	50000.0	281.98	4524
0.0	25605.7392578125	135.97	4525
65.0	50000.0	281.21	4526
0.0	26977.878051757812	139.43	4527
0.0	2755.195556640625	13.96	4528
0.0	9551.15380859375	51.24	4529
182.0	50000.0	285.59	4530
101.0	50000.0	283.56	4531
0.0	27392.321411132812	151.53	4532
0.0	15616.732666015625	85.76	4533
138.0	50000.0	278.81	4534
0.0	6670.725341796875	36.26	4535
0.0	28573.308715820312	162.67	4536
0.0	38838.404296875	212.13	4537
0.0	23567.744018554688	129.61	4538
0.0	40721.28137207031	217.03	4539
0.0	7492.593017578125	40.97	4540
0.0	20720.150268554688	109.67	4541
0.0	17879.721801757812	99.61	4542
146.0	50000.0	283.37	4543
0.0	10790.075439453125	59.16	4544
0.0	9424.111572265625	52.52	4545
0.0	5081.3076171875	28.19	4546
129.0	50000.0	279.93	4547
0.0	25074.614990234375	134.4	4548
0.0	12336.866455078125	69.8	4549
0.0	9620.312744140625	53.29	4550
171.0	50000.0	271.92	4551
0.0	37042.642578125	202.08	4552
0.0	6470.0731201171875	35.22	4553
0.0	9943.692749023438	58.0	4554
0.0	12364.518920898438	67.64	4555
133.0	50000.0	287.73	4556
142.0	50000.0	285.4	4557
72.0	50000.0	265.5	4558
0.0	21889.939819335938	126.13	4559
0.0	19456.667114257812	108.74	4560
0.0	10340.252075195312	50.15	4561
0.0	37705.93444824219	216.74	4562
140.0	50000.0	291.58	4563
0.0	4956.82177734375	27.02	4564
28.0	50000.0	248.12	4565
0.0	44060.31896972656	251.25	4566
0.0	4329.5675048828125	21.87	4567
0.0	16501.8251953125	81.25	4568
174.0	50000.0	285.17	4569
0.0	10391.009521484375	58.48	4570
0.0	12538.220581054688	69.97	4571
0.0	24954.242309570312	134.54	4572
0.0	19113.398071289062	104.95	4573
0.0	26200.426147460938	146.31	4574
0.0	25989.673461914062	135.6	4575
0.0	22624.903930664062	120.97	4576
0.0	20403.55859375	112.07	4577
0.0	8201.987670898438	45.83	4578
74.0	50000.0	267.8	4579
0.0	10908.07470703125	60.88	4580
24.0	50000.0	264.94	4581
0.0	30445.091430664062	175.68	4582
0.0	30697.453979492188	174.63	4583
0.0	7925.4534912109375	45.7	4584
0.0	24014.770874023438	139.17	4585
0.0	18717.547485351562	98.08	4586
0.0	12831.240478515625	69.24	4587
164.0	50000.0	260.81	4588
0.0	26154.915161132812	153.62	4589
185.0	50000.0	284.55	4590
0.0	16381.029418945312	90.78	4591
0.0	9919.800048828125	57.32	4592
0.0	28563.709838867188	141.8	4593
0.0	30326.949096679688	168.13	4594
169.0	50000.0	291.01	4595
0.0	12662.016357421875	72.1	4596
80.0	50000.0	304.03	4597
0.0	22411.735229492188	130.0	4598
0.0	32315.968505859375	164.64	4599
0.0	12710.310424804688	65.65	5001
0.0	22198.93115234375	115.15	5002
0.0	18149.587280273438	93.08	5003
0.0	6521.6751708984375	34.52	5004
0.0	43101.91552734375	230.41	5005
0.0	26250.661743164062	136.42	5006
0.0	29353.184814453125	154.6	5007
144.0	50000.0	271.0	5008
0.0	14177.868286132812	78.22	5009
0.0	14151.268432617188	75.09	5010
0.0	17660.844116210938	94.92	5011
190.0	50000.0	259.79	5012
0.0	6021.2734375	32.3	5013
0.0	15218.418090820312	77.61	5014
0.0	14701.428344726562	77.78	5015
0.0	45469.12646484375	230.64	5016
0.0	4569.39111328125	25.12	5017
0.0	10820.452880859375	55.04	5018
0.0	33156.450439453125	179.75	5019
0.0	10411.485473632812	54.35	5020
0.0	19594.6435546875	96.67	5021
60.0	50000.0	258.31	5022
0.0	7078.424072265625	37.5	5023
24.0	50000.0	258.71	5024
182.0	50000.0	282.28	5025
0.0	7860.7904052734375	41.85	5026
50.0	50000.0	275.3	5027
137.0	50000.0	272.57	5028
0.0	20514.389892578125	115.22	5029
0.0	24091.065063476562	131.93	5030
0.0	11826.731201171875	64.73	5031
0.0	17703.985473632812	90.24	5032
0.0	27869.408447265625	144.84	5033
0.0	8929.449462890625	48.71	5034
0.0	14688.411376953125	79.01	5035
51.0	50000.0	285.06	5036
0.0	15053.710571289062	75.4	5037
0.0	22771.39599609375	122.15	5038
0.0	20087.775146484375	110.22	5039
0.0	9594.360717773438	50.16	5040
71.0	50000.0	281.46	5041
0.0	11485.285278320312	62.4	5042
0.0	31011.176635742188	178.15	5043
0.0	14050.524658203125	78.0	5044
0.0	31173.325805664062	177.89	5045
0.0	17673.95556640625	93.53	5046
0.0	21666.442993164062	120.59	5047
0.0	23093.704833984375	123.73	5048
0.0	25278.927490234375	138.02	5049
0.0	40978.71301269531	221.99	5050
0.0	13102.179443359375	71.02	5051
0.0	48553.65673828125	268.96	5052
134.0	50000.0	283.06	5053
0.0	6491.305419921875	36.2	5054
0.0	10675.833740234375	55.83	5055
0.0	34714.982421875	189.05	5056
0.0	35363.94470214844	198.38	5057
0.0	24245.226928710938	134.2	5058
0.0	9160.210327148438	48.58	5059
0.0	20523.71435546875	115.55	5060
0.0	8270.902709960938	41.7	5061
13.0	50000.0	266.63	5062
190.0	50000.0	274.04	5063
0.0	46809.1337890625	263.02	5064
0.0	3828.9931640625	19.49	5065
143.0	50000.0	285.58	5066
0.0	16804.853881835938	89.94	5067
0.0	14795.072265625	84.01	5068
0.0	6098.001220703125	33.23	5069
0.0	6035.88232421875	32.19	5070
0.0	9425.568237304688	52.36	5071
182.0	50000.0	247.05	5072
0.0	7461.5185546875	42.7	5073
0.0	36852.18029785156	207.72	5074
0.0	47399.80859375	260.26	5075
0.0	3429.4058837890625	18.9	5076
0.0	18638.190795898438	104.21	5077
0.0	11451.283447265625	62.77	5078
0.0	6090.505126953125	30.92	5079
178.0	50000.0	280.46	5080
0.0	18093.708374023438	99.81	5081
0.0	15284.705444335938	75.33	5082
0.0	34781.429931640625	201.83	5083
0.0	19304.247802734375	105.18	5084
0.0	21037.136962890625	117.45	5085
0.0	16081.570068359375	88.05	5086
0.0	25123.603637695312	139.68	5087
0.0	15087.473510742188	84.54	5088
0.0	16927.97412109375	95.96	5089
0.0	9280.901733398438	49.24	5090
0.0	8632.984985351562	45.41	5091
0.0	11284.026000976562	64.52	5092
127.0	50000.0	273.58	5093
0.0	23605.287841796875	128.29	5094
137.0	50000.0	260.62	5095
0.0	9835.840576171875	54.49	5096
0.0	30223.832397460938	170.98	5097
121.0	50000.0	295.26	5098
0.0	31323.096069335938	183.55	5099
0.0	33504.615234375	189.94	5100
0.0	8937.641479492188	52.04	5101
0.0	5161.589599609375	25.94	5102
0.0	7311.6334228515625	41.12	5103
0.0	21459.416259765625	119.27	5104
0.0	6995.1343994140625	41.02	5105
148.0	50000.0	283.5	5106
0.0	27373.443725585938	152.72	5107
0.0	30641.183959960938	170.24	5108
22.0	50000.0	273.94	5109
0.0	19193.869506835938	98.56	5110
181.0	50000.0	296.43	5111
0.0	21355.333862304688	121.71	5112
0.0	10156.194946289062	59.87	5113
0.0	46603.231201171875	265.4	5114
0.0	17007.994384765625	86.42	5115
168.0	50000.0	265.09	5501
0.0	26496.352661132812	139.44	5502
0.0	13032.17529296875	69.36	5503
0.0	29179.22705078125	148.25	5504
0.0	26935.19580078125	143.12	5505
0.0	7932.1690673828125	39.77	5506
189.0	50000.0	276.48	5507
0.0	20074.601196289062	102.7	5508
0.0	11140.426635742188	58.08	5509
0.0	23856.45361328125	131.61	5510
0.0	9193.563110351562	49.23	5511
0.0	3152.497314453125	16.78	5512
0.0	22107.87548828125	114.67	5513
0.0	5667.2750244140625	30.41	5514
134.0	50000.0	268.17	5515
0.0	12753.470947265625	67.78	5516
0.0	48212.68908691406	261.55	5517
0.0	10152.880493164062	55.41	5518
0.0	27345.709106445312	147.52	5519
0.0	7812.5653076171875	36.29	5520
0.0	41680.95642089844	210.79	5521
0.0	5786.0439453125	31.51	5522
0.0	8975.130493164062	46.54	5523
0.0	7356.1876220703125	39.94	5524
0.0	43405.6181640625	214.12	5525
0.0	6556.785888671875	33.77	5526
54.0	50000.0	273.99	5527
0.0	17644.893920898438	93.36	5528
0.0	31236.40869140625	164.03	5529
0.0	10717.9765625	57.56	5530
0.0	4553.9456787109375	25.7	5531
29.0	50000.0	271.97	5532
0.0	44539.345703125	224.45	5533
161.0	50000.0	263.02	5534
0.0	10411.772583007812	56.57	5535
0.0	5192.8896484375	27.3	5536
0.0	11662.074829101562	59.27	5537
0.0	7613.281982421875	42.97	5538
0.0	34793.3701171875	164.93	5539
0.0	2510.1192626953125	14.08	5540
0.0	10894.162719726562	58.13	5541
0.0	41973.303466796875	222.45	5542
0.0	31781.945556640625	149.58	5543
0.0	24144.845703125	126.19	5544
169.0	50000.0	273.87	5545
0.0	46925.966064453125	249.13	5546
0.0	15695.725708007812	87.78	5547
0.0	34753.32775878906	195.29	5548
0.0	9036.458251953125	48.44	5549
0.0	30498.013061523438	168.35	5550
141.0	50000.0	274.14	5551
0.0	10701.44482421875	60.07	5552
0.0	18162.234741210938	100.47	5553
0.0	7021.5589599609375	38.73	5554
0.0	8846.619018554688	49.38	5555
0.0	6614.3309326171875	36.23	5556
23.0	50000.0	280.47	5557
0.0	9891.077392578125	51.42	5558
0.0	22088.125732421875	121.86	5559
89.0	50000.0	283.41	5560
0.0	49318.93811035156	267.96	5561
0.0	13214.637939453125	72.03	5562
0.0	18025.416870117188	89.61	5563
0.0	14527.099243164062	76.56	5564
0.0	46806.37854003906	267.66	5565
0.0	11938.167724609375	64.73	5566
0.0	11150.310546875	61.79	5567
0.0	39461.750244140625	224.03	5568
0.0	6929.6890869140625	35.69	5569
0.0	7545.6954345703125	40.6	5570
46.0	50000.0	289.83	5571
91.0	50000.0	268.9	5572
0.0	6648.9649658203125	34.85	5573
0.0	23691.79931640625	132.33	5574
26.0	50000.0	281.54	5575
0.0	48804.466064453125	284.38	5576
0.0	8574.0546875	46.24	5577
158.0	50000.0	287.75	5578
0.0	46184.78967285156	253.89	5579
141.0	50000.0	294.87	5580
0.0	7717.0709228515625	43.99	5581
0.0	19728.856689453125	110.06	5582
0.0	27476.808715820312	147.72	5583
0.0	11113.41748046875	59.45	5584
0.0	9087.349243164062	50.36	5585
168.0	50000.0	291.11	5586
215.0	50000.0	288.46	5587
0.0	18786.345581054688	103.91	5588
0.0	28943.664672851562	156.48	5589
0.0	10558.911987304688	57.65	5590
50.0	50000.0	263.2	5591
0.0	21799.756469726562	119.05	5592
0.0	10648.665405273438	57.58	5593
46.0	50000.0	291.4	5594
0.0	13942.128295898438	77.41	5595
0.0	7572.1943359375	39.55	5596
0.0	7561.6878662109375	40.97	5597
107.0	50000.0	296.96	5598
0.0	4607.0426025390625	26.35	5599
0.0	6476.1151123046875	35.84	5600
0.0	22358.71875	114.93	5601
0.0	15714.502197265625	86.03	5602
0.0	24472.302734375	140.62	5603
0.0	19817.086303710938	107.27	5604
0.0	35629.861328125	193.41	5605
0.0	18121.348510742188	94.66	5606
225.0	50000.0	294.7	5607
193.0	50000.0	279.52	5608
186.0	50000.0	282.34	5609
194.0	50000.0	296.88	5610
0.0	15279.245727539062	87.08	5611
0.0	14595.702880859375	82.38	5612
0.0	12132.995361328125	67.7	5613
0.0	20606.19091796875	105.33	6001
0.0	8496.573974609375	39.33	6002
0.0	16102.8544921875	78.9	6003
0.0	5147.754150390625	26.88	6004
0.0	21995.81298828125	115.12	6005
0.0	16675.64208984375	86.16	6006
0.0	5117.132568359375	25.94	6007
0.0	49991.56872558594	260.44	6008
0.0	10431.287353515625	51.92	6009
195.0	50000.0	268.14	6010
13.0	50000.0	259.57	6011
0.0	47955.16027832031	241.23	6012
0.0	49191.454345703125	266.27	6013
0.0	26917.544677734375	145.13	6014
0.0	46090.853515625	239.4	6015
0.0	18517.407348632812	88.63	6016
0.0	38693.86193847656	194.55	6017
223.0	50000.0	266.55	6018
173.0	50000.0	280.0	6019
0.0	42286.882080078125	222.87	6020
0.0	16323.207275390625	90.23	6021
0.0	20173.348510742188	107.19	6022
101.0	50000.0	282.85	6023
0.0	15437.95654296875	85.03	6024
0.0	24987.25244140625	134.31	6025
0.0	9328.7412109375	50.2	6026
0.0	6707.0213623046875	36.09	6027
0.0	18057.787841796875	96.79	6028
0.0	4229.4483642578125	23.09	6029
0.0	19996.7294921875	108.03	6030
0.0	9391.147216796875	48.67	6031
159.0	50000.0	280.97	6032
126.0	50000.0	256.67	6033
0.0	12144.56103515625	67.05	6034
0.0	46793.924072265625	257.3	6035
165.0	50000.0	274.61	6036
0.0	4697.427001953125	25.53	6037
0.0	8734.025268554688	47.72	6038
0.0	7278.3150634765625	39.46	6039
0.0	19804.1484375	101.16	6040
0.0	10910.004028320312	58.38	6041
0.0	10671.116088867188	60.6	6042
0.0	27177.759155273438	153.09	6043
0.0	17935.809814453125	102.65	6044
0.0	27105.9287109375	148.02	6045
0.0	22002.772583007812	114.7	6046
0.0	18569.867797851562	102.26	6047
0.0	31661.2265625	172.9	6048
100.0	50000.0	291.48	6049
183.0	50000.0	290.7	6050
14.0	50000.0	277.07	6051
0.0	9164.927612304688	45.74	6052
16.0	50000.0	261.61	6053
0.0	6556.00048828125	35.04	6054
0.0	20092.604125976562	105.71	6055
0.0	22809.503662109375	127.23	6056
0.0	19006.939697265625	107.98	6057
0.0	11284.7666015625	64.3	6058
0.0	7200.8651123046875	39.96	6059
0.0	13606.30615234375	75.47	6060
0.0	11239.594116210938	63.13	6061
0.0	25671.401733398438	143.65	6062
0.0	10547.773559570312	54.82	6063
0.0	6202.8680419921875	33.98	6064
0.0	14833.009033203125	81.79	6065
0.0	33264.048095703125	178.92	6066
0.0	23506.082397460938	129.42	6067
0.0	14339.237182617188	78.48	6068
0.0	40345.012939453125	221.15	6069
0.0	10240.918823242188	57.96	6070
0.0	3982.9227294921875	21.17	6071
136.0	50000.0	270.72	6072
0.0	4661.232666015625	26.7	6073
0.0	10863.223388671875	57.92	6074
0.0	20036.28759765625	116.66	6075
81.0	50000.0	293.04	6076
0.0	9717.780639648438	54.3	6077
0.0	17833.8984375	101.88	6078
0.0	47639.62609863281	260.12	6079
0.0	5286.9427490234375	30.26	6080
0.0	25525.354248046875	141.78	6081
0.0	24994.171020507812	127.81	6082
0.0	24506.4677734375	137.23	6083
0.0	16865.092529296875	89.01	6084
0.0	17063.576171875	88.5	6085
0.0	16915.726440429688	100.43	6086
0.0	10689.762573242188	57.21	6087
116.0	50000.0	286.1	6088
0.0	49965.16076660156	284.98	6089
0.0	11070.239135742188	63.53	6090
23.0	50000.0	286.68	6091
0.0	10308.315551757812	53.23	6092
0.0	8400.4638671875	46.29	6093
0.0	29872.994750976562	169.87	6094
0.0	12578.361572265625	69.93	6095
0.0	22269.847045898438	125.46	6096
19.0	50000.0	293.41	6097
0.0	12253.228149414062	68.0	6098
0.0	5968.719482421875	33.68	6099
0.0	42413.904541015625	238.82	6100
181.0	50000.0	280.83	6101
0.0	9162.515625	49.56	6102
0.0	4736.979248046875	25.8	6103
0.0	33872.66784667969	168.34	6104
0.0	10735.9599609375	63.32	6105
0.0	2536.1973876953125	13.94	6106
176.0	50000.0	294.3	6107
0.0	27461.423828125	141.82	6108
0.0	40291.8310546875	226.14	6109
0.0	29150.88427734375	158.96	6110
0.0	25241.208862304688	141.17	6111
106.0	50000.0	295.86	6112
0.0	14861.330688476562	79.14	6113
0.0	15161.047119140625	83.36	6114
0.0	35041.150146484375	196.1	6115
0.0	12455.809204101562	73.81	6116
0.0	28506.075073242188	151.48	6501
0.0	25794.762817382812	135.72	6502
0.0	12143.030029296875	64.86	6503
0.0	8724.908447265625	44.5	6504
0.0	22282.034423828125	118.61	6505
0.0	14100.516235351562	73.75	6506
0.0	21476.73779296875	109.45	6507
0.0	10595.76171875	54.51	6508
0.0	44588.01696777344	224.7	6509
0.0	11127.863525390625	56.34	6510
0.0	10374.066162109375	56.18	6511
0.0	48075.870361328125	251.28	6512
0.0	19754.785278320312	106.88	6513
74.0	50000.0	266.28	6514
0.0	12826.290283203125	69.29	6515
0.0	23496.603515625	120.89	6516
0.0	9919.113159179688	49.51	6517
0.0	12554.587646484375	62.36	6518
0.0	11218.999267578125	59.94	6519
0.0	14487.858154296875	78.5	6520
194.0	50000.0	274.93	6521
0.0	45173.45568847656	236.83	6522
109.0	50000.0	251.72	6523
0.0	48246.929931640625	264.4	6524
0.0	3307.330322265625	17.84	6525
21.0	50000.0	249.52	6526
0.0	20030.171020507812	106.57	6527
85.0	50000.0	280.51	6528
0.0	31109.9501953125	140.96	6529
0.0	8412.504516601562	45.5	6530
237.0	50000.0	285.13	6531
0.0	28491.76806640625	145.59	6532
0.0	29278.185302734375	158.24	6533
0.0	33600.64123535156	186.41	6534
0.0	15556.1513671875	84.56	6535
0.0	17347.448120117188	97.33	6536
0.0	21847.157348632812	121.82	6537
0.0	17938.707641601562	94.36	6538
0.0	28353.170288085938	139.64	6539
0.0	5865.36767578125	33.16	6540
111.0	50000.0	278.47	6541
13.0	50000.0	279.05	6542
0.0	25461.403930664062	137.59	6543
0.0	36847.54052734375	207.68	6544
0.0	34838.82189941406	197.92	6545
2.0	50000.0	270.38	6546
0.0	47648.57482910156	266.43	6547
0.0	7302.023193359375	37.99	6548
0.0	27074.707275390625	148.86	6549
128.0	50000.0	266.75	6550
0.0	41321.767822265625	232.58	6551
0.0	7926.7662353515625	42.7	6552
0.0	27000.171020507812	152.85	6553
0.0	20847.509643554688	109.32	6554
0.0	2526.7581787109375	13.6	6555
113.0	50000.0	282.72	6556
0.0	30107.11376953125	150.85	6557
0.0	26924.876098632812	151.71	6558
0.0	6231.912353515625	34.22	6559
205.0	50000.0	280.2	6560
199.0	50000.0	297.57	6561
0.0	31733.499267578125	181.33	6562
0.0	36048.06140136719	189.18	6563
0.0	29228.082275390625	164.99	6564
0.0	9087.68212890625	51.56	6565
104.0	50000.0	274.94	6566
0.0	17660.283569335938	99.19	6567
62.0	50000.0	238.23	6568
94.0	50000.0	284.45	6569
0.0	29390.139526367188	158.84	6570
0.0	21973.211059570312	119.87	6571
0.0	17285.093017578125	92.91	6572
0.0	20276.709716796875	108.79	6573
0.0	14102.677001953125	79.62	6574
0.0	3884.77978515625	21.19	6575
0.0	28212.641723632812	153.52	6576
0.0	9899.437255859375	57.7	6577
0.0	43955.052978515625	215.06	6578
0.0	45147.21081542969	257.94	6579
0.0	13186.290283203125	75.42	6580
0.0	9212.533935546875	51.23	6581
0.0	10707.0380859375	56.97	6582
0.0	14984.573974609375	82.57	6583
0.0	12655.714599609375	63.39	6584
0.0	24784.819213867188	137.69	6585
0.0	7926.155029296875	41.75	6586
0.0	18306.133911132812	103.33	6587
0.0	9770.045654296875	55.53	6588
113.0	50000.0	284.86	6589
0.0	25722.1875	144.47	6590
0.0	21780.765502929688	111.02	6591
148.0	50000.0	299.14	6592
0.0	7627.7344970703125	41.86	6593
0.0	21656.611083984375	128.24	6594
156.0	50000.0	286.62	6595
9.0	50000.0	274.01	6596
0.0	5737.31494140625	32.83	6597
0.0	11331.894409179688	58.73	6598
0.0	15774.69775390625	84.16	6599
0.0	9325.948974609375	50.52	6600
0.0	24405.122436523438	137.72	6601
0.0	37191.43444824219	180.95	6602
72.0	50000.0	276.26	6603
0.0	17182.740966796875	98.0	6604
0.0	23049.081909179688	122.68	6605
0.0	10091.835083007812	55.52	6606
0.0	47987.75439453125	260.83	6607
0.0	7917.35546875	44.63	6608
