#FMS random 3-SAT
#N=16384  nIter=262144  alpha=423   NSamples=1176
#av(nit)	223137.62179902784
#std(nit)	2316.342265557591
#av(e)	132.1232993197279
#std(e)	2.484132904262016
#av(runtime)	1930.1626190476188
#std(runtime)	20.52249607684612
98.0	262144.0	2039.88	1
160.0	262144.0	2147.59	2
0.0	6744.54052734375	50.46	3
0.0	147626.61254882812	1202.31	4
80.0	262144.0	2064.21	5
146.0	262144.0	2236.44	6
156.0	262144.0	2110.74	7
154.0	262144.0	2323.58	8
118.0	262144.0	2224.74	9
0.0	112559.19665527344	939.3	10
145.0	262144.0	2204.77	11
144.0	262144.0	2280.21	12
199.0	262144.0	2286.6	13
175.0	262144.0	2255.62	14
0.0	157577.32611083984	1348.25	15
232.0	262144.0	2224.42	16
199.0	262144.0	2429.36	17
0.0	138149.0711669922	1157.62	18
200.0	262144.0	2293.69	19
175.0	262144.0	2367.87	20
149.0	262144.0	2308.2	21
0.0	15078.181457519531	128.05	22
176.0	262144.0	2390.93	23
202.0	262144.0	2327.25	24
0.0	5085.885192871094	42.26	25
0.0	52858.812438964844	430.32	26
131.0	262144.0	2370.76	27
0.0	17221.59246826172	147.64	28
194.0	262144.0	2299.01	29
203.0	262144.0	2377.14	30
169.0	262144.0	2366.5	31
192.0	262144.0	2306.53	32
0.0	53418.867248535156	455.36	33
109.0	262144.0	2047.02	34
186.0	262144.0	2311.06	35
0.0	47008.59191894531	332.43	36
213.0	262144.0	2448.03	37
112.0	262144.0	2047.63	201
155.0	262144.0	2331.57	202
148.0	262144.0	2177.56	203
86.0	262144.0	2248.07	204
126.0	262144.0	2124.55	205
79.0	262144.0	2286.53	206
145.0	262144.0	2309.25	207
80.0	262144.0	2242.44	208
110.0	262144.0	2305.18	209
172.0	262144.0	2374.36	210
156.0	262144.0	2318.21	211
145.0	262144.0	2333.26	212
0.0	99221.63763427734	831.72	213
167.0	262144.0	2387.13	214
204.0	262144.0	2303.86	215
254.0	262144.0	2307.76	216
0.0	12086.214477539062	101.13	217
254.0	262144.0	2362.63	218
131.0	262144.0	2269.16	219
255.0	262144.0	2326.24	220
115.0	262144.0	2267.26	221
0.0	178685.72247314453	1478.19	222
145.0	262144.0	2241.16	223
226.0	262144.0	2450.96	224
0.0	26190.988525390625	226.81	225
191.0	262144.0	2391.59	226
164.0	262144.0	2161.47	227
0.0	118112.75122070312	1031.16	228
200.0	262144.0	2344.64	229
83.0	262144.0	2300.76	230
0.0	182767.95794677734	1415.59	231
181.0	262144.0	2569.5	232
205.0	262144.0	2044.98	401
119.0	262144.0	2136.26	402
142.0	262144.0	2204.74	403
224.0	262144.0	2307.71	404
144.0	262144.0	2184.71	405
264.0	262144.0	2333.22	406
0.0	62197.41833496094	513.95	407
103.0	262144.0	2263.8	408
163.0	262144.0	2354.04	409
233.0	262144.0	2352.04	410
154.0	262144.0	2164.9	411
36.0	262144.0	2145.67	412
0.0	6541.945373535156	55.38	413
180.0	262144.0	2226.3	414
231.0	262144.0	2311.68	415
155.0	262144.0	2289.07	416
0.0	227972.81158447266	1931.84	417
0.0	196587.0284423828	1683.78	418
191.0	262144.0	2383.51	419
197.0	262144.0	2197.56	420
0.0	68358.94262695312	584.72	421
173.0	262144.0	2352.11	422
223.0	262144.0	2371.23	423
159.0	262144.0	2307.78	424
67.0	262144.0	2271.81	425
176.0	262144.0	2118.22	426
141.0	262144.0	2184.24	427
99.0	262144.0	2272.5	428
0.0	32363.898498535156	275.65	429
104.0	262144.0	2312.25	430
103.0	262144.0	2411.43	431
177.0	262144.0	2356.39	432
177.0	262144.0	2117.67	601
106.0	262144.0	2125.76	602
0.0	38219.468811035156	318.47	603
53.0	262144.0	2190.93	604
182.0	262144.0	2289.3	605
115.0	262144.0	2245.05	606
0.0	47454.27215576172	404.03	607
143.0	262144.0	2208.86	608
0.0	152271.61016845703	1218.78	609
240.0	262144.0	2350.47	610
181.0	262144.0	2227.68	611
161.0	262144.0	2241.58	612
103.0	262144.0	2162.07	613
0.0	190040.93585205078	1623.71	614
92.0	262144.0	2068.22	615
121.0	262144.0	2337.92	616
190.0	262144.0	2282.64	617
0.0	25087.14434814453	211.44	618
0.0	49720.853088378906	444.95	619
123.0	262144.0	2238.91	620
163.0	262144.0	2154.19	621
270.0	262144.0	2379.49	622
139.0	262144.0	2249.93	623
197.0	262144.0	2271.04	624
0.0	9004.518005371094	68.11	625
0.0	14579.865600585938	121.86	626
162.0	262144.0	2352.39	627
121.0	262144.0	2289.76	628
121.0	262144.0	2181.46	629
195.0	262144.0	2214.14	630
113.0	262144.0	2222.64	631
110.0	262144.0	2249.37	632
0.0	254080.9429321289	2140.29	633
164.0	262144.0	2354.28	634
166.0	262144.0	2445.58	635
0.0	21912.027099609375	170.56	801
0.0	53983.16326904297	418.2	802
0.0	27295.237182617188	203.29	803
193.0	262144.0	2139.72	804
217.0	262144.0	2129.29	805
231.0	262144.0	2293.17	806
0.0	108013.27374267578	831.45	807
0.0	235170.53326416016	1911.86	808
130.0	262144.0	2168.79	809
119.0	262144.0	2207.1	810
0.0	258281.23419189453	1978.48	811
259.0	262144.0	2329.54	812
0.0	8478.231018066406	70.24	813
249.0	262144.0	2320.03	814
161.0	262144.0	2312.02	815
207.0	262144.0	2401.09	816
74.0	262144.0	2194.02	817
106.0	262144.0	2313.13	818
64.0	262144.0	2276.77	819
140.0	262144.0	2293.51	820
0.0	74463.876953125	624.01	821
0.0	114942.0092163086	825.18	822
176.0	262144.0	2314.38	823
0.0	7086.0411376953125	61.56	824
0.0	44491.818115234375	379.57	825
0.0	15533.709716796875	132.39	826
231.0	262144.0	2346.92	827
205.0	262144.0	2356.45	828
137.0	262144.0	2259.4	829
169.0	262144.0	2313.42	830
134.0	262144.0	2292.83	831
156.0	262144.0	2261.59	832
159.0	262144.0	2317.13	833
189.0	262144.0	2375.05	834
45.0	262144.0	2307.76	835
202.0	262144.0	2436.12	836
108.0	262144.0	2316.52	837
0.0	9954.087341308594	71.59	1001
168.0	262144.0	2056.39	1002
0.0	59165.67120361328	467.35	1003
200.0	262144.0	2179.37	1004
0.0	34763.52813720703	288.39	1005
164.0	262144.0	2300.96	1006
226.0	262144.0	2267.42	1007
192.0	262144.0	2204.14	1008
159.0	262144.0	2311.02	1009
0.0	93178.63702392578	716.34	1010
184.0	262144.0	2388.77	1011
262.0	262144.0	2338.23	1012
199.0	262144.0	2289.05	1013
159.0	262144.0	2322.65	1014
224.0	262144.0	2345.25	1015
162.0	262144.0	2207.56	1016
150.0	262144.0	2306.34	1017
118.0	262144.0	2238.55	1018
0.0	17928.422729492188	148.76	1019
0.0	60602.96026611328	516.68	1020
175.0	262144.0	2165.57	1021
199.0	262144.0	2149.56	1022
124.0	262144.0	2326.25	1023
0.0	102481.60302734375	905.67	1024
219.0	262144.0	2350.52	1025
205.0	262144.0	2351.9	1026
66.0	262144.0	2306.68	1027
0.0	111484.53308105469	924.98	1028
0.0	60811.78088378906	505.44	1029
207.0	262144.0	2291.81	1030
0.0	29966.708923339844	252.62	1031
0.0	57421.32196044922	486.86	1032
73.0	262144.0	2340.56	1033
269.0	262144.0	2481.39	1034
138.0	262144.0	2192.79	1035
189.0	262144.0	2418.4	1036
118.0	262144.0	1902.21	1037
204.0	262144.0	2053.28	1201
0.0	175128.55963134766	1364.66	1202
239.0	262144.0	2268.8	1203
162.0	262144.0	2275.95	1204
164.0	262144.0	2210.07	1205
239.0	262144.0	2275.14	1206
177.0	262144.0	2288.62	1207
236.0	262144.0	2305.03	1208
0.0	12623.493713378906	108.02	1209
94.0	262144.0	2093.09	1210
188.0	262144.0	2293.84	1211
212.0	262144.0	2162.56	1212
157.0	262144.0	2252.51	1213
187.0	262144.0	2380.3	1214
273.0	262144.0	2367.87	1215
104.0	262144.0	2204.8	1216
223.0	262144.0	2286.15	1217
130.0	262144.0	2262.21	1218
146.0	262144.0	2182.4	1219
83.0	262144.0	2235.89	1220
202.0	262144.0	2261.97	1221
0.0	255964.5005493164	2099.13	1222
146.0	262144.0	2289.97	1223
235.0	262144.0	2378.77	1224
177.0	262144.0	2242.8	1225
177.0	262144.0	2340.72	1226
134.0	262144.0	2358.83	1227
257.0	262144.0	1953.16	1228
251.0	262144.0	2332.13	1229
0.0	14413.836730957031	125.83	1230
190.0	262144.0	2412.95	1231
0.0	49433.8359375	442.49	1232
0.0	77262.48999023438	690.56	1233
207.0	262144.0	2031.81	1401
202.0	262144.0	2296.4	1402
0.0	154799.39361572266	1312.44	1403
0.0	158398.90594482422	1301.9	1404
309.0	262144.0	2348.88	1405
198.0	262144.0	2244.58	1406
266.0	262144.0	2288.38	1407
153.0	262144.0	2307.18	1408
200.0	262144.0	2362.22	1409
206.0	262144.0	2427.94	1410
75.0	262144.0	2192.94	1411
174.0	262144.0	2225.9	1412
0.0	41597.913330078125	349.22	1413
177.0	262144.0	2202.49	1414
98.0	262144.0	2262.22	1415
226.0	262144.0	2339.3	1416
231.0	262144.0	2329.4	1417
221.0	262144.0	2488.8	1418
253.0	262144.0	2364.5	1419
232.0	262144.0	2269.07	1420
163.0	262144.0	2295.7	1421
226.0	262144.0	2359.79	1422
243.0	262144.0	2377.81	1423
188.0	262144.0	2287.92	1424
175.0	262144.0	2067.67	1425
0.0	217825.53442382812	1850.27	1426
92.0	262144.0	2249.41	1427
201.0	262144.0	2383.45	1428
0.0	223333.21270751953	1928.24	1429
250.0	262144.0	2324.37	1430
0.0	190593.9327392578	1687.34	1431
147.0	262144.0	2082.92	1601
189.0	262144.0	2145.09	1602
134.0	262144.0	2180.03	1603
0.0	5754.681091308594	49.09	1604
0.0	50843.17346191406	352.89	1605
0.0	217668.87744140625	1823.86	1606
194.0	262144.0	2333.66	1607
0.0	42566.32263183594	360.66	1608
172.0	262144.0	2163.18	1609
256.0	262144.0	2299.52	1610
214.0	262144.0	2293.42	1611
43.0	262144.0	2293.56	1612
102.0	262144.0	2141.5	1613
208.0	262144.0	2329.58	1614
0.0	108974.2691040039	919.42	1615
205.0	262144.0	2308.56	1616
167.0	262144.0	2277.25	1617
190.0	262144.0	2202.0	1618
106.0	262144.0	1925.52	1619
236.0	262144.0	2410.77	1620
246.0	262144.0	2263.62	1621
197.0	262144.0	2427.72	1622
140.0	262144.0	2394.31	1623
188.0	262144.0	2349.25	1624
226.0	262144.0	2296.73	1625
242.0	262144.0	2335.99	1626
0.0	32289.5869140625	259.08	1627
121.0	262144.0	2319.15	1628
0.0	150420.5365600586	1182.03	1629
199.0	262144.0	2370.51	1630
102.0	262144.0	2175.18	1631
112.0	262144.0	2226.6	1632
184.0	262144.0	2335.8	1633
150.0	262144.0	2097.06	1801
191.0	262144.0	2206.93	1802
0.0	42848.89343261719	336.83	1803
192.0	262144.0	2317.15	1804
237.0	262144.0	2277.6	1805
140.0	262144.0	2265.79	1806
115.0	262144.0	2343.99	1807
0.0	16598.085205078125	123.57	1808
139.0	262144.0	2276.13	1809
115.0	262144.0	2316.28	1810
138.0	262144.0	2383.78	1811
0.0	229646.9052734375	1951.03	1812
111.0	262144.0	2219.2	1813
234.0	262144.0	2320.16	1814
58.0	262144.0	2351.06	1815
297.0	262144.0	2374.16	1816
163.0	262144.0	2339.88	1817
246.0	262144.0	2348.58	1818
247.0	262144.0	2308.77	1819
237.0	262144.0	2382.02	1820
202.0	262144.0	2319.5	1821
171.0	262144.0	2396.89	1822
240.0	262144.0	2355.15	1823
254.0	262144.0	2298.96	1824
0.0	11681.85498046875	101.5	1825
210.0	262144.0	2386.75	1826
196.0	262144.0	2247.21	1827
206.0	262144.0	2389.39	1828
249.0	262144.0	2355.33	1829
217.0	262144.0	2456.74	1830
206.0	262144.0	2380.26	1831
0.0	73107.34246826172	634.12	1832
131.0	262144.0	1988.13	2001
0.0	104723.71954345703	791.42	2002
280.0	262144.0	2312.77	2003
104.0	262144.0	2162.84	2004
215.0	262144.0	2117.94	2005
0.0	231438.74932861328	1963.67	2006
180.0	262144.0	2226.96	2007
0.0	39830.676208496094	324.74	2008
199.0	262144.0	2292.39	2009
0.0	157855.00994873047	1310.31	2010
122.0	262144.0	2212.51	2011
163.0	262144.0	2350.07	2012
212.0	262144.0	2311.38	2013
199.0	262144.0	2273.03	2014
198.0	262144.0	2218.99	2015
0.0	253193.4139404297	2063.56	2016
105.0	262144.0	2195.11	2017
178.0	262144.0	2419.16	2018
216.0	262144.0	2132.89	2019
142.0	262144.0	2211.38	2020
83.0	262144.0	2359.04	2021
202.0	262144.0	2366.43	2022
145.0	262144.0	2299.92	2023
280.0	262144.0	2355.53	2024
233.0	262144.0	2278.84	2025
184.0	262144.0	2393.38	2026
146.0	262144.0	2285.11	2027
0.0	54388.21795654297	459.17	2028
206.0	262144.0	2367.0	2029
203.0	262144.0	2399.94	2030
161.0	262144.0	2471.27	2031
96.0	262144.0	1860.01	2032
177.0	262144.0	2061.18	2201
112.0	262144.0	2122.94	2202
0.0	75554.4409790039	620.7	2203
138.0	262144.0	2226.79	2204
203.0	262144.0	2229.99	2205
15.0	262144.0	1809.98	2206
119.0	262144.0	2250.5	2207
239.0	262144.0	2459.24	2208
215.0	262144.0	2157.79	2209
171.0	262144.0	2279.3	2210
0.0	97404.47100830078	803.93	2211
0.0	59521.499572753906	501.49	2212
92.0	262144.0	2209.14	2213
184.0	262144.0	2284.49	2214
96.0	262144.0	2254.8	2215
219.0	262144.0	2346.49	2216
169.0	262144.0	2016.05	2217
132.0	262144.0	2247.05	2218
0.0	15990.637268066406	128.61	2219
245.0	262144.0	2423.81	2220
179.0	262144.0	2385.72	2221
187.0	262144.0	2120.31	2222
170.0	262144.0	2298.44	2223
0.0	30337.98828125	256.35	2224
87.0	262144.0	2237.6	2225
0.0	141819.75848388672	1235.66	2226
215.0	262144.0	2259.14	2227
135.0	262144.0	2365.68	2228
187.0	262144.0	2270.32	2229
74.0	262144.0	2281.8	2230
167.0	262144.0	2334.02	2231
163.0	262144.0	2389.63	2232
142.0	262144.0	2348.1	2233
144.0	262144.0	2015.02	2401
104.0	262144.0	2082.89	2402
188.0	262144.0	2265.89	2403
0.0	60217.529541015625	499.88	2404
240.0	262144.0	2289.14	2405
143.0	262144.0	2164.77	2406
174.0	262144.0	2282.14	2407
159.0	262144.0	2429.58	2408
117.0	262144.0	2224.6	2409
92.0	262144.0	2204.54	2410
0.0	32864.92004394531	283.91	2411
92.0	262144.0	2233.71	2412
0.0	199526.0034790039	1730.65	2413
164.0	262144.0	2181.28	2414
181.0	262144.0	2342.91	2415
95.0	262144.0	2218.91	2416
146.0	262144.0	2351.37	2417
0.0	17756.41046142578	157.92	2418
221.0	262144.0	2413.91	2419
181.0	262144.0	1949.01	2420
0.0	49573.89910888672	358.35	2421
255.0	262144.0	2295.56	2422
169.0	262144.0	2258.85	2423
251.0	262144.0	2432.63	2424
161.0	262144.0	2363.87	2425
0.0	24512.607421875	214.79	2426
0.0	127484.19049072266	1132.84	2427
163.0	262144.0	2310.81	2428
229.0	262144.0	2502.61	2429
125.0	262144.0	2221.47	2430
250.0	262144.0	2352.1	2431
120.0	262144.0	2229.46	2432
0.0	17143.044494628906	145.6	2433
194.0	262144.0	2376.05	2434
93.0	262144.0	2245.26	2435
249.0	262144.0	2059.7	2601
274.0	262144.0	2234.51	2602
65.0	262144.0	2242.71	2603
0.0	193380.59924316406	1576.34	2604
0.0	91188.17944335938	750.16	2605
179.0	262144.0	2234.0	2606
144.0	262144.0	2171.77	2607
151.0	262144.0	2266.68	2608
0.0	42789.38067626953	342.78	2609
242.0	262144.0	2393.43	2610
151.0	262144.0	2295.1	2611
128.0	262144.0	2267.25	2612
0.0	29007.77362060547	201.41	2613
118.0	262144.0	2228.36	2614
157.0	262144.0	2260.76	2615
142.0	262144.0	2305.2	2616
0.0	89704.08020019531	734.24	2617
0.0	49903.572692871094	419.18	2618
0.0	13947.460021972656	120.89	2619
163.0	262144.0	2135.21	2620
0.0	55903.09533691406	483.92	2621
190.0	262144.0	2280.83	2622
165.0	262144.0	2296.88	2623
72.0	262144.0	2205.24	2624
0.0	25463.146362304688	219.93	2625
0.0	45950.243713378906	396.08	2626
98.0	262144.0	2248.69	2627
181.0	262144.0	2320.7	2628
80.0	262144.0	2291.63	2629
0.0	120975.1630859375	1004.84	2630
161.0	262144.0	2146.31	2631
0.0	57672.166076660156	500.6	2632
163.0	262144.0	2288.79	2633
70.0	262144.0	2259.52	2634
164.0	262144.0	2396.52	2635
205.0	262144.0	2379.36	2636
209.0	262144.0	2396.45	2637
257.0	262144.0	2364.17	2638
112.0	262144.0	2092.7	2801
184.0	262144.0	2268.54	2802
225.0	262144.0	2166.08	2803
90.0	262144.0	2121.49	2804
232.0	262144.0	2307.62	2805
173.0	262144.0	2203.17	2806
261.0	262144.0	2350.19	2807
168.0	262144.0	2355.48	2808
95.0	262144.0	2137.42	2809
160.0	262144.0	2266.78	2810
174.0	262144.0	2384.59	2811
163.0	262144.0	2348.72	2812
94.0	262144.0	2154.74	2813
129.0	262144.0	2311.9	2814
0.0	205058.15509033203	1657.11	2815
101.0	262144.0	2284.17	2816
0.0	78442.21392822266	674.02	2817
164.0	262144.0	2248.67	2818
167.0	262144.0	2114.27	2819
142.0	262144.0	2330.46	2820
189.0	262144.0	2334.64	2821
205.0	262144.0	2309.72	2822
142.0	262144.0	2283.5	2823
117.0	262144.0	2340.58	2824
121.0	262144.0	2262.44	2825
0.0	228552.935546875	1942.79	2826
207.0	262144.0	2381.76	2827
0.0	23184.233520507812	189.88	2828
120.0	262144.0	2335.04	2829
321.0	262144.0	2548.36	2830
0.0	18965.92919921875	161.96	2831
262.0	262144.0	2151.88	3001
0.0	48009.29217529297	397.45	3002
250.0	262144.0	2306.78	3003
180.0	262144.0	2236.33	3004
141.0	262144.0	2203.23	3005
0.0	87034.49200439453	713.6	3006
245.0	262144.0	2334.82	3007
174.0	262144.0	2362.55	3008
145.0	262144.0	2274.82	3009
114.0	262144.0	1957.93	3010
181.0	262144.0	2398.54	3011
163.0	262144.0	2338.98	3012
157.0	262144.0	2361.15	3013
122.0	262144.0	1949.34	3014
188.0	262144.0	2359.87	3015
0.0	158068.6044921875	1297.82	3016
187.0	262144.0	2328.6	3017
201.0	262144.0	2391.26	3018
105.0	262144.0	2255.79	3019
128.0	262144.0	2191.97	3020
98.0	262144.0	2349.54	3021
159.0	262144.0	2244.22	3022
129.0	262144.0	2348.96	3023
223.0	262144.0	2330.22	3024
108.0	262144.0	2163.82	3025
186.0	262144.0	2344.29	3026
222.0	262144.0	2389.51	3027
0.0	142284.68170166016	1002.85	3028
0.0	34186.079528808594	296.23	3029
164.0	262144.0	2375.96	3030
227.0	262144.0	2396.05	3031
0.0	180236.6619873047	1542.87	3032
0.0	69934.62957763672	534.1	3201
156.0	262144.0	2178.43	3202
202.0	262144.0	2264.03	3203
152.0	262144.0	2217.86	3204
177.0	262144.0	2219.18	3205
0.0	82582.93994140625	644.02	3206
215.0	262144.0	2170.27	3207
167.0	262144.0	2052.65	3208
0.0	27810.658935546875	222.8	3209
143.0	262144.0	2328.23	3210
92.0	262144.0	2239.18	3211
237.0	262144.0	2254.64	3212
0.0	156264.83660888672	1327.69	3213
276.0	262144.0	2398.14	3214
204.0	262144.0	2284.96	3215
69.0	262144.0	2215.06	3216
110.0	262144.0	2250.19	3217
154.0	262144.0	2315.02	3218
191.0	262144.0	2271.23	3219
0.0	70848.09777832031	598.55	3220
150.0	262144.0	2373.9	3221
220.0	262144.0	2349.15	3222
207.0	262144.0	2272.53	3223
0.0	10071.507995605469	82.69	3224
0.0	87704.5678100586	712.37	3225
253.0	262144.0	2366.04	3226
165.0	262144.0	2246.43	3227
161.0	262144.0	2402.34	3228
120.0	262144.0	2304.51	3229
0.0	41534.42999267578	347.33	3230
102.0	262144.0	2309.33	3231
159.0	262144.0	2362.74	3232
167.0	262144.0	2318.01	3233
209.0	262144.0	2469.29	3234
0.0	53510.314697265625	385.17	3401
0.0	11092.614074707031	84.15	3402
153.0	262144.0	2145.86	3403
189.0	262144.0	2228.29	3404
213.0	262144.0	2272.16	3405
194.0	262144.0	2234.12	3406
89.0	262144.0	2096.08	3407
0.0	11951.7548828125	92.36	3408
195.0	262144.0	2280.44	3409
202.0	262144.0	2160.46	3410
0.0	231578.35064697266	1800.77	3411
108.0	262144.0	2315.73	3412
236.0	262144.0	2368.52	3413
241.0	262144.0	2151.13	3414
96.0	262144.0	2172.71	3415
224.0	262144.0	2358.78	3416
234.0	262144.0	2289.29	3417
151.0	262144.0	2279.76	3418
0.0	228772.4721069336	1895.46	3419
256.0	262144.0	2294.1	3420
111.0	262144.0	2287.33	3421
0.0	32045.023315429688	277.56	3422
121.0	262144.0	2271.83	3423
248.0	262144.0	2380.05	3424
277.0	262144.0	2371.22	3425
109.0	262144.0	2233.16	3426
162.0	262144.0	2263.86	3427
0.0	195267.23181152344	1660.07	3428
0.0	25039.182067871094	205.13	3429
106.0	262144.0	2226.39	3430
148.0	262144.0	2300.98	3431
141.0	262144.0	2389.24	3432
0.0	56911.40295410156	473.8	3433
239.0	262144.0	2425.09	3434
0.0	40400.77520751953	297.76	3601
213.0	262144.0	2069.45	3602
202.0	262144.0	2246.1	3603
176.0	262144.0	2275.99	3604
149.0	262144.0	2155.85	3605
175.0	262144.0	2226.96	3606
0.0	44063.37609863281	368.75	3607
95.0	262144.0	2231.24	3608
166.0	262144.0	2252.77	3609
265.0	262144.0	2313.3	3610
252.0	262144.0	2425.81	3611
0.0	211012.48400878906	1777.61	3612
151.0	262144.0	2330.82	3613
94.0	262144.0	2319.76	3614
0.0	161208.26538085938	1405.0	3615
220.0	262144.0	2177.49	3616
249.0	262144.0	2351.31	3617
208.0	262144.0	2262.16	3618
139.0	262144.0	2304.1	3619
0.0	69697.05004882812	559.21	3620
188.0	262144.0	2236.38	3621
154.0	262144.0	2346.42	3622
126.0	262144.0	2210.04	3623
132.0	262144.0	2192.99	3624
82.0	262144.0	2262.78	3625
242.0	262144.0	2244.81	3626
229.0	262144.0	2349.02	3627
182.0	262144.0	2391.61	3628
0.0	81917.35968017578	699.34	3629
145.0	262144.0	2328.57	3630
0.0	216897.88006591797	1895.01	3631
219.0	262144.0	2466.58	3632
0.0	21101.8779296875	176.06	3633
0.0	38648.79992675781	347.24	3634
158.0	262144.0	1972.01	3801
233.0	262144.0	2226.37	3802
128.0	262144.0	2218.18	3803
123.0	262144.0	2214.26	3804
197.0	262144.0	2304.74	3805
222.0	262144.0	2326.98	3806
220.0	262144.0	2369.82	3807
0.0	17290.19940185547	148.19	3808
223.0	262144.0	2222.17	3809
194.0	262144.0	2363.73	3810
0.0	139262.1748046875	1119.34	3811
183.0	262144.0	2354.96	3812
0.0	89932.81433105469	764.91	3813
86.0	262144.0	2279.64	3814
173.0	262144.0	2155.65	3815
257.0	262144.0	2344.42	3816
159.0	262144.0	2299.97	3817
0.0	97276.20794677734	802.69	3818
0.0	133000.2921142578	978.54	3819
313.0	262144.0	2404.72	3820
202.0	262144.0	2417.12	3821
0.0	204106.93975830078	1761.11	3822
260.0	262144.0	2300.84	3823
0.0	42333.31530761719	357.62	3824
185.0	262144.0	2314.0	3825
213.0	262144.0	2432.43	3826
134.0	262144.0	2274.3	3827
178.0	262144.0	2290.74	3828
179.0	262144.0	2363.88	3829
0.0	237155.7275390625	2071.77	3830
257.0	262144.0	2435.81	3831
126.0	262144.0	2330.41	3832
0.0	14365.122131347656	124.51	3833
54.0	262144.0	2327.38	3834
214.0	262144.0	2001.98	4001
160.0	262144.0	2204.21	4002
202.0	262144.0	2226.83	4003
151.0	262144.0	2132.65	4004
205.0	262144.0	2330.14	4005
276.0	262144.0	2284.72	4006
268.0	262144.0	2277.78	4007
229.0	262144.0	2440.4	4008
213.0	262144.0	2337.55	4009
124.0	262144.0	2275.01	4010
243.0	262144.0	1937.09	4011
0.0	90700.02044677734	747.59	4012
0.0	109690.4009399414	941.87	4013
0.0	226322.93322753906	1889.88	4014
111.0	262144.0	2072.16	4015
192.0	262144.0	2450.05	4016
104.0	262144.0	2323.09	4017
220.0	262144.0	2267.0	4018
133.0	262144.0	2303.11	4019
0.0	68977.9428100586	594.89	4020
0.0	79824.63928222656	680.82	4021
0.0	157245.76147460938	1257.78	4022
0.0	35838.197509765625	299.82	4023
192.0	262144.0	2349.39	4024
121.0	262144.0	2168.46	4025
177.0	262144.0	2257.67	4026
197.0	262144.0	2291.74	4027
185.0	262144.0	2330.9	4028
165.0	262144.0	2349.49	4029
0.0	145823.26489257812	1249.94	4030
185.0	262144.0	2286.09	4031
146.0	262144.0	2388.61	4032
171.0	262144.0	2346.15	4033
177.0	262144.0	2124.81	4201
244.0	262144.0	2300.05	4202
125.0	262144.0	2278.93	4203
107.0	262144.0	2073.97	4204
147.0	262144.0	2185.97	4205
245.0	262144.0	2259.5	4206
0.0	51706.56268310547	436.73	4207
0.0	209436.7015991211	1785.85	4208
191.0	262144.0	2263.08	4209
0.0	13398.7177734375	116.0	4210
290.0	262144.0	2289.07	4211
207.0	262144.0	2381.0	4212
164.0	262144.0	2341.12	4213
93.0	262144.0	2146.96	4214
115.0	262144.0	2294.8	4215
128.0	262144.0	2262.32	4216
217.0	262144.0	2277.47	4217
217.0	262144.0	2377.15	4218
130.0	262144.0	2296.74	4219
0.0	45290.91876220703	381.86	4220
231.0	262144.0	2351.01	4221
177.0	262144.0	2325.51	4222
143.0	262144.0	2298.1	4223
78.0	262144.0	2326.91	4224
115.0	262144.0	2332.53	4225
110.0	262144.0	2323.97	4226
164.0	262144.0	2289.54	4227
190.0	262144.0	2427.3	4228
154.0	262144.0	2375.19	4229
107.0	262144.0	2291.46	4230
178.0	262144.0	2346.83	4231
0.0	139112.51373291016	1251.82	4232
223.0	262144.0	2122.15	4401
125.0	262144.0	2202.1	4402
204.0	262144.0	2245.15	4403
191.0	262144.0	2156.79	4404
198.0	262144.0	2282.59	4405
116.0	262144.0	2199.08	4406
189.0	262144.0	2231.23	4407
97.0	262144.0	2294.0	4408
0.0	23056.52410888672	189.08	4409
0.0	23568.572326660156	196.79	4410
139.0	262144.0	2339.0	4411
125.0	262144.0	2317.91	4412
92.0	262144.0	2238.27	4413
182.0	262144.0	2284.97	4414
140.0	262144.0	2263.13	4415
144.0	262144.0	2281.76	4416
0.0	190482.52056884766	1680.06	4417
198.0	262144.0	2310.03	4418
97.0	262144.0	2354.22	4419
149.0	262144.0	2306.83	4420
165.0	262144.0	2100.86	4421
184.0	262144.0	2241.57	4422
306.0	262144.0	2428.13	4423
253.0	262144.0	2381.11	4424
265.0	262144.0	2405.5	4425
0.0	74603.16564941406	614.27	4426
160.0	262144.0	2314.64	4427
0.0	138097.79138183594	1134.67	4428
148.0	262144.0	2289.3	4429
151.0	262144.0	2261.73	4430
153.0	262144.0	2404.58	4431
0.0	17603.826049804688	158.37	4432
255.0	262144.0	2502.95	4433
145.0	262144.0	2093.32	4601
220.0	262144.0	2144.42	4602
227.0	262144.0	2322.65	4603
86.0	262144.0	2153.9	4604
248.0	262144.0	2212.75	4605
46.0	262144.0	2275.69	4606
177.0	262144.0	2274.05	4607
80.0	262144.0	2204.79	4608
0.0	64016.55682373047	548.92	4609
0.0	124279.03582763672	1024.68	4610
159.0	262144.0	2295.66	4611
200.0	262144.0	2176.16	4612
155.0	262144.0	2247.03	4613
168.0	262144.0	2399.36	4614
0.0	23791.572265625	187.1	4615
166.0	262144.0	2294.59	4616
123.0	262144.0	2202.37	4617
0.0	92953.72821044922	810.39	4618
107.0	262144.0	2329.49	4619
0.0	67791.5966796875	585.44	4620
0.0	18274.75048828125	148.6	4621
64.0	262144.0	2319.47	4622
288.0	262144.0	2245.22	4623
172.0	262144.0	2315.87	4624
173.0	262144.0	2293.27	4625
252.0	262144.0	2400.28	4626
150.0	262144.0	2324.29	4627
230.0	262144.0	2398.0	4628
179.0	262144.0	2299.83	4629
0.0	19871.41796875	165.47	4630
153.0	262144.0	2372.03	4631
148.0	262144.0	2355.63	4632
234.0	262144.0	2426.32	4633
149.0	262144.0	2304.42	4634
89.0	262144.0	2063.66	4801
233.0	262144.0	2263.3	4802
151.0	262144.0	2265.41	4803
0.0	39406.205139160156	316.61	4804
120.0	262144.0	2132.2	4805
198.0	262144.0	2128.44	4806
95.0	262144.0	2195.99	4807
277.0	262144.0	2320.15	4808
176.0	262144.0	2193.21	4809
211.0	262144.0	2280.47	4810
183.0	262144.0	2308.96	4811
0.0	123171.36260986328	1045.41	4812
187.0	262144.0	2311.34	4813
166.0	262144.0	2228.41	4814
56.0	262144.0	2288.71	4815
191.0	262144.0	2288.1	4816
268.0	262144.0	2236.82	4817
291.0	262144.0	2314.59	4818
90.0	262144.0	2239.47	4819
140.0	262144.0	2313.86	4820
0.0	164430.40209960938	1373.07	4821
0.0	144789.32720947266	1185.66	4822
89.0	262144.0	2314.18	4823
0.0	193626.07342529297	1668.01	4824
162.0	262144.0	2346.52	4825
238.0	262144.0	2402.37	4826
0.0	112949.52020263672	932.15	4827
216.0	262144.0	2441.92	4828
136.0	262144.0	2310.2	4829
166.0	262144.0	2458.84	4830
0.0	38863.81707763672	328.24	4831
194.0	262144.0	2347.13	4832
187.0	262144.0	2055.55	5001
156.0	262144.0	2162.55	5002
197.0	262144.0	2340.03	5003
118.0	262144.0	2119.43	5004
192.0	262144.0	2252.51	5005
181.0	262144.0	2315.2	5006
0.0	73105.94580078125	620.83	5007
0.0	200620.46044921875	1651.53	5008
171.0	262144.0	2378.35	5009
0.0	115394.37097167969	936.46	5010
0.0	94294.47802734375	787.63	5011
170.0	262144.0	2302.78	5012
151.0	262144.0	2221.9	5013
138.0	262144.0	2332.64	5014
181.0	262144.0	2318.68	5015
179.0	262144.0	2347.51	5016
222.0	262144.0	2358.14	5017
58.0	262144.0	2279.21	5018
201.0	262144.0	2206.07	5019
146.0	262144.0	2393.86	5020
171.0	262144.0	2234.51	5021
145.0	262144.0	2277.22	5022
282.0	262144.0	2337.87	5023
248.0	262144.0	2345.44	5024
0.0	72441.65216064453	605.48	5025
131.0	262144.0	2157.72	5026
227.0	262144.0	2383.76	5027
248.0	262144.0	2360.48	5028
176.0	262144.0	2327.74	5029
0.0	66561.11804199219	584.41	5030
223.0	262144.0	2410.76	5031
0.0	238963.67150878906	2078.28	5032
0.0	39552.22595214844	335.53	5033
185.0	262144.0	2121.73	5201
210.0	262144.0	2290.72	5202
108.0	262144.0	2272.02	5203
0.0	61524.677673339844	498.95	5204
202.0	262144.0	1980.46	5205
215.0	262144.0	2299.2	5206
0.0	1535.1206665039062	13.72	5207
241.0	262144.0	2200.96	5208
0.0	22071.791259765625	169.59	5209
184.0	262144.0	2256.48	5210
127.0	262144.0	2219.53	5211
49.0	262144.0	2319.85	5212
167.0	262144.0	2298.06	5213
177.0	262144.0	2308.34	5214
134.0	262144.0	2243.31	5215
191.0	262144.0	2364.52	5216
201.0	262144.0	2297.63	5217
158.0	262144.0	2215.7	5218
146.0	262144.0	2315.23	5219
261.0	262144.0	2424.51	5220
160.0	262144.0	2472.82	5221
139.0	262144.0	2247.37	5222
288.0	262144.0	2379.92	5223
243.0	262144.0	2385.79	5224
0.0	122830.79064941406	1032.42	5225
226.0	262144.0	2312.82	5226
177.0	262144.0	2435.89	5227
111.0	262144.0	2276.98	5228
0.0	125558.82208251953	1058.07	5229
168.0	262144.0	2330.73	5230
156.0	262144.0	2326.57	5231
32.0	262144.0	2307.47	5232
0.0	69002.80773925781	514.21	5401
160.0	262144.0	2270.18	5402
209.0	262144.0	2275.41	5403
0.0	70111.98260498047	568.64	5404
0.0	11873.232299804688	96.65	5405
226.0	262144.0	2247.02	5406
173.0	262144.0	2265.45	5407
0.0	7155.496765136719	58.47	5408
172.0	262144.0	2271.2	5409
0.0	239771.99053955078	1981.84	5410
87.0	262144.0	2270.68	5411
110.0	262144.0	2252.15	5412
170.0	262144.0	2266.85	5413
0.0	10734.164428710938	91.99	5414
210.0	262144.0	2299.5	5415
233.0	262144.0	2326.8	5416
137.0	262144.0	2200.05	5417
207.0	262144.0	2391.28	5418
93.0	262144.0	2357.05	5419
137.0	262144.0	2307.45	5420
0.0	209221.71154785156	1732.7	5421
0.0	47227.069763183594	396.08	5422
0.0	193586.58905029297	1681.11	5423
0.0	78302.79083251953	669.19	5424
85.0	262144.0	2280.83	5425
226.0	262144.0	2233.74	5426
254.0	262144.0	2330.99	5427
160.0	262144.0	2223.95	5428
187.0	262144.0	2369.7	5429
270.0	262144.0	2393.44	5430
168.0	262144.0	2326.79	5431
77.0	262144.0	2340.06	5432
160.0	262144.0	2393.67	5433
245.0	262144.0	1936.72	5434
103.0	262144.0	2225.78	5435
135.0	262144.0	2103.93	5601
76.0	262144.0	2157.14	5602
266.0	262144.0	2218.39	5603
131.0	262144.0	2184.78	5604
187.0	262144.0	2159.56	5605
88.0	262144.0	2283.24	5606
228.0	262144.0	1982.06	5607
150.0	262144.0	2300.9	5608
0.0	3929.86572265625	33.49	5609
162.0	262144.0	2314.14	5610
132.0	262144.0	2202.98	5611
177.0	262144.0	2411.1	5612
147.0	262144.0	2336.64	5613
148.0	262144.0	2269.48	5614
229.0	262144.0	2352.6	5615
285.0	262144.0	2404.37	5616
0.0	235955.6221923828	1922.09	5617
155.0	262144.0	2210.16	5618
0.0	136518.30102539062	1118.06	5619
0.0	29531.38604736328	253.54	5620
0.0	27284.897521972656	231.94	5621
0.0	43833.95245361328	372.92	5622
88.0	262144.0	2328.05	5623
68.0	262144.0	2192.6	5624
155.0	262144.0	2274.79	5625
204.0	262144.0	2385.2	5626
212.0	262144.0	2209.49	5627
205.0	262144.0	2231.28	5628
0.0	7375.49072265625	54.7	5629
138.0	262144.0	2277.19	5630
0.0	166935.60192871094	1371.44	5631
124.0	262144.0	2256.92	5632
118.0	262144.0	2377.07	5633
199.0	262144.0	2400.99	5634
0.0	10384.133422851562	77.18	5801
197.0	262144.0	2291.68	5802
0.0	71809.44323730469	585.85	5803
148.0	262144.0	2234.35	5804
187.0	262144.0	2248.96	5805
145.0	262144.0	2173.99	5806
150.0	262144.0	2291.67	5807
218.0	262144.0	2337.14	5808
189.0	262144.0	2364.97	5809
237.0	262144.0	2175.58	5810
178.0	262144.0	2327.58	5811
149.0	262144.0	2303.19	5812
116.0	262144.0	2246.91	5813
227.0	262144.0	2389.5	5814
155.0	262144.0	2381.59	5815
117.0	262144.0	2210.13	5816
200.0	262144.0	2325.87	5817
71.0	262144.0	2285.05	5818
257.0	262144.0	2322.75	5819
0.0	126663.06243896484	1051.9	5820
214.0	262144.0	2294.95	5821
155.0	262144.0	2286.92	5822
236.0	262144.0	2230.02	5823
172.0	262144.0	2253.51	5824
199.0	262144.0	1879.22	5825
0.0	93966.24084472656	800.25	5826
0.0	115915.40478515625	980.43	5827
174.0	262144.0	2357.99	5828
138.0	262144.0	2334.88	5829
198.0	262144.0	2250.75	5830
139.0	262144.0	2435.41	5831
117.0	262144.0	2430.54	5832
207.0	262144.0	1972.13	6001
123.0	262144.0	2227.4	6002
0.0	235196.72387695312	1906.89	6003
0.0	95822.91101074219	755.74	6004
0.0	27163.785278320312	218.68	6005
0.0	97020.31896972656	814.67	6006
0.0	49083.1396484375	422.02	6007
239.0	262144.0	2269.09	6008
155.0	262144.0	2230.23	6009
182.0	262144.0	2283.45	6010
0.0	134665.43090820312	1191.28	6011
73.0	262144.0	2205.34	6012
226.0	262144.0	2427.03	6013
103.0	262144.0	2282.41	6014
0.0	64449.455810546875	556.9	6015
0.0	73523.19445800781	636.52	6016
202.0	262144.0	2286.84	6017
185.0	262144.0	2269.43	6018
170.0	262144.0	2227.07	6019
161.0	262144.0	2196.58	6020
165.0	262144.0	2134.63	6021
56.0	262144.0	2222.69	6022
191.0	262144.0	2198.91	6023
258.0	262144.0	2404.37	6024
0.0	156956.43676757812	1183.16	6025
70.0	262144.0	2101.7	6026
137.0	262144.0	1932.63	6027
113.0	262144.0	2235.18	6028
0.0	8180.526184082031	67.35	6029
0.0	100985.0288696289	824.68	6030
66.0	262144.0	2202.5	6031
0.0	87622.46661376953	760.62	6032
146.0	262144.0	2294.74	6033
0.0	189504.4844970703	1667.18	6034
229.0	262144.0	2367.06	6035
244.0	262144.0	2480.74	6036
0.0	18212.08624267578	155.08	6037
236.0	262144.0	2416.97	6038
242.0	262144.0	1967.99	6201
141.0	262144.0	2231.04	6202
140.0	262144.0	2234.22	6203
146.0	262144.0	1963.39	6204
149.0	262144.0	2247.47	6205
0.0	34101.576416015625	251.01	6206
62.0	262144.0	2156.75	6207
90.0	262144.0	2212.94	6208
0.0	218901.97314453125	1806.5	6209
154.0	262144.0	2117.29	6210
0.0	93679.85540771484	768.2	6211
213.0	262144.0	2315.35	6212
141.0	262144.0	2245.31	6213
238.0	262144.0	2429.51	6214
133.0	262144.0	2235.54	6215
174.0	262144.0	2322.37	6216
82.0	262144.0	2146.07	6217
140.0	262144.0	2311.15	6218
133.0	262144.0	2315.28	6219
184.0	262144.0	2373.77	6220
175.0	262144.0	2255.27	6221
160.0	262144.0	2371.51	6222
0.0	12758.128540039062	109.32	6223
101.0	262144.0	2364.42	6224
230.0	262144.0	2328.63	6225
162.0	262144.0	2233.34	6226
0.0	101234.59216308594	729.65	6227
136.0	262144.0	2270.7	6228
0.0	32562.21319580078	274.29	6229
158.0	262144.0	2290.03	6230
96.0	262144.0	2351.38	6231
198.0	262144.0	2293.99	6232
0.0	145139.85858154297	1286.52	6233
226.0	262144.0	2197.06	6401
166.0	262144.0	2232.1	6402
118.0	262144.0	2227.81	6403
0.0	132082.73669433594	1075.69	6404
146.0	262144.0	2145.21	6405
227.0	262144.0	2303.37	6406
0.0	139136.5365600586	1081.63	6407
0.0	32519.806518554688	265.89	6408
118.0	262144.0	1965.79	6409
0.0	28761.48614501953	241.89	6410
228.0	262144.0	2213.69	6411
140.0	262144.0	2258.67	6412
177.0	262144.0	2282.39	6413
159.0	262144.0	2136.25	6414
0.0	133974.3487548828	1139.99	6415
238.0	262144.0	2292.0	6416
195.0	262144.0	2281.92	6417
158.0	262144.0	2299.06	6418
186.0	262144.0	2218.58	6419
88.0	262144.0	2180.37	6420
134.0	262144.0	2362.12	6421
173.0	262144.0	2378.58	6422
0.0	219965.07879638672	1810.71	6423
156.0	262144.0	2372.22	6424
152.0	262144.0	2283.84	6425
136.0	262144.0	1913.15	6426
0.0	60485.79968261719	525.83	6427
0.0	23916.602783203125	203.17	6428
0.0	39133.98815917969	318.89	6429
230.0	262144.0	2429.48	6430
105.0	262144.0	2351.25	6431
151.0	262144.0	2220.45	6432
209.0	262144.0	2308.88	6433
245.0	262144.0	2054.29	6434
275.0	262144.0	2478.61	6435
134.0	262144.0	2049.32	6601
255.0	262144.0	2253.13	6602
174.0	262144.0	2250.56	6603
171.0	262144.0	2149.46	6604
169.0	262144.0	2221.84	6605
171.0	262144.0	2290.89	6606
191.0	262144.0	2290.4	6607
248.0	262144.0	2321.55	6608
0.0	86895.95227050781	746.92	6609
0.0	103728.65185546875	877.26	6610
0.0	25204.22637939453	207.59	6611
125.0	262144.0	2243.83	6612
141.0	262144.0	2191.66	6613
102.0	262144.0	2288.9	6614
264.0	262144.0	2370.02	6615
209.0	262144.0	2316.39	6616
0.0	130349.8330078125	1095.14	6617
0.0	6775.464660644531	45.4	6618
116.0	262144.0	2299.25	6619
140.0	262144.0	2327.5	6620
221.0	262144.0	2352.05	6621
205.0	262144.0	2410.58	6622
0.0	148719.3992919922	1267.87	6623
199.0	262144.0	2325.42	6624
134.0	262144.0	2219.39	6625
132.0	262144.0	2335.94	6626
221.0	262144.0	2393.31	6627
147.0	262144.0	2301.76	6628
241.0	262144.0	2393.65	6629
176.0	262144.0	2352.69	6630
0.0	73212.69665527344	631.17	6631
107.0	262144.0	2315.77	6632
177.0	262144.0	2365.87	6633
174.0	262144.0	2067.93	6801
161.0	262144.0	2039.48	6802
121.0	262144.0	2258.12	6803
155.0	262144.0	2304.94	6804
68.0	262144.0	2096.75	6805
166.0	262144.0	2196.61	6806
49.0	262144.0	2264.78	6807
212.0	262144.0	2237.71	6808
124.0	262144.0	2221.92	6809
167.0	262144.0	2341.8	6810
201.0	262144.0	2398.51	6811
264.0	262144.0	2347.05	6812
177.0	262144.0	2365.14	6813
244.0	262144.0	2249.56	6814
240.0	262144.0	2399.77	6815
234.0	262144.0	2348.54	6816
164.0	262144.0	2217.42	6817
169.0	262144.0	2271.75	6818
116.0	262144.0	2243.97	6819
0.0	33028.90478515625	270.74	6820
146.0	262144.0	2294.23	6821
0.0	132309.67742919922	1126.02	6822
110.0	262144.0	2323.26	6823
144.0	262144.0	2283.55	6824
156.0	262144.0	2345.44	6825
216.0	262144.0	2313.86	6826
171.0	262144.0	2375.7	6827
0.0	51596.99694824219	432.04	6828
193.0	262144.0	2380.64	6829
153.0	262144.0	2372.49	6830
184.0	262144.0	2378.5	6831
