# order  nit
0	398.78955078125
1	414.6171875
2	489.96484375
3	505.92529296875
4	509.24951171875
5	543.8740234375
6	625.767578125
7	634.3583984375
8	656.45166015625
9	659.841796875
10	695.35302734375
11	695.90625
12	698.361328125
13	712.59033203125
14	720.29931640625
15	764.3193359375
16	770.51806640625
17	778.62646484375
18	796.07421875
19	833.06982421875
20	849.10498046875
21	851.02734375
22	865.7822265625
23	866.1044921875
24	869.08935546875
25	870.6591796875
26	872.89013671875
27	883.5166015625
28	884.57373046875
29	886.2705078125
30	899.333984375
31	918.70068359375
32	919.65234375
33	925.0341796875
34	925.72998046875
35	932.1181640625
36	933.07421875
37	934.26416015625
38	935.20361328125
39	938.83837890625
40	943.79931640625
41	945.4169921875
42	958.08447265625
43	971.6435546875
44	973.41943359375
45	981.91796875
46	984.39013671875
47	997.93017578125
48	999.21728515625
49	1008.97607421875
50	1009.73779296875
51	1013.62109375
52	1020.82470703125
53	1031.01416015625
54	1033.4892578125
55	1039.57470703125
56	1040.94921875
57	1044.9296875
58	1059.56884765625
59	1062.5283203125
60	1088.98876953125
61	1090.2900390625
62	1093.1376953125
63	1098.3154296875
64	1136.17626953125
65	1144.3046875
66	1149.31298828125
67	1150.1806640625
68	1151.4716796875
69	1152.71435546875
70	1154.69384765625
71	1155.3154296875
72	1160.91650390625
73	1161.39697265625
74	1172.162109375
75	1173.08935546875
76	1178.2958984375
77	1178.6181640625
78	1191.5703125
79	1191.59326171875
80	1205.267578125
81	1206.14013671875
82	1225.73974609375
83	1228.28369140625
84	1236.08642578125
85	1236.802734375
86	1239.4638671875
87	1243.77587890625
88	1243.9365234375
89	1255.70263671875
90	1257.9072265625
91	1258.82958984375
92	1260.82470703125
93	1264.4814453125
94	1265.05712890625
95	1266.22705078125
96	1267.22216796875
97	1268.2119140625
98	1271.7373046875
99	1272.6728515625
100	1272.9658203125
101	1273.77685546875
102	1276.482421875
103	1284.34765625
104	1290.40771484375
105	1290.9296875
106	1291.44873046875
107	1302.3583984375
108	1306.14013671875
109	1310.162109375
110	1311.92919921875
111	1313.52294921875
112	1316.34423828125
113	1317.759765625
114	1325.4892578125
115	1337.046875
116	1352.02001953125
117	1352.35400390625
118	1360.6640625
119	1365.97216796875
120	1367.0556640625
121	1368.3994140625
122	1369.2216796875
123	1372.7099609375
124	1373.37890625
125	1375.029296875
126	1378.1201171875
127	1384.96240234375
128	1389.17919921875
129	1391.8798828125
130	1402.50341796875
131	1404.98583984375
132	1412.8173828125
133	1416.98876953125
134	1418.33740234375
135	1419.482421875
136	1425.75927734375
137	1431.9599609375
138	1434.693359375
139	1434.8125
140	1436.56787109375
141	1437.193359375
142	1442.41845703125
143	1444.15869140625
144	1446.64892578125
145	1447.6865234375
146	1454.77783203125
147	1454.87646484375
148	1456.46337890625
149	1457.3017578125
150	1458.1630859375
151	1461.775390625
152	1463.4853515625
153	1480.220703125
154	1480.53515625
155	1485.33203125
156	1490.61181640625
157	1494.75732421875
158	1497.04150390625
159	1502.6708984375
160	1503.28076171875
161	1503.4853515625
162	1505.76318359375
163	1521.45849609375
164	1536.5068359375
165	1538.9736328125
166	1541.404296875
167	1557.26513671875
168	1559.72314453125
169	1560.955078125
170	1573.3759765625
171	1573.97998046875
172	1580.54345703125
173	1588.806640625
174	1592.43017578125
175	1599.6494140625
176	1601.9296875
177	1602.25439453125
178	1602.95556640625
179	1604.8818359375
180	1613.29638671875
181	1620.15185546875
182	1622.50146484375
183	1629.6171875
184	1630.33203125
185	1632.44140625
186	1635.294921875
187	1640.30615234375
188	1644.26416015625
189	1656.59521484375
190	1663.22265625
191	1668.97021484375
192	1669.77880859375
193	1669.82861328125
194	1675.23388671875
195	1675.3642578125
196	1675.513671875
197	1681.62939453125
198	1684.88330078125
199	1688.724609375
200	1689.28125
201	1691.720703125
202	1692.60205078125
203	1696.8603515625
204	1698.220703125
205	1701.12158203125
206	1701.779296875
207	1706.03125
208	1710.2822265625
209	1713.275390625
210	1715.14013671875
211	1718.01806640625
212	1735.55322265625
213	1738.4033203125
214	1742.48779296875
215	1751.8583984375
216	1760.880859375
217	1761.53857421875
218	1769.57421875
219	1771.16259765625
220	1777.29345703125
221	1777.50927734375
222	1782.1806640625
223	1783.38134765625
224	1785.75537109375
225	1787.896484375
226	1792.119140625
227	1795.1181640625
228	1795.88916015625
229	1801.27099609375
230	1802.83203125
231	1805.72998046875
232	1805.96240234375
233	1807.91357421875
234	1811.12939453125
235	1815.16259765625
236	1816.34716796875
237	1820.49267578125
238	1824.7578125
239	1827.83251953125
240	1833.791015625
241	1846.7373046875
242	1852.0966796875
243	1858.51708984375
244	1863.2861328125
245	1863.5380859375
246	1869.9658203125
247	1880.26123046875
248	1889.041015625
249	1892.73828125
250	1893.94189453125
251	1898.85107421875
252	1900.0185546875
253	1901.28662109375
254	1901.5595703125
255	1902.732421875
256	1906.9443359375
257	1915.0712890625
258	1915.1328125
259	1916.09619140625
260	1916.20751953125
261	1921.58154296875
262	1924.64013671875
263	1924.7314453125
264	1924.818359375
265	1933.8974609375
266	1934.4462890625
267	1934.76318359375
268	1934.9072265625
269	1936.900390625
270	1939.16943359375
271	1943.0654296875
272	1952.47216796875
273	1953.009765625
274	1953.85302734375
275	1956.21923828125
276	1956.67626953125
277	1957.041015625
278	1957.4267578125
279	1959.4501953125
280	1964.380859375
281	1965.634765625
282	1966.1630859375
283	1968.09814453125
284	1972.67333984375
285	1978.6298828125
286	1996.69775390625
287	2000.59912109375
288	2010.6826171875
289	2012.08349609375
290	2012.80419921875
291	2013.39404296875
292	2014.2841796875
293	2022.873046875
294	2032.60986328125
295	2037.28466796875
296	2038.8203125
297	2054.1416015625
298	2054.6298828125
299	2057.20703125
300	2058.02392578125
301	2058.203125
302	2063.29541015625
303	2079.13427734375
304	2084.5654296875
305	2089.39453125
306	2089.85107421875
307	2092.83349609375
308	2093.3671875
309	2098.5771484375
310	2099.01123046875
311	2104.75732421875
312	2117.189453125
313	2118.34619140625
314	2121.80322265625
315	2124.29150390625
316	2128.4267578125
317	2130.3310546875
318	2137.51513671875
319	2143.1845703125
320	2144.87060546875
321	2146.19580078125
322	2149.90234375
323	2159.80078125
324	2160.0693359375
325	2160.10400390625
326	2164.78173828125
327	2170.833984375
328	2184.77099609375
329	2185.30419921875
330	2186.59130859375
331	2190.63671875
332	2190.91064453125
333	2191.58837890625
334	2194.40869140625
335	2201.97021484375
336	2213.2802734375
337	2216.166015625
338	2217.634765625
339	2217.91064453125
340	2221.30419921875
341	2222.70556640625
342	2223.46240234375
343	2235.15234375
344	2246.287109375
345	2247.16943359375
346	2254.24365234375
347	2256.521484375
348	2263.060546875
349	2273.80029296875
350	2274.34814453125
351	2280.34765625
352	2281.02099609375
353	2286.0390625
354	2286.685546875
355	2288.08203125
356	2290.7802734375
357	2294.58203125
358	2299.431640625
359	2302.46533203125
360	2303.7900390625
361	2312.5009765625
362	2315.04736328125
363	2330.2275390625
364	2333.9677734375
365	2334.4853515625
366	2336.13037109375
367	2341.318359375
368	2353.77099609375
369	2356.099609375
370	2357.5732421875
371	2362.08251953125
372	2363.6845703125
373	2366.51953125
374	2380.30322265625
375	2385.74072265625
376	2394.955078125
377	2398.03369140625
378	2398.6875
379	2403.13671875
380	2404.810546875
381	2405.8203125
382	2406.6728515625
383	2410.169921875
384	2411.34765625
385	2424.25
386	2426.01123046875
387	2426.23974609375
388	2428.93408203125
389	2433.10986328125
390	2443.82666015625
391	2444.72216796875
392	2446.33984375
393	2447.20458984375
394	2447.24462890625
395	2451.4482421875
396	2455.19287109375
397	2462.32763671875
398	2468.99365234375
399	2469.84130859375
400	2473.90380859375
401	2474.45947265625
402	2480.5732421875
403	2484.28857421875
404	2486.568359375
405	2496.71142578125
406	2499.5087890625
407	2516.01611328125
408	2518.365234375
409	2523.99462890625
410	2533.51708984375
411	2553.27099609375
412	2557.62353515625
413	2563.87109375
414	2564.4677734375
415	2564.6328125
416	2567.19287109375
417	2572.88134765625
418	2578.1181640625
419	2579.87109375
420	2579.89501953125
421	2580.7978515625
422	2581.37451171875
423	2583.00390625
424	2586.42578125
425	2590.52001953125
426	2599.0302734375
427	2601.73974609375
428	2611.5888671875
429	2626.97119140625
430	2636.36181640625
431	2636.9091796875
432	2641.0185546875
433	2654.49658203125
434	2655.46337890625
435	2668.77490234375
436	2669.53173828125
437	2675.08740234375
438	2680.166015625
439	2686.03369140625
440	2686.984375
441	2688.06103515625
442	2698.841796875
443	2706.81591796875
444	2710.73974609375
445	2719.89990234375
446	2729.6572265625
447	2730.9677734375
448	2736.00341796875
449	2736.392578125
450	2739.59423828125
451	2742.19970703125
452	2743.47509765625
453	2749.35302734375
454	2750.5126953125
455	2752.2138671875
456	2763.830078125
457	2770.59814453125
458	2770.6904296875
459	2771.32958984375
460	2776.4453125
461	2780.85400390625
462	2782.322265625
463	2794.5654296875
464	2799.32373046875
465	2803.6533203125
466	2807.52734375
467	2810.51025390625
468	2812.59521484375
469	2814.611328125
470	2814.826171875
471	2816.0166015625
472	2816.55810546875
473	2819.79541015625
474	2820.4140625
475	2820.64013671875
476	2820.65966796875
477	2822.09521484375
478	2830.2900390625
479	2849.36865234375
480	2851.8837890625
481	2857.02197265625
482	2859.6552734375
483	2868.6572265625
484	2875.23583984375
485	2879.37451171875
486	2882.919921875
487	2884.623046875
488	2887.28955078125
489	2887.60791015625
490	2897.76513671875
491	2909.76953125
492	2910.013671875
493	2919.8154296875
494	2922.21728515625
495	2925.3203125
496	2925.68017578125
497	2926.30712890625
498	2930.181640625
499	2936.53955078125
500	2944.58447265625
501	2949.09033203125
502	2955.31787109375
503	2967.7353515625
504	2972.97021484375
505	2984.93359375
506	2985.49365234375
507	2988.5947265625
508	2990.5810546875
509	2995.01416015625
510	2995.7236328125
511	2998.0703125
512	3008.5595703125
513	3008.880859375
514	3009.63720703125
515	3010.466796875
516	3013.77001953125
517	3019.04052734375
518	3024.41943359375
519	3025.9296875
520	3031.5537109375
521	3042.25244140625
522	3042.57177734375
523	3043.1767578125
524	3045.3310546875
525	3045.84033203125
526	3047.2353515625
527	3047.2822265625
528	3050.51904296875
529	3060.2138671875
530	3065.92822265625
531	3066.306640625
532	3067.48583984375
533	3070.068359375
534	3073.89111328125
535	3081.49267578125
536	3081.67236328125
537	3101.8486328125
538	3112.865234375
539	3116.37353515625
540	3117.099609375
541	3123.2373046875
542	3126.31298828125
543	3128.08447265625
544	3128.2216796875
545	3128.703125
546	3136.99658203125
547	3137.900390625
548	3144.6884765625
549	3153.91943359375
550	3159.68310546875
551	3160.1767578125
552	3166.62841796875
553	3171.93701171875
554	3177.54541015625
555	3177.55517578125
556	3180.14404296875
557	3185.96435546875
558	3193.13623046875
559	3193.443359375
560	3202.9853515625
561	3228.6982421875
562	3228.77685546875
563	3230.74072265625
564	3230.939453125
565	3235.2060546875
566	3237.19921875
567	3246.44482421875
568	3252.00537109375
569	3255.146484375
570	3256.31494140625
571	3261.3896484375
572	3262.27880859375
573	3269.86767578125
574	3271.67724609375
575	3271.8974609375
576	3277.51318359375
577	3282.79736328125
578	3289.1005859375
579	3289.85400390625
580	3295.50927734375
581	3298.501953125
582	3299.373046875
583	3299.3837890625
584	3309.7041015625
585	3309.9873046875
586	3310.5849609375
587	3313.21875
588	3314.1796875
589	3314.54736328125
590	3318.54736328125
591	3329.3974609375
592	3343.2646484375
593	3343.3798828125
594	3343.9453125
595	3350.38916015625
596	3351.81787109375
597	3353.9931640625
598	3355.11328125
599	3355.4755859375
600	3359.27001953125
601	3364.5625
602	3365.19970703125
603	3366.72607421875
604	3369.80517578125
605	3387.296875
606	3394.9248046875
607	3400.443359375
608	3401.0361328125
609	3405.52978515625
610	3406.72705078125
611	3407.37939453125
612	3411.71728515625
613	3414.66845703125
614	3417.7568359375
615	3423.1015625
616	3423.10595703125
617	3425.37060546875
618	3429.94287109375
619	3430.4033203125
620	3432.06591796875
621	3434.345703125
622	3435.4443359375
623	3436.05859375
624	3439.70947265625
625	3445.146484375
626	3446.7314453125
627	3455.40673828125
628	3459.24462890625
629	3465.0263671875
630	3468.53759765625
631	3468.63720703125
632	3471.27587890625
633	3473.3095703125
634	3473.482421875
635	3479.9384765625
636	3483.59375
637	3491.65673828125
638	3494.8544921875
639	3495.42578125
640	3497.15869140625
641	3502.763671875
642	3520.220703125
643	3523.07373046875
644	3526.90673828125
645	3531.537109375
646	3538.2998046875
647	3544.79833984375
648	3551.35693359375
649	3555.85107421875
650	3560.67626953125
651	3571.92822265625
652	3573.056640625
653	3583.47900390625
654	3583.84326171875
655	3584.400390625
656	3584.52392578125
657	3585.90380859375
658	3586.5419921875
659	3587.45361328125
660	3589.21533203125
661	3597.92138671875
662	3604.82177734375
663	3608.66748046875
664	3621.47900390625
665	3621.912109375
666	3624.44091796875
667	3629.2099609375
668	3629.45947265625
669	3630.04150390625
670	3634.931640625
671	3636.69482421875
672	3637.88330078125
673	3644.54833984375
674	3653.12158203125
675	3654.15771484375
676	3654.46044921875
677	3655.12841796875
678	3663.19580078125
679	3664.5205078125
680	3667.7783203125
681	3668.83544921875
682	3676.58642578125
683	3678.7958984375
684	3689.6396484375
685	3697.82763671875
686	3709.2080078125
687	3711.03076171875
688	3712.81298828125
689	3714.859375
690	3715.9287109375
691	3716.57421875
692	3718.91064453125
693	3719.92041015625
694	3721.5673828125
695	3724.36767578125
696	3724.75390625
697	3726.4990234375
698	3733.8720703125
699	3734.83154296875
700	3735.41796875
701	3759.625
702	3766.0244140625
703	3778.63232421875
704	3779.421875
705	3779.57421875
706	3784.6767578125
707	3794.2490234375
708	3795.08154296875
709	3797.544921875
710	3797.73046875
711	3797.943359375
712	3798.52685546875
713	3804.0458984375
714	3822.0849609375
715	3828.78369140625
716	3831.82080078125
717	3834.5244140625
718	3841.10888671875
719	3841.55712890625
720	3850.57958984375
721	3858.66748046875
722	3862.85693359375
723	3866.08154296875
724	3867.74560546875
725	3879.515625
726	3890.9384765625
727	3892.59033203125
728	3894.9716796875
729	3901.92626953125
730	3909.70654296875
731	3914.07373046875
732	3915.13330078125
733	3919.69091796875
734	3924.69287109375
735	3933.85400390625
736	3937.81494140625
737	3941.94775390625
738	3944.4541015625
739	3946.1337890625
740	3951.22900390625
741	3954.7099609375
742	3960.4267578125
743	3966.70458984375
744	3967.29736328125
745	3970.62060546875
746	3972.9521484375
747	3974.96142578125
748	3992.4462890625
749	3995.2197265625
750	3996.6982421875
751	4000.240234375
752	4001.46142578125
753	4010.1162109375
754	4012.20263671875
755	4018.75
756	4038.591796875
757	4047.69091796875
758	4052.48095703125
759	4052.66357421875
760	4064.54345703125
761	4069.32421875
762	4091.37744140625
763	4098.23046875
764	4102.0029296875
765	4106.97265625
766	4125.74853515625
767	4126.40576171875
768	4131.4638671875
769	4139.30224609375
770	4140.638671875
771	4140.91650390625
772	4147.54052734375
773	4152.1728515625
774	4164.9599609375
775	4172.416015625
776	4180.66796875
777	4182.48486328125
778	4191.5615234375
779	4192.5390625
780	4196.623046875
781	4199.869140625
782	4215.05419921875
783	4220.2509765625
784	4231.9580078125
785	4239.97265625
786	4241.6552734375
787	4241.892578125
788	4247.23974609375
789	4259.05859375
790	4268.84423828125
791	4270.064453125
792	4271.92578125
793	4273.6064453125
794	4275.94921875
795	4278.8037109375
796	4279.96728515625
797	4285.00830078125
798	4289.1630859375
799	4294.67333984375
800	4299.74755859375
801	4300.3662109375
802	4306.29443359375
803	4311.3984375
804	4312.767578125
805	4313.08984375
806	4316.349609375
807	4323.99169921875
808	4333.349609375
809	4334.37060546875
810	4343.806640625
811	4346.4052734375
812	4348.72314453125
813	4360.97900390625
814	4367.10791015625
815	4369.23974609375
816	4375.29736328125
817	4378.67919921875
818	4385.408203125
819	4393.03466796875
820	4394.2509765625
821	4397.81982421875
822	4398.3916015625
823	4400.763671875
824	4408.455078125
825	4412.44091796875
826	4419.14453125
827	4419.47802734375
828	4429.9443359375
829	4438.9697265625
830	4440.62646484375
831	4452.4375
832	4460.0146484375
833	4461.1611328125
834	4461.33837890625
835	4467.744140625
836	4467.9521484375
837	4470.267578125
838	4479.01318359375
839	4485.158203125
840	4486.4658203125
841	4496.1357421875
842	4496.22265625
843	4502.44140625
844	4504.80712890625
845	4514.234375
846	4518.05810546875
847	4537.03125
848	4539.3837890625
849	4541.0390625
850	4541.83544921875
851	4542.916015625
852	4544.52294921875
853	4549.384765625
854	4563.34228515625
855	4564.904296875
856	4578.5869140625
857	4580.328125
858	4593.765625
859	4602.1259765625
860	4607.16357421875
861	4615.75048828125
862	4616.56396484375
863	4630.826171875
864	4634.564453125
865	4647.4501953125
866	4654.265625
867	4658.78369140625
868	4675.3466796875
869	4687.43896484375
870	4696.16748046875
871	4700.23486328125
872	4706.06494140625
873	4712.84228515625
874	4728.01416015625
875	4735.83837890625
876	4739.22265625
877	4744.583984375
878	4744.6064453125
879	4762.97412109375
880	4776.5693359375
881	4783.60595703125
882	4788.61376953125
883	4788.94873046875
884	4794.8642578125
885	4795.26025390625
886	4800.830078125
887	4800.88720703125
888	4803.18798828125
889	4803.75390625
890	4808.1923828125
891	4808.32666015625
892	4817.5458984375
893	4819.171875
894	4820.73193359375
895	4835.5029296875
896	4835.994140625
897	4848.04296875
898	4848.80322265625
899	4861.56591796875
900	4868.1005859375
901	4868.1142578125
902	4873.6953125
903	4878.4521484375
904	4879.197265625
905	4880.91162109375
906	4882.61767578125
907	4886.18310546875
908	4889.39453125
909	4894.7451171875
910	4895.44482421875
911	4900.34765625
912	4902.43212890625
913	4902.57666015625
914	4909.3681640625
915	4909.80419921875
916	4911.76953125
917	4913.58349609375
918	4917.78564453125
919	4922.2705078125
920	4924.22998046875
921	4925.951171875
922	4929.93212890625
923	4933.8828125
924	4940.82373046875
925	4942.384765625
926	4945.43408203125
927	4945.767578125
928	4949.333984375
929	4954.39599609375
930	4967.08984375
931	4968.662109375
932	4973.4140625
933	4976.462890625
934	4982.38671875
935	4992.2998046875
936	4999.65625
937	4999.96923828125
938	5002.06103515625
939	5003.48828125
940	5015.91796875
941	5017.4775390625
942	5019.5517578125
943	5027.03466796875
944	5028.06494140625
945	5034.5419921875
946	5037.13232421875
947	5038.322265625
948	5042.78369140625
949	5055.4267578125
950	5060.74951171875
951	5064.74462890625
952	5074.93359375
953	5079.7509765625
954	5081.521484375
955	5084.40771484375
956	5098.9755859375
957	5105.81494140625
958	5106.6845703125
959	5117.404296875
960	5125.1904296875
961	5137.49560546875
962	5149.27587890625
963	5153.6572265625
964	5153.97412109375
965	5157.6806640625
966	5158.00390625
967	5163.91162109375
968	5164.2548828125
969	5168.35205078125
970	5169.42431640625
971	5173.84033203125
972	5174.47607421875
973	5176.86328125
974	5179.90283203125
975	5186.81103515625
976	5191.4482421875
977	5199.60205078125
978	5199.78857421875
979	5200.1875
980	5215.7763671875
981	5216.23681640625
982	5216.9111328125
983	5217.4140625
984	5225.95703125
985	5226.80859375
986	5226.82666015625
987	5229.77685546875
988	5240.37939453125
989	5240.7861328125
990	5243.41748046875
991	5250.388671875
992	5253.3037109375
993	5253.5859375
994	5254.875
995	5261.00732421875
996	5264.6591796875
997	5285.953125
998	5306.1064453125
999	5313.046875
1000	5317.244140625
1001	5333.98974609375
1002	5351.25244140625
1003	5359.4775390625
1004	5359.50048828125
1005	5360.16455078125
1006	5363.87890625
1007	5384.58447265625
1008	5386.71923828125
1009	5404.7685546875
1010	5418.173828125
1011	5418.4306640625
1012	5420.6630859375
1013	5428.830078125
1014	5438.54248046875
1015	5458.2392578125
1016	5458.9443359375
1017	5460.40576171875
1018	5467.81591796875
1019	5477.099609375
1020	5477.2158203125
1021	5481.01220703125
1022	5486.49609375
1023	5490.63916015625
1024	5497.42431640625
1025	5498.39013671875
1026	5500.5986328125
1027	5504.478515625
1028	5514.3701171875
1029	5516.98046875
1030	5517.60595703125
1031	5521.162109375
1032	5521.279296875
1033	5525.9140625
1034	5537.0224609375
1035	5541.4755859375
1036	5541.86376953125
1037	5551.7587890625
1038	5563.24658203125
1039	5586.46826171875
1040	5586.56103515625
1041	5591.34912109375
1042	5591.416015625
1043	5594.9873046875
1044	5598.54541015625
1045	5603.59814453125
1046	5617.26953125
1047	5618.029296875
1048	5621.3115234375
1049	5622.88720703125
1050	5627.62109375
1051	5628.2841796875
1052	5646.7900390625
1053	5649.78076171875
1054	5650.5029296875
1055	5665.21630859375
1056	5669.03369140625
1057	5671.79296875
1058	5673.00537109375
1059	5675.84033203125
1060	5676.88134765625
1061	5684.54833984375
1062	5688.2626953125
1063	5696.65673828125
1064	5697.291015625
1065	5700.9794921875
1066	5707.8466796875
1067	5710.35595703125
1068	5710.36279296875
1069	5712.72412109375
1070	5713.8369140625
1071	5721.2822265625
1072	5723.56494140625
1073	5725.9755859375
1074	5735.234375
1075	5753.3720703125
1076	5758.02294921875
1077	5759.4697265625
1078	5767.37890625
1079	5769.39013671875
1080	5771.0078125
1081	5771.2353515625
1082	5776.6201171875
1083	5777.16796875
1084	5785.74560546875
1085	5787.259765625
1086	5791.82177734375
1087	5800.55126953125
1088	5811.990234375
1089	5827.0810546875
1090	5827.49609375
1091	5836.3056640625
1092	5837.9677734375
1093	5842.90576171875
1094	5844.73193359375
1095	5850.14404296875
1096	5851.10400390625
1097	5852.8681640625
1098	5854.85400390625
1099	5857.75927734375
1100	5866.61181640625
1101	5874.435546875
1102	5887.7392578125
1103	5893.939453125
1104	5895.20458984375
1105	5897.26220703125
1106	5898.29345703125
1107	5900.37060546875
1108	5902.99267578125
1109	5906.12890625
1110	5906.59033203125
1111	5910.15185546875
1112	5921.5322265625
1113	5933.11474609375
1114	5935.990234375
1115	5936.876953125
1116	5937.0361328125
1117	5946.97705078125
1118	5947.08837890625
1119	5957.8232421875
1120	5981.6533203125
1121	5987.9697265625
1122	6000.86376953125
1123	6005.03759765625
1124	6018.97021484375
1125	6023.2734375
1126	6025.1787109375
1127	6030.94921875
1128	6039.5009765625
1129	6042.029296875
1130	6043.8662109375
1131	6058.92138671875
1132	6070.59619140625
1133	6090.69091796875
1134	6105.29736328125
1135	6105.65234375
1136	6124.07763671875
1137	6140.6953125
1138	6151.14111328125
1139	6165.291015625
1140	6169.83984375
1141	6175.74658203125
1142	6182.83544921875
1143	6187.0830078125
1144	6203.6943359375
1145	6205.16259765625
1146	6210.759765625
1147	6218.26953125
1148	6224.56298828125
1149	6225.98046875
1150	6237.5390625
1151	6239.365234375
1152	6242.40576171875
1153	6243.099609375
1154	6245.9677734375
1155	6247.1201171875
1156	6249.23486328125
1157	6260.5439453125
1158	6261.11767578125
1159	6263.8779296875
1160	6273.41357421875
1161	6278.73583984375
1162	6288.00146484375
1163	6294.08642578125
1164	6294.33447265625
1165	6303.4091796875
1166	6332.24609375
1167	6337.73583984375
1168	6341.4521484375
1169	6343.25634765625
1170	6348.22509765625
1171	6357.5810546875
1172	6363.423828125
1173	6373.58056640625
1174	6391.27978515625
1175	6399.49365234375
1176	6427.8310546875
1177	6428.57568359375
1178	6433.26318359375
1179	6440.20947265625
1180	6445.22021484375
1181	6447.15087890625
1182	6455.79345703125
1183	6457.59326171875
1184	6457.94580078125
1185	6463.95751953125
1186	6464.947265625
1187	6469.34326171875
1188	6475.48779296875
1189	6477.96728515625
1190	6489.8515625
1191	6491.94189453125
1192	6493.345703125
1193	6498.69775390625
1194	6502.42431640625
1195	6503.62255859375
1196	6516.98095703125
1197	6517.3955078125
1198	6519.7392578125
1199	6525.40185546875
1200	6542.55126953125
1201	6548.77197265625
1202	6552.13037109375
1203	6552.38427734375
1204	6559.42822265625
1205	6569.87939453125
1206	6573.640625
1207	6584.20068359375
1208	6603.84033203125
1209	6606.05126953125
1210	6607.47998046875
1211	6612.3818359375
1212	6612.50390625
1213	6626.47119140625
1214	6627.4814453125
1215	6627.5341796875
1216	6628.85302734375
1217	6637.12060546875
1218	6638.48046875
1219	6640.3779296875
1220	6646.6162109375
1221	6650.95654296875
1222	6651.998046875
1223	6660.71435546875
1224	6661.51513671875
1225	6667.1005859375
1226	6673.1884765625
1227	6674.10791015625
1228	6694.74658203125
1229	6702.96240234375
1230	6708.8447265625
1231	6721.54345703125
1232	6723.0009765625
1233	6726.67333984375
1234	6730.55419921875
1235	6731.1650390625
1236	6734.9462890625
1237	6740.39892578125
1238	6741.7744140625
1239	6749.38916015625
1240	6776.37353515625
1241	6777.06689453125
1242	6777.73876953125
1243	6777.92431640625
1244	6786.8623046875
1245	6793.3330078125
1246	6796.1064453125
1247	6810.6826171875
1248	6824.068359375
1249	6825.15234375
1250	6843.4921875
1251	6844.18310546875
1252	6846.3525390625
1253	6850.33740234375
1254	6851.2216796875
1255	6853.30029296875
1256	6860.78076171875
1257	6861.9736328125
1258	6866.95654296875
1259	6875.7265625
1260	6877.73388671875
1261	6879.82080078125
1262	6881.46533203125
1263	6885.8798828125
1264	6888.16357421875
1265	6890.8134765625
1266	6892.044921875
1267	6894.74072265625
1268	6900.296875
1269	6900.66162109375
1270	6903.33837890625
1271	6915.1240234375
1272	6915.93994140625
1273	6916.498046875
1274	6922.96337890625
1275	6923.705078125
1276	6932.9423828125
1277	6934.7119140625
1278	6954.67333984375
1279	6955.10986328125
1280	6959.1845703125
1281	6960.84521484375
1282	6962.54541015625
1283	6969.70068359375
1284	6971.33935546875
1285	7001.12744140625
1286	7006.81005859375
1287	7027.84228515625
1288	7029.78173828125
1289	7029.89697265625
1290	7034.52783203125
1291	7048.169921875
1292	7054.82275390625
1293	7061.49267578125
1294	7064.4755859375
1295	7072.4677734375
1296	7073.76025390625
1297	7073.927734375
1298	7077.26904296875
1299	7083.701171875
1300	7100.68798828125
1301	7103.52001953125
1302	7108.763671875
1303	7110.18994140625
1304	7112.57470703125
1305	7114.103515625
1306	7114.484375
1307	7127.24951171875
1308	7127.27490234375
1309	7135.67578125
1310	7137.4423828125
1311	7147.2041015625
1312	7151.37548828125
1313	7157.13525390625
1314	7157.91162109375
1315	7160.54541015625
1316	7161.00341796875
1317	7167.724609375
1318	7170.5595703125
1319	7174.490234375
1320	7178.8359375
1321	7178.92236328125
1322	7180.3955078125
1323	7182.865234375
1324	7188.7734375
1325	7213.01806640625
1326	7215.53125
1327	7215.68603515625
1328	7216.8251953125
1329	7221.24365234375
1330	7223.1787109375
1331	7228.02490234375
1332	7243.140625
1333	7245.78857421875
1334	7246.236328125
1335	7252.60302734375
1336	7255.9833984375
1337	7260.09716796875
1338	7264.6904296875
1339	7276.953125
1340	7278.5048828125
1341	7291.49169921875
1342	7291.60888671875
1343	7294.36962890625
1344	7310.15673828125
1345	7311.134765625
1346	7314.158203125
1347	7327.9833984375
1348	7331.3447265625
1349	7334.47021484375
1350	7345.62646484375
1351	7355.654296875
1352	7360.0908203125
1353	7362.6396484375
1354	7370.31201171875
1355	7376.0849609375
1356	7381.80712890625
1357	7397.42529296875
1358	7399.91796875
1359	7405.048828125
1360	7408.84619140625
1361	7412.2431640625
1362	7422.98193359375
1363	7423.6279296875
1364	7435.13818359375
1365	7440.8662109375
1366	7465.95849609375
1367	7470.76904296875
1368	7487.49951171875
1369	7499.96630859375
1370	7504.0751953125
1371	7516.779296875
1372	7531.6201171875
1373	7535.7412109375
1374	7538.14697265625
1375	7554.37890625
1376	7558.166015625
1377	7572.14599609375
1378	7577.45361328125
1379	7580.5322265625
1380	7591.66650390625
1381	7599.45703125
1382	7603.44921875
1383	7628.77978515625
1384	7633.60986328125
1385	7645.98583984375
1386	7661.44384765625
1387	7668.046875
1388	7670.0517578125
1389	7670.7734375
1390	7674.6806640625
1391	7693.76904296875
1392	7699.09033203125
1393	7712.513671875
1394	7726.08203125
1395	7731.65576171875
1396	7732.7236328125
1397	7744.61669921875
1398	7749.25390625
1399	7749.8994140625
1400	7761.42333984375
1401	7768.72265625
1402	7770.73974609375
1403	7797.9482421875
1404	7832.00830078125
1405	7833.0859375
1406	7836.50244140625
1407	7841.130859375
1408	7843.8427734375
1409	7847.79248046875
1410	7849.52880859375
1411	7853.9130859375
1412	7854.67724609375
1413	7858.736328125
1414	7875.06640625
1415	7890.015625
1416	7896.04248046875
1417	7896.51416015625
1418	7907.91650390625
1419	7918.0947265625
1420	7931.43408203125
1421	7931.759765625
1422	7935.03857421875
1423	7945.21484375
1424	7962.54931640625
1425	7969.6953125
1426	7975.86669921875
1427	7987.9423828125
1428	7991.427734375
1429	8000.2041015625
1430	8001.66357421875
1431	8028.66943359375
1432	8031.10986328125
1433	8034.35888671875
1434	8038.48291015625
1435	8049.6142578125
1436	8050.83056640625
1437	8061.62255859375
1438	8071.65283203125
1439	8081.39404296875
1440	8081.48095703125
1441	8102.3701171875
1442	8102.693359375
1443	8110.185546875
1444	8111.64697265625
1445	8122.6455078125
1446	8124.275390625
1447	8127.466796875
1448	8129.41357421875
1449	8130.99072265625
1450	8133.51806640625
1451	8134.2001953125
1452	8146.75830078125
1453	8162.74951171875
1454	8165.42578125
1455	8168.71240234375
1456	8170.8896484375
1457	8180.255859375
1458	8181.97607421875
1459	8185.16162109375
1460	8186.93408203125
1461	8192.76025390625
1462	8212.78466796875
1463	8225.80322265625
1464	8227.5654296875
1465	8242.193359375
1466	8245.7431640625
1467	8246.34765625
1468	8250.61181640625
1469	8250.97509765625
1470	8265.76708984375
1471	8270.5537109375
1472	8273.349609375
1473	8273.7763671875
1474	8300.93896484375
1475	8330.2060546875
1476	8342.00732421875
1477	8342.796875
1478	8343.20166015625
1479	8361.9208984375
1480	8362.4609375
1481	8368.0068359375
1482	8376.65625
1483	8382.7724609375
1484	8393.24072265625
1485	8401.41259765625
1486	8408.490234375
1487	8411.556640625
1488	8411.876953125
1489	8428.82421875
1490	8438.5205078125
1491	8439.87548828125
1492	8443.4560546875
1493	8449.12548828125
1494	8449.84326171875
1495	8449.89697265625
1496	8464.1572265625
1497	8469.4921875
1498	8475.2265625
1499	8480.42333984375
1500	8483.41845703125
1501	8487.642578125
1502	8490.16796875
1503	8495.58642578125
1504	8504.36181640625
1505	8520.224609375
1506	8522.16064453125
1507	8526.47216796875
1508	8528.28515625
1509	8531.28857421875
1510	8535.529296875
1511	8554.99853515625
1512	8577.43896484375
1513	8586.1591796875
1514	8589.57568359375
1515	8592.595703125
1516	8603.97900390625
1517	8620.74267578125
1518	8625.5947265625
1519	8626.70849609375
1520	8633.13330078125
1521	8648.1201171875
1522	8651.91845703125
1523	8655.45703125
1524	8655.4716796875
1525	8677.5390625
1526	8688.13623046875
1527	8693.7705078125
1528	8704.638671875
1529	8733.2744140625
1530	8734.333984375
1531	8746.837890625
1532	8754.33642578125
1533	8767.93994140625
1534	8776.40625
1535	8785.63232421875
1536	8798.7236328125
1537	8807.4267578125
1538	8839.08837890625
1539	8851.59619140625
1540	8852.412109375
1541	8886.04150390625
1542	8898.712890625
1543	8912.46875
1544	8917.73291015625
1545	8917.759765625
1546	8919.09912109375
1547	8924.2705078125
1548	8928.3935546875
1549	8931.16796875
1550	8935.38720703125
1551	8940.99755859375
1552	8949.69287109375
1553	8977.25927734375
1554	8982.37158203125
1555	8987.50830078125
1556	9009.001953125
1557	9017.693359375
1558	9050.7685546875
1559	9056.4990234375
1560	9088.37841796875
1561	9091.06591796875
1562	9093.07275390625
1563	9118.8310546875
1564	9120.55029296875
1565	9125.10986328125
1566	9130.578125
1567	9156.451171875
1568	9156.68994140625
1569	9168.3984375
1570	9173.169921875
1571	9185.87548828125
1572	9187.076171875
1573	9208.396484375
1574	9211.15380859375
1575	9212.453125
1576	9238.9638671875
1577	9254.7763671875
1578	9266.59814453125
1579	9282.228515625
1580	9287.08203125
1581	9287.4248046875
1582	9309.78173828125
1583	9322.41748046875
1584	9326.06640625
1585	9327.814453125
1586	9332.01171875
1587	9336.37939453125
1588	9337.5546875
1589	9345.2978515625
1590	9360.50341796875
1591	9390.3681640625
1592	9390.74609375
1593	9392.54248046875
1594	9394.478515625
1595	9405.337890625
1596	9410.56884765625
1597	9412.5849609375
1598	9442.04638671875
1599	9444.70849609375
1600	9445.30029296875
1601	9456.306640625
1602	9458.1591796875
1603	9461.595703125
1604	9462.8037109375
1605	9471.81689453125
1606	9485.44384765625
1607	9509.90283203125
1608	9514.47900390625
1609	9518.90771484375
1610	9519.15283203125
1611	9523.67822265625
1612	9574.70263671875
1613	9578.5693359375
1614	9587.4345703125
1615	9591.7744140625
1616	9593.880859375
1617	9602.3603515625
1618	9602.93896484375
1619	9604.181640625
1620	9616.544921875
1621	9633.30224609375
1622	9636.48046875
1623	9641.65771484375
1624	9646.6787109375
1625	9649.18505859375
1626	9657.6513671875
1627	9667.32470703125
1628	9668.21875
1629	9675.7255859375
1630	9705.68994140625
1631	9713.15087890625
1632	9719.33056640625
1633	9729.3525390625
1634	9733.91796875
1635	9752.060546875
1636	9755.01220703125
1637	9759.86669921875
1638	9773.9521484375
1639	9782.62841796875
1640	9784.640625
1641	9786.96923828125
1642	9796.68896484375
1643	9812.193359375
1644	9813.21044921875
1645	9830.75537109375
1646	9834.67578125
1647	9839.54736328125
1648	9840.658203125
1649	9846.3759765625
1650	9847.5966796875
1651	9851.4638671875
1652	9858.12890625
1653	9861.7080078125
1654	9872.4404296875
1655	9878.9580078125
1656	9887.30859375
1657	9892.7451171875
1658	9893.84130859375
1659	9897.5849609375
1660	9922.7412109375
1661	9929.79296875
1662	9938.78125
1663	9942.6669921875
1664	9945.7099609375
1665	9948.7919921875
1666	9977.99658203125
1667	9978.13671875
1668	9982.75146484375
1669	9988.44580078125
1670	10010.5498046875
1671	10010.912109375
1672	10013.6904296875
1673	10028.91845703125
1674	10038.60498046875
1675	10044.056640625
1676	10056.818359375
1677	10060.21044921875
1678	10068.39306640625
1679	10105.81640625
1680	10147.34423828125
1681	10160.5224609375
1682	10166.1748046875
1683	10172.80712890625
1684	10174.78369140625
1685	10198.26220703125
1686	10217.06591796875
1687	10225.666015625
1688	10243.474609375
1689	10244.7099609375
1690	10244.77880859375
1691	10248.431640625
1692	10254.98486328125
1693	10256.77685546875
1694	10261.0517578125
1695	10305.03955078125
1696	10307.6376953125
1697	10310.44384765625
1698	10314.45458984375
1699	10325.35107421875
1700	10329.3837890625
1701	10330.0029296875
1702	10337.37451171875
1703	10353.42626953125
1704	10360.3408203125
1705	10366.6650390625
1706	10367.60791015625
1707	10371.564453125
1708	10382.90966796875
1709	10391.64453125
1710	10398.5556640625
1711	10412.36474609375
1712	10416.2119140625
1713	10427.4794921875
1714	10437.390625
1715	10449.99609375
1716	10457.88037109375
1717	10460.19775390625
1718	10467.62939453125
1719	10483.5625
1720	10485.6962890625
1721	10496.15966796875
1722	10503.650390625
1723	10511.849609375
1724	10514.4052734375
1725	10564.42724609375
1726	10582.431640625
1727	10596.056640625
1728	10609.20654296875
1729	10616.771484375
1730	10618.91845703125
1731	10634.9921875
1732	10635.96533203125
1733	10648.4296875
1734	10653.6064453125
1735	10654.689453125
1736	10659.13720703125
1737	10661.630859375
1738	10679.8525390625
1739	10680.9326171875
1740	10687.056640625
1741	10695.3310546875
1742	10703.8564453125
1743	10709.837890625
1744	10716.1103515625
1745	10730.79931640625
1746	10732.84619140625
1747	10769.3603515625
1748	10779.041015625
1749	10780.259765625
1750	10780.65087890625
1751	10781.03271484375
1752	10783.4697265625
1753	10786.62255859375
1754	10807.880859375
1755	10809.2373046875
1756	10809.630859375
1757	10815.7041015625
1758	10818.2529296875
1759	10821.41455078125
1760	10827.44873046875
1761	10841.03564453125
1762	10845.732421875
1763	10848.67138671875
1764	10857.14208984375
1765	10858.93798828125
1766	10863.33544921875
1767	10868.47900390625
1768	10873.38134765625
1769	10878.86279296875
1770	10880.056640625
1771	10903.81787109375
1772	10918.7255859375
1773	10955.791015625
1774	10972.1435546875
1775	10976.1162109375
1776	10982.1220703125
1777	10990.61083984375
1778	11002.74560546875
1779	11006.1494140625
1780	11020.5263671875
1781	11033.81103515625
1782	11035.9365234375
1783	11037.677734375
1784	11044.03125
1785	11045.0869140625
1786	11045.45654296875
1787	11047.666015625
1788	11058.25634765625
1789	11084.1748046875
1790	11084.6337890625
1791	11089.623046875
1792	11099.2978515625
1793	11105.48193359375
1794	11125.26708984375
1795	11125.43310546875
1796	11140.3896484375
1797	11144.5087890625
1798	11148.64111328125
1799	11172.3896484375
1800	11216.04638671875
1801	11220.703125
1802	11225.041015625
1803	11226.9697265625
1804	11235.54052734375
1805	11247.67626953125
1806	11252.1103515625
1807	11270.35498046875
1808	11285.9052734375
1809	11289.69384765625
1810	11303.09765625
1811	11311.625
1812	11312.25244140625
1813	11325.21484375
1814	11337.27587890625
1815	11348.7373046875
1816	11349.6748046875
1817	11367.70947265625
1818	11387.26708984375
1819	11388.330078125
1820	11390.0244140625
1821	11415.62744140625
1822	11418.15625
1823	11418.82421875
1824	11437.8818359375
1825	11450.1572265625
1826	11451.96533203125
1827	11472.68115234375
1828	11536.21484375
1829	11551.224609375
1830	11555.8720703125
1831	11564.609375
1832	11571.27099609375
1833	11572.35400390625
1834	11573.1162109375
1835	11577.46044921875
1836	11588.4228515625
1837	11593.5537109375
1838	11608.20556640625
1839	11621.4873046875
1840	11631.23828125
1841	11640.1220703125
1842	11667.32861328125
1843	11681.0244140625
1844	11689.79345703125
1845	11694.25927734375
1846	11700.66259765625
1847	11718.7099609375
1848	11734.2294921875
1849	11739.361328125
1850	11750.138671875
1851	11776.68310546875
1852	11778.734375
1853	11785.802734375
1854	11795.173828125
1855	11798.47265625
1856	11833.29833984375
1857	11879.76318359375
1858	11894.04736328125
1859	11897.74658203125
1860	11923.63330078125
1861	11923.66748046875
1862	11936.1123046875
1863	11950.966796875
1864	11970.15087890625
1865	11972.27099609375
1866	11975.095703125
1867	12008.3828125
1868	12008.46875
1869	12022.58935546875
1870	12048.91162109375
1871	12049.97607421875
1872	12050.06689453125
1873	12069.92529296875
1874	12076.23291015625
1875	12092.28466796875
1876	12097.97509765625
1877	12104.826171875
1878	12111.732421875
1879	12121.9765625
1880	12126.2734375
1881	12133.5185546875
1882	12142.59033203125
1883	12147.33984375
1884	12150.38818359375
1885	12191.3955078125
1886	12193.97412109375
1887	12196.09521484375
1888	12203.376953125
1889	12209.7216796875
1890	12212.5732421875
1891	12227.4404296875
1892	12232.6416015625
1893	12243.43896484375
1894	12250.43994140625
1895	12256.60400390625
1896	12258.16796875
1897	12277.6396484375
1898	12299.05859375
1899	12302.232421875
1900	12302.91015625
1901	12308.052734375
1902	12317.99072265625
1903	12319.72802734375
1904	12355.63525390625
1905	12359.6640625
1906	12381.35888671875
1907	12388.607421875
1908	12390.24951171875
1909	12391.05078125
1910	12391.9814453125
1911	12430.58984375
1912	12440.46875
1913	12446.86669921875
1914	12447.546875
1915	12489.4287109375
1916	12493.5126953125
1917	12506.44677734375
1918	12509.42041015625
1919	12515.439453125
1920	12529.14013671875
1921	12535.609375
1922	12561.658203125
1923	12564.4052734375
1924	12567.75
1925	12575.47705078125
1926	12577.94677734375
1927	12591.11767578125
1928	12659.44140625
1929	12676.5
1930	12680.96533203125
1931	12684.1494140625
1932	12686.1630859375
1933	12696.21630859375
1934	12712.31591796875
1935	12722.82861328125
1936	12723.3037109375
1937	12751.08642578125
1938	12770.46826171875
1939	12775.7529296875
1940	12789.35302734375
1941	12801.22509765625
1942	12822.35693359375
1943	12828.79638671875
1944	12851.287109375
1945	12851.78759765625
1946	12852.453125
1947	12879.93603515625
1948	12887.75439453125
1949	12888.93115234375
1950	12901.5224609375
1951	12919.70068359375
1952	12922.84765625
1953	12925.8779296875
1954	12945.9306640625
1955	12955.4443359375
1956	12992.580078125
1957	12993.736328125
1958	12995.62109375
1959	13009.67431640625
1960	13049.0439453125
1961	13049.2880859375
1962	13065.36474609375
1963	13070.89306640625
1964	13074.35400390625
1965	13085.96337890625
1966	13096.30712890625
1967	13111.044921875
1968	13117.46337890625
1969	13128.892578125
1970	13130.21484375
1971	13135.58056640625
1972	13142.50830078125
1973	13152.212890625
1974	13161.90576171875
1975	13177.07568359375
1976	13179.62548828125
1977	13195.19189453125
1978	13208.5791015625
1979	13222.0126953125
1980	13234.458984375
1981	13252.56494140625
1982	13275.80029296875
1983	13276.99365234375
1984	13315.771484375
1985	13317.240234375
1986	13321.2138671875
1987	13341.48583984375
1988	13343.13037109375
1989	13352.37548828125
1990	13353.83447265625
1991	13357.26220703125
1992	13367.65869140625
1993	13399.984375
1994	13423.13623046875
1995	13427.52880859375
1996	13453.69775390625
1997	13455.541015625
1998	13479.6640625
1999	13500.1474609375
2000	13512.25732421875
2001	13523.54638671875
2002	13529.0625
2003	13533.31884765625
2004	13537.2451171875
2005	13546.37548828125
2006	13571.3623046875
2007	13578.39404296875
2008	13599.091796875
2009	13616.74365234375
2010	13621.92431640625
2011	13622.07666015625
2012	13633.130859375
2013	13641.9755859375
2014	13642.91748046875
2015	13655.44189453125
2016	13668.4560546875
2017	13677.4853515625
2018	13686.095703125
2019	13703.0751953125
2020	13719.72314453125
2021	13724.51953125
2022	13765.86572265625
2023	13765.908203125
2024	13789.45068359375
2025	13791.32470703125
2026	13795.55224609375
2027	13806.033203125
2028	13811.87841796875
2029	13819.248046875
2030	13834.6494140625
2031	13834.90869140625
2032	13850.9580078125
2033	13853.69091796875
2034	13858.16259765625
2035	13863.20751953125
2036	13865.0751953125
2037	13905.5380859375
2038	13917.70703125
2039	13930.38232421875
2040	13941.0673828125
2041	13946.701171875
2042	13949.45166015625
2043	13951.8525390625
2044	13960.84814453125
2045	13962.01123046875
2046	13963.1181640625
2047	13964.61669921875
2048	13970.0400390625
2049	13970.7451171875
2050	14012.54248046875
2051	14022.8251953125
2052	14031.50244140625
2053	14080.92333984375
2054	14103.5078125
2055	14110.21826171875
2056	14119.98828125
2057	14121.07958984375
2058	14125.841796875
2059	14126.732421875
2060	14136.55029296875
2061	14159.2548828125
2062	14214.56884765625
2063	14220.32080078125
2064	14229.67724609375
2065	14238.8232421875
2066	14250.25390625
2067	14252.4892578125
2068	14279.041015625
2069	14281.8828125
2070	14305.95751953125
2071	14307.96533203125
2072	14328.05029296875
2073	14331.60107421875
2074	14341.41357421875
2075	14360.56201171875
2076	14362.24560546875
2077	14363.765625
2078	14386.32080078125
2079	14404.16748046875
2080	14410.54150390625
2081	14466.3681640625
2082	14487.13037109375
2083	14509.39453125
2084	14545.63330078125
2085	14561.9345703125
2086	14590.13232421875
2087	14592.2734375
2088	14597.91259765625
2089	14602.45556640625
2090	14630.3017578125
2091	14639.62548828125
2092	14648.57373046875
2093	14661.697265625
2094	14693.03271484375
2095	14723.607421875
2096	14747.20361328125
2097	14748.21044921875
2098	14758.71044921875
2099	14777.64404296875
2100	14781.1513671875
2101	14802.24609375
2102	14805.59619140625
2103	14810.53271484375
2104	14811.67578125
2105	14819.6923828125
2106	14854.45263671875
2107	14856.02490234375
2108	14869.787109375
2109	14911.3369140625
2110	14938.74853515625
2111	14944.2939453125
2112	14949.8916015625
2113	14986.51123046875
2114	14990.22216796875
2115	14995.34130859375
2116	15048.43115234375
2117	15053.92333984375
2118	15094.43359375
2119	15101.8759765625
2120	15122.77734375
2121	15147.12548828125
2122	15165.052734375
2123	15168.67822265625
2124	15192.9189453125
2125	15193.45556640625
2126	15215.04638671875
2127	15236.50927734375
2128	15236.80224609375
2129	15268.4443359375
2130	15349.078125
2131	15361.5966796875
2132	15363.94775390625
2133	15367.3291015625
2134	15368.8974609375
2135	15384.32373046875
2136	15385.64892578125
2137	15393.08154296875
2138	15407.4169921875
2139	15432.15771484375
2140	15486.0810546875
2141	15504.845703125
2142	15518.54931640625
2143	15532.29443359375
2144	15536.6953125
2145	15572.51513671875
2146	15612.31640625
2147	15616.177734375
2148	15618.9072265625
2149	15624.4677734375
2150	15629.56591796875
2151	15657.9443359375
2152	15666.28515625
2153	15667.06982421875
2154	15675.06494140625
2155	15683.5947265625
2156	15685.40283203125
2157	15685.8583984375
2158	15689.34716796875
2159	15705.26611328125
2160	15716.736328125
2161	15733.07958984375
2162	15738.43896484375
2163	15765.46630859375
2164	15771.845703125
2165	15794.7490234375
2166	15798.39013671875
2167	15820.7939453125
2168	15822.5302734375
2169	15833.49609375
2170	15834.2822265625
2171	15854.86181640625
2172	15863.9521484375
2173	15864.365234375
2174	15872.96923828125
2175	15891.40771484375
2176	15972.17333984375
2177	15983.9931640625
2178	15986.619140625
2179	16001.6396484375
2180	16008.99072265625
2181	16009.8212890625
2182	16022.66455078125
2183	16027.78125
2184	16031.7763671875
2185	16037.0654296875
2186	16043.14013671875
2187	16051.32080078125
2188	16060.37841796875
2189	16078.7763671875
2190	16105.94287109375
2191	16134.0224609375
2192	16139.591796875
2193	16156.03076171875
2194	16188.33984375
2195	16192.75634765625
2196	16195.5263671875
2197	16221.43408203125
2198	16230.87841796875
2199	16258.71142578125
2200	16269.26123046875
2201	16270.7685546875
2202	16275.83251953125
2203	16285.31396484375
2204	16288.29833984375
2205	16300.51904296875
2206	16322.36767578125
2207	16327.0263671875
2208	16349.0400390625
2209	16350.2578125
2210	16358.11279296875
2211	16370.76318359375
2212	16373.96728515625
2213	16404.75537109375
2214	16429.69970703125
2215	16435.37841796875
2216	16441.16845703125
2217	16458.8525390625
2218	16460.32763671875
2219	16477.67724609375
2220	16481.2265625
2221	16537.73681640625
2222	16564.76025390625
2223	16580.12646484375
2224	16639.990234375
2225	16648.10302734375
2226	16661.66748046875
2227	16664.16455078125
2228	16677.3388671875
2229	16678.9462890625
2230	16695.4287109375
2231	16708.11962890625
2232	16711.498046875
2233	16729.087890625
2234	16729.97119140625
2235	16731.9931640625
2236	16744.8427734375
2237	16746.4912109375
2238	16803.67138671875
2239	16807.01806640625
2240	16823.2529296875
2241	16826.24951171875
2242	16833.654296875
2243	16843.8173828125
2244	16845.3955078125
2245	16854.0048828125
2246	16857.25341796875
2247	16861.22705078125
2248	16864.82568359375
2249	16867.39501953125
2250	16889.09130859375
2251	16889.83740234375
2252	16901.64013671875
2253	16902.0146484375
2254	16903.7421875
2255	16906.62744140625
2256	16924.4423828125
2257	16939.8037109375
2258	16942.2314453125
2259	16942.552734375
2260	16951.45947265625
2261	16960.26123046875
2262	16971.71826171875
2263	16983.57177734375
2264	16985.5703125
2265	17004.43505859375
2266	17028.9140625
2267	17029.3046875
2268	17034.79931640625
2269	17051.23876953125
2270	17054.42724609375
2271	17058.4501953125
2272	17064.921875
2273	17065.22119140625
2274	17083.044921875
2275	17135.79345703125
2276	17150.4580078125
2277	17151.33203125
2278	17185.09521484375
2279	17197.27978515625
2280	17228.9150390625
2281	17249.9873046875
2282	17254.78369140625
2283	17262.173828125
2284	17304.10107421875
2285	17320.20166015625
2286	17350.318359375
2287	17359.47509765625
2288	17372.49072265625
2289	17376.5068359375
2290	17385.86962890625
2291	17388.173828125
2292	17389.3505859375
2293	17398.3935546875
2294	17406.05322265625
2295	17438.6357421875
2296	17441.90576171875
2297	17475.99951171875
2298	17481.8046875
2299	17484.68701171875
2300	17527.189453125
2301	17556.56591796875
2302	17568.0234375
2303	17609.06298828125
2304	17611.4384765625
2305	17680.87255859375
2306	17716.07080078125
2307	17719.47998046875
2308	17738.26806640625
2309	17759.8896484375
2310	17766.392578125
2311	17781.1806640625
2312	17794.57421875
2313	17810.50634765625
2314	17811.0283203125
2315	17832.955078125
2316	17845.81689453125
2317	17862.3134765625
2318	17869.5869140625
2319	17918.97119140625
2320	17919.8818359375
2321	17924.34326171875
2322	17967.919921875
2323	17976.396484375
2324	18009.4248046875
2325	18012.8984375
2326	18042.60009765625
2327	18057.71484375
2328	18093.5712890625
2329	18103.30615234375
2330	18105.83837890625
2331	18107.31982421875
2332	18116.08056640625
2333	18117.51513671875
2334	18147.9775390625
2335	18155.72900390625
2336	18161.365234375
2337	18186.640625
2338	18270.86083984375
2339	18282.26220703125
2340	18350.2783203125
2341	18355.6494140625
2342	18374.4169921875
2343	18375.234375
2344	18385.69580078125
2345	18411.84521484375
2346	18432.9228515625
2347	18465.71630859375
2348	18484.986328125
2349	18487.53857421875
2350	18570.8818359375
2351	18595.287109375
2352	18597.48681640625
2353	18610.8984375
2354	18620.39697265625
2355	18667.849609375
2356	18684.595703125
2357	18711.22412109375
2358	18749.64501953125
2359	18779.25830078125
2360	18817.01806640625
2361	18825.01904296875
2362	18839.80224609375
2363	18846.90576171875
2364	18899.46337890625
2365	18918.2099609375
2366	18955.5048828125
2367	18980.1708984375
2368	18995.97119140625
2369	18999.86767578125
2370	19007.18408203125
2371	19024.001953125
2372	19041.85009765625
2373	19043.7587890625
2374	19063.7333984375
2375	19070.3857421875
2376	19073.5380859375
2377	19077.40625
2378	19170.0546875
2379	19180.99658203125
2380	19191.5615234375
2381	19195.6142578125
2382	19210.1708984375
2383	19256.8984375
2384	19275.57568359375
2385	19302.830078125
2386	19319.6142578125
2387	19346.81591796875
2388	19374.9638671875
2389	19408.107421875
2390	19411.634765625
2391	19414.5966796875
2392	19419.64501953125
2393	19431.56298828125
2394	19440.486328125
2395	19447.84375
2396	19472.20751953125
2397	19478.35107421875
2398	19479.189453125
2399	19491.4462890625
2400	19492.91796875
2401	19532.8984375
2402	19573.455078125
2403	19606.16357421875
2404	19623.71728515625
2405	19646.69384765625
2406	19665.5078125
2407	19671.4130859375
2408	19674.220703125
2409	19687.78857421875
2410	19711.2802734375
2411	19737.00732421875
2412	19798.7392578125
2413	19852.228515625
2414	19861.1708984375
2415	19865.73046875
2416	19868.697265625
2417	19872.2373046875
2418	19873.40625
2419	19875.92236328125
2420	19879.22607421875
2421	19882.11572265625
2422	19895.15380859375
2423	19930.54345703125
2424	19936.23974609375
2425	19986.173828125
2426	20001.57958984375
2427	20018.4453125
2428	20059.19140625
2429	20108.47412109375
2430	20124.68017578125
2431	20125.724609375
2432	20135.328125
2433	20144.0908203125
2434	20157.01318359375
2435	20188.54150390625
2436	20194.5185546875
2437	20202.380859375
2438	20204.4716796875
2439	20206.15869140625
2440	20207.7294921875
2441	20228.6005859375
2442	20297.00341796875
2443	20308.63427734375
2444	20313.09814453125
2445	20322.80078125
2446	20327.4404296875
2447	20329.4052734375
2448	20383.380859375
2449	20456.435546875
2450	20473.13134765625
2451	20524.7861328125
2452	20531.89501953125
2453	20575.84716796875
2454	20604.33740234375
2455	20606.17138671875
2456	20616.2939453125
2457	20635.205078125
2458	20660.32275390625
2459	20679.72705078125
2460	20712.16650390625
2461	20732.57080078125
2462	20785.3671875
2463	20788.30078125
2464	20800.6044921875
2465	20824.40625
2466	20849.80078125
2467	20887.70654296875
2468	20890.33447265625
2469	20929.13525390625
2470	20938.2509765625
2471	20938.54345703125
2472	20939.92529296875
2473	20955.77587890625
2474	20957.66552734375
2475	20968.14306640625
2476	20974.56689453125
2477	20977.85546875
2478	20998.43359375
2479	21017.86376953125
2480	21020.55615234375
2481	21024.79443359375
2482	21086.1494140625
2483	21102.39013671875
2484	21107.119140625
2485	21141.0009765625
2486	21163.09814453125
2487	21178.6064453125
2488	21220.0546875
2489	21247.7578125
2490	21261.3779296875
2491	21264.57666015625
2492	21272.20947265625
2493	21273.24951171875
2494	21286.08349609375
2495	21287.14794921875
2496	21296.765625
2497	21339.50390625
2498	21376.50732421875
2499	21394.001953125
2500	21415.97119140625
2501	21477.15185546875
2502	21477.1630859375
2503	21535.46630859375
2504	21538.36181640625
2505	21578.09033203125
2506	21658.28125
2507	21662.25341796875
2508	21671.2353515625
2509	21727.47607421875
2510	21738.3388671875
2511	21753.42626953125
2512	21783.19384765625
2513	21799.52001953125
2514	21816.51025390625
2515	21829.4443359375
2516	21863.70751953125
2517	21867.22119140625
2518	21924.279296875
2519	21932.515625
2520	21978.6259765625
2521	22013.271484375
2522	22045.28759765625
2523	22088.88232421875
2524	22093.923828125
2525	22122.2060546875
2526	22133.931640625
2527	22138.3056640625
2528	22142.384765625
2529	22159.765625
2530	22176.49462890625
2531	22189.78564453125
2532	22217.673828125
2533	22243.19677734375
2534	22245.22607421875
2535	22255.17822265625
2536	22265.4326171875
2537	22266.41455078125
2538	22270.0888671875
2539	22289.81494140625
2540	22320.396484375
2541	22347.69189453125
2542	22350.3310546875
2543	22393.927734375
2544	22411.021484375
2545	22450.73974609375
2546	22531.48876953125
2547	22568.7216796875
2548	22583.97705078125
2549	22591.158203125
2550	22651.60302734375
2551	22674.08740234375
2552	22674.533203125
2553	22711.15087890625
2554	22714.720703125
2555	22742.01123046875
2556	22748.11962890625
2557	22756.14501953125
2558	22757.75830078125
2559	22760.6904296875
2560	22769.1611328125
2561	22787.31884765625
2562	22822.48388671875
2563	22881.31689453125
2564	22897.68310546875
2565	22913.23583984375
2566	23028.8359375
2567	23129.88134765625
2568	23211.4345703125
2569	23235.7060546875
2570	23239.00341796875
2571	23257.46826171875
2572	23264.64306640625
2573	23296.0302734375
2574	23318.4287109375
2575	23319.7939453125
2576	23343.83935546875
2577	23359.7822265625
2578	23363.82763671875
2579	23391.5810546875
2580	23405.06640625
2581	23429.642578125
2582	23432.576171875
2583	23448.4248046875
2584	23477.1669921875
2585	23593.55126953125
2586	23595.8662109375
2587	23613.50244140625
2588	23631.912109375
2589	23636.4482421875
2590	23648.21533203125
2591	23656.140625
2592	23676.5185546875
2593	23681.08154296875
2594	23693.49609375
2595	23702.76611328125
2596	23702.8115234375
2597	23704.6748046875
2598	23708.14404296875
2599	23840.4267578125
2600	23867.103515625
2601	23868.8779296875
2602	23908.97705078125
2603	23948.09326171875
2604	23962.7177734375
2605	23992.57421875
2606	24040.86328125
2607	24052.95361328125
2608	24064.736328125
2609	24091.18212890625
2610	24104.5576171875
2611	24126.2265625
2612	24138.81494140625
2613	24223.462890625
2614	24238.87060546875
2615	24240.30224609375
2616	24285.34375
2617	24295.439453125
2618	24310.908203125
2619	24311.0009765625
2620	24345.97412109375
2621	24365.64794921875
2622	24394.98583984375
2623	24443.3583984375
2624	24443.43701171875
2625	24446.39892578125
2626	24458.0771484375
2627	24538.06103515625
2628	24593.1318359375
2629	24632.365234375
2630	24664.87255859375
2631	24687.482421875
2632	24813.39453125
2633	24822.12939453125
2634	24843.6875
2635	24909.7666015625
2636	24956.15185546875
2637	25009.20166015625
2638	25097.41259765625
2639	25122.96533203125
2640	25167.626953125
2641	25201.81103515625
2642	25210.771484375
2643	25218.19677734375
2644	25227.921875
2645	25254.25732421875
2646	25268.63134765625
2647	25287.2421875
2648	25304.05224609375
2649	25357.62255859375
2650	25377.16357421875
2651	25400.92041015625
2652	25401.74365234375
2653	25425.33349609375
2654	25450.1328125
2655	25471.37255859375
2656	25479.89404296875
2657	25509.68359375
2658	25519.9111328125
2659	25690.43701171875
2660	25731.1669921875
2661	25741.2578125
2662	25772.58056640625
2663	25792.32763671875
2664	25856.9697265625
2665	25928.25146484375
2666	25933.29296875
2667	26010.5546875
2668	26077.47900390625
2669	26084.6845703125
2670	26105.8701171875
2671	26131.0615234375
2672	26146.7431640625
2673	26211.39404296875
2674	26285.17333984375
2675	26304.9423828125
2676	26317.12548828125
2677	26350.15966796875
2678	26387.54296875
2679	26403.17431640625
2680	26411.5966796875
2681	26434.3974609375
2682	26451.6875
2683	26464.38818359375
2684	26469.6083984375
2685	26477.892578125
2686	26526.91357421875
2687	26560.240234375
2688	26613.5322265625
2689	26628.47900390625
2690	26658.80419921875
2691	26674.51123046875
2692	26678.8134765625
2693	26686.509765625
2694	26733.59814453125
2695	26738.73046875
2696	26832.93603515625
2697	26835.564453125
2698	26865.10595703125
2699	26884.9853515625
2700	26915.66015625
2701	26961.015625
2702	27007.00390625
2703	27021.31787109375
2704	27037.8564453125
2705	27057.96923828125
2706	27118.82421875
2707	27157.1806640625
2708	27220.89111328125
2709	27238.00537109375
2710	27242.876953125
2711	27276.2021484375
2712	27326.9794921875
2713	27327.68798828125
2714	27330.150390625
2715	27386.9990234375
2716	27416.208984375
2717	27439.666015625
2718	27455.720703125
2719	27580.35791015625
2720	27605.61474609375
2721	27616.61962890625
2722	27623.99853515625
2723	27681.134765625
2724	27682.77490234375
2725	27714.26806640625
2726	27770.396484375
2727	27800.888671875
2728	27807.59033203125
2729	27898.94140625
2730	28079.814453125
2731	28081.703125
2732	28120.1533203125
2733	28146.07568359375
2734	28146.8447265625
2735	28168.77490234375
2736	28172.96484375
2737	28179.74169921875
2738	28181.88818359375
2739	28225.0068359375
2740	28411.57373046875
2741	28416.55224609375
2742	28427.12744140625
2743	28438.06201171875
2744	28460.724609375
2745	28496.47509765625
2746	28539.77490234375
2747	28641.6240234375
2748	28692.96142578125
2749	28695.4345703125
2750	28750.91796875
2751	28753.03271484375
2752	28762.5224609375
2753	28793.72216796875
2754	28871.80615234375
2755	28871.9228515625
2756	28873.10546875
2757	28934.22216796875
2758	28957.56884765625
2759	29040.14892578125
2760	29141.4921875
2761	29146.00341796875
2762	29218.3759765625
2763	29220.16015625
2764	29266.970703125
2765	29313.54833984375
2766	29348.66015625
2767	29376.5615234375
2768	29378.689453125
2769	29391.84814453125
2770	29408.65673828125
2771	29410.72265625
2772	29518.9521484375
2773	29571.7255859375
2774	29579.85888671875
2775	29584.8232421875
2776	29620.45654296875
2777	29631.9716796875
2778	29643.33935546875
2779	29655.2236328125
2780	29660.8447265625
2781	29690.78369140625
2782	29710.779296875
2783	29729.9892578125
2784	29780.8486328125
2785	29785.59130859375
2786	29798.32958984375
2787	29834.73388671875
2788	29866.87109375
2789	29961.8876953125
2790	29966.39453125
2791	29974.57470703125
2792	29999.02294921875
2793	30017.50146484375
2794	30023.0439453125
2795	30042.46728515625
2796	30080.9453125
2797	30156.43505859375
2798	30210.97216796875
2799	30225.98193359375
2800	30269.1416015625
2801	30292.87060546875
2802	30391.9033203125
2803	30512.53076171875
2804	30530.0810546875
2805	30542.0205078125
2806	30671.79150390625
2807	30742.57568359375
2808	30742.87646484375
2809	30772.9130859375
2810	30817.90771484375
2811	30858.41357421875
2812	30870.27001953125
2813	30892.931640625
2814	30945.8642578125
2815	30970.853515625
2816	31003.99853515625
2817	31046.140625
2818	31049.77294921875
2819	31216.6435546875
2820	31244.16650390625
2821	31262.00048828125
2822	31287.93701171875
2823	31316.82666015625
2824	31448.3525390625
2825	31556.3154296875
2826	31570.6650390625
2827	31589.10986328125
2828	31633.9921875
2829	31682.63916015625
2830	31683.81640625
2831	31825.5751953125
2832	31871.32421875
2833	31968.27001953125
2834	31996.81298828125
2835	32014.794921875
2836	32046.2470703125
2837	32109.169921875
2838	32136.38916015625
2839	32152.26513671875
2840	32165.9970703125
2841	32186.23095703125
2842	32212.85693359375
2843	32220.98046875
2844	32229.03271484375
2845	32260.5986328125
2846	32262.861328125
2847	32274.98974609375
2848	32275.0078125
2849	32339.73876953125
2850	32379.6669921875
2851	32525.9931640625
2852	32572.9296875
2853	32573.23974609375
2854	32583.935546875
2855	32627.83251953125
2856	32797.09423828125
2857	32853.02880859375
2858	32916.189453125
2859	32963.20458984375
2860	33101.4736328125
2861	33178.78369140625
2862	33190.85791015625
2863	33211.88232421875
2864	33235.94189453125
2865	33264.51806640625
2866	33340.4580078125
2867	33512.0029296875
2868	33529.49658203125
2869	33567.99658203125
2870	33639.8115234375
2871	33700.5849609375
2872	33716.09912109375
2873	33746.46142578125
2874	33761.97314453125
2875	33772.56103515625
2876	33867.94970703125
2877	33913.38818359375
2878	33928.34130859375
2879	33965.099609375
2880	33968.01513671875
2881	33971.29541015625
2882	33979.18408203125
2883	34012.11328125
2884	34091.724609375
2885	34184.91650390625
2886	34192.71337890625
2887	34287.83203125
2888	34289.6484375
2889	34359.8427734375
2890	34408.37255859375
2891	34438.5107421875
2892	34504.490234375
2893	34636.7822265625
2894	34796.50048828125
2895	34850.005859375
2896	34869.19677734375
2897	34909.35302734375
2898	34970.30322265625
2899	34978.314453125
2900	34989.1875
2901	35025.12109375
2902	35081.23583984375
2903	35136.83544921875
2904	35191.40673828125
2905	35234.63916015625
2906	35267.84814453125
2907	35291.62939453125
2908	35432.01318359375
2909	35482.84912109375
2910	35484.92919921875
2911	35506.43798828125
2912	35523.271484375
2913	35591.97509765625
2914	35774.61474609375
2915	35785.796875
2916	35844.26904296875
2917	35874.75
2918	35915.55712890625
2919	35917.58740234375
2920	35940.00927734375
2921	35940.7236328125
2922	35959.12890625
2923	35976.33203125
2924	36007.451171875
2925	36044.939453125
2926	36110.45703125
2927	36145.24755859375
2928	36316.7255859375
2929	36389.13671875
2930	36566.537109375
2931	36588.1572265625
2932	36674.89990234375
2933	36700.54296875
2934	36728.61083984375
2935	36791.15771484375
2936	36830.2275390625
2937	36841.13623046875
2938	36905.5078125
2939	36916.12255859375
2940	36975.908203125
2941	36980.02685546875
2942	37014.46044921875
2943	37088.48095703125
2944	37110.740234375
2945	37119.76171875
2946	37178.06103515625
2947	37195.6181640625
2948	37236.3037109375
2949	37263.2060546875
2950	37322.66455078125
2951	37348.13818359375
2952	37450.19189453125
2953	37564.51171875
2954	37673.1494140625
2955	37678.95166015625
2956	37699.11083984375
2957	37843.0859375
2958	37867.07763671875
2959	38029.86865234375
2960	38048.75
2961	38115.8583984375
2962	38149.59619140625
2963	38152.884765625
2964	38177.78955078125
2965	38230.1484375
2966	38237.85693359375
2967	38286.82568359375
2968	38301.80126953125
2969	38532.47802734375
2970	38638.27001953125
2971	38716.26611328125
2972	38773.552734375
2973	38892.77734375
2974	38939.21728515625
2975	38940.71044921875
2976	38971.1708984375
2977	38985.3505859375
2978	39075.859375
2979	39186.84619140625
2980	39238.83349609375
2981	39291.79541015625
2982	39296.716796875
2983	39318.75927734375
2984	39372.4111328125
2985	39439.65185546875
2986	39512.40966796875
2987	39673.18994140625
2988	39678.7275390625
2989	39735.67919921875
2990	39736.099609375
2991	39798.05908203125
2992	39844.1787109375
2993	39869.41357421875
2994	39881.90283203125
2995	39958.01513671875
2996	40055.4619140625
2997	40094.08544921875
2998	40243.75732421875
2999	40361.33349609375
3000	40392.38232421875
3001	40405.37451171875
3002	40486.8935546875
3003	40487.6337890625
3004	40506.9248046875
3005	40603.82958984375
3006	40650.87158203125
3007	40739.94482421875
3008	40756.3896484375
3009	40944.42724609375
3010	40948.11865234375
3011	40956.44775390625
3012	41001.5751953125
3013	41136.9775390625
3014	41180.00244140625
3015	41311.77587890625
3016	41416.0634765625
3017	41498.9697265625
3018	41647.27294921875
3019	41664.26904296875
3020	41743.9130859375
3021	41846.28759765625
3022	41846.3994140625
3023	41857.810546875
3024	42017.57421875
3025	42039.1953125
3026	42555.43359375
3027	42589.62255859375
3028	42643.9208984375
3029	42660.77880859375
3030	42677.55224609375
3031	42759.025390625
3032	42776.626953125
3033	42852.83544921875
3034	42893.64794921875
3035	43141.7607421875
3036	43221.33349609375
3037	43241.1328125
3038	43361.83544921875
3039	43515.40771484375
3040	43543.1318359375
3041	43571.076171875
3042	43650.14501953125
3043	43747.90380859375
3044	43903.47021484375
3045	44058.96240234375
3046	44250.50341796875
3047	44339.263671875
3048	44364.85791015625
3049	44459.56591796875
3050	44499.69287109375
3051	44565.0400390625
3052	44583.47802734375
3053	44638.76123046875
3054	44672.74951171875
3055	44714.92333984375
3056	44728.95556640625
3057	44805.20361328125
3058	45168.58984375
3059	45269.486328125
3060	45316.3955078125
3061	45430.55078125
3062	45484.2021484375
3063	45538.73095703125
3064	45541.640625
3065	45633.48828125
3066	45720.27978515625
3067	45877.01220703125
3068	45878.38330078125
3069	46083.1025390625
3070	46092.36181640625
3071	46194.86474609375
3072	46305.9765625
3073	46474.75537109375
3074	46495.87060546875
3075	46730.9169921875
3076	46991.97021484375
3077	46995.9697265625
3078	46999.3349609375
3079	47112.28076171875
3080	47191.0244140625
3081	47243.1513671875
3082	47380.70849609375
3083	47383.73095703125
3084	47396.42041015625
3085	47463.4111328125
3086	47501.27490234375
3087	47502.67626953125
3088	47514.73583984375
3089	47594.8740234375
3090	47996.66357421875
3091	48010.982421875
3092	48099.73974609375
3093	48211.7919921875
3094	48290.51123046875
3095	48307.841796875
3096	48518.013671875
3097	48525.5126953125
3098	48634.55322265625
3099	48659.791015625
3100	48741.07373046875
3101	48781.23486328125
3102	48918.88427734375
3103	49115.6806640625
3104	49175.33740234375
3105	49251.2548828125
3106	49330.6689453125
3107	49545.47021484375
3108	49630.78955078125
3109	49656.55029296875
3110	49709.14306640625
3111	49781.93359375
3112	49788.98779296875
3113	49808.78076171875
3114	49923.23046875
3115	50003.64404296875
3116	50020.1640625
3117	50110.43017578125
3118	50180.51953125
3119	50213.5361328125
3120	50623.154296875
3121	50740.71142578125
3122	50764.89501953125
3123	50765.345703125
3124	50781.1474609375
3125	50784.794921875
3126	51076.642578125
3127	51252.1787109375
3128	51252.6640625
3129	51306.70849609375
3130	51341.1357421875
3131	51348.12939453125
3132	51413.83154296875
3133	51468.13330078125
3134	51510.77001953125
3135	51540.64990234375
3136	51825.5859375
3137	51941.4072265625
3138	51995.40283203125
3139	52196.2646484375
3140	52332.2998046875
3141	52355.35498046875
3142	52361.0537109375
3143	52373.6572265625
3144	52387.1220703125
3145	52550.08154296875
3146	52568.4169921875
3147	52667.4921875
3148	52694.30859375
3149	52816.65673828125
3150	52849.33740234375
3151	52908.19873046875
3152	52947.6884765625
3153	53110.4248046875
3154	53110.8759765625
3155	53143.93310546875
3156	53183.345703125
3157	53342.8515625
3158	53347.66943359375
3159	53364.2509765625
3160	53380.06982421875
3161	53388.95654296875
3162	53612.35888671875
3163	53709.29638671875
3164	53782.73583984375
3165	53974.40478515625
3166	54022.8291015625
3167	54094.68310546875
3168	54310.7734375
3169	54335.40478515625
3170	54537.9287109375
3171	54582.388671875
3172	54911.01025390625
3173	54919.34326171875
3174	55114.4794921875
3175	55190.64453125
3176	55194.73681640625
3177	55218.86572265625
3178	55378.1201171875
3179	55418.16845703125
3180	55426.9052734375
3181	55511.28564453125
3182	55572.9130859375
3183	55597.099609375
3184	55786.43408203125
3185	55800.580078125
3186	55803.939453125
3187	55831.232421875
3188	55848.20654296875
3189	55848.89990234375
3190	56240.0703125
3191	56297.70166015625
3192	56520.14453125
3193	56829.53369140625
3194	56853.51513671875
3195	56956.83642578125
3196	57027.5458984375
3197	57031.51953125
3198	57163.72705078125
3199	57322.46435546875
3200	57833.236328125
3201	57875.71630859375
3202	57908.74658203125
3203	57972.70703125
3204	58009.15625
3205	58055.37939453125
3206	58061.53515625
3207	58171.07470703125
3208	58174.23291015625
3209	58203.7021484375
3210	58257.9716796875
3211	58277.23388671875
3212	58311.79541015625
3213	58337.1455078125
3214	58394.2373046875
3215	58566.41650390625
3216	58779.400390625
3217	58791.38818359375
3218	58868.615234375
3219	58871.5205078125
3220	59100.474609375
3221	59450.16552734375
3222	59518.1376953125
3223	59581.2275390625
3224	60022.03271484375
3225	60038.046875
3226	60381.6845703125
3227	60451.1611328125
3228	60451.30517578125
3229	60455.4111328125
3230	60458.84033203125
3231	60671.60888671875
3232	60786.54248046875
3233	60821.837890625
3234	60923.365234375
3235	60945.09912109375
3236	61593.75439453125
3237	61645.7333984375
3238	61703.76953125
3239	61770.38818359375
3240	61893.39013671875
3241	61972.23876953125
3242	62129.02734375
3243	62239.38134765625
3244	62987.90576171875
3245	63353.9267578125
3246	63496.5283203125
3247	63604.18798828125
3248	63715.8173828125
3249	63915.6298828125
3250	64006.22216796875
3251	64265.12548828125
3252	64314.8486328125
3253	64538.09912109375
3254	64570.03466796875
3255	64949.49609375
3256	65000.47021484375
3257	65494.47314453125
3258	65676.337890625
3259	65747.52783203125
3260	65932.20947265625
3261	66092.47216796875
3262	66096.48828125
3263	66283.9365234375
3264	66296.138671875
3265	66431.5654296875
3266	66435.91162109375
3267	66539.4189453125
3268	67007.51513671875
3269	67012.900390625
3270	67094.044921875
3271	67165.19189453125
3272	67180.97314453125
3273	67351.0048828125
3274	67398.7646484375
3275	67488.56591796875
3276	67521.94580078125
3277	67560.25830078125
3278	67586.25439453125
3279	67603.0703125
3280	67959.1748046875
3281	68000.8369140625
3282	68032.22119140625
3283	68083.52294921875
3284	68318.63623046875
3285	68342.20166015625
3286	68415.18701171875
3287	68555.1630859375
3288	68643.99853515625
3289	68883.00146484375
3290	69003.810546875
3291	69499.490234375
3292	69836.9423828125
3293	69920.869140625
3294	69992.140625
3295	70234.9794921875
3296	70283.35400390625
3297	70354.9326171875
3298	70468.36279296875
3299	70583.89794921875
3300	70895.86279296875
3301	70953.037109375
3302	71323.4482421875
3303	71357.1181640625
3304	71361.75390625
3305	71398.25537109375
3306	71488.02490234375
3307	71669.73876953125
3308	71825.4931640625
3309	71872.24755859375
3310	71928.17578125
3311	71980.4189453125
3312	72112.91943359375
3313	72224.61181640625
3314	72233.66552734375
3315	72352.2783203125
3316	72521.78955078125
3317	72648.99951171875
3318	72782.56884765625
3319	72899.4423828125
3320	72960.04248046875
3321	73208.7646484375
3322	73261.5107421875
3323	73363.3740234375
3324	73496.57861328125
3325	73564.5
3326	74057.6552734375
3327	74166.93017578125
3328	74479.54443359375
3329	74692.90771484375
3330	74886.58349609375
3331	75258.54248046875
3332	75276.02001953125
3333	75450.5166015625
3334	75464.04248046875
3335	75498.11865234375
3336	75677.6875
3337	75965.57080078125
3338	76122.48681640625
3339	76140.19384765625
3340	76362.552734375
3341	77146.63330078125
3342	77202.18408203125
3343	77446.02294921875
3344	77479.3681640625
3345	77780.17626953125
3346	78136.076171875
3347	78884.5283203125
3348	79183.12060546875
3349	79451.3369140625
3350	79501.720703125
3351	79719.7470703125
3352	79911.6728515625
3353	80105.0947265625
3354	80976.1484375
3355	81314.5400390625
3356	81427.72119140625
3357	81610.279296875
3358	81860.1962890625
3359	81992.685546875
3360	82387.37158203125
3361	82715.10888671875
3362	82992.01025390625
3363	83487.29736328125
3364	83794.89013671875
3365	83907.45947265625
3366	84063.8271484375
3367	84095.86181640625
3368	84328.32861328125
3369	85058.84423828125
3370	85156.96923828125
3371	85241.56103515625
3372	85424.5947265625
3373	87551.42919921875
3374	87601.66259765625
3375	87751.89013671875
3376	87969.162109375
3377	89041.6630859375
3378	89910.97216796875
3379	90480.54345703125
3380	91438.90478515625
3381	91851.453125
3382	91896.4169921875
3383	92039.939453125
3384	92108.45751953125
3385	92242.935546875
3386	92288.80810546875
3387	92323.5576171875
3388	92629.49658203125
3389	93546.25439453125
3390	93649.556640625
3391	94656.50146484375
3392	94725.232421875
3393	94954.78076171875
3394	95239.9150390625
3395	95868.52001953125
3396	96315.81396484375
3397	97884.47021484375
3398	98091.13134765625
3399	98236.8759765625
3400	98946.53271484375
3401	99419.11669921875
3402	99838.09765625
3403	100715.8583984375
3404	101702.693359375
3405	103248.91650390625
3406	103349.701171875
3407	103506.5625
3408	103602.3759765625
3409	103719.689453125
3410	104521.02978515625
3411	104545.3857421875
3412	104982.927734375
3413	105153.78173828125
3414	105745.6787109375
3415	106696.236328125
3416	109235.20751953125
3417	109664.06884765625
3418	110576.74609375
3419	110612.32080078125
3420	110736.93310546875
3421	111194.2158203125
3422	111568.302734375
3423	111584.0244140625
3424	111876.94384765625
3425	112201.31591796875
3426	112502.16650390625
3427	112975.87109375
3428	114084.900390625
3429	115265.2626953125
3430	115553.177734375
3431	116028.69482421875
3432	116301.23388671875
3433	116617.96630859375
3434	116734.677734375
3435	117394.8525390625
3436	117906.24169921875
3437	118705.5224609375
3438	120327.96630859375
3439	120882.31103515625
3440	121253.4482421875
3441	121596.66259765625
3442	122501.9248046875
3443	122642.02294921875
3444	122670.46240234375
3445	125450.29638671875
3446	125742.87939453125
3447	126992.0205078125
3448	127493.31103515625
3449	128784.50830078125
3450	130225.5556640625
3451	133514.5986328125
3452	133645.35986328125
3453	135074.68115234375
3454	135762.86962890625
3455	135888.26171875
3456	136408.94970703125
3457	137052.54736328125
3458	137082.0068359375
3459	137327.1337890625
3460	137585.2197265625
3461	140163.578125
3462	140565.34765625
3463	141249.8876953125
3464	141372.71728515625
3465	141998.1533203125
3466	142051.216796875
3467	143093.986328125
3468	143480.14306640625
3469	143926.47216796875
3470	145550.4794921875
3471	145681.8994140625
3472	145988.291015625
3473	146383.8017578125
3474	146689.9697265625
3475	147503.65673828125
3476	147643.91748046875
3477	148540.53271484375
3478	150030.7568359375
3479	150376.72509765625
3480	153328.93408203125
3481	153859.51904296875
3482	154280.08740234375
3483	155507.8994140625
3484	156307.43701171875
3485	157878.32470703125
3486	158295.4833984375
3487	160238.94189453125
3488	162040.74853515625
3489	162554.626953125
3490	162579.234375
3491	166258.88671875
3492	166647.73046875
3493	169196.53857421875
3494	171219.09765625
3495	172763.46142578125
3496	174291.50244140625
3497	175102.3291015625
3498	175874.99609375
3499	177838.8095703125
3500	178608.8662109375
3501	178878.29443359375
3502	179098.67919921875
3503	179326.94091796875
3504	179512.3525390625
3505	180636.16650390625
3506	183297.12890625
3507	183841.34521484375
3508	184318.37548828125
3509	185291.98046875
3510	186149.4931640625
3511	187567.17822265625
3512	187955.29736328125
3513	189893.751953125
3514	190284.2294921875
3515	191939.486328125
3516	192736.6396484375
3517	193311.54443359375
3518	193866.31201171875
3519	197396.75537109375
3520	198133.005859375
3521	198913.7587890625
3522	199366.890625
3523	202159.8994140625
3524	206588.31201171875
3525	209641.02392578125
3526	211532.587890625
3527	213082.62890625
3528	213629.6904296875
3529	215444.6650390625
3530	216162.88818359375
3531	217310.21533203125
3532	221870.5380859375
3533	226978.94482421875
3534	228747.75146484375
3535	230553.7548828125
3536	230768.89697265625
3537	232159.1181640625
3538	233203.66748046875
3539	236192.916015625
3540	255717.9794921875
3541	272182.83740234375
3542	272514.57763671875
3543	280077.90234375
3544	281034.44921875
3545	284135.88427734375
3546	294381.18212890625
3547	296462.17236328125
3548	303296.32275390625
3549	316019.990234375
3550	316645.421875
3551	320755.08349609375
3552	322946.05322265625
3553	326438.841796875
3554	349858.10302734375
3555	366296.40673828125
3556	383866.31494140625
3557	384452.48095703125
3558	392845.572265625
3559	405505.59375
3560	438124.02978515625
3561	439277.18701171875
3562	453989.76171875
3563	459297.421875
3564	510329.146484375
3565	566463.693359375
3566	599869.4741210938
3567	729579.9775390625
3568	736251.2099609375
3569	801627.037109375
3570	876761.2260742188
3571	944040.6938476562
3572	1091406.7182617188
3573	1271733.3608398438
3574	1360504.3129882812
3575	1493312.2905273438
3576	2048000.0
