#FMS random 4-SAT
#N=4096  nIter=65536  alpha=974   NSamples=1167
#av(nit)	60746.6598445366
#std(nit)	379.7994248417884
#av(e)	70.74035989717224
#std(e)	1.2638331859671854
#av(runtime)	133.78982005141387
#std(runtime)	0.8577030754167131
0.0	64919.401123046875	133.94	1
85.0	65536.0	143.6	2
109.0	65536.0	140.47	3
71.0	65536.0	136.52	4
74.0	65536.0	139.95	5
99.0	65536.0	142.42	6
102.0	65536.0	136.86	7
0.0	37156.310791015625	78.66	8
0.0	32638.42138671875	70.59	9
137.0	65536.0	140.87	10
57.0	65536.0	141.67	11
0.0	63263.18212890625	126.52	12
116.0	65536.0	146.66	13
25.0	65536.0	138.41	14
0.0	17601.416259765625	38.0	15
102.0	65536.0	142.29	16
75.0	65536.0	141.93	17
81.0	65536.0	145.32	18
56.0	65536.0	139.45	19
54.0	65536.0	143.73	20
0.0	33997.98828125	71.96	21
50.0	65536.0	143.36	22
56.0	65536.0	141.57	23
83.0	65536.0	137.48	24
29.0	65536.0	145.96	25
93.0	65536.0	143.08	26
135.0	65536.0	146.46	27
115.0	65536.0	148.68	28
113.0	65536.0	147.06	29
83.0	65536.0	144.28	30
66.0	65536.0	144.18	31
103.0	65536.0	144.51	32
69.0	65536.0	143.57	33
110.0	65536.0	147.79	34
122.0	65536.0	145.04	35
71.0	65536.0	141.15	36
113.0	65536.0	145.63	37
0.0	43082.98291015625	91.85	38
0.0	16234.96875	35.18	39
111.0	65536.0	142.65	40
81.0	65536.0	148.77	41
0.0	7074.26708984375	15.91	42
60.0	65536.0	144.84	43
6.0	65536.0	138.03	44
47.0	65536.0	146.81	45
0.0	48011.493408203125	103.12	46
133.0	65536.0	144.94	47
87.0	65536.0	147.41	48
113.0	65536.0	141.66	49
68.0	65536.0	147.34	50
105.0	65536.0	148.33	51
137.0	65536.0	144.86	52
135.0	65536.0	146.15	53
77.0	65536.0	145.65	54
91.0	65536.0	144.97	55
48.0	65536.0	138.35	56
78.0	65536.0	148.27	57
43.0	65536.0	144.19	58
53.0	65536.0	142.75	59
123.0	65536.0	147.89	60
138.0	65536.0	145.88	61
87.0	65536.0	146.68	62
87.0	65536.0	144.75	63
110.0	65536.0	147.58	64
88.0	65536.0	148.61	65
101.0	65536.0	144.85	66
59.0	65536.0	136.84	67
121.0	65536.0	147.63	68
138.0	65536.0	150.52	69
116.0	65536.0	148.76	70
26.0	65536.0	147.15	71
98.0	65536.0	150.18	72
78.0	65536.0	144.63	73
119.0	65536.0	147.98	74
55.0	65536.0	140.91	75
46.0	65536.0	150.34	76
71.0	65536.0	147.52	77
52.0	65536.0	144.66	78
40.0	65536.0	146.31	79
107.0	65536.0	144.38	80
62.0	65536.0	144.95	81
41.0	65536.0	137.92	82
118.0	65536.0	149.62	83
46.0	65536.0	144.85	84
64.0	65536.0	144.76	85
126.0	65536.0	145.39	86
57.0	65536.0	144.99	87
124.0	65536.0	147.0	88
64.0	65536.0	146.29	89
0.0	58794.92578125	130.41	90
16.0	65536.0	143.99	91
0.0	62701.458740234375	136.54	92
118.0	65536.0	147.06	93
0.0	58136.822265625	133.86	94
111.0	65536.0	148.83	95
97.0	65536.0	149.01	96
116.0	65536.0	151.56	97
102.0	65536.0	151.19	98
96.0	65536.0	150.97	99
0.0	56167.842529296875	121.4	100
0.0	33351.8193359375	72.28	101
91.0	65536.0	148.92	102
115.0	65536.0	148.68	103
39.0	65536.0	149.2	104
88.0	65536.0	146.9	105
103.0	65536.0	149.82	106
54.0	65536.0	146.49	107
18.0	65536.0	126.85	108
97.0	65536.0	149.56	109
49.0	65536.0	131.27	110
88.0	65536.0	145.98	111
67.0	65536.0	146.15	112
0.0	28829.685302734375	63.29	113
51.0	65536.0	150.12	114
57.0	65536.0	139.67	701
103.0	65536.0	138.98	702
50.0	65536.0	139.55	703
56.0	65536.0	138.82	704
96.0	65536.0	140.75	705
32.0	65536.0	137.87	706
19.0	65536.0	139.03	707
119.0	65536.0	140.72	708
95.0	65536.0	140.14	709
89.0	65536.0	142.01	710
102.0	65536.0	140.42	711
71.0	65536.0	140.54	712
95.0	65536.0	136.05	713
100.0	65536.0	143.05	714
85.0	65536.0	144.08	715
0.0	11232.08544921875	23.11	716
87.0	65536.0	141.38	717
111.0	65536.0	143.44	718
113.0	65536.0	144.56	719
0.0	40945.946533203125	89.88	720
55.0	65536.0	144.97	721
100.0	65536.0	140.12	722
91.0	65536.0	137.13	723
54.0	65536.0	143.4	724
0.0	20727.29931640625	44.08	725
19.0	65536.0	144.06	726
65.0	65536.0	147.51	727
144.0	65536.0	145.98	728
124.0	65536.0	148.53	729
70.0	65536.0	145.12	730
125.0	65536.0	146.34	731
119.0	65536.0	142.79	732
0.0	17475.152099609375	38.79	733
80.0	65536.0	143.45	734
71.0	65536.0	147.63	735
125.0	65536.0	143.9	736
42.0	65536.0	133.94	737
69.0	65536.0	143.71	738
130.0	65536.0	138.72	739
87.0	65536.0	146.58	740
111.0	65536.0	142.08	741
85.0	65536.0	141.86	742
31.0	65536.0	144.74	743
65.0	65536.0	145.56	744
58.0	65536.0	147.02	745
123.0	65536.0	139.32	746
98.0	65536.0	143.61	747
89.0	65536.0	138.05	748
0.0	14643.392333984375	31.59	749
142.0	65536.0	145.35	750
76.0	65536.0	138.7	751
116.0	65536.0	147.37	752
107.0	65536.0	145.13	753
108.0	65536.0	149.0	754
65.0	65536.0	148.5	755
61.0	65536.0	148.16	756
47.0	65536.0	145.58	757
63.0	65536.0	147.13	758
43.0	65536.0	146.16	759
73.0	65536.0	149.49	760
126.0	65536.0	141.79	761
109.0	65536.0	144.96	762
83.0	65536.0	148.78	763
120.0	65536.0	147.17	764
0.0	46453.61328125	100.61	765
116.0	65536.0	136.82	766
93.0	65536.0	144.46	767
64.0	65536.0	143.98	768
39.0	65536.0	147.78	769
35.0	65536.0	146.86	770
98.0	65536.0	142.68	771
0.0	30225.8779296875	64.18	772
118.0	65536.0	143.41	773
99.0	65536.0	147.62	774
80.0	65536.0	145.09	775
132.0	65536.0	148.13	776
90.0	65536.0	146.85	777
88.0	65536.0	141.82	778
60.0	65536.0	138.06	779
0.0	64447.438720703125	140.42	780
0.0	12530.71533203125	27.81	781
0.0	50197.946533203125	111.32	782
60.0	65536.0	145.65	783
103.0	65536.0	151.49	784
135.0	65536.0	150.44	785
7.0	65536.0	146.06	786
0.0	48909.558837890625	109.73	787
78.0	65536.0	144.24	788
99.0	65536.0	144.14	789
0.0	15117.649658203125	32.05	790
96.0	65536.0	140.45	791
103.0	65536.0	147.94	792
84.0	65536.0	149.61	793
81.0	65536.0	150.1	794
116.0	65536.0	147.09	795
0.0	38403.497802734375	86.73	796
49.0	65536.0	149.37	797
59.0	65536.0	143.34	798
148.0	65536.0	151.98	799
63.0	65536.0	151.4	800
11.0	65536.0	142.74	801
113.0	65536.0	149.77	802
78.0	65536.0	141.94	803
22.0	65536.0	143.11	804
78.0	65536.0	148.32	805
123.0	65536.0	153.43	806
0.0	10158.6943359375	20.6	807
0.0	60843.5888671875	132.47	808
0.0	17186.955810546875	37.72	809
109.0	65536.0	144.97	810
0.0	35418.9248046875	74.13	811
118.0	65536.0	149.74	812
105.0	65536.0	142.48	813
55.0	65536.0	152.13	814
114.0	65536.0	143.83	815
104.0	65536.0	148.42	816
92.0	65536.0	153.22	817
116.0	65536.0	139.22	1401
74.0	65536.0	140.92	1402
56.0	65536.0	141.58	1403
101.0	65536.0	141.45	1404
0.0	43203.8984375	94.3	1405
67.0	65536.0	141.9	1406
0.0	22001.769775390625	47.65	1407
138.0	65536.0	141.64	1408
81.0	65536.0	142.5	1409
26.0	65536.0	141.86	1410
62.0	65536.0	139.29	1411
83.0	65536.0	142.19	1412
100.0	65536.0	143.54	1413
0.0	10940.610595703125	23.16	1414
119.0	65536.0	143.51	1415
0.0	40962.9794921875	86.37	1416
122.0	65536.0	141.83	1417
17.0	65536.0	130.78	1418
116.0	65536.0	147.18	1419
49.0	65536.0	141.02	1420
62.0	65536.0	142.21	1421
56.0	65536.0	145.22	1422
117.0	65536.0	142.41	1423
80.0	65536.0	143.84	1424
114.0	65536.0	142.94	1425
110.0	65536.0	144.43	1426
17.0	65536.0	136.3	1427
66.0	65536.0	145.93	1428
0.0	10989.8037109375	22.12	1429
78.0	65536.0	142.02	1430
82.0	65536.0	145.7	1431
0.0	36066.7841796875	80.54	1432
108.0	65536.0	147.59	1433
0.0	55489.907958984375	119.11	1434
107.0	65536.0	144.8	1435
57.0	65536.0	145.15	1436
0.0	39387.367919921875	87.18	1437
0.0	52893.193603515625	111.75	1438
0.0	10691.548828125	22.77	1439
115.0	65536.0	148.45	1440
121.0	65536.0	147.59	1441
26.0	65536.0	142.66	1442
40.0	65536.0	140.87	1443
85.0	65536.0	146.06	1444
121.0	65536.0	143.83	1445
0.0	41271.4814453125	85.66	1446
107.0	65536.0	144.62	1447
69.0	65536.0	146.66	1448
88.0	65536.0	129.26	1449
88.0	65536.0	146.36	1450
103.0	65536.0	143.24	1451
90.0	65536.0	143.06	1452
105.0	65536.0	146.44	1453
70.0	65536.0	141.31	1454
73.0	65536.0	138.05	1455
0.0	40396.4521484375	86.87	1456
98.0	65536.0	145.99	1457
58.0	65536.0	143.88	1458
45.0	65536.0	144.5	1459
55.0	65536.0	147.24	1460
94.0	65536.0	146.62	1461
66.0	65536.0	144.8	1462
0.0	39062.6845703125	84.45	1463
0.0	38349.805419921875	82.13	1464
50.0	65536.0	144.23	1465
140.0	65536.0	148.8	1466
21.0	65536.0	140.25	1467
51.0	65536.0	147.9	1468
88.0	65536.0	147.84	1469
71.0	65536.0	147.3	1470
73.0	65536.0	141.63	1471
111.0	65536.0	139.22	1472
73.0	65536.0	145.49	1473
71.0	65536.0	148.71	1474
69.0	65536.0	147.03	1475
0.0	24130.958984375	53.63	1476
39.0	65536.0	146.11	1477
127.0	65536.0	148.34	1478
43.0	65536.0	146.86	1479
47.0	65536.0	136.0	1480
115.0	65536.0	149.38	1481
88.0	65536.0	150.08	1482
85.0	65536.0	142.97	1483
70.0	65536.0	141.83	1484
112.0	65536.0	151.51	1485
85.0	65536.0	143.33	1486
68.0	65536.0	147.73	1487
45.0	65536.0	145.86	1488
136.0	65536.0	144.83	1489
63.0	65536.0	147.35	1490
0.0	12571.915283203125	27.11	1491
107.0	65536.0	148.98	1492
106.0	65536.0	149.57	1493
14.0	65536.0	127.93	1494
0.0	51554.173828125	117.16	1495
104.0	65536.0	148.21	1496
87.0	65536.0	147.18	1497
70.0	65536.0	149.75	1498
63.0	65536.0	146.89	1499
83.0	65536.0	146.54	1500
96.0	65536.0	151.98	1501
134.0	65536.0	148.79	1502
102.0	65536.0	148.84	1503
102.0	65536.0	153.59	1504
24.0	65536.0	140.82	1505
0.0	18364.442626953125	41.11	1506
104.0	65536.0	144.89	1507
109.0	65536.0	147.05	1508
129.0	65536.0	143.56	1509
68.0	65536.0	143.33	1510
0.0	13686.09375	31.55	1511
95.0	65536.0	147.31	1512
98.0	65536.0	151.81	1513
0.0	28429.586669921875	61.78	1514
125.0	65536.0	151.48	1515
103.0	65536.0	149.21	1516
104.0	65536.0	147.62	1517
22.0	65536.0	148.85	1518
60.0	65536.0	137.08	2101
0.0	22202.341552734375	43.3	2102
29.0	65536.0	137.85	2103
101.0	65536.0	137.76	2104
0.0	9942.05078125	20.98	2105
148.0	65536.0	139.42	2106
110.0	65536.0	143.6	2107
93.0	65536.0	142.63	2108
76.0	65536.0	140.98	2109
71.0	65536.0	143.5	2110
87.0	65536.0	140.17	2111
0.0	20899.75244140625	45.13	2112
106.0	65536.0	143.22	2113
67.0	65536.0	139.26	2114
93.0	65536.0	140.91	2115
70.0	65536.0	143.28	2116
102.0	65536.0	143.92	2117
79.0	65536.0	140.48	2118
48.0	65536.0	146.33	2119
63.0	65536.0	142.78	2120
102.0	65536.0	142.62	2121
74.0	65536.0	142.4	2122
92.0	65536.0	147.41	2123
80.0	65536.0	137.72	2124
0.0	24908.41455078125	53.9	2125
0.0	57873.1005859375	122.98	2126
109.0	65536.0	145.52	2127
0.0	49635.7978515625	104.29	2128
42.0	65536.0	143.41	2129
0.0	35776.093994140625	78.47	2130
122.0	65536.0	148.27	2131
47.0	65536.0	144.73	2132
6.0	65536.0	139.9	2133
53.0	65536.0	146.02	2134
21.0	65536.0	135.21	2135
96.0	65536.0	143.89	2136
0.0	52864.199951171875	112.75	2137
52.0	65536.0	142.65	2138
89.0	65536.0	144.31	2139
0.0	6841.362548828125	14.98	2140
139.0	65536.0	145.85	2141
114.0	65536.0	148.69	2142
89.0	65536.0	147.59	2143
0.0	35022.86865234375	72.73	2144
18.0	65536.0	144.39	2145
85.0	65536.0	146.58	2146
45.0	65536.0	138.51	2147
95.0	65536.0	145.19	2148
106.0	65536.0	148.94	2149
0.0	52173.63037109375	114.36	2150
139.0	65536.0	138.69	2151
73.0	65536.0	135.76	2152
43.0	65536.0	142.57	2153
93.0	65536.0	146.59	2154
114.0	65536.0	144.38	2155
13.0	65536.0	141.89	2156
95.0	65536.0	146.13	2157
58.0	65536.0	147.99	2158
86.0	65536.0	144.84	2159
0.0	20059.510986328125	44.9	2160
0.0	53027.363037109375	113.98	2161
77.0	65536.0	147.83	2162
68.0	65536.0	145.5	2163
66.0	65536.0	149.51	2164
73.0	65536.0	138.35	2165
0.0	23219.08642578125	52.08	2166
83.0	65536.0	148.28	2167
0.0	2201.441650390625	4.75	2168
167.0	65536.0	144.75	2169
15.0	65536.0	139.38	2170
0.0	15129.56298828125	32.78	2171
114.0	65536.0	147.25	2172
82.0	65536.0	145.88	2173
127.0	65536.0	145.37	2174
0.0	59336.88623046875	126.67	2175
100.0	65536.0	150.35	2176
0.0	28135.483154296875	61.62	2177
33.0	65536.0	136.18	2178
29.0	65536.0	147.0	2179
99.0	65536.0	148.73	2180
108.0	65536.0	145.57	2181
72.0	65536.0	148.36	2182
108.0	65536.0	150.39	2183
48.0	65536.0	142.88	2184
0.0	63026.649169921875	135.67	2185
41.0	65536.0	147.26	2186
50.0	65536.0	143.51	2187
0.0	20068.040771484375	42.36	2188
107.0	65536.0	149.99	2189
122.0	65536.0	146.6	2190
171.0	65536.0	147.61	2191
104.0	65536.0	146.08	2192
0.0	42180.740478515625	94.08	2193
0.0	41149.235107421875	92.1	2194
96.0	65536.0	144.83	2195
91.0	65536.0	149.39	2196
69.0	65536.0	139.11	2197
0.0	25852.1279296875	58.07	2198
68.0	65536.0	147.26	2199
59.0	65536.0	144.44	2200
64.0	65536.0	141.57	2201
66.0	65536.0	143.31	2202
51.0	65536.0	149.81	2203
89.0	65536.0	138.66	2204
69.0	65536.0	140.09	2205
82.0	65536.0	138.99	2206
139.0	65536.0	146.1	2207
62.0	65536.0	147.83	2208
95.0	65536.0	144.93	2209
0.0	32635.273193359375	68.29	2210
20.0	65536.0	148.5	2211
146.0	65536.0	147.78	2212
85.0	65536.0	146.38	2213
0.0	18544.923095703125	41.37	2214
137.0	65536.0	150.42	2215
100.0	65536.0	151.31	2216
42.0	65536.0	146.55	2217
0.0	6666.35986328125	14.49	2218
11.0	65536.0	135.74	2219
157.0	65536.0	146.66	2220
0.0	5495.227783203125	11.91	2221
91.0	65536.0	149.77	2222
55.0	65536.0	146.19	2223
107.0	65536.0	135.81	2801
51.0	65536.0	139.29	2802
135.0	65536.0	137.1	2803
79.0	65536.0	140.45	2804
0.0	12581.64990234375	27.16	2805
54.0	65536.0	141.27	2806
93.0	65536.0	136.82	2807
79.0	65536.0	141.34	2808
115.0	65536.0	144.15	2809
0.0	9577.786865234375	20.42	2810
55.0	65536.0	139.37	2811
0.0	38077.884033203125	77.6	2812
78.0	65536.0	135.17	2813
16.0	65536.0	137.47	2814
35.0	65536.0	137.08	2815
14.0	65536.0	138.14	2816
108.0	65536.0	140.62	2817
18.0	65536.0	139.3	2818
111.0	65536.0	146.79	2819
99.0	65536.0	136.27	2820
89.0	65536.0	140.08	2821
0.0	43361.365234375	93.53	2822
49.0	65536.0	135.24	2823
117.0	65536.0	142.24	2824
59.0	65536.0	135.77	2825
7.0	65536.0	106.01	2826
42.0	65536.0	140.72	2827
154.0	65536.0	144.63	2828
25.0	65536.0	135.16	2829
41.0	65536.0	142.73	2830
68.0	65536.0	146.97	2831
85.0	65536.0	138.75	2832
0.0	57699.236572265625	120.59	2833
120.0	65536.0	148.34	2834
51.0	65536.0	146.31	2835
85.0	65536.0	146.98	2836
109.0	65536.0	146.71	2837
106.0	65536.0	144.29	2838
0.0	15576.20849609375	34.08	2839
80.0	65536.0	148.08	2840
82.0	65536.0	148.09	2841
145.0	65536.0	149.48	2842
106.0	65536.0	140.8	2843
126.0	65536.0	144.76	2844
80.0	65536.0	145.96	2845
69.0	65536.0	140.7	2846
98.0	65536.0	143.49	2847
91.0	65536.0	141.9	2848
0.0	13479.342041015625	29.42	2849
114.0	65536.0	146.83	2850
128.0	65536.0	148.29	2851
0.0	44412.527587890625	92.48	2852
107.0	65536.0	145.2	2853
0.0	47365.847900390625	99.26	2854
91.0	65536.0	137.94	2855
39.0	65536.0	146.87	2856
102.0	65536.0	147.92	2857
0.0	55239.47021484375	121.04	2858
76.0	65536.0	143.88	2859
0.0	45753.54248046875	95.99	2860
99.0	65536.0	148.8	2861
147.0	65536.0	147.28	2862
158.0	65536.0	147.35	2863
82.0	65536.0	144.63	2864
115.0	65536.0	144.02	2865
0.0	26849.71044921875	56.66	2866
59.0	65536.0	146.16	2867
106.0	65536.0	149.17	2868
62.0	65536.0	148.74	2869
92.0	65536.0	147.15	2870
118.0	65536.0	147.9	2871
94.0	65536.0	145.11	2872
50.0	65536.0	135.98	2873
118.0	65536.0	137.41	2874
92.0	65536.0	134.3	2875
0.0	55439.78515625	121.65	2876
119.0	65536.0	144.42	2877
80.0	65536.0	147.95	2878
79.0	65536.0	150.13	2879
115.0	65536.0	146.29	2880
39.0	65536.0	146.59	2881
82.0	65536.0	144.58	2882
7.0	65536.0	138.73	2883
77.0	65536.0	148.9	2884
102.0	65536.0	151.05	2885
0.0	52253.1025390625	115.86	2886
57.0	65536.0	147.66	2887
93.0	65536.0	142.96	2888
0.0	44424.74755859375	97.57	2889
116.0	65536.0	146.8	2890
107.0	65536.0	142.63	2891
92.0	65536.0	147.04	2892
0.0	35964.15234375	78.67	2893
96.0	65536.0	144.61	2894
61.0	65536.0	149.42	2895
14.0	65536.0	137.48	2896
93.0	65536.0	146.16	2897
0.0	9963.069091796875	22.64	2898
77.0	65536.0	145.41	2899
49.0	65536.0	144.34	2900
79.0	65536.0	144.26	2901
100.0	65536.0	150.86	2902
27.0	65536.0	142.02	2903
72.0	65536.0	145.03	2904
130.0	65536.0	151.17	2905
73.0	65536.0	147.03	2906
79.0	65536.0	149.27	2907
80.0	65536.0	151.0	2908
117.0	65536.0	152.35	2909
7.0	65536.0	145.8	2910
142.0	65536.0	148.82	2911
30.0	65536.0	144.11	2912
88.0	65536.0	148.03	2913
132.0	65536.0	150.12	2914
28.0	65536.0	151.64	2915
89.0	65536.0	149.84	2916
112.0	65536.0	142.85	3501
105.0	65536.0	142.39	3502
73.0	65536.0	140.44	3503
64.0	65536.0	141.0	3504
0.0	45119.047607421875	96.12	3505
68.0	65536.0	137.01	3506
111.0	65536.0	142.71	3507
76.0	65536.0	141.92	3508
0.0	49171.99658203125	104.82	3509
21.0	65536.0	138.37	3510
4.0	65536.0	125.01	3511
0.0	53948.542724609375	113.47	3512
71.0	65536.0	142.61	3513
91.0	65536.0	143.86	3514
93.0	65536.0	140.79	3515
109.0	65536.0	141.1	3516
109.0	65536.0	146.58	3517
60.0	65536.0	142.44	3518
101.0	65536.0	143.75	3519
106.0	65536.0	144.32	3520
39.0	65536.0	140.94	3521
76.0	65536.0	146.45	3522
103.0	65536.0	140.53	3523
25.0	65536.0	135.85	3524
60.0	65536.0	141.83	3525
0.0	54935.95458984375	119.08	3526
115.0	65536.0	143.03	3527
117.0	65536.0	146.51	3528
97.0	65536.0	142.97	3529
152.0	65536.0	146.69	3530
97.0	65536.0	146.44	3531
48.0	65536.0	145.23	3532
89.0	65536.0	146.61	3533
41.0	65536.0	147.3	3534
89.0	65536.0	143.32	3535
15.0	65536.0	138.64	3536
0.0	18841.611328125	40.94	3537
0.0	27661.0947265625	59.98	3538
29.0	65536.0	143.68	3539
90.0	65536.0	144.64	3540
91.0	65536.0	145.11	3541
57.0	65536.0	146.42	3542
120.0	65536.0	145.64	3543
47.0	65536.0	142.83	3544
0.0	45205.124267578125	94.03	3545
83.0	65536.0	142.29	3546
13.0	65536.0	136.75	3547
84.0	65536.0	150.24	3548
90.0	65536.0	147.55	3549
74.0	65536.0	142.96	3550
78.0	65536.0	148.51	3551
106.0	65536.0	146.81	3552
0.0	42569.4453125	90.43	3553
14.0	65536.0	144.43	3554
60.0	65536.0	145.62	3555
0.0	35392.454345703125	78.39	3556
11.0	65536.0	146.2	3557
116.0	65536.0	143.67	3558
89.0	65536.0	148.28	3559
88.0	65536.0	145.04	3560
66.0	65536.0	146.55	3561
74.0	65536.0	148.08	3562
66.0	65536.0	145.11	3563
122.0	65536.0	144.31	3564
113.0	65536.0	149.58	3565
75.0	65536.0	144.32	3566
60.0	65536.0	145.88	3567
28.0	65536.0	141.09	3568
154.0	65536.0	151.11	3569
139.0	65536.0	144.67	3570
98.0	65536.0	147.88	3571
103.0	65536.0	144.59	3572
133.0	65536.0	140.56	3573
75.0	65536.0	151.72	3574
84.0	65536.0	146.63	3575
119.0	65536.0	145.63	3576
98.0	65536.0	142.05	3577
44.0	65536.0	144.02	3578
69.0	65536.0	144.58	3579
67.0	65536.0	136.63	3580
87.0	65536.0	145.55	3581
110.0	65536.0	150.59	3582
85.0	65536.0	144.51	3583
60.0	65536.0	146.01	3584
118.0	65536.0	146.84	3585
103.0	65536.0	145.7	3586
81.0	65536.0	140.24	3587
46.0	65536.0	143.94	3588
130.0	65536.0	147.07	3589
81.0	65536.0	140.81	3590
106.0	65536.0	150.26	3591
82.0	65536.0	145.38	3592
55.0	65536.0	146.37	3593
29.0	65536.0	130.91	3594
121.0	65536.0	146.15	3595
0.0	57017.748046875	116.41	3596
43.0	65536.0	150.04	3597
0.0	11381.16455078125	25.53	3598
26.0	65536.0	143.68	3599
121.0	65536.0	147.48	3600
0.0	55872.344482421875	126.5	3601
88.0	65536.0	152.39	3602
111.0	65536.0	151.59	3603
98.0	65536.0	146.68	3604
185.0	65536.0	150.33	3605
89.0	65536.0	147.46	3606
10.0	65536.0	146.76	3607
63.0	65536.0	145.36	3608
120.0	65536.0	152.81	3609
80.0	65536.0	147.87	3610
92.0	65536.0	150.73	3611
115.0	65536.0	150.58	3612
0.0	52942.187744140625	115.89	3613
123.0	65536.0	139.34	4201
33.0	65536.0	137.21	4202
110.0	65536.0	142.63	4203
115.0	65536.0	142.62	4204
84.0	65536.0	143.27	4205
65.0	65536.0	141.67	4206
125.0	65536.0	142.89	4207
66.0	65536.0	144.4	4208
78.0	65536.0	141.81	4209
130.0	65536.0	142.93	4210
95.0	65536.0	138.48	4211
36.0	65536.0	140.34	4212
124.0	65536.0	143.63	4213
35.0	65536.0	143.75	4214
52.0	65536.0	143.1	4215
21.0	65536.0	142.09	4216
57.0	65536.0	137.3	4217
96.0	65536.0	145.88	4218
88.0	65536.0	137.48	4219
70.0	65536.0	143.32	4220
0.0	37010.6552734375	81.31	4221
0.0	39564.99609375	84.24	4222
101.0	65536.0	142.34	4223
69.0	65536.0	145.72	4224
125.0	65536.0	143.17	4225
38.0	65536.0	145.5	4226
129.0	65536.0	144.72	4227
0.0	8861.73681640625	18.78	4228
91.0	65536.0	145.23	4229
99.0	65536.0	148.22	4230
140.0	65536.0	144.51	4231
136.0	65536.0	147.47	4232
57.0	65536.0	144.95	4233
67.0	65536.0	147.47	4234
33.0	65536.0	139.5	4235
79.0	65536.0	144.41	4236
136.0	65536.0	143.22	4237
65.0	65536.0	145.31	4238
24.0	65536.0	143.99	4239
100.0	65536.0	143.18	4240
60.0	65536.0	141.09	4241
22.0	65536.0	145.5	4242
0.0	47988.468017578125	103.26	4243
130.0	65536.0	145.94	4244
93.0	65536.0	144.23	4245
68.0	65536.0	146.78	4246
101.0	65536.0	148.15	4247
0.0	31206.212890625	67.95	4248
64.0	65536.0	149.24	4249
0.0	37392.311279296875	82.25	4250
84.0	65536.0	146.18	4251
0.0	47666.890380859375	105.69	4252
19.0	65536.0	130.48	4253
34.0	65536.0	139.41	4254
20.0	65536.0	133.05	4255
108.0	65536.0	148.9	4256
0.0	23991.723388671875	52.83	4257
60.0	65536.0	147.57	4258
32.0	65536.0	139.56	4259
70.0	65536.0	147.52	4260
96.0	65536.0	146.96	4261
56.0	65536.0	146.16	4262
83.0	65536.0	145.24	4263
75.0	65536.0	146.24	4264
77.0	65536.0	143.46	4265
0.0	14572.21826171875	31.02	4266
50.0	65536.0	147.66	4267
113.0	65536.0	146.56	4268
0.0	37541.870361328125	78.6	4269
86.0	65536.0	148.02	4270
121.0	65536.0	150.58	4271
91.0	65536.0	142.65	4272
91.0	65536.0	146.52	4273
128.0	65536.0	151.25	4274
75.0	65536.0	148.99	4275
69.0	65536.0	145.44	4276
0.0	51351.69384765625	111.24	4277
111.0	65536.0	148.42	4278
68.0	65536.0	147.16	4279
66.0	65536.0	144.51	4280
0.0	25014.64501953125	51.82	4281
41.0	65536.0	147.6	4282
31.0	65536.0	148.77	4283
45.0	65536.0	148.66	4284
110.0	65536.0	142.96	4285
131.0	65536.0	141.78	4286
121.0	65536.0	149.1	4287
140.0	65536.0	144.6	4288
0.0	17389.71923828125	39.17	4289
101.0	65536.0	147.51	4290
18.0	65536.0	142.53	4291
92.0	65536.0	149.81	4292
135.0	65536.0	146.93	4293
0.0	54731.063232421875	124.01	4294
142.0	65536.0	149.09	4295
74.0	65536.0	145.56	4296
22.0	65536.0	140.23	4297
0.0	25279.304931640625	52.58	4298
0.0	39324.137451171875	85.98	4299
60.0	65536.0	146.41	4300
126.0	65536.0	147.51	4301
57.0	65536.0	145.88	4302
30.0	65536.0	144.26	4303
86.0	65536.0	142.79	4304
125.0	65536.0	145.14	4305
60.0	65536.0	150.42	4306
70.0	65536.0	149.56	4307
40.0	65536.0	142.62	4308
111.0	65536.0	152.05	4309
20.0	65536.0	146.34	4310
0.0	42502.73974609375	89.86	4311
107.0	65536.0	151.58	4312
0.0	63998.0634765625	138.94	4313
117.0	65536.0	153.07	4314
50.0	65536.0	149.66	4315
67.0	65536.0	147.98	4316
103.0	65536.0	135.6	4901
51.0	65536.0	139.97	4902
104.0	65536.0	143.23	4903
131.0	65536.0	143.72	4904
108.0	65536.0	143.75	4905
87.0	65536.0	142.31	4906
127.0	65536.0	141.16	4907
0.0	27028.576171875	57.13	4908
119.0	65536.0	143.55	4909
115.0	65536.0	139.63	4910
85.0	65536.0	141.42	4911
99.0	65536.0	139.14	4912
98.0	65536.0	139.04	4913
82.0	65536.0	137.07	4914
96.0	65536.0	143.66	4915
116.0	65536.0	142.03	4916
43.0	65536.0	140.75	4917
0.0	34944.80224609375	73.25	4918
113.0	65536.0	142.97	4919
89.0	65536.0	141.63	4920
19.0	65536.0	140.66	4921
96.0	65536.0	144.76	4922
133.0	65536.0	145.41	4923
0.0	11387.18212890625	23.91	4924
75.0	65536.0	137.5	4925
35.0	65536.0	140.58	4926
22.0	65536.0	135.7	4927
60.0	65536.0	142.17	4928
121.0	65536.0	149.49	4929
95.0	65536.0	150.06	4930
123.0	65536.0	142.42	4931
116.0	65536.0	140.76	4932
89.0	65536.0	143.99	4933
61.0	65536.0	144.53	4934
0.0	57064.676025390625	116.74	4935
0.0	55006.19677734375	122.99	4936
97.0	65536.0	147.42	4937
108.0	65536.0	138.17	4938
120.0	65536.0	146.21	4939
109.0	65536.0	147.16	4940
77.0	65536.0	143.54	4941
47.0	65536.0	147.97	4942
98.0	65536.0	145.3	4943
88.0	65536.0	144.38	4944
105.0	65536.0	147.21	4945
117.0	65536.0	146.95	4946
0.0	10443.114990234375	22.55	4947
88.0	65536.0	142.36	4948
38.0	65536.0	146.57	4949
71.0	65536.0	142.66	4950
47.0	65536.0	141.99	4951
91.0	65536.0	148.04	4952
163.0	65536.0	146.73	4953
133.0	65536.0	147.07	4954
98.0	65536.0	147.24	4955
126.0	65536.0	147.16	4956
101.0	65536.0	147.47	4957
83.0	65536.0	146.5	4958
49.0	65536.0	143.44	4959
26.0	65536.0	146.95	4960
41.0	65536.0	143.49	4961
0.0	53182.63720703125	114.37	4962
106.0	65536.0	139.78	4963
102.0	65536.0	146.11	4964
100.0	65536.0	148.64	4965
0.0	42251.56787109375	89.02	4966
64.0	65536.0	134.38	4967
60.0	65536.0	149.72	4968
60.0	65536.0	147.71	4969
0.0	48806.708740234375	110.48	4970
35.0	65536.0	143.39	4971
116.0	65536.0	146.14	4972
122.0	65536.0	147.12	4973
0.0	33161.640380859375	71.72	4974
125.0	65536.0	148.93	4975
103.0	65536.0	147.29	4976
29.0	65536.0	147.5	4977
49.0	65536.0	133.16	4978
92.0	65536.0	142.66	4979
93.0	65536.0	143.21	4980
0.0	53122.20166015625	116.27	4981
78.0	65536.0	148.28	4982
90.0	65536.0	146.57	4983
113.0	65536.0	149.38	4984
99.0	65536.0	149.12	4985
0.0	35165.096923828125	77.63	4986
0.0	47200.704345703125	100.83	4987
126.0	65536.0	147.99	4988
105.0	65536.0	143.93	4989
123.0	65536.0	143.52	4990
87.0	65536.0	146.11	4991
110.0	65536.0	146.42	4992
65.0	65536.0	145.82	4993
156.0	65536.0	147.22	4994
40.0	65536.0	148.03	4995
83.0	65536.0	145.04	4996
0.0	37165.370361328125	79.96	4997
111.0	65536.0	151.93	4998
78.0	65536.0	149.53	4999
129.0	65536.0	150.91	5000
0.0	44854.860107421875	100.87	5001
96.0	65536.0	151.87	5002
141.0	65536.0	149.06	5003
58.0	65536.0	151.77	5004
132.0	65536.0	147.68	5005
56.0	65536.0	148.6	5006
59.0	65536.0	148.43	5007
42.0	65536.0	145.22	5008
103.0	65536.0	150.03	5009
102.0	65536.0	152.18	5010
156.0	65536.0	148.94	5011
63.0	65536.0	148.13	5012
89.0	65536.0	153.07	5013
88.0	65536.0	150.77	5014
0.0	45417.023193359375	95.72	5601
103.0	65536.0	142.12	5602
134.0	65536.0	142.87	5603
0.0	25455.805908203125	52.52	5604
0.0	50205.98974609375	107.35	5605
83.0	65536.0	140.0	5606
33.0	65536.0	138.62	5607
59.0	65536.0	140.91	5608
56.0	65536.0	140.77	5609
0.0	49321.042236328125	108.79	5610
57.0	65536.0	141.05	5611
0.0	50702.1572265625	107.19	5612
68.0	65536.0	140.45	5613
108.0	65536.0	141.46	5614
117.0	65536.0	141.57	5615
0.0	48911.266845703125	106.76	5616
29.0	65536.0	144.18	5617
95.0	65536.0	142.41	5618
0.0	11756.310791015625	24.93	5619
0.0	49070.64013671875	104.12	5620
82.0	65536.0	145.82	5621
148.0	65536.0	144.15	5622
105.0	65536.0	140.23	5623
86.0	65536.0	145.08	5624
76.0	65536.0	141.97	5625
125.0	65536.0	137.82	5626
114.0	65536.0	145.9	5627
80.0	65536.0	139.62	5628
0.0	48898.354248046875	103.95	5629
60.0	65536.0	148.68	5630
103.0	65536.0	141.58	5631
0.0	25241.24267578125	51.59	5632
78.0	65536.0	146.53	5633
118.0	65536.0	145.79	5634
92.0	65536.0	142.72	5635
0.0	43340.886962890625	94.5	5636
72.0	65536.0	147.56	5637
0.0	53642.8662109375	118.68	5638
90.0	65536.0	144.4	5639
0.0	61911.037353515625	132.89	5640
90.0	65536.0	150.27	5641
0.0	15282.190673828125	31.17	5642
16.0	65536.0	136.2	5643
0.0	21869.048583984375	48.24	5644
139.0	65536.0	145.14	5645
24.0	65536.0	144.64	5646
45.0	65536.0	145.76	5647
108.0	65536.0	144.38	5648
89.0	65536.0	149.18	5649
156.0	65536.0	142.57	5650
98.0	65536.0	146.79	5651
15.0	65536.0	144.94	5652
96.0	65536.0	146.87	5653
56.0	65536.0	145.89	5654
130.0	65536.0	150.8	5655
63.0	65536.0	146.99	5656
106.0	65536.0	143.06	5657
0.0	8521.042236328125	18.59	5658
90.0	65536.0	149.87	5659
109.0	65536.0	148.02	5660
81.0	65536.0	146.6	5661
114.0	65536.0	148.7	5662
76.0	65536.0	143.38	5663
98.0	65536.0	148.48	5664
89.0	65536.0	138.87	5665
99.0	65536.0	146.72	5666
80.0	65536.0	143.09	5667
0.0	59989.630859375	130.54	5668
88.0	65536.0	143.56	5669
99.0	65536.0	140.06	5670
127.0	65536.0	145.03	5671
0.0	18227.60595703125	39.5	5672
117.0	65536.0	149.7	5673
42.0	65536.0	146.77	5674
105.0	65536.0	150.67	5675
28.0	65536.0	147.36	5676
115.0	65536.0	143.24	5677
79.0	65536.0	138.9	5678
42.0	65536.0	122.86	5679
87.0	65536.0	145.91	5680
0.0	4602.33642578125	9.67	5681
0.0	35345.380126953125	78.63	5682
78.0	65536.0	145.75	5683
0.0	37226.171630859375	78.94	5684
71.0	65536.0	148.14	5685
95.0	65536.0	132.97	5686
19.0	65536.0	144.73	5687
102.0	65536.0	144.26	5688
61.0	65536.0	140.83	5689
80.0	65536.0	142.47	5690
121.0	65536.0	149.21	5691
114.0	65536.0	143.09	5692
115.0	65536.0	147.6	5693
34.0	65536.0	135.19	5694
10.0	65536.0	139.23	5695
91.0	65536.0	145.67	5696
0.0	4377.578125	9.23	5697
133.0	65536.0	148.33	5698
98.0	65536.0	142.99	5699
93.0	65536.0	151.29	5700
108.0	65536.0	151.11	5701
104.0	65536.0	146.5	5702
96.0	65536.0	149.65	5703
44.0	65536.0	143.08	5704
0.0	41639.67724609375	92.14	5705
120.0	65536.0	151.9	5706
94.0	65536.0	145.51	5707
52.0	65536.0	140.54	5708
89.0	65536.0	150.67	5709
9.0	65536.0	135.85	5710
103.0	65536.0	147.14	5711
50.0	65536.0	150.71	5712
45.0	65536.0	137.84	5713
108.0	65536.0	147.73	5714
0.0	48633.93994140625	104.35	5715
65.0	65536.0	149.47	5716
120.0	65536.0	149.07	5717
95.0	65536.0	150.85	5718
0.0	37857.880615234375	81.8	5719
69.0	65536.0	148.39	5720
129.0	65536.0	138.54	6301
79.0	65536.0	142.26	6302
100.0	65536.0	137.51	6303
54.0	65536.0	137.22	6304
0.0	47647.643310546875	97.66	6305
70.0	65536.0	140.94	6306
108.0	65536.0	144.76	6307
92.0	65536.0	141.49	6308
108.0	65536.0	144.73	6309
13.0	65536.0	140.64	6310
122.0	65536.0	145.15	6311
128.0	65536.0	141.11	6312
85.0	65536.0	137.25	6313
43.0	65536.0	141.5	6314
118.0	65536.0	144.51	6315
130.0	65536.0	144.97	6316
92.0	65536.0	144.61	6317
106.0	65536.0	138.42	6318
107.0	65536.0	147.64	6319
0.0	44993.0556640625	96.62	6320
22.0	65536.0	142.31	6321
71.0	65536.0	141.77	6322
61.0	65536.0	143.14	6323
139.0	65536.0	142.1	6324
80.0	65536.0	142.06	6325
0.0	3849.7646484375	7.73	6326
77.0	65536.0	145.18	6327
85.0	65536.0	144.95	6328
55.0	65536.0	138.03	6329
91.0	65536.0	132.43	6330
138.0	65536.0	143.56	6331
0.0	51230.00390625	112.33	6332
91.0	65536.0	150.95	6333
139.0	65536.0	142.53	6334
112.0	65536.0	148.42	6335
126.0	65536.0	147.84	6336
92.0	65536.0	144.6	6337
94.0	65536.0	146.22	6338
0.0	7334.763427734375	15.34	6339
136.0	65536.0	148.51	6340
121.0	65536.0	141.24	6341
0.0	13653.702392578125	29.0	6342
111.0	65536.0	149.83	6343
46.0	65536.0	142.57	6344
122.0	65536.0	146.87	6345
90.0	65536.0	139.69	6346
44.0	65536.0	141.16	6347
109.0	65536.0	148.35	6348
88.0	65536.0	145.12	6349
28.0	65536.0	143.0	6350
141.0	65536.0	144.86	6351
78.0	65536.0	142.37	6352
72.0	65536.0	145.92	6353
90.0	65536.0	148.77	6354
97.0	65536.0	143.23	6355
114.0	65536.0	149.07	6356
66.0	65536.0	147.61	6357
20.0	65536.0	148.17	6358
73.0	65536.0	146.15	6359
0.0	22550.776123046875	50.04	6360
0.0	22248.041259765625	50.29	6361
53.0	65536.0	145.72	6362
46.0	65536.0	145.58	6363
16.0	65536.0	130.19	6364
94.0	65536.0	145.23	6365
0.0	39425.47607421875	83.12	6366
132.0	65536.0	148.37	6367
110.0	65536.0	144.76	6368
27.0	65536.0	142.98	6369
73.0	65536.0	148.3	6370
140.0	65536.0	145.36	6371
84.0	65536.0	145.09	6372
73.0	65536.0	145.23	6373
78.0	65536.0	148.85	6374
0.0	51059.5595703125	115.27	6375
50.0	65536.0	144.11	6376
126.0	65536.0	147.92	6377
81.0	65536.0	146.2	6378
124.0	65536.0	148.99	6379
97.0	65536.0	149.22	6380
48.0	65536.0	145.09	6381
101.0	65536.0	145.63	6382
115.0	65536.0	147.09	6383
116.0	65536.0	149.09	6384
69.0	65536.0	146.77	6385
112.0	65536.0	146.1	6386
104.0	65536.0	149.63	6387
60.0	65536.0	136.12	6388
63.0	65536.0	142.53	6389
33.0	65536.0	150.41	6390
34.0	65536.0	146.28	6391
88.0	65536.0	148.91	6392
87.0	65536.0	147.25	6393
30.0	65536.0	143.09	6394
58.0	65536.0	151.81	6395
0.0	21752.892578125	47.89	6396
0.0	22223.30029296875	43.98	6397
89.0	65536.0	147.28	6398
110.0	65536.0	146.51	6399
0.0	10044.216796875	19.92	6400
27.0	65536.0	142.53	6401
96.0	65536.0	147.84	6402
61.0	65536.0	150.08	6403
0.0	42241.548095703125	94.31	6404
108.0	65536.0	150.83	6405
46.0	65536.0	139.09	6406
120.0	65536.0	146.3	6407
66.0	65536.0	145.89	6408
62.0	65536.0	148.66	6409
0.0	59779.949951171875	135.68	6410
106.0	65536.0	147.57	6411
52.0	65536.0	151.47	6412
93.0	65536.0	147.93	6413
103.0	65536.0	148.18	6414
34.0	65536.0	148.27	6415
130.0	65536.0	151.68	6416
